Students	1000
1	3010 2508 3859 2191
2	2174 3130 796 951
3	3838 2012 1376 3176
4	1140 2925 281 702
5	1062 3757 1113 3696
6	1487 2297 1960 2317
7	1105 1266 2788 3353
8	683 2730 1983 1518
9	2721 2587 1186 1773
10	352 2662 1389 2786
11	417 3042 1891 3735
12	3856 1429 3889 3902
13	3469 626 1403 416
14	2300 3785 1414 894
15	3470 1879 2311 302
16	3530 262 1110 2062
17	2005 253 1865 2072
18	2636 3992 954 3963
19	293 2435 589 468
20	2052 3021 1243 594
21	2550 2537 2502 3114
22	564 2719 2008 1476
23	2337 3733 72 3285
24	3366 1608 1695 947
25	2312 1647 3193 764
26	3740 1693 515 2558
27	1703 2286 2226 3055
28	1385 2417 2385 1069
29	3619 3039 1 1460
30	3111 2919 278 1985
31	2394 2371 3585 2979
32	955 1876 2714 2820
33	2360 3854 1955 3690
34	3934 2752 2697 3191
35	3257 156 2496 2236
36	2009 1088 1053 451
37	2806 3968 303 128
38	2448 579 3168 149
39	876 3452 3593 1136
40	1890 1552 3385 2085
41	1405 1198 2517 2241
42	3621 3903 2904 563
43	1142 2323 3901 2508
44	3898 718 1147 621
45	2528 3221 2399 3713
46	2394 3438 528 173
47	642 3929 2774 2240
48	3093 487 817 30
49	1217 2898 1524 2281
50	2680 3789 2807 1562
51	1321 2122 3274 2473
52	1016 1162 1317 1723
53	2664 280 1106 1416
54	174 3219 2114 60
55	444 451 3261 1416
56	2251 1637 479 1100
57	2867 106 1137 1643
58	2116 2372 1912 3354
59	1227 389 3549 825
60	3902 2281 3856 1220
61	3892 1072 1966 3651
62	1260 539 3359 168
63	1581 1157 742 285
64	3282 1371 1223 2846
65	1987 2706 1327 657
66	478 3830 2451 146
67	3117 1292 2020 2689
68	283 3689 1730 749
69	2626 384 1048 155
70	3359 11 3162 3306
71	996 977 2559 3550
72	268 538 3644 1171
73	1560 3986 2614 207
74	3108 3769 1036 2473
75	200 1159 3297 1789
76	316 1452 3655 321
77	3951 720 3813 2391
78	3079 1177 685 3071
79	803 452 3752 2647
80	2634 2860 3674 815
81	2674 3614 1650 578
82	3281 3127 3637 1674
83	3817 3857 1588 346
84	3974 3969 2100 3931
85	1855 216 3738 1647
86	166 2481 4 1702
87	2194 2307 3635 1158
88	2884 1136 1493 590
89	729 988 3377 3306
90	46 2726 2398 1644
91	2566 3055 2070 505
92	3616 990 1611 933
93	1906 3939 2511 3144
94	3450 2885 1580 218
95	293 3916 2455 743
96	524 1577 3772 3398
97	1095 986 3769 2051
98	2766 454 266 3841
99	3396 1387 3337 1268
100	3774 3780 1474 1184
101	395 583 1809 2169
102	484 3130 2561 2810
103	1970 3653 122 1580
104	200 293 1250 996
105	220 2108 1142 481
106	370 1096 1467 3573
107	634 498 2913 2949
108	135 2414 2697 1951
109	1919 2552 657 215
110	901 632 3916 1503
111	606 3138 3023 3326
112	2033 1907 3630 3546
113	2203 1000 2051 3173
114	1295 804 1794 3534
115	2985 3987 3864 1138
116	3731 2224 1327 581
117	1423 3436 355 3144
118	3455 23 2389 3082
119	1808 3374 915 598
120	2158 2322 1806 3913
121	805 3379 3765 1533
122	2150 205 734 2616
123	470 3232 472 191
124	332 1377 2092 2945
125	696 2874 2993 3356
126	784 1330 1289 286
127	2081 765 3888 2956
128	1468 1622 3426 2739
129	924 3342 3314 726
130	3060 149 1416 1988
131	1329 115 993 221
132	3034 3604 2371 1635
133	1321 814 1542 3986
134	3865 3797 2104 1265
135	2451 1041 1415 1416
136	560 1113 3767 281
137	1519 1064 3118 1625
138	3734 2104 390 2431
139	863 633 1491 3620
140	63 53 489 1943
141	71 3153 3518 3107
142	173 3341 2941 3305
143	3043 1061 1476 3470
144	2882 2511 1955 1013
145	1987 897 3193 3775
146	2224 3185 1235 2950
147	245 1397 756 3085
148	3774 2304 2349 1586
149	767 783 2228 3950
150	3546 1660 1805 814
151	610 507 3761 2627
152	88 3262 502 995
153	1994 3845 1939 3375
154	2390 3826 1996 2643
155	1272 3031 2292 1165
156	2851 508 386 2216
157	584 11 1598 1147
158	1753 973 2689 1583
159	3014 1479 950 461
160	1591 2011 2177 5
161	756 443 3500 269
162	72 2095 2442 3840
163	3076 446 1388 3325
164	3721 671 2843 2683
165	811 2382 569 977
166	3763 2401 2506 1301
167	2668 1966 2073 3187
168	2323 202 2199 440
169	1783 2016 1706 3960
170	1955 641 1164 2504
171	2789 23 3269 2519
172	3154 3083 3393 66
173	65 3886 3083 1641
174	719 1992 847 2343
175	2917 1224 3946 2743
176	2696 1832 1768 2981
177	1061 338 2592 635
178	3151 295 489 3905
179	2153 1673 2315 1286
180	2088 3885 1067 474
181	3960 3558 3637 3542
182	2612 2387 2559 2824
183	3389 3028 688 391
184	2766 1331 913 1024
185	701 1674 3494 3207
186	1472 2303 1232 1550
187	2095 3792 375 1358
188	2634 1774 532 1607
189	1220 3471 2420 3588
190	666 2121 3159 1914
191	2283 2824 1313 2831
192	601 1592 674 3874
193	2032 1215 2729 2376
194	2415 1196 1268 1387
195	3245 1108 2139 2783
196	2304 3849 2675 1087
197	259 2112 30 3505
198	1415 571 3075 3421
199	1625 776 1400 839
200	855 139 615 2712
201	152 3908 1841 696
202	842 2312 3938 1266
203	2416 1420 1608 2568
204	3429 606 3535 553
205	205 3159 1764 2169
206	2490 544 715 3642
207	1461 2691 2847 408
208	3535 1437 1657 1319
209	1930 1670 2441 3671
210	1371 1950 2282 3677
211	3025 3218 1627 2829
212	3783 60 3554 3518
213	2375 1639 1489 1954
214	111 2498 2359 1476
215	1022 2844 3695 415
216	2986 1340 247 1567
217	1461 997 3610 1854
218	3465 164 1097 3741
219	1482 208 503 2467
220	2419 3019 1150 1001
221	214 1483 3093 2277
222	414 2886 803 823
223	2690 35 2800 3067
224	1679 3849 1686 2977
225	2958 1892 1970 1223
226	208 2826 2478 3518
227	2717 3701 2351 2692
228	1491 634 2914 1675
229	2470 1508 57 1657
230	1303 3327 3131 3729
231	3471 1993 1257 2535
232	999 1769 1279 1207
233	1593 3854 1054 3884
234	605 3276 3332 480
235	1991 2617 2024 2500
236	2238 436 1220 2060
237	2558 1320 1947 2198
238	2352 3243 507 969
239	2705 1791 2449 631
240	3420 1303 3119 1194
241	2680 1237 1596 3016
242	1874 3160 1966 3565
243	3387 2427 1917 1720
244	1468 3680 2858 1311
245	1612 2948 2905 1416
246	3718 1937 2696 1101
247	576 3885 1729 872
248	3661 3214 1702 3558
249	918 2675 1714 431
250	1885 1471 3322 2017
251	2453 1018 1086 850
252	662 1067 2430 3755
253	518 2408 540 2954
254	2488 617 3938 2207
255	3191 3385 3041 2181
256	2541 569 1225 1477
257	3995 2335 2780 1859
258	684 3947 3275 1896
259	998 458 852 1553
260	100 657 2302 1690
261	2652 366 1555 1079
262	615 59 1413 1824
263	1371 3395 1385 481
264	733 393 1596 3955
265	3095 1392 871 1012
266	1783 1582 1071 3445
267	776 1599 2200 2234
268	2631 2595 1095 965
269	2484 257 1936 2293
270	375 3650 3413 2817
271	3216 700 3013 2532
272	3109 3829 177 2720
273	1403 1041 3676 1833
274	3117 2020 1486 607
275	2729 2990 1133 418
276	740 1624 2616 891
277	1057 924 2438 1325
278	2677 3097 2558 3685
279	3096 2992 497 353
280	3651 3139 3657 1638
281	1910 1886 1048 7
282	1090 1229 952 2302
283	446 3828 1103 1826
284	934 3200 1240 3404
285	3948 398 579 426
286	639 3693 3930 3876
287	3489 1017 683 1721
288	3122 569 446 1202
289	1785 2230 1140 979
290	2669 737 2219 1404
291	3043 1336 1440 3727
292	2688 2366 1250 3900
293	807 2535 3022 2003
294	3758 3085 1762 3511
295	3593 1399 3689 2035
296	2515 3502 657 41
297	1561 330 526 1157
298	3728 2288 2258 2158
299	2563 3587 1204 3613
300	1298 1042 1295 689
301	590 1534 1802 2892
302	921 2312 1079 3009
303	11 3968 2128 2303
304	1822 372 3550 829
305	912 1679 1027 3751
306	3218 3760 2137 500
307	2454 3851 254 3014
308	1075 3067 3313 1847
309	2365 470 2251 273
310	236 3107 2287 593
311	1518 1615 2515 3284
312	2145 3346 2426 2576
313	2994 1294 3237 3267
314	3164 2351 832 3261
315	1123 2452 3509 457
316	861 1015 3896 3459
317	3702 1849 627 3223
318	3693 1462 2719 1693
319	3903 660 2886 1766
320	1122 3769 966 1315
321	1370 3024 2756 622
322	489 3026 3002 260
323	565 2142 2423 3562
324	1874 773 2112 1245
325	632 165 1448 3913
326	2658 3465 1138 2234
327	2890 3730 623 2980
328	3687 2377 3041 1178
329	3521 1876 3123 2918
330	672 2237 2716 3294
331	2078 2991 3654 2282
332	3881 1889 1787 1585
333	1193 2490 529 2443
334	186 1395 3181 3822
335	3141 1156 473 3165
336	2160 273 1956 1865
337	918 3354 3454 1843
338	3225 902 1130 2013
339	3048 2793 2940 1282
340	3702 3678 2227 1931
341	2551 3066 3716 3321
342	2169 90 1772 2811
343	1328 892 778 259
344	3660 674 3159 500
345	3688 1809 2783 719
346	1008 654 116 2687
347	819 984 2178 1455
348	2035 3103 3406 2609
349	1699 1916 3333 1575
350	3312 3574 2474 3273
351	1295 2939 3904 2747
352	2851 3416 2401 1877
353	1852 3814 3103 193
354	3365 1351 1850 3869
355	1637 85 3705 590
356	619 2411 3598 12
357	1730 1478 2325 517
358	1932 3953 3803 3845
359	3288 290 876 2637
360	2011 2231 1345 3102
361	3137 2548 1115 559
362	1089 1857 349 2937
363	669 2646 3786 3164
364	3718 545 3466 3185
365	3699 3242 106 3140
366	1592 2579 2493 476
367	1269 392 213 2582
368	435 2783 2634 2623
369	1372 1199 2679 2734
370	3220 2086 2961 3539
371	3112 1721 3299 1290
372	1933 2317 2605 3800
373	2049 2414 2111 3154
374	1558 1474 1711 3063
375	2305 1118 2969 3143
376	3162 3483 2406 3646
377	1465 3378 1964 1863
378	3665 310 3808 1920
379	366 2848 1627 796
380	347 3341 2536 1520
381	1627 2589 3051 1668
382	2085 3022 229 3975
383	2038 3264 1973 191
384	3029 1048 2271 1950
385	2943 554 3304 3568
386	3650 3735 3187 2145
387	3294 3549 3752 2450
388	995 745 2152 2758
389	2273 441 1870 3512
390	2532 3931 548 470
391	2229 1551 3279 2448
392	2062 2849 2727 84
393	93 2503 3762 845
394	3997 2343 2916 2210
395	2556 343 2554 319
396	1661 3635 3623 2818
397	986 2432 2404 3196
398	2307 1453 1972 999
399	386 150 3812 3173
400	2179 7 44 1963
401	657 770 2384 1587
402	1234 3998 3638 1044
403	2025 1281 2312 3279
404	1005 1334 2747 1439
405	1671 3528 1750 2512
406	2635 1873 643 1410
407	1464 2718 3222 3988
408	3240 3263 594 1849
409	1127 3149 2175 764
410	1530 817 2080 399
411	3278 1986 1403 1657
412	19 3380 1757 1718
413	2462 1945 326 1775
414	3161 1270 2519 1027
415	1645 2956 3937 839
416	2408 3615 2633 1723
417	599 1180 2757 3228
418	2455 809 2261 3637
419	3165 3219 216 1013
420	1810 1295 2583 2430
421	2624 3894 3649 2710
422	3374 529 3313 637
423	2203 1674 1425 2103
424	853 3712 3537 3051
425	3220 658 1748 3174
426	575 2779 2654 1404
427	2456 3957 255 1071
428	3706 2118 2567 1738
429	3034 355 1801 972
430	2863 634 1381 353
431	3433 378 2652 836
432	3770 2023 2496 2935
433	3206 1161 2835 2228
434	2868 496 1303 2192
435	3571 3979 458 1785
436	3703 3699 2625 2291
437	2239 1856 609 2311
438	2404 216 1567 3378
439	672 1371 2749 3156
440	3737 3767 653 662
441	2437 2591 550 183
442	3976 2127 893 1795
443	3381 1984 710 2540
444	3227 1768 1871 3715
445	2091 1279 2525 377
446	3867 1373 3994 3654
447	391 370 1876 2776
448	1397 608 704 639
449	2635 730 3753 376
450	3278 2939 3767 1655
451	3093 3208 2561 509
452	230 2761 686 496
453	964 2673 3207 2165
454	2959 1753 3816 3401
455	2365 1636 301 3668
456	1461 1121 3943 1715
457	2118 1818 3816 3702
458	3794 1266 2908 2100
459	1208 2568 1153 2135
460	2615 413 2250 3248
461	544 2084 1806 3101
462	790 2898 3919 2554
463	1925 1622 1664 871
464	2054 2015 2769 2903
465	3126 2139 1509 1269
466	2919 3735 2863 469
467	3560 1313 2343 1761
468	3985 2123 2514 1377
469	200 2401 2954 1773
470	272 867 2576 2081
471	2282 3137 2463 1444
472	3373 2126 2641 3487
473	3740 2625 2592 3700
474	979 1771 627 131
475	435 3200 3029 1401
476	3725 3079 2637 1136
477	937 224 457 288
478	1339 1108 2054 3196
479	2939 2025 1727 3554
480	1687 1183 3483 3516
481	361 476 110 1065
482	1624 1352 475 392
483	765 178 688 1651
484	1411 2146 1870 1064
485	916 2735 688 293
486	1003 3609 177 466
487	2169 359 905 3705
488	2653 1324 2550 2697
489	2783 3801 1384 3463
490	2043 45 750 1295
491	1399 1590 2107 1737
492	3541 1527 894 2824
493	565 595 3688 613
494	234 304 2840 2802
495	3579 150 3949 2112
496	3974 1391 741 3673
497	3832 3262 1717 237
498	3006 1294 2608 1309
499	1458 891 1319 2709
500	605 186 1613 3426
501	3260 2855 3966 2544
502	3667 2756 3473 345
503	752 3577 3606 211
504	1366 1983 2370 1694
505	1590 2745 2795 3838
506	741 3982 2706 1911
507	3760 1885 751 3771
508	473 3034 1396 2841
509	1585 3879 1003 785
510	2140 2095 3466 3241
511	1965 1720 3910 314
512	3877 3283 2381 2674
513	199 3045 1791 324
514	2631 1258 3852 1053
515	1331 2467 1561 1758
516	116 3886 3780 1012
517	3173 282 1462 2005
518	57 3228 3542 2311
519	983 1827 876 1399
520	509 1637 3031 3649
521	3233 560 1177 498
522	746 2625 1608 1528
523	2989 1894 1191 3744
524	1657 179 3614 2243
525	2125 3892 3095 1057
526	1585 3313 81 1601
527	3936 3080 3403 1043
528	191 2912 2011 1612
529	1660 3005 1233 1692
530	1196 1297 838 218
531	8 1564 115 2798
532	2744 1459 669 994
533	2002 716 2360 826
534	1670 497 402 833
535	2271 2883 372 1502
536	3064 2613 2028 750
537	2374 147 1268 2188
538	3320 824 217 240
539	3860 1310 3793 2883
540	3258 1629 3694 3053
541	405 1932 3738 1724
542	3892 2922 2995 1746
543	1782 3670 3955 1919
544	1099 2767 3842 64
545	3310 3544 3534 2280
546	2700 2977 2692 3977
547	1033 1214 1828 2883
548	2345 970 2923 108
549	1117 890 750 2825
550	3135 3994 709 318
551	1723 2221 3120 2685
552	2047 3573 749 3385
553	1131 1310 1846 1981
554	3996 2903 1890 1004
555	2933 2326 1785 3773
556	3922 1043 3705 3844
557	2129 2684 632 3100
558	1923 889 2890 1989
559	3500 1345 3932 2714
560	3815 524 1781 1503
561	1889 914 1360 1625
562	1541 2492 899 858
563	542 3459 2996 3628
564	2629 608 595 1517
565	415 1019 3497 2635
566	1521 471 176 384
567	1001 532 171 1562
568	46 810 2344 1937
569	848 364 1534 2250
570	1312 544 954 49
571	2892 232 3795 2325
572	256 1909 3481 3179
573	3788 1556 3675 896
574	271 2024 1160 1968
575	1621 1125 1070 641
576	2533 3970 1384 1219
577	686 1472 287 3111
578	3065 1732 2764 2830
579	1487 451 3935 2958
580	68 1297 3142 451
581	2629 249 1017 3338
582	662 752 891 2473
583	1034 429 370 2849
584	1965 1384 4000 1410
585	1655 2599 340 176
586	2294 3608 3719 2811
587	1868 3898 3381 1970
588	2271 3961 3958 3572
589	2741 743 307 2533
590	2783 443 163 3805
591	3597 3139 2948 2519
592	941 1198 51 427
593	1601 1327 254 128
594	2620 3769 1379 183
595	527 2702 3187 2157
596	2629 1153 823 1025
597	444 3611 240 3816
598	3192 378 3087 3621
599	757 2059 10 3335
600	200 1536 2510 1208
601	2817 1298 1981 2167
602	540 3985 741 78
603	1317 922 3518 1995
604	2835 1874 3445 728
605	1691 1296 39 1761
606	2045 3183 2553 988
607	1981 3042 2436 1576
608	1642 3154 2212 3444
609	3915 1763 1047 3656
610	3435 287 2397 21
611	1400 3329 809 3302
612	2653 1009 2043 2818
613	3193 757 1711 1478
614	490 1647 3589 111
615	203 114 2261 686
616	2094 3553 998 3899
617	2710 3821 1384 3584
618	2853 1004 1586 449
619	692 3386 2064 3219
620	3828 1912 427 2005
621	1563 3819 1949 2752
622	2327 2479 2597 2153
623	1783 2820 291 3178
624	3854 2548 1237 3303
625	123 3375 798 1859
626	1051 2752 131 312
627	831 444 2304 529
628	3758 3452 2476 1499
629	478 3219 3665 991
630	1942 1033 496 3116
631	2979 1755 1869 1858
632	3998 1280 1752 1822
633	3097 782 1075 436
634	805 2381 1268 3755
635	3665 124 3140 2295
636	930 1506 2003 530
637	1850 366 1178 3024
638	490 972 3741 3818
639	2945 2311 2780 382
640	447 689 2129 1114
641	530 1211 738 261
642	486 2869 1371 3872
643	3248 3920 2504 832
644	2129 2905 2009 1431
645	3019 2798 1030 3707
646	360 896 3243 1935
647	3232 624 3285 1144
648	807 1444 1415 2950
649	2226 3701 430 56
650	401 3174 559 1545
651	1354 1990 1507 3008
652	1404 1839 1333 2311
653	1959 3337 445 1371
654	3895 1916 1176 126
655	3814 3721 315 2483
656	3974 3311 1216 2427
657	2853 921 2953 2922
658	2396 2038 2201 1354
659	509 3160 2446 1866
660	805 706 2683 1295
661	500 2963 1434 2089
662	2386 2186 3670 235
663	1626 3872 3788 3230
664	496 1994 3173 1751
665	929 3641 1933 775
666	734 1741 3308 2574
667	537 129 3947 580
668	2882 1426 73 2352
669	3564 3370 2538 2781
670	1319 385 1406 1575
671	1615 1146 3079 570
672	1712 1410 2841 2598
673	2812 3895 1137 2611
674	2228 1813 1816 3239
675	623 3871 3253 2742
676	957 1194 3633 695
677	418 3244 2208 3137
678	3905 2154 87 1286
679	2314 172 1621 3244
680	3651 3430 1949 3057
681	1717 2858 2425 597
682	1649 695 2758 3294
683	886 1249 3644 2968
684	1150 2699 3822 1761
685	1945 234 3830 372
686	2858 3481 2814 2767
687	1923 3093 1655 2072
688	3694 1071 1055 1148
689	1734 1414 345 3988
690	2390 3358 1334 820
691	1475 1826 1010 3837
692	2180 788 1029 3774
693	3928 627 389 813
694	2454 1053 2340 2201
695	2910 741 1114 3805
696	9 1134 2594 2922
697	880 3442 1364 2878
698	404 865 861 3339
699	1178 3885 3556 1162
700	2930 3586 2560 1872
701	2347 2729 774 2308
702	842 3539 1227 3138
703	1133 3996 654 2310
704	3744 2306 2308 1131
705	3147 1790 1747 3774
706	1404 3903 3620 195
707	1546 1641 2648 3584
708	3775 2071 1022 3830
709	2696 3948 3723 1467
710	2633 1851 1880 1174
711	1462 1361 2818 1075
712	1991 2704 3078 2487
713	1583 963 2072 3000
714	1327 249 594 2015
715	2528 3673 801 494
716	3673 2096 91 3348
717	1315 1576 1411 3730
718	3743 335 484 698
719	1937 737 1348 1050
720	1512 2882 1138 1492
721	2377 2512 384 3929
722	67 2204 2095 1250
723	3635 540 2814 284
724	3034 871 1678 925
725	739 1285 2672 2264
726	2514 2935 2824 1719
727	424 1396 2631 3811
728	3236 2284 2682 2846
729	3965 3118 1995 45
730	2475 1972 3279 3789
731	604 3618 32 930
732	2336 1897 482 2304
733	1054 3312 1873 3684
734	3087 294 1 2772
735	1796 2166 1293 52
736	1511 3155 866 2436
737	1150 3392 3920 1828
738	616 996 2558 1653
739	3586 1125 1761 2897
740	2526 2345 3928 501
741	1280 359 3416 2609
742	1052 3820 2030 1905
743	3629 3812 3927 1412
744	2138 3898 3190 904
745	237 1370 3954 1473
746	3301 3245 2895 774
747	2852 1363 3817 2376
748	1171 2902 3508 3413
749	766 1187 3890 3040
750	1360 696 3339 1737
751	2409 3621 2963 1621
752	1151 3898 3285 3787
753	3186 709 395 1436
754	2881 2455 1998 1838
755	7 1149 218 2848
756	2384 2056 3501 994
757	2592 1922 1857 571
758	2496 3852 2154 600
759	2262 197 2685 977
760	2381 1781 3077 2243
761	2777 3596 399 800
762	1307 1321 1397 221
763	2723 1461 18 2977
764	2511 848 1091 2023
765	1004 3055 1286 3423
766	924 2882 3770 3758
767	190 2447 3376 156
768	3773 1140 3353 352
769	2795 2349 2982 1484
770	1452 649 414 2994
771	992 280 3275 2829
772	1585 62 3871 2442
773	2846 2154 2622 2312
774	1796 1920 1723 703
775	1834 782 1618 1346
776	2474 1710 706 2989
777	1229 3732 2663 267
778	1707 450 1030 1006
779	2887 640 2169 2419
780	2551 3882 2742 3271
781	1020 272 3493 3138
782	1924 2464 2842 2529
783	1739 2513 723 2705
784	686 1993 883 2287
785	2482 3958 3739 646
786	3833 3000 1629 2055
787	3847 3876 1255 2593
788	242 3992 2197 106
789	1957 61 3067 510
790	3018 1159 2198 1387
791	2150 1457 1305 159
792	2284 3339 2514 667
793	603 416 3216 2522
794	88 3840 1649 3119
795	3465 2078 2857 2228
796	2139 2137 2003 2193
797	1107 1589 45 2093
798	1196 529 1946 2012
799	312 3737 1999 2513
800	2201 1483 1236 456
801	3535 2079 362 3713
802	1609 739 3108 3687
803	3810 3750 3602 1764
804	2882 1131 264 3077
805	437 1862 2286 1787
806	2749 2661 44 3335
807	2288 3794 313 1903
808	2576 3528 207 2072
809	370 633 2919 3294
810	2070 2609 3033 2149
811	3245 2667 99 3071
812	2555 2321 3886 838
813	1954 46 2090 3729
814	181 3848 2883 171
815	1298 599 3629 1571
816	1668 388 1010 799
817	1631 299 3940 769
818	2598 365 2773 1277
819	3775 3942 1752 3631
820	2736 3502 423 1893
821	3237 2391 3107 3132
822	2511 178 3791 2980
823	2567 66 334 2964
824	1542 677 948 128
825	2560 361 3279 1068
826	3963 1748 202 776
827	1906 1288 721 3059
828	2303 3292 1319 2385
829	988 866 891 1943
830	1835 2082 1433 1715
831	691 1668 1100 2171
832	509 62 2733 3690
833	3428 397 3710 3370
834	19 97 2819 2920
835	1015 3489 3949 3023
836	1948 2536 1149 597
837	3486 3099 1332 2169
838	3831 105 3741 3521
839	3263 306 1677 342
840	57 2554 3753 859
841	2213 3700 3760 2431
842	3072 3732 1258 3243
843	75 737 1046 2890
844	646 582 2252 1724
845	2352 3326 1013 536
846	1989 1915 3834 559
847	2113 3588 3454 2253
848	2276 2555 306 166
849	2482 809 1712 2647
850	3336 2534 2408 2901
851	193 1456 746 3236
852	1211 1915 1114 1894
853	1387 2580 3390 2342
854	818 853 261 1871
855	2116 3548 1376 1635
856	142 1682 721 2709
857	2082 3741 396 1151
858	1183 1074 2920 3388
859	2690 2730 928 3612
860	297 3752 210 111
861	1780 400 527 997
862	2633 757 2936 1519
863	1231 1587 2961 3573
864	2041 2938 1986 2264
865	2142 3029 2818 1974
866	1122 111 3221 3631
867	3391 3768 1114 2424
868	21 261 343 2488
869	3129 1615 1958 3815
870	1118 3168 3650 3501
871	1116 1887 2447 3941
872	3020 1527 406 787
873	2365 1785 2472 420
874	2868 639 33 1588
875	2228 949 1344 1056
876	144 1500 3884 2293
877	741 1307 2174 3588
878	3066 2389 213 960
879	3537 3186 2320 1448
880	2349 2596 2915 589
881	570 1702 371 3587
882	3467 3508 1947 3724
883	159 1021 3481 169
884	1613 3287 3572 3938
885	2022 3758 3944 203
886	2517 3718 1425 1529
887	786 3378 51 3331
888	1486 248 3191 719
889	2198 2194 77 823
890	2262 338 2652 2289
891	3084 3997 3320 2218
892	2752 2939 907 797
893	1108 333 2179 2145
894	188 1255 3773 1402
895	1455 3123 2558 493
896	1950 1891 2688 3801
897	2794 1555 249 415
898	2059 2083 3859 3909
899	2223 2101 2428 597
900	1280 911 1019 1623
901	2377 3012 2072 2739
902	2769 215 2765 3421
903	1474 2809 2811 390
904	1410 410 2358 3478
905	2779 2029 641 1086
906	3226 3469 3723 647
907	1855 905 921 140
908	1689 42 520 854
909	1895 2672 186 3525
910	278 33 1302 1340
911	1565 2820 601 915
912	1288 1880 3122 2667
913	3982 2914 2213 2299
914	3699 1410 2372 2504
915	1824 1462 2701 474
916	3789 306 3227 3972
917	2018 3862 1936 3297
918	3257 3070 720 676
919	72 2582 3410 1725
920	732 1846 1343 529
921	2815 3502 2494 2514
922	1869 503 2955 1120
923	1181 2755 457 1827
924	2631 3129 3894 2577
925	3634 2401 3347 77
926	3864 3392 340 3762
927	3921 928 46 3025
928	2992 189 1326 2134
929	2082 1839 230 3398
930	372 3592 2202 2683
931	973 2485 2433 3284
932	1826 3299 1971 1148
933	2047 3803 3075 59
934	2848 1629 3541 1012
935	3728 3795 1038 1807
936	187 564 2825 835
937	3436 3316 3278 1984
938	756 1421 504 39
939	165 2177 2958 3508
940	2255 2440 3369 1525
941	498 536 2695 3492
942	419 3914 341 2376
943	3044 1252 3807 3537
944	2457 423 1575 3346
945	2469 1092 1783 793
946	3052 3357 1503 2002
947	2708 2623 2744 1902
948	171 2073 247 3080
949	3334 2103 1248 1526
950	1008 2894 502 3007
951	3740 3849 594 3302
952	1507 1608 826 3511
953	449 2336 609 1896
954	225 3197 3201 1875
955	1748 3649 951 2227
956	685 2250 2808 598
957	2807 3955 2062 2006
958	1919 2829 3143 1130
959	1542 303 3155 2404
960	2542 3531 3909 2796
961	2695 2310 1037 2944
962	1519 2049 2587 3167
963	2971 2205 1019 679
964	650 3771 1121 1861
965	1524 1230 1834 2223
966	3868 2759 874 2112
967	1688 2503 2225 2407
968	2599 922 1804 3463
969	1590 265 1736 1135
970	2700 2292 3772 515
971	1094 2797 254 415
972	2930 3978 2944 530
973	1323 3981 2611 1417
974	3755 442 2734 747
975	3848 3748 2645 1256
976	167 1730 464 2243
977	3180 992 3149 1174
978	2616 3650 1810 3490
979	2233 1200 2526 66
980	119 1578 3140 3037
981	1280 2250 3407 3293
982	2249 1896 1674 561
983	918 3862 3173 1747
984	212 2753 2032 779
985	3318 2204 3025 2012
986	137 1063 1525 2963
987	2701 2754 3478 1326
988	2305 3725 1785 3790
989	22 603 2257 604
990	3436 2264 2180 340
991	461 669 3181 454
992	56 400 967 1282
993	3617 650 1998 856
994	1596 3493 3250 1653
995	3184 1067 992 1148
996	2032 3368 2519 2075
997	3401 3359 2775 944
998	760 1749 957 889
999	1717 750 848 2799
1000	2812 2302 2643 1373
Students	1000
1	3305 2675 1784 1928
2	3682 2152 2483 3974
3	3379 1142 2426 2245
4	50 1202 3586 660
5	3610 1528 1423 1676
6	1819 157 3902 2744
7	880 2849 1345 3138
8	1549 2087 311 2840
9	727 1981 3184 342
10	474 1360 1411 1623
11	1889 3487 2172 295
12	3131 3368 1495 3687
13	2273 2637 498 2187
14	3521 3916 2425 2757
15	1027 1001 648 3562
16	3031 2343 1829 1059
17	1959 277 3267 3610
18	2374 1072 297 3311
19	2168 3 2778 2856
20	2081 2576 1631 2098
21	572 2379 419 2640
22	390 633 715 337
23	3903 2618 1939 2543
24	1878 257 1180 2062
25	2789 95 3863 3263
26	751 1841 3822 964
27	1702 13 2091 2420
28	3456 1832 584 2892
29	1823 3379 3485 1413
30	2109 2614 1933 1982
31	3308 808 1220 2662
32	3212 348 1580 2087
33	940 983 3819 445
34	3237 3109 1758 3905
35	2868 1576 2148 3034
36	3856 2967 641 3468
37	1838 1008 2045 923
38	2972 547 999 1587
39	325 1629 2874 3714
40	3158 3097 3799 2418
41	2921 734 3942 2556
42	2706 3275 2240 2467
43	1573 1303 3558 47
44	247 3609 2562 3157
45	3477 3405 3448 1104
46	3686 989 3993 529
47	3910 3937 309 558
48	238 2571 3318 2651
49	2771 701 461 82
50	399 1101 1808 3050
51	283 2752 908 2559
52	2937 1973 3625 717
53	85 578 517 2098
54	307 2180 1333 210
55	863 2829 2614 667
56	2412 882 1759 909
57	2694 1187 1002 1638
58	1181 434 2211 650
59	3443 1399 1180 573
60	1178 3486 2936 3772
61	1826 584 1523 2146
62	2326 2183 711 1052
63	1195 2642 1238 3382
64	3760 1479 2575 3014
65	1587 912 1081 1209
66	2943 266 3979 2820
67	1287 189 3179 2853
68	3422 3239 5 215
69	2902 2787 1695 683
70	1895 1357 1799 1943
71	884 1553 2677 2873
72	797 3257 1009 2609
73	1453 2561 3108 3596
74	2153 117 2760 3104
75	42 1666 3989 3483
76	2210 2262 584 1554
77	3663 2193 2226 635
78	183 1157 2716 2141
79	21 1743 1183 796
80	2439 1503 2319 2237
81	1710 2407 3912 2069
82	1530 2749 2424 1907
83	517 2674 2428 3126
84	1701 3635 3776 217
85	1612 2862 2807 3919
86	884 1254 267 3627
87	2346 3139 1483 2660
88	3604 1666 2266 1369
89	3386 2015 778 2212
90	1874 203 2929 829
91	3085 1651 1536 2996
92	1850 2420 409 2809
93	1295 2402 1674 2146
94	865 997 1941 3911
95	2181 2743 1520 3890
96	450 3958 3871 1388
97	1209 23 2001 1985
98	29 1173 957 448
99	1061 483 65 1519
100	1211 3427 668 1319
101	1084 1540 1168 531
102	3943 3191 3681 1292
103	741 1533 1203 3603
104	1264 778 430 1526
105	1586 1999 3955 1978
106	2990 1698 1311 3559
107	459 2952 2991 3711
108	401 805 1005 287
109	2857 766 813 1000
110	3820 2211 3412 2575
111	1848 942 3176 75
112	2982 972 2809 3752
113	470 2383 680 3875
114	148 1191 1084 1862
115	154 3749 1043 1248
116	185 1460 303 1914
117	2553 2062 3907 2504
118	2142 2439 344 3235
119	1031 2914 3603 1921
120	3353 2911 988 613
121	3122 495 3980 3119
122	3677 1788 586 103
123	2418 2077 1240 1247
124	217 2302 3314 3138
125	3634 1707 3635 537
126	3711 1031 2031 2035
127	2013 3546 2970 976
128	2747 2410 1884 33
129	3762 635 43 1775
130	3062 1035 3042 3676
131	3865 1822 2454 1748
132	411 3325 1357 2650
133	3430 157 2686 3851
134	2831 1015 1204 103
135	2596 2297 2897 871
136	1595 1460 1429 1059
137	3106 2252 568 3608
138	3766 3891 1055 3669
139	771 309 1980 3894
140	2958 2507 286 3872
141	2373 3009 402 2384
142	2796 712 362 2455
143	3929 784 2969 3327
144	3482 3802 924 2565
145	1802 2191 2417 1354
146	40 70 3830 1366
147	2793 3634 3127 2821
148	984 2543 1720 3885
149	2127 3036 1424 381
150	2520 1488 2136 3977
151	1172 1151 3589 2140
152	1866 3320 1650 2904
153	3752 3025 1776 2193
154	3872 705 3174 2202
155	1076 2570 1822 3251
156	3843 3406 3541 2311
157	2602 1304 3871 724
158	305 3835 3414 1853
159	1550 2020 830 2870
160	451 3266 3749 518
161	3324 1460 834 1437
162	77 341 248 1178
163	753 3061 2227 1778
164	1060 2735 1656 148
165	3867 1372 1020 2468
166	755 1777 3232 454
167	3793 2014 3325 2243
168	1194 314 3370 1499
169	2453 2817 978 2408
170	1527 2259 3095 1713
171	3831 1282 3382 1874
172	2903 2050 3027 2553
173	2944 2558 2514 1568
174	2823 1608 2431 2674
175	975 866 1149 1242
176	1953 3437 2080 104
177	3640 3595 503 526
178	2522 1126 930 1968
179	473 1287 2849 3582
180	3609 800 3964 3591
181	3503 2296 1076 824
182	3002 2954 1081 1725
183	733 101 738 1915
184	1773 1619 2539 2219
185	836 111 2838 1599
186	303 969 1195 2610
187	2665 1231 3385 1921
188	1236 232 3683 2923
189	436 1561 2743 3019
190	3663 166 3671 3378
191	887 1297 3809 1876
192	3821 2389 446 1784
193	2215 1221 1285 315
194	2703 2486 3379 2033
195	2281 2168 620 3995
196	170 3092 3136 453
197	1334 3381 2618 1265
198	520 2041 2059 663
199	2444 3923 299 510
200	1954 3189 2745 165
201	2840 3113 2280 940
202	3944 1680 3611 1034
203	3529 1432 1759 2796
204	2261 3159 3096 2931
205	2843 2417 131 549
206	3250 3869 2196 3020
207	1996 760 1327 2890
208	930 1564 2100 2478
209	1225 183 1163 2212
210	2564 1817 4 2940
211	3798 594 1294 1723
212	605 2594 3519 507
213	3921 3632 3821 483
214	3244 1813 609 1900
215	1504 895 2160 3388
216	260 2184 1630 874
217	1774 1988 466 452
218	3497 724 781 3188
219	887 1992 3734 3791
220	1970 3133 2163 3234
221	1976 30 3634 1262
222	2500 3609 655 2829
223	1480 2294 1204 2989
224	3700 2695 3923 2767
225	1127 2277 718 860
226	2285 3400 1153 2360
227	630 3852 3350 3557
228	3854 1093 2476 3528
229	1904 3474 729 2815
230	1662 1601 2533 1911
231	3552 3955 1005 2316
232	383 395 2295 2025
233	384 2100 1763 3028
234	1436 1968 2973 669
235	2909 3971 2937 3735
236	188 222 751 2585
237	9 2591 814 3168
238	1193 2104 1071 797
239	426 3637 1269 351
240	3596 1737 338 3105
241	1227 994 597 2652
242	917 949 3149 3899
243	60 1992 1591 2523
244	1684 359 2542 2742
245	819 1740 981 2009
246	1695 1089 1270 2097
247	3234 3170 1896 860
248	1191 667 1713 147
249	3926 2249 3717 3445
250	794 1864 825 2801
251	1663 2247 1496 1634
252	816 3940 2355 3798
253	793 3071 66 3450
254	1360 204 1621 3255
255	273 3342 2030 526
256	3640 3785 221 1022
257	1244 2253 3989 1256
258	2009 1167 1327 3933
259	3736 3186 3739 1021
260	3448 2317 590 1286
261	912 1657 2529 3999
262	576 1116 3184 2866
263	1140 2358 1122 779
264	3731 330 137 2326
265	2225 1910 29 2390
266	3294 3502 2875 1967
267	303 3379 3129 2319
268	1097 3918 3764 699
269	2173 3704 1834 3734
270	3656 189 2429 1456
271	250 3890 18 1333
272	1905 3005 806 1335
273	3877 2143 100 2131
274	235 293 64 3436
275	3367 2096 36 2973
276	1840 2226 1986 1666
277	1958 1840 1365 2673
278	3726 1479 1852 2713
279	1750 693 46 1422
280	3232 1619 3512 2910
281	744 1470 525 1474
282	471 3659 2102 3941
283	1263 470 3249 3088
284	1861 1586 1713 2086
285	1308 1480 2838 360
286	740 2070 346 1161
287	3821 3805 2139 2748
288	27 3561 2602 3351
289	2371 1660 617 48
290	1028 1656 3821 813
291	1411 1233 1840 2966
292	3642 2852 3753 212
293	1076 275 242 639
294	2638 3729 1345 2306
295	372 3324 3953 120
296	2111 3104 2886 1216
297	653 3468 126 3256
298	1808 851 3455 3220
299	3448 1032 57 1355
300	2784 2843 550 687
301	982 2630 1293 3648
302	3655 892 733 1216
303	2124 2763 1018 1805
304	707 1536 1296 1077
305	1084 2445 1192 1607
306	1203 2221 1174 1735
307	767 1323 1221 398
308	1483 1646 2727 2536
309	3546 3310 2397 2999
310	1753 2977 515 1567
311	3085 985 1895 1580
312	3977 115 2816 243
313	3891 2832 827 260
314	3862 381 394 3355
315	426 3846 2644 3287
316	2637 3735 893 3112
317	924 2115 3137 2174
318	1208 1031 2254 1136
319	2415 3710 3350 485
320	2209 3861 671 426
321	1055 3523 3905 762
322	2590 143 1849 1969
323	3468 670 3563 2619
324	2595 2920 722 3989
325	2625 3641 2272 116
326	2335 693 2279 1751
327	3681 2610 3544 283
328	631 2165 2784 2370
329	3235 2118 2666 997
330	392 395 422 2285
331	3617 827 84 1455
332	547 1130 1290 816
333	2123 114 1249 31
334	347 3498 2653 1688
335	1506 3972 3243 2616
336	1874 239 2507 1423
337	2568 3041 741 3334
338	2659 3319 2757 3207
339	2372 3517 1155 1081
340	2560 3019 2686 3119
341	363 3304 1239 3385
342	3360 2503 3908 531
343	1604 947 1035 3875
344	74 3380 3602 2069
345	1368 3748 3693 981
346	1490 2928 3619 2667
347	2488 3890 3534 1476
348	2244 398 881 2055
349	147 3515 3675 3106
350	3539 2239 1545 2472
351	209 3371 571 3762
352	614 74 1501 1413
353	717 1005 2065 535
354	2156 2936 3033 1905
355	1850 1413 3796 478
356	70 503 3865 125
357	1422 1658 321 1999
358	3384 996 306 79
359	893 3169 3816 1564
360	3509 1922 2825 3612
361	2940 3248 952 2749
362	1708 1956 2180 3209
363	1740 808 1333 1659
364	3319 81 3055 837
365	3453 399 2846 2346
366	3152 1434 198 504
367	2776 1335 318 2123
368	425 2393 1170 3270
369	1977 3021 2088 3486
370	1722 23 66 3107
371	3484 3573 2388 894
372	678 3315 1960 318
373	3887 380 1916 725
374	3429 3521 300 150
375	2124 2488 2494 1513
376	3347 414 3159 3775
377	3640 3488 444 887
378	1187 449 950 3004
379	3504 78 3095 1646
380	1476 1570 115 2887
381	711 3531 1805 2025
382	832 1802 2318 1795
383	1342 3013 927 2423
384	2883 2774 2762 600
385	1767 1031 1346 2737
386	3531 1002 2539 3284
387	750 243 1535 942
388	1554 966 2286 2575
389	3090 1446 518 2667
390	2859 989 3923 160
391	3351 2769 1684 1236
392	2208 3370 1875 3547
393	260 1917 106 38
394	3790 417 2955 2857
395	2529 786 812 61
396	1787 3785 2933 601
397	1115 2849 1430 1022
398	3880 3895 3837 1938
399	1364 2389 3647 813
400	652 1271 3170 3951
401	3018 3051 2170 784
402	1914 2236 459 2161
403	2719 3063 1141 1916
404	1235 1701 3939 798
405	420 2126 2442 1040
406	261 1673 700 2272
407	2045 144 1857 2989
408	925 3616 1213 836
409	1760 2804 1781 1934
410	223 1968 3943 3622
411	2377 3468 2951 1151
412	2945 2845 3612 1000
413	3704 2948 653 3080
414	2636 405 3694 3686
415	64 2396 2881 2758
416	1988 3339 1840 20
417	3738 3913 1158 1595
418	2989 3587 195 3554
419	2739 2430 3007 930
420	2383 2684 2947 2370
421	1140 2966 2544 3938
422	3320 2008 933 3474
423	2040 1623 2186 2171
424	3553 1719 3801 178
425	1338 2475 190 1405
426	171 3351 3917 1531
427	609 1973 1546 2434
428	519 747 3150 2691
429	3673 1576 1684 84
430	854 1464 3625 3535
431	1873 25 1535 1935
432	241 1763 678 3857
433	1579 999 2648 1120
434	1288 2957 516 1196
435	134 1862 2427 1064
436	3538 1166 437 3610
437	1208 781 1945 101
438	3701 2394 3987 666
439	1471 708 395 711
440	3365 2411 1055 3441
441	1494 3553 908 3405
442	1425 2013 3666 529
443	2980 327 302 3339
444	3207 3044 93 1824
445	3694 1113 237 326
446	3080 941 943 3307
447	2865 443 3362 125
448	362 3578 965 76
449	3406 2980 1194 2821
450	1392 3848 1620 1572
451	2890 1360 792 2509
452	3870 2665 3794 2235
453	3089 2643 2755 1690
454	930 3997 3572 738
455	1716 2008 1605 1469
456	1862 15 2597 1536
457	95 2194 3334 1029
458	9 645 2306 1602
459	2633 2597 3691 2856
460	2090 1515 201 3046
461	2229 1066 746 1774
462	3034 3746 2328 2731
463	207 104 2315 113
464	2402 2002 1267 1059
465	3857 3556 1033 2182
466	551 3905 3174 3755
467	3350 1773 3178 2712
468	933 2143 817 2814
469	573 865 3791 52
470	3267 2546 2031 3654
471	1337 2851 184 3625
472	775 872 2661 3119
473	1446 326 662 2533
474	1311 2236 3815 1113
475	283 3755 3048 2174
476	887 1845 3106 3459
477	2850 3554 596 2347
478	990 2129 2609 1027
479	2594 2863 889 3578
480	2022 1356 339 2165
481	916 194 560 236
482	321 473 3346 231
483	2903 2158 953 1520
484	1424 2177 2884 3224
485	591 995 1307 2490
486	1589 3138 1625 2533
487	3024 3897 2595 3078
488	3068 2765 3506 303
489	350 2889 857 3355
490	209 2123 561 2130
491	1416 1536 3670 332
492	3206 299 1971 1581
493	553 3799 3337 3177
494	2149 984 550 3483
495	1693 1088 1474 1985
496	3991 2992 1044 1938
497	477 1866 1805 2079
498	3189 1143 2843 2734
499	1677 2148 3369 3323
500	929 140 1110 2108
501	2033 2801 2710 2035
502	269 37 818 732
503	1533 752 3239 1839
504	2942 3348 3822 3363
505	3182 70 629 3132
506	2204 1041 1847 2763
507	2476 1308 912 2860
508	803 1400 153 3297
509	1074 1612 914 885
510	22 144 3636 1045
511	585 1776 2696 488
512	695 220 3256 3308
513	1909 1784 897 394
514	2200 3307 1944 1080
515	1230 1312 2159 200
516	682 372 3508 3334
517	3560 2257 1285 213
518	1053 1473 3562 1927
519	629 580 1308 2424
520	843 1565 145 440
521	1949 2545 399 3721
522	1547 3174 3438 1491
523	2056 1934 1289 3423
524	2829 601 860 820
525	1206 1881 885 845
526	811 1688 1855 2892
527	3206 1663 774 2817
528	3636 2229 1772 3807
529	624 3145 3544 3967
530	3593 2705 2537 2996
531	241 3518 1141 66
532	1320 3360 1148 1450
533	428 2538 3919 2818
534	3939 3448 1580 1196
535	3029 3718 2629 3252
536	3457 86 1265 2253
537	1359 1713 278 216
538	367 3208 2101 3498
539	1094 2630 569 2468
540	2092 3965 1814 646
541	2117 61 2645 3460
542	783 2239 2488 2019
543	787 3339 3857 1174
544	3940 3020 1227 2769
545	3644 1864 1504 3208
546	2420 2979 3151 2955
547	3201 2300 2809 3811
548	1631 3910 3318 141
549	2295 2003 3821 675
550	1059 531 1656 1100
551	1340 2289 2516 3034
552	725 722 3635 3805
553	2888 2939 1037 974
554	801 2377 3140 2
555	59 2835 2870 2868
556	2302 837 2910 514
557	3664 662 2650 3425
558	651 2264 1892 1825
559	3298 361 3382 3132
560	1860 3325 3996 1539
561	2165 2314 2054 672
562	3183 2221 2995 5
563	2107 3216 3932 3449
564	2314 2327 1683 3685
565	46 3183 2250 3418
566	3554 1661 1914 767
567	2001 3812 1611 2174
568	3838 859 3781 3087
569	1845 3789 2080 627
570	2123 1518 926 589
571	1145 3069 764 2562
572	2334 1523 2874 3358
573	3712 736 637 2001
574	954 374 2283 3686
575	3885 3369 2412 3523
576	1278 1539 3111 681
577	1125 2063 2468 2575
578	1461 524 2991 602
579	3148 3216 156 1261
580	2731 586 3447 1415
581	1604 2774 3228 2252
582	1455 2949 1109 1971
583	2230 3822 2738 1159
584	245 2880 3717 787
585	1439 1270 417 2106
586	2871 3122 440 2545
587	3464 2802 369 209
588	1473 3965 928 269
589	2447 2367 2850 281
590	2436 629 1523 3545
591	316 3193 991 1337
592	1211 1640 166 2186
593	1771 1615 1486 3316
594	2536 537 3810 2444
595	2404 3002 3596 1939
596	2657 3511 1513 1168
597	749 2619 1273 1727
598	561 1477 909 217
599	3956 3477 747 3955
600	1656 591 1349 999
601	3847 66 2636 3659
602	3979 2380 3801 1186
603	3232 3309 3446 1821
604	1678 1413 3445 2450
605	3695 2157 2258 1463
606	3420 834 3907 1490
607	1422 2971 2489 1616
608	313 2117 233 675
609	1225 3145 3786 2998
610	1024 1010 905 3299
611	2530 393 1437 1731
612	1042 953 1642 3751
613	2931 1701 2115 505
614	318 2101 1180 821
615	768 173 1363 2402
616	1046 2646 1887 925
617	2275 1780 1877 2871
618	904 3239 1807 1193
619	2968 3542 2503 418
620	2824 3106 3612 2172
621	1238 1716 3783 2119
622	2196 1845 3945 335
623	2535 3263 948 2345
624	2380 1899 3765 3611
625	1048 2243 1462 1944
626	1505 3349 550 2843
627	2453 687 3530 2586
628	3756 2957 2612 2390
629	93 1131 422 1134
630	701 1248 273 3992
631	1854 3160 1035 1607
632	2660 977 2259 1588
633	2033 3167 3802 1684
634	755 3451 2465 941
635	1678 990 886 665
636	2967 3947 2091 2732
637	2130 3151 2520 460
638	392 1864 3150 1206
639	1932 161 1433 2354
640	2857 3274 3513 502
641	811 642 489 218
642	149 3163 871 1486
643	58 26 2991 3299
644	351 3949 1382 3193
645	2480 2134 2521 810
646	2087 3721 307 2917
647	940 2152 3780 2341
648	1014 214 514 3534
649	2594 3379 1571 414
650	422 622 531 1835
651	2053 1537 1880 522
652	3590 3174 676 1413
653	3013 1553 2959 1614
654	3354 3742 3818 119
655	2277 404 1376 2202
656	333 3821 2432 1109
657	657 3967 204 2146
658	3349 2820 1885 206
659	3887 1760 1799 3653
660	1806 3903 3248 2604
661	3461 1037 2120 3154
662	2138 497 1456 2838
663	2237 941 3032 432
664	902 114 2240 3543
665	663 197 3812 775
666	1705 3267 40 2636
667	2654 2336 2806 1883
668	3862 43 957 1434
669	3435 2484 3207 3886
670	1530 3283 3821 1565
671	1059 1491 928 2083
672	1057 1333 591 2656
673	871 469 1770 1832
674	3346 991 532 1385
675	1821 1804 1392 1567
676	3292 2521 1006 1859
677	1340 1260 1033 2977
678	1679 3530 1232 1140
679	3375 11 494 3158
680	2398 2989 3967 332
681	2244 3274 3595 1895
682	3444 2855 1847 2800
683	3109 3662 2117 2225
684	3888 2497 3975 913
685	165 469 215 2035
686	843 2539 385 1091
687	2038 794 2303 710
688	431 3744 3087 2032
689	2442 759 1656 1682
690	2858 3208 2713 2633
691	2780 3011 2264 3237
692	3915 2409 3112 2447
693	2179 2304 2901 51
694	3578 1548 2774 427
695	3352 152 1979 2643
696	2862 2125 1584 1265
697	3706 368 403 1336
698	2645 2864 156 2805
699	2301 1780 3500 3251
700	967 846 2890 2823
701	2509 2479 3996 3539
702	2074 117 2880 882
703	3683 1674 2125 3218
704	1521 53 950 1004
705	635 2556 2106 3920
706	713 1408 321 3628
707	3409 2527 566 2284
708	3476 1250 2838 2564
709	3609 1735 3916 1879
710	623 858 128 2609
711	3469 3070 2261 2255
712	3940 3214 3742 2061
713	1850 588 3110 1113
714	613 832 60 1484
715	1559 2811 969 535
716	2843 2442 631 1948
717	627 426 849 1867
718	1237 2474 2603 2340
719	614 588 781 2053
720	2557 250 1056 417
721	3553 414 2611 3109
722	2474 2491 1282 1944
723	3771 158 1700 3896
724	225 983 441 2569
725	3649 2180 540 3464
726	400 3144 537 3981
727	1276 1006 2924 3994
728	3572 2779 2270 3497
729	973 2623 1945 2718
730	2077 3404 74 2359
731	854 1589 964 2166
732	1958 3354 565 839
733	2850 644 1584 2748
734	2962 222 3562 3673
735	2045 3210 762 2869
736	1439 245 1040 3407
737	3705 471 386 3672
738	70 1864 585 1884
739	39 3734 2921 1973
740	1613 1975 2312 3446
741	2522 3306 2235 76
742	3176 271 3723 3305
743	1511 3343 3206 891
744	996 3596 3582 1118
745	938 3990 1471 3133
746	3321 2388 3671 972
747	3985 1528 1451 392
748	2708 1044 2154 2773
749	1997 2385 2740 3440
750	2872 1426 2264 2471
751	3224 1538 2017 3423
752	1240 3788 1199 3605
753	2573 178 3835 2407
754	421 1995 319 310
755	2187 3471 929 1272
756	46 2203 1146 2256
757	1469 2816 1176 1029
758	775 2081 2173 2895
759	43 223 3850 2401
760	2745 3123 1089 3943
761	2236 3263 2557 3855
762	1313 3802 3817 1215
763	772 3485 17 265
764	1699 42 1613 1709
765	2690 1299 812 999
766	2962 1906 498 3291
767	1875 10 2295 1466
768	711 1402 1409 2347
769	176 1045 3032 12
770	3074 3963 2709 1478
771	682 3333 472 552
772	1638 1421 1096 595
773	2571 2433 2982 440
774	458 1196 2425 2695
775	810 3159 3950 797
776	1662 2925 609 2174
777	57 3318 1349 910
778	3832 1924 503 665
779	2251 3624 2968 1285
780	995 2625 1572 1247
781	1668 1928 3473 1550
782	3976 540 3122 2236
783	3638 2619 2496 3643
784	1783 2302 3031 2875
785	1640 2373 1189 1599
786	2825 11 151 869
787	2173 1397 3939 718
788	3970 2345 3935 2053
789	1559 2892 2434 1009
790	1798 2823 3351 3366
791	1764 2650 2799 2566
792	894 3101 2773 3899
793	3354 3569 1242 3878
794	600 2346 3287 916
795	859 277 3428 49
796	2378 489 1739 2581
797	1111 3195 1793 2557
798	2790 3559 845 542
799	512 1023 1018 3382
800	2072 3324 3822 1551
801	761 3996 3130 2221
802	1353 3093 2244 2021
803	2185 3216 1963 1965
804	2836 821 217 2670
805	1636 3922 199 2779
806	2566 3546 3445 2362
807	1813 2792 2737 805
808	2902 1707 2443 803
809	2909 1205 1855 3911
810	3409 2025 2823 2906
811	3631 1808 436 1887
812	2596 3426 2554 1460
813	2947 887 3467 88
814	2788 1854 2015 3154
815	2297 3658 1105 3794
816	383 2852 1846 59
817	575 2020 761 1382
818	3844 1428 3832 2360
819	2811 184 1012 1922
820	5 1005 1436 2392
821	289 1241 553 914
822	1605 3136 1108 3016
823	759 893 997 609
824	3461 3185 1113 2873
825	402 1430 1004 2751
826	3248 2329 3397 3258
827	2389 3480 3041 1514
828	1622 1000 1855 2144
829	175 3147 3033 1092
830	1241 1273 1406 2313
831	1033 1856 3192 1562
832	3214 3741 386 2616
833	2921 1556 3547 2565
834	625 2049 2031 34
835	3398 894 3993 2800
836	3967 3540 1187 1531
837	1106 540 2104 462
838	2710 1344 3928 622
839	241 83 2556 1474
840	2668 3784 329 2105
841	2472 701 1670 2748
842	437 3093 467 3603
843	933 1310 3406 671
844	3907 1224 534 358
845	1180 2962 1098 662
846	1687 1923 1996 2137
847	443 953 2257 3840
848	260 1244 1850 2176
849	3008 2467 1983 1747
850	1789 3355 2269 1742
851	247 3507 3847 3532
852	3694 2727 1326 2218
853	2597 474 1513 129
854	3506 3707 2972 1517
855	1676 2934 1979 686
856	941 1992 90 1213
857	3791 2965 3977 1885
858	3751 1667 3192 918
859	3233 2942 2898 2771
860	631 2235 1200 3253
861	3049 3651 559 307
862	3309 2471 1759 200
863	2376 406 2165 2143
864	916 3939 2681 3636
865	983 2095 65 918
866	826 660 1322 3571
867	3297 1114 2146 921
868	3389 706 3130 2862
869	5 649 2218 1047
870	1329 348 68 3159
871	1202 2065 2269 1715
872	28 1959 2264 3333
873	3123 901 2162 1793
874	2552 967 1971 2854
875	2621 3503 3193 541
876	959 966 3837 2362
877	1884 1354 3824 3222
878	3316 1444 1450 2117
879	2244 2902 3020 3249
880	3782 3651 1275 49
881	2496 3012 764 2606
882	3250 746 3345 822
883	1819 95 689 3782
884	2243 2626 3455 1608
885	123 2608 156 540
886	103 1773 91 3215
887	1619 3762 2712 3614
888	1007 1919 2996 2732
889	395 2153 2549 772
890	3914 2529 975 72
891	3982 2471 2367 671
892	295 2829 2466 3557
893	126 516 3041 2558
894	317 3529 1383 1127
895	1466 478 1504 1084
896	3165 2384 2879 1824
897	269 1746 498 1389
898	233 1410 912 2846
899	3110 3489 2106 89
900	3188 828 3900 793
901	1115 3825 2485 2902
902	2221 3677 246 1639
903	1326 588 3731 3412
904	3291 3623 2119 514
905	2764 572 2520 3811
906	2760 552 3687 3573
907	2944 1534 3999 1455
908	1536 386 2804 2004
909	2865 2384 3311 2689
910	2707 2878 3225 2671
911	912 1627 237 1624
912	586 239 1512 2937
913	658 2528 607 420
914	3224 22 1045 876
915	179 3352 3448 1116
916	2648 13 967 404
917	1328 686 3311 3155
918	1421 742 354 3757
919	271 998 725 3503
920	634 2758 1563 1329
921	3679 452 2489 1605
922	979 959 3432 3028
923	2073 3458 3265 3435
924	1324 1024 924 2122
925	3156 2485 2920 1483
926	2038 3404 777 1977
927	3340 3417 2114 786
928	1281 349 2870 137
929	3222 28 3821 943
930	3590 3068 257 858
931	444 2123 2791 2585
932	1297 3425 1215 531
933	1108 485 403 3831
934	667 1437 2141 345
935	2884 3948 2922 51
936	2132 379 766 3078
937	2951 1771 2873 2580
938	3567 1440 2915 2114
939	60 3944 2037 1048
940	1304 3634 2916 2540
941	343 1122 2555 1573
942	3405 83 3757 2642
943	838 599 1657 3323
944	3707 2795 235 1155
945	1291 3090 3739 817
946	1236 704 580 1281
947	3419 2985 2829 2811
948	3812 21 1430 831
949	1619 2406 922 732
950	3028 3820 1518 714
951	2024 2514 1227 373
952	2227 3329 1084 3621
953	3818 2426 2067 1905
954	3748 505 2757 2845
955	1916 500 982 3271
956	373 285 1548 2054
957	3366 2858 3531 2625
958	821 1256 2591 213
959	3269 3726 1364 2721
960	2045 3538 3389 1906
961	3529 3474 3296 2031
962	2236 2308 2605 15
963	3407 1232 3475 1842
964	3626 650 1776 978
965	660 3514 143 1704
966	3555 342 1868 2794
967	3915 504 1067 1344
968	3715 1668 3201 483
969	3012 1476 3416 3519
970	1104 3536 3026 2900
971	2160 2295 657 3262
972	3937 2900 1923 2585
973	3083 1008 3012 2606
974	1596 3929 2191 2769
975	3710 2262 1054 2089
976	1703 2345 521 701
977	502 1595 2238 3226
978	1464 1029 3514 2134
979	1193 628 3456 1608
980	681 3229 3960 2126
981	1477 1743 1173 2404
982	2163 3639 332 210
983	2096 2066 239 783
984	1743 3099 1540 3562
985	1826 3374 3185 3145
986	708 1837 1777 1960
987	1014 1029 3609 1008
988	2163 2932 141 1131
989	1586 3124 2231 57
990	3718 2074 747 505
991	890 697 216 56
992	3822 3711 1140 1453
993	244 1257 1594 1212
994	2222 3338 117 758
995	734 2773 2911 3063
996	183 2916 2392 1362
997	2586 3885 3679 3072
998	1506 1343 3092 2369
999	351 2310 3761 1854
1000	820 392 3671 836
Students	1000
1	1151 1871 2946 3638
2	3753 1672 2924 755
3	1018 337 505 1842
4	1788 1815 3182 628
5	1682 1098 3959 126
6	2106 3553 1613 501
7	3746 857 1590 3843
8	787 511 2627 2903
9	806 1855 2038 3431
10	2409 1342 3938 2739
11	3331 263 3702 1464
12	387 993 613 2101
13	89 3015 1814 1870
14	1058 2420 2890 1861
15	875 3292 3115 440
16	2556 2390 1889 1645
17	1282 2038 3113 309
18	3836 1247 2192 3945
19	2916 3112 2572 707
20	1183 3775 3788 295
21	2711 1065 2199 102
22	1116 2787 1959 1821
23	921 3060 1402 3754
24	3794 2591 2443 2932
25	849 29 2550 2721
26	1888 2213 562 3509
27	558 2979 2347 547
28	313 2041 3001 1705
29	3532 181 737 1113
30	314 2522 3524 2270
31	1708 2025 3149 568
32	3096 1591 3166 319
33	2256 2414 2000 3788
34	1529 710 3288 1564
35	3175 2858 1991 3453
36	3415 1722 389 3215
37	30 1781 1076 1650
38	2370 2138 2663 1157
39	3032 3083 2875 3775
40	2614 3076 2037 425
41	217 593 884 598
42	3753 3737 3798 3656
43	2577 852 3994 462
44	1133 1127 2876 3856
45	2830 3489 2618 3905
46	395 3686 1502 1733
47	2831 2505 1198 3391
48	1599 2528 3177 3766
49	3731 2875 1848 1387
50	2582 215 733 3305
51	3550 1150 3625 2646
52	3200 2276 1804 3216
53	1185 112 2194 3393
54	1686 3157 3094 931
55	3688 55 3564 2977
56	1526 1817 3580 1233
57	3229 849 3161 2610
58	145 2905 167 703
59	3275 3772 3645 2969
60	1099 1260 1279 486
61	2292 3893 3698 3720
62	3589 2407 493 2881
63	3660 856 1426 3433
64	787 3815 1565 209
65	547 6 79 1906
66	1835 2837 2048 3554
67	70 3079 455 2538
68	1297 3609 1209 152
69	2420 2018 1669 238
70	2445 2591 3037 3575
71	1439 3039 1884 198
72	971 1023 911 2328
73	3728 642 1156 947
74	1543 2248 822 55
75	1463 1043 3717 3237
76	3064 2678 1053 2313
77	3887 1397 832 2599
78	1614 1117 1834 665
79	1832 1150 3770 3830
80	2721 219 714 2871
81	654 3012 1503 191
82	2966 49 2274 2019
83	1591 1291 3414 761
84	2864 3047 2274 3662
85	3847 2710 1587 2189
86	574 2112 451 2406
87	3582 3319 2190 1984
88	1163 1112 934 1811
89	1503 2764 3011 3508
90	3002 3799 2569 131
91	1928 1911 2368 33
92	3333 2941 3485 3088
93	918 1712 1451 2464
94	3105 2405 803 1737
95	3503 200 3522 773
96	2921 3018 1648 483
97	37 2626 3519 2710
98	3219 2195 3489 1359
99	1344 1021 216 3017
100	823 1662 2312 1925
101	1628 3814 2459 2165
102	2540 3031 2248 1504
103	2959 3677 860 3529
104	2703 1554 2012 1916
105	3715 2367 939 3966
106	3395 78 1886 2489
107	1486 1106 2830 2917
108	1536 2036 1950 850
109	698 1918 2512 1435
110	2105 240 3886 826
111	2653 1334 3917 946
112	1472 1340 919 784
113	2640 1020 2331 2109
114	3150 1959 3327 1814
115	1491 2124 3195 2771
116	226 1876 425 3408
117	1148 3529 681 816
118	332 2030 57 595
119	3760 688 1377 2620
120	191 2723 1364 1013
121	3325 1373 3933 835
122	1645 2055 1946 2956
123	29 1372 3741 431
124	3488 466 559 186
125	228 1122 2463 3146
126	3550 193 3048 2123
127	1380 1192 1705 3972
128	3145 514 508 3024
129	1295 2719 147 788
130	1363 2841 501 832
131	2670 2119 2127 1940
132	3617 2051 2643 3624
133	3189 3786 2990 340
134	3455 3877 2996 926
135	321 4000 2408 2574
136	843 742 3455 2612
137	2515 3883 3472 1540
138	1969 125 632 3758
139	581 1006 2478 1291
140	1051 2354 1801 3475
141	2867 121 2193 3063
142	1758 663 3002 1651
143	3210 1501 1744 1852
144	2503 1420 2716 3473
145	3645 2504 1393 3461
146	2247 627 1321 1697
147	2550 214 2073 586
148	1392 95 72 887
149	3110 2411 1918 3297
150	3914 3154 3440 144
151	929 617 2893 186
152	101 3332 1394 1367
153	1121 589 227 3477
154	114 2085 3559 2647
155	2343 2390 3490 578
156	1000 3538 3185 3150
157	16 2059 2994 3796
158	3920 3093 1478 2653
159	3388 1866 575 3404
160	2018 832 2059 1921
161	3072 2328 1914 2724
162	715 1865 3211 3164
163	3379 2349 2202 3608
164	3169 2051 40 1062
165	3019 2284 255 430
166	2205 2976 3792 178
167	616 191 121 2661
168	2246 2658 3330 2078
169	2053 2181 3769 84
170	2594 100 2092 3034
171	2748 1529 3626 2930
172	2882 671 2891 2949
173	1787 2090 1515 3423
174	2585 3201 2493 3962
175	187 1555 3003 3709
176	3185 767 2163 1182
177	2619 1223 3184 1623
178	3943 3334 3233 2081
179	538 3226 3627 430
180	2144 3702 2238 3322
181	953 1498 499 3478
182	2303 2715 251 116
183	2969 1301 811 1563
184	2014 1179 3839 3701
185	1720 1761 1278 3906
186	2932 2683 367 1113
187	509 2583 2471 2733
188	1886 1314 2410 170
189	680 2038 1721 797
190	1149 3195 2622 1390
191	3204 2280 3686 2551
192	2635 2838 1657 3599
193	3923 2212 3513 1218
194	2109 518 3603 1019
195	85 1349 2237 1698
196	459 1166 3867 2901
197	1047 519 3320 2991
198	3649 2724 3583 2083
199	2920 2740 1202 3756
200	3206 2493 328 343
201	1464 2251 3248 2661
202	2893 3659 3311 1992
203	3674 1406 1676 1312
204	697 3039 2189 920
205	264 2053 3848 1872
206	344 1002 2265 2097
207	2661 3987 1710 3855
208	1244 3592 1072 548
209	1131 218 2255 1153
210	129 1081 2211 905
211	1317 3055 2529 967
212	3564 2491 1782 2847
213	718 2350 3012 3150
214	2137 2058 890 2122
215	2557 3803 126 3340
216	2305 3188 2423 3273
217	3974 802 2191 308
218	2729 145 1659 821
219	2670 2077 1292 1126
220	2371 1522 2276 376
221	846 1277 2363 3011
222	1726 486 1917 3976
223	3709 1639 176 134
224	2252 2866 2730 2942
225	3835 2976 1011 1217
226	2394 3336 143 2647
227	309 3550 440 1392
228	3580 257 3635 2778
229	2835 1686 3951 1584
230	108 1195 2380 2071
231	3917 1566 1095 2597
232	1087 1685 2367 3923
233	2722 2209 350 3110
234	410 3521 1977 924
235	361 2438 1099 952
236	185 3645 3964 36
237	2150 3501 917 3308
238	165 2672 3439 30
239	1724 2999 2778 1925
240	2374 1131 3642 733
241	992 939 1841 3916
242	2516 3720 2199 1765
243	2473 945 3176 3424
244	3664 1172 23 634
245	894 3078 2054 2181
246	1331 1764 1133 2441
247	2794 1178 3383 1932
248	233 91 2412 1893
249	383 1313 2403 2706
250	3867 3398 1676 925
251	3094 629 2940 85
252	514 1591 438 1971
253	2992 3824 307 1902
254	1330 1971 328 3752
255	2613 3422 3389 234
256	3912 1839 1400 3418
257	1852 2192 2468 2036
258	2056 1266 2409 19
259	104 3292 2051 1497
260	3367 668 1628 3431
261	1201 89 3235 909
262	2997 3262 1878 301
263	3531 3142 2105 2813
264	1944 3042 3215 1953
265	262 2421 1171 172
266	229 599 1039 2876
267	751 2623 2053 3521
268	2681 3941 417 81
269	1956 317 3426 296
270	178 3399 983 3501
271	111 1630 638 1977
272	3872 2774 1074 1543
273	1883 363 486 3210
274	2269 3075 2561 2037
275	2933 618 2311 1721
276	1005 2499 1365 3017
277	2039 3461 2861 632
278	704 780 2754 149
279	2829 3601 1303 3712
280	1557 1555 1232 50
281	2723 3707 321 3089
282	2063 1123 236 1389
283	3800 2758 3403 156
284	3832 3773 797 349
285	3073 2678 1230 1667
286	446 801 977 1886
287	2082 508 1498 2420
288	70 396 3107 1205
289	1696 3529 2565 3486
290	842 2790 3711 946
291	1680 1959 1971 573
292	1017 3343 1527 823
293	1850 2268 2210 2925
294	2446 3725 2086 1796
295	2542 3623 25 1050
296	152 1871 3114 2308
297	2609 2628 2081 3611
298	2608 3123 1341 1763
299	1346 1278 3015 1973
300	790 3762 300 2092
301	2489 1898 3685 3191
302	3133 76 329 140
303	1823 880 1864 2621
304	2256 3191 205 3558
305	2976 128 2663 1890
306	1629 67 2709 1000
307	598 1398 3647 589
308	2329 2395 1924 1619
309	409 2080 1927 890
310	3604 3542 2150 1241
311	3483 3486 3407 3134
312	2170 3306 1100 1035
313	3671 2334 3939 1531
314	18 878 3358 3114
315	182 2864 2301 234
316	925 2272 2115 221
317	148 918 3729 1352
318	3995 3396 1767 3500
319	2360 299 136 3872
320	216 2016 3237 1314
321	1398 1871 1228 3995
322	1390 1050 1717 1207
323	3031 1097 3386 3056
324	3718 3963 1036 266
325	997 121 485 975
326	2927 2436 1948 555
327	220 1966 2759 1099
328	2026 1097 1411 3726
329	1996 3073 354 345
330	2596 1764 2237 2502
331	839 168 3400 2672
332	2013 459 1545 489
333	466 2286 2231 2265
334	28 2432 2004 3588
335	1752 833 3801 3140
336	895 1450 126 252
337	564 3650 1407 2489
338	1534 3841 2726 3963
339	1961 3335 498 1702
340	2176 1074 2149 1472
341	1581 1434 1635 1787
342	3531 3097 2971 2757
343	878 617 641 854
344	3719 2252 1645 3067
345	2427 2608 1464 320
346	3038 227 3891 61
347	2638 2353 1504 3683
348	1102 2364 2650 3746
349	2004 825 1942 986
350	959 572 4 1788
351	3394 1846 1014 1507
352	2502 140 3745 1717
353	2918 449 2254 2738
354	850 975 3079 674
355	3558 3542 389 1387
356	272 61 506 546
357	2987 32 2870 1912
358	2877 3421 3972 3691
359	3942 1060 951 18
360	1449 2395 1174 3938
361	3995 1622 789 564
362	1663 758 2223 1129
363	1738 625 2192 3515
364	374 17 3890 3196
365	148 1285 2459 1832
366	1733 150 2253 1626
367	3310 1786 1184 1614
368	1630 150 812 2124
369	1682 1253 935 1352
370	1250 2890 3990 2390
371	3735 332 2396 1796
372	2515 2170 3449 1148
373	2079 1070 877 729
374	3766 233 737 908
375	56 3268 1 1863
376	1229 3613 535 3419
377	2341 2131 3943 2084
378	2661 1863 2136 3377
379	2190 2768 3761 463
380	2006 3526 773 2648
381	2781 1009 175 3698
382	2 2663 1028 2148
383	2463 972 551 2101
384	1366 1304 1782 1467
385	1773 3962 3935 1757
386	2508 2403 59 3433
387	1695 2543 611 2131
388	720 2151 3563 2050
389	1929 3994 1996 226
390	2324 2009 2851 3544
391	2823 850 2605 2256
392	3498 1308 1826 3790
393	1142 2892 2337 3861
394	3322 1036 3560 933
395	3987 679 562 57
396	38 184 1499 3771
397	2960 1591 1241 2371
398	2615 1997 1665 300
399	48 1374 771 1050
400	404 541 3745 817
401	1734 3294 3269 2753
402	1993 179 1800 2025
403	2481 1268 1721 2799
404	367 3861 820 882
405	2998 2709 1680 3819
406	992 2600 3470 3199
407	608 1334 3157 1602
408	2734 40 2101 2540
409	538 3816 3888 3912
410	282 733 2469 1519
411	113 2907 3325 1256
412	1234 2559 3600 2346
413	595 1535 3524 1848
414	1102 2648 2831 2306
415	3799 3401 497 421
416	3158 256 2317 829
417	659 3703 1684 90
418	3415 3207 3152 1916
419	531 2891 3838 107
420	3968 854 1728 2891
421	3311 2735 946 166
422	2512 3953 2090 1816
423	1337 3457 3715 1782
424	68 2377 3763 3368
425	2557 3375 726 1355
426	756 3343 899 573
427	2596 181 499 3637
428	2945 1595 3591 1524
429	1118 1917 3557 2652
430	165 2947 1794 45
431	1284 3689 3961 3502
432	2879 1652 538 1246
433	2117 1283 2867 1024
434	2555 270 2002 3015
435	226 3124 327 1952
436	3429 1990 3468 2693
437	3630 3368 3835 3983
438	920 3837 316 557
439	2299 3448 1081 97
440	896 2743 1961 185
441	1542 1016 1899 3481
442	2778 3163 1970 382
443	1557 3953 577 3588
444	3972 712 3611 2077
445	3166 1044 504 3149
446	3168 3278 688 435
447	213 1880 2557 1342
448	1764 3085 2764 1402
449	3080 2684 2657 3893
450	2010 2421 1709 1018
451	1440 2040 644 511
452	1412 2021 3046 3029
453	1634 841 3872 1864
454	1528 559 2631 1689
455	945 2312 2886 208
456	1494 2264 983 2122
457	3575 565 3084 1814
458	441 3367 1905 2207
459	1262 1926 3432 3501
460	430 2898 3066 1651
461	3252 2116 1113 1863
462	2621 3306 1790 3808
463	1730 412 1422 199
464	71 3413 1562 1725
465	3847 1015 1245 2678
466	2927 451 1614 38
467	2094 108 163 1936
468	1700 1197 3432 2516
469	3089 484 3517 3093
470	1917 2696 2169 3453
471	2691 2114 669 77
472	632 617 3650 3533
473	2903 2645 1291 1183
474	2132 1982 3048 3419
475	1173 2595 649 1959
476	2611 2812 3277 3023
477	1442 1882 1674 794
478	3670 196 3780 3289
479	2722 1303 3020 1977
480	2232 2344 1607 2244
481	2970 761 384 569
482	1744 3366 569 2230
483	1703 3231 3011 1041
484	562 1859 709 402
485	2031 1885 2627 3465
486	1923 3808 3479 3953
487	1717 3271 3960 912
488	182 878 1711 2997
489	3365 2079 2569 1783
490	1773 2861 3884 3617
491	1996 780 856 931
492	847 3877 1124 3351
493	32 305 2973 1732
494	590 3837 3019 1176
495	3113 3935 3718 1670
496	3966 1782 571 2088
497	1182 3689 1598 535
498	3926 1855 1448 2425
499	1930 779 1900 998
500	3109 2038 214 2320
501	1935 1046 3912 2096
502	2626 2169 2298 2028
503	2769 2827 3366 1102
504	2738 3367 3237 3321
505	818 2305 2716 2246
506	3059 3651 2061 3770
507	738 158 54 1962
508	374 381 3688 432
509	3223 3221 2256 3577
510	2264 1066 3815 2319
511	2170 3841 3378 1800
512	395 177 3023 3996
513	2320 3760 1387 887
514	2706 770 676 3756
515	133 623 2956 2022
516	667 2054 1684 3045
517	1895 1548 3389 3247
518	2339 1483 2322 3133
519	3960 1748 2644 3165
520	2227 498 1020 548
521	2561 2784 986 3706
522	693 772 2406 2333
523	2750 804 955 3365
524	1197 576 3897 3954
525	1796 1996 2178 653
526	2680 887 1692 500
527	3801 486 3930 3865
528	3151 3871 3323 3815
529	3251 3037 3434 3847
530	2820 590 2739 2288
531	3921 1173 3556 3072
532	1133 112 1400 2240
533	3798 2710 1842 3134
534	1595 610 972 2218
535	568 1200 3794 1686
536	3518 628 1958 3762
537	3411 2793 2863 2630
538	3383 1947 386 2782
539	3722 1307 2413 2947
540	2770 1172 3749 2789
541	2190 767 2024 415
542	698 3660 1807 2857
543	2059 958 773 2498
544	3445 1511 1010 800
545	599 3811 1113 1249
546	3900 3710 646 2700
547	412 3154 532 341
548	901 3333 1219 502
549	747 1280 1749 1135
550	290 165 3608 1840
551	3837 1131 259 3044
552	901 1460 1074 884
553	1925 3421 2054 1310
554	361 3932 3758 3036
555	382 3232 2527 2751
556	429 3070 3048 170
557	1214 2376 3813 3121
558	1509 1486 1020 432
559	3253 282 2287 2437
560	3067 210 2160 3673
561	2447 1190 425 953
562	2860 3767 2644 227
563	1929 3121 3910 2427
564	1188 3285 696 1007
565	2932 2392 3673 899
566	2863 2083 1880 793
567	87 374 1426 2405
568	1098 2834 1661 2108
569	317 729 315 1899
570	270 846 2155 210
571	3252 3552 1472 2094
572	275 3928 735 2518
573	2993 1642 2513 1021
574	169 1961 2984 163
575	51 3540 1467 824
576	2844 2514 1470 1386
577	416 45 1131 1612
578	3680 709 914 158
579	1959 3567 525 1189
580	422 2041 3537 638
581	2756 3001 3895 11
582	990 1945 3743 1012
583	3435 2725 1624 2990
584	2484 1684 2738 2764
585	245 859 1449 3527
586	334 2436 1293 1557
587	1340 1127 546 2678
588	1381 507 2600 1695
589	1625 443 1312 1389
590	2587 2172 990 1533
591	1512 2769 2110 2482
592	2163 2883 2271 2188
593	87 2863 2757 3366
594	93 483 1536 602
595	1412 1182 1202 2450
596	327 3502 2519 212
597	89 1529 2627 1769
598	3383 1773 2916 451
599	2711 1952 3121 1586
600	3656 3302 573 1753
601	3438 943 3094 1526
602	410 724 23 1928
603	721 1184 2772 3290
604	3271 641 1595 2522
605	2039 1855 1401 43
606	1953 1770 156 2170
607	2556 3987 3192 1314
608	41 3042 3523 3988
609	1694 3348 2570 3549
610	3823 694 1667 2914
611	63 2958 3427 1498
612	1841 1082 2222 2338
613	1447 1119 3633 1518
614	1164 9 237 3371
615	2470 2961 2991 1390
616	1068 3695 2973 1112
617	812 2787 2668 1961
618	33 463 1830 2078
619	649 88 1664 3014
620	876 3084 1454 1661
621	1110 2295 1832 1964
622	240 1803 1148 1749
623	3778 309 3419 476
624	872 3321 2280 2035
625	632 2144 2430 64
626	3135 167 2018 839
627	3548 701 1086 1007
628	1642 3081 8 2607
629	735 2479 213 1366
630	1059 3398 2468 1787
631	2425 2903 1629 491
632	3837 890 1745 377
633	3698 1032 1403 28
634	1 3124 2469 3234
635	2478 1540 1343 1328
636	1118 3103 2260 1066
637	1551 3148 2125 1043
638	3169 834 3290 88
639	2869 119 3200 2789
640	303 3396 3068 1383
641	2476 2928 1951 3949
642	3296 1230 421 342
643	3048 3915 1513 2989
644	3041 3542 3934 2861
645	2338 1489 3258 110
646	510 3109 1015 527
647	1772 364 163 635
648	339 2214 240 3647
649	1945 1366 1099 203
650	3604 3041 1809 2688
651	2994 2474 3544 1671
652	274 3606 694 3646
653	3590 1071 1297 1565
654	1520 114 465 786
655	715 3782 481 977
656	2214 2625 797 3397
657	1483 2813 1464 2023
658	892 3014 2295 1402
659	3876 2354 2272 2251
660	3881 414 563 2081
661	1626 3415 2643 3871
662	2454 1693 1321 647
663	3363 358 1107 225
664	575 986 3905 1050
665	3715 3425 278 604
666	2173 2901 3617 154
667	213 2726 20 2344
668	903 727 2172 264
669	2665 2445 221 76
670	3897 1851 1891 2059
671	3084 3404 2620 57
672	323 3528 1272 29
673	303 1697 2472 2716
674	3377 3269 3268 3848
675	84 732 3771 861
676	2844 3326 835 1430
677	2844 3833 359 2429
678	481 2106 1205 2967
679	3024 443 3441 1231
680	2203 804 2886 3842
681	697 1009 3856 2841
682	1417 3173 3514 2087
683	3178 1812 2923 1584
684	2852 2027 452 2919
685	197 3241 752 2521
686	1814 3970 1437 2907
687	2632 3476 3622 1416
688	2082 3776 1586 1437
689	1838 52 2363 3816
690	2468 1964 1722 1398
691	2292 2418 1622 1751
692	3606 3338 1241 2406
693	578 1439 1499 945
694	2600 588 659 2365
695	639 653 223 3041
696	1942 3538 2456 2812
697	809 1154 3381 3997
698	440 1235 30 228
699	2293 3124 3669 3665
700	1908 754 1302 3402
701	3548 2334 3219 461
702	3970 1496 1920 1905
703	490 3317 253 1156
704	2572 691 3049 2895
705	450 2490 1153 941
706	3661 917 344 698
707	2521 2123 10 3311
708	3976 3696 1999 2009
709	2206 3867 2249 687
710	14 542 652 3058
711	231 2451 1203 1309
712	3962 2342 2441 3693
713	1911 190 2270 1595
714	3759 3504 2652 3133
715	654 3116 800 1994
716	1439 3090 3182 959
717	2978 3821 913 299
718	3514 931 409 982
719	846 513 1149 1444
720	3401 757 1109 701
721	2172 2330 1222 1012
722	751 428 681 1349
723	23 3593 2051 2989
724	2040 3585 2228 898
725	3356 2505 2875 749
726	885 3415 2929 2885
727	3048 660 436 3803
728	1279 3652 1643 3578
729	2508 816 2048 3572
730	2328 2566 872 711
731	2379 1501 848 3210
732	1038 412 2918 2951
733	1598 337 3570 1500
734	2315 3632 2526 2211
735	2525 3363 936 2859
736	591 2117 281 1090
737	1909 3163 50 726
738	3353 900 2687 950
739	115 2303 1157 1890
740	3311 2885 130 548
741	365 313 1709 775
742	1107 571 2812 2597
743	1638 411 894 3250
744	2148 2193 3272 320
745	1456 2159 1589 3252
746	3553 3303 2244 1757
747	1942 435 197 282
748	2169 2542 2376 2513
749	2332 1371 1867 3818
750	231 2193 1744 1592
751	3572 314 3339 1740
752	1481 2079 2072 2141
753	1648 1421 3961 2028
754	1421 1475 1276 1129
755	2013 1143 1401 2369
756	866 3924 2157 1418
757	3734 639 2143 681
758	72 2177 3001 140
759	2937 3081 83 3186
760	1462 984 1364 2952
761	2676 2845 1350 3320
762	2316 2021 3429 490
763	2507 717 3948 2601
764	2812 1 143 1213
765	3874 2581 906 3515
766	1384 1822 3690 3836
767	2833 2408 1295 532
768	2615 1621 1906 690
769	1665 1941 2856 585
770	2768 3660 3871 2577
771	3659 3115 2878 2633
772	497 2230 1193 2105
773	585 1031 611 1382
774	1444 3077 376 1939
775	350 1237 652 804
776	1142 338 211 3092
777	853 1065 609 791
778	989 2584 2249 86
779	3254 2974 1781 3088
780	1106 3264 194 717
781	1641 114 2701 2584
782	1420 2720 3445 2154
783	2539 2722 2070 3135
784	640 2895 3050 239
785	733 2533 1952 3255
786	3583 3954 957 1088
787	3558 1020 68 336
788	2850 2288 3729 3504
789	2121 62 3580 2506
790	2924 1673 1794 3183
791	2828 2574 2009 2798
792	3533 3871 2787 3353
793	146 3638 3709 988
794	2460 1537 2739 1212
795	3717 1856 818 2282
796	3993 3012 1578 3442
797	1733 1920 1670 2973
798	3787 3459 3846 3037
799	3888 807 1366 3253
800	198 3728 3541 3866
801	1326 3545 2525 2566
802	3954 3481 1627 590
803	3604 153 1202 1178
804	2577 2291 2038 1973
805	79 1139 1540 1125
806	3023 3802 895 1114
807	959 2861 933 2216
808	1800 1500 174 2755
809	1897 84 3291 509
810	147 2238 1193 3566
811	1115 1225 3488 1442
812	865 3390 1084 2223
813	3889 67 1121 1806
814	1002 1363 2784 46
815	3625 131 2442 1739
816	2824 1131 111 136
817	3828 2430 3642 181
818	386 2616 2140 3180
819	921 1993 623 503
820	471 3896 3347 3487
821	190 1322 3990 3473
822	828 3619 3899 1308
823	2042 3877 1188 305
824	3320 1452 1985 3134
825	1336 1681 534 3202
826	1019 1986 1219 406
827	680 2347 2390 646
828	2207 257 925 2970
829	1445 62 2741 3610
830	916 1885 1507 595
831	3624 2523 222 943
832	839 3798 1111 2009
833	1743 1314 903 3378
834	3319 615 3467 163
835	687 891 149 1894
836	620 2976 21 2804
837	633 1141 3427 1671
838	775 1471 408 962
839	2173 357 135 1357
840	2080 3266 3791 554
841	1288 1542 2393 1141
842	1620 151 1787 2089
843	2993 1085 153 1885
844	3242 439 1410 326
845	2290 3162 1083 1530
846	1992 987 1922 1734
847	1473 3610 2407 63
848	241 1612 441 2753
849	1894 3559 2177 2516
850	3651 244 1841 83
851	1967 1769 3439 776
852	542 1378 732 3621
853	3496 3411 332 3448
854	2418 2779 3206 1177
855	3326 3933 347 558
856	68 3795 3551 1714
857	2881 3673 3838 592
858	1080 3303 2283 607
859	315 2088 2305 1162
860	575 1988 2617 2332
861	2824 1694 3057 3558
862	1566 518 892 2939
863	2053 1260 3596 3488
864	607 149 471 853
865	1638 3332 344 1515
866	253 1406 311 1761
867	551 2803 3354 1008
868	2339 3672 2636 3736
869	3231 1051 1164 2864
870	3197 1916 1062 248
871	3435 70 2222 839
872	1667 213 3030 1360
873	1251 1042 3091 992
874	3142 3337 556 3119
875	1920 1986 3130 1593
876	1837 3433 3076 84
877	2914 3371 415 3754
878	1123 595 1541 3892
879	2121 1025 389 2147
880	3978 182 3971 1919
881	3071 171 3030 1320
882	493 3773 1292 329
883	779 3120 2319 482
884	836 2906 552 1208
885	109 1896 1342 34
886	2207 3087 528 3945
887	3477 2015 1596 2717
888	1055 2018 2230 697
889	2252 2649 1866 2918
890	3179 607 3974 2487
891	424 1576 536 3498
892	332 2030 3437 2393
893	1851 608 3241 2469
894	563 979 1549 3272
895	3894 2580 3508 3861
896	764 2184 3032 1600
897	231 2552 3345 382
898	1755 2413 113 2264
899	377 3489 1689 1724
900	724 3362 1133 1516
901	2681 2517 1238 1848
902	969 2204 741 797
903	3551 1734 355 3149
904	2594 35 2817 2794
905	163 1586 2606 1059
906	213 53 1467 813
907	3120 3019 3917 3506
908	2679 1025 3152 3447
909	3310 836 2440 3564
910	1472 3456 2460 2533
911	1626 3167 2909 683
912	630 3833 998 1492
913	3310 453 3624 125
914	1953 420 3571 1426
915	288 9 113 3488
916	2711 309 2046 1721
917	3233 3039 3161 3698
918	1202 1770 1224 2382
919	3965 1853 2049 3375
920	2228 420 543 1001
921	389 110 2721 2192
922	1935 329 586 1973
923	310 27 3016 2647
924	1457 1899 2147 3470
925	1301 1822 1225 638
926	3390 3215 3978 2696
927	1197 2033 1892 1253
928	395 2515 3386 2047
929	3859 2922 162 3420
930	3057 2540 1482 90
931	3504 2804 893 1355
932	2659 755 147 3625
933	2241 2950 1349 195
934	3586 2755 2688 609
935	3314 602 508 1769
936	1873 3665 2671 353
937	3176 3703 1827 152
938	2722 3932 1547 1151
939	2633 1058 1787 3451
940	850 1626 3499 2382
941	3132 3986 3605 247
942	1083 1227 3269 2130
943	689 1876 216 140
944	924 2828 1815 488
945	994 645 957 2059
946	3612 1805 3228 2984
947	2898 3713 352 1330
948	3736 1206 652 3932
949	1832 1925 957 896
950	3539 1477 830 2004
951	1563 1756 1450 3685
952	817 602 2406 3983
953	315 144 1985 3806
954	2664 334 288 3376
955	3403 1504 1260 49
956	3292 2929 1111 2460
957	1362 3711 3876 2131
958	2809 1625 3261 3338
959	3971 3281 2213 194
960	1025 1088 2930 1711
961	605 1509 441 1228
962	252 3157 3311 322
963	2056 979 1193 2442
964	1553 2412 3321 1406
965	239 1641 2041 3024
966	3978 3477 1135 2993
967	131 1572 1100 303
968	113 1404 2318 532
969	847 3571 937 2026
970	3573 2106 514 3057
971	1937 885 3405 1265
972	1111 1528 390 3996
973	2763 3668 1106 429
974	1592 2079 1947 742
975	3280 165 1904 3890
976	343 2828 2331 2204
977	3562 3171 3227 976
978	2227 78 3904 3840
979	1109 947 2867 339
980	2315 1128 1627 1033
981	3258 589 553 1195
982	1099 2402 2677 2191
983	2968 738 1799 482
984	3970 1592 2765 560
985	1772 3551 2349 1658
986	2012 2050 2752 515
987	3888 1040 3992 2721
988	1173 2399 3921 1960
989	2269 126 2623 1909
990	3488 1181 2683 1470
991	2803 220 1103 1679
992	3252 1308 3493 2951
993	2923 2624 841 2693
994	2915 224 2401 3831
995	3565 747 932 3886
996	1961 2865 2935 3183
997	705 1896 2322 2135
998	3137 3882 2921 1685
999	2645 1307 618 3600
1000	2153 1039 3324 1954
