Students	1000
1	2617 3565 2621 2789
2	1133 3240 272 154
3	835 3632 2240 2335
4	2785 3801 891 412
5	2162 3270 3854 502
6	1900 3861 2356 1090
7	1561 894 96 158
8	3249 605 773 1445
9	874 753 731 2386
10	3890 2623 1428 231
11	469 3544 726 1166
12	1581 90 1895 2250
13	2347 313 2863 1025
14	1257 3844 1423 2532
15	2096 1210 3003 3256
16	3828 3781 2158 1655
17	2096 33 3551 2036
18	3607 234 2729 3735
19	466 1583 2176 1089
20	3870 3842 1850 2260
21	3544 1513 520 501
22	363 3928 765 228
23	2038 3661 3416 3888
24	29 503 2773 3913
25	2513 3772 1026 2307
26	769 756 3477 2138
27	478 1087 371 3135
28	1760 1256 3051 3043
29	3130 415 2862 1619
30	2677 73 3517 135
31	2655 1158 2747 3852
32	70 645 3868 2788
33	1016 127 3776 2657
34	264 1464 1867 1379
35	2259 2084 1944 2189
36	305 480 1421 3888
37	2666 3593 817 3012
38	1797 677 680 3083
39	2407 75 741 1011
40	942 3308 2338 3270
41	2897 2894 2126 681
42	1614 2088 93 1132
43	1660 2828 2069 187
44	3039 959 1832 316
45	3268 2485 2686 36
46	3442 2042 2794 211
47	2814 3005 869 3288
48	3959 1014 866 3723
49	3349 1816 542 931
50	1203 386 3088 908
51	877 2272 57 3399
52	2038 2993 3572 948
53	1740 676 3019 137
54	446 2539 2249 227
55	3599 1471 616 3736
56	3816 1122 1214 1166
57	729 1346 1441 3325
58	537 3406 906 2981
59	2976 1516 827 1790
60	2481 3491 1949 3700
61	1472 2632 1875 2790
62	2770 1483 239 2504
63	1087 585 650 2683
64	1168 2429 2646 887
65	1596 1858 408 1120
66	2509 466 747 2144
67	2679 2185 281 453
68	3743 3938 42 1311
69	109 1895 482 2018
70	530 707 356 1994
71	3877 1668 2890 2962
72	726 993 3492 383
73	3506 1314 2792 2474
74	1684 3827 2624 293
75	3414 3780 563 1131
76	2988 559 580 2194
77	3976 2722 3275 1493
78	2035 2838 2825 3981
79	3775 817 3459 213
80	858 3138 3858 1621
81	1575 3384 3694 1582
82	2601 3074 661 3835
83	2635 1969 1205 3800
84	3291 2681 3976 616
85	3281 1184 337 204
86	849 282 1377 2654
87	3995 1428 2530 2266
88	721 3684 3474 1642
89	808 2020 1352 1389
90	84 3195 44 1936
91	3400 1837 174 2353
92	267 1311 2493 2212
93	2072 3712 224 2719
94	1861 904 768 1511
95	2625 2669 1064 3602
96	2897 3361 682 3476
97	198 480 1913 1885
98	3578 373 3605 3579
99	2228 89 2800 337
100	1222 1907 553 2818
101	968 1104 3180 12
102	376 418 932 1593
103	1359 1911 2436 891
104	1546 3442 2563 1401
105	2582 2809 1591 3972
106	3495 1471 2050 3469
107	3207 2200 600 792
108	2811 3354 3183 2639
109	2648 3979 746 2870
110	220 3476 1780 3542
111	1492 1109 951 3609
112	2083 3565 211 2517
113	267 3768 223 2918
114	1572 1223 1824 2751
115	374 530 1992 150
116	1221 1147 2611 1742
117	2116 1684 3761 1890
118	858 3464 2639 1487
119	1185 3134 3258 1733
120	2360 768 3137 2657
121	2425 3225 211 1379
122	3254 3132 620 2566
123	2364 3380 895 219
124	864 771 993 2879
125	3721 2657 745 35
126	3531 2995 2325 2769
127	3994 66 641 515
128	1370 3727 2826 2621
129	2249 2988 859 7
130	2087 2067 530 429
131	1321 1010 1227 250
132	3587 3291 3284 3635
133	2947 2243 681 3784
134	2409 1112 1869 3476
135	662 3429 2215 331
136	1464 187 3426 2744
137	1873 99 2093 3634
138	2124 2564 830 3440
139	72 2601 3287 3073
140	398 1141 2249 3908
141	2971 3963 2189 2854
142	2756 1190 3869 1821
143	2180 2387 3003 3614
144	2087 3610 1579 1782
145	1067 2580 3581 1028
146	354 2830 412 319
147	3571 2182 2034 1316
148	3707 2114 1620 2713
149	3985 232 3079 497
150	113 1539 2498 3342
151	2111 3894 907 2856
152	3022 1015 1396 2137
153	3684 1627 1236 241
154	3140 2454 3854 2272
155	607 3500 3250 1703
156	2084 3562 3384 2321
157	3281 2536 309 384
158	2498 2721 2138 3929
159	2183 790 573 3699
160	3161 29 2569 3406
161	3884 2267 3114 1519
162	2676 3813 1134 2683
163	1779 1846 3597 1428
164	3530 2790 1219 1714
165	102 3058 2323 56
166	1618 1553 2664 683
167	3145 1857 2138 1095
168	780 1133 3624 2252
169	2121 2455 2699 1800
170	3458 1188 2975 1635
171	3734 837 567 2606
172	1266 1665 2070 1385
173	3265 1761 3786 961
174	3100 1828 1368 601
175	2885 1825 873 2551
176	1341 1121 2319 617
177	890 2636 3584 791
178	774 3584 1844 1261
179	1672 2149 2317 2807
180	37 3415 1859 1448
181	3542 920 705 1069
182	1735 3735 1518 1090
183	3827 1330 3722 445
184	2797 1753 3178 245
185	2244 3757 1539 2616
186	1204 1245 581 1919
187	117 2202 3399 3663
188	932 3640 1346 3091
189	809 1108 3945 61
190	3740 1974 1564 306
191	3574 2830 721 3428
192	422 1615 2163 1554
193	1080 3723 1969 3048
194	3140 1881 2675 1199
195	3954 1801 379 3555
196	2716 1525 123 3348
197	3965 640 1130 3098
198	2036 2587 2979 3325
199	2835 467 1312 898
200	1157 1186 2495 815
201	185 2321 2761 317
202	3319 2590 2175 1758
203	3729 2724 1348 380
204	1687 1250 2749 1203
205	1606 461 943 1168
206	2534 484 2748 2140
207	605 1888 1552 2553
208	1464 3101 3613 3676
209	1049 588 531 3494
210	3376 3495 3249 1977
211	1218 1273 3320 2392
212	35 1615 3030 1022
213	1478 497 1807 2012
214	3450 3675 488 3490
215	2619 19 206 3028
216	2702 1619 1264 1003
217	444 630 2250 462
218	2408 1069 3376 3456
219	1260 772 3527 1126
220	728 3854 437 3310
221	685 1450 2965 1631
222	1625 2200 2217 2508
223	1063 784 1735 1601
224	2017 3299 750 1058
225	2770 3905 266 3449
226	1551 3176 2183 1330
227	3855 1013 2595 394
228	2911 3662 2664 801
229	671 2055 3942 2359
230	3864 3772 2761 210
231	3560 792 169 2984
232	747 875 1300 3995
233	2166 1944 717 2159
234	2586 3805 1923 3412
235	2530 2668 1624 3367
236	3813 1423 325 1874
237	955 1782 2410 3533
238	1291 2115 797 2799
239	1417 961 1884 1188
240	343 2332 1594 694
241	382 1539 3336 2462
242	2542 3517 1590 176
243	2967 643 3143 3730
244	1185 639 3800 3294
245	1651 2999 429 2723
246	717 7 545 806
247	3134 2106 1248 472
248	3806 1190 422 1919
249	2429 2378 2640 677
250	2331 1589 2680 3547
251	3899 392 1970 2913
252	2237 564 210 2285
253	733 2577 1090 1553
254	3031 1026 2094 2058
255	3187 477 3181 3361
256	639 1989 2487 3800
257	3976 1131 519 3424
258	3385 1858 586 543
259	2273 3177 3952 3405
260	1099 1040 539 1933
261	80 2963 1540 2091
262	2598 3 2370 470
263	69 1250 2587 3750
264	1314 2978 3340 3651
265	531 3993 206 3058
266	2323 2279 3639 3727
267	675 2289 2604 146
268	2800 1537 2899 3909
269	2281 694 411 3825
270	1676 2171 749 2667
271	1600 3967 2689 3084
272	3259 2002 3471 111
273	376 1678 3646 2681
274	1620 2173 1789 494
275	3023 218 3629 3992
276	3758 396 1929 2529
277	207 2368 1619 3213
278	1848 1026 3303 2440
279	3505 1938 2246 3611
280	2351 3603 1525 3612
281	3273 868 2250 730
282	2301 1192 2924 3191
283	525 775 3340 3265
284	2786 273 2341 2139
285	1346 2070 574 1808
286	2474 881 3694 1018
287	3250 1591 1668 726
288	3938 1311 668 3182
289	2930 2114 3043 1148
290	643 3971 2831 2053
291	1905 2172 2962 1375
292	614 1794 2601 3822
293	906 2248 2769 969
294	151 2131 2704 3180
295	3156 3770 2015 374
296	3363 1148 2092 3568
297	3243 2189 199 3124
298	2902 499 2796 2978
299	1888 1046 834 524
300	1931 3398 2755 3446
301	1686 46 761 1144
302	3196 3218 405 3187
303	762 999 2893 3551
304	2014 332 3657 2693
305	2290 2896 1973 422
306	48 183 852 128
307	1958 1451 491 1487
308	1933 1401 2393 3028
309	2707 1085 3549 3731
310	3137 1301 2975 2550
311	471 685 1233 3870
312	884 3183 1679 3436
313	2104 329 3013 282
314	516 1618 2655 1351
315	1378 2784 649 1468
316	3397 248 2756 1431
317	2614 2702 330 1524
318	1230 1624 2152 1615
319	447 284 970 208
320	1649 233 1853 1745
321	2201 584 76 3896
322	2980 64 2013 441
323	479 683 1070 43
324	2265 2978 2982 2393
325	3838 640 661 3725
326	3978 1596 1322 2988
327	790 418 3602 2434
328	1260 537 1324 1077
329	2879 3928 1123 2474
330	3129 2614 1046 2220
331	2205 2864 2324 3170
332	3745 3890 489 1874
333	3528 1190 1001 1549
334	1680 3563 2259 779
335	2966 1942 1651 214
336	2054 3195 3889 3163
337	283 3420 1813 2871
338	478 1083 3994 2451
339	1937 1917 1437 3286
340	2925 1405 1510 744
341	1251 787 3645 395
342	3984 2296 2499 1680
343	2508 963 1004 890
344	3374 2066 2347 1105
345	3233 3979 3379 809
346	3173 584 2661 575
347	3574 3060 1436 1475
348	3908 1144 3754 787
349	1449 3061 2054 597
350	2464 1167 1355 3868
351	987 3823 2153 2445
352	712 1691 1990 798
353	1819 3915 1905 3668
354	828 1819 3500 3281
355	3880 831 778 1720
356	3457 3195 1218 2040
357	667 3341 2567 765
358	2204 3046 572 3739
359	3235 21 2319 3540
360	2363 2422 3227 682
361	1761 906 2984 853
362	3370 3062 2343 904
363	3102 2753 672 3231
364	1161 3598 1136 3460
365	1552 2605 515 1683
366	409 1880 1626 464
367	1850 3097 471 627
368	1596 747 1356 3824
369	2537 429 3775 3746
370	3904 3856 765 2644
371	3847 1937 294 850
372	2111 18 3068 918
373	3604 895 712 806
374	2019 999 1663 381
375	2953 1465 3237 2152
376	2344 2825 1478 321
377	1272 648 442 1234
378	3586 405 2093 625
379	227 642 1889 3534
380	2097 3633 2132 518
381	706 176 350 3322
382	2352 103 2073 3211
383	3222 1203 1699 1821
384	400 1217 2540 2042
385	398 3751 2991 810
386	522 2675 1056 768
387	3275 2791 3768 920
388	1316 3218 2376 1251
389	3413 2650 276 3797
390	2746 965 3713 100
391	179 2791 1082 952
392	2139 828 534 3687
393	1076 3742 3494 1262
394	674 3194 1070 2507
395	617 1442 3188 3962
396	599 3436 2286 969
397	7 2526 2658 396
398	1236 1835 2763 1494
399	1759 1810 1340 1909
400	2751 48 824 181
401	382 685 3704 2929
402	784 3554 1174 1320
403	415 3200 3132 1651
404	2152 3332 2442 3694
405	2318 1243 1054 3686
406	229 2547 1229 841
407	1125 3581 2621 2606
408	1992 1094 1623 2395
409	2266 3403 63 1543
410	1320 623 2596 99
411	1579 3599 973 3813
412	811 1026 1310 2253
413	2312 140 858 2012
414	1207 2325 2083 116
415	2767 1773 1630 2090
416	3443 3556 2603 1195
417	268 2629 94 3645
418	3426 2454 965 3337
419	237 3425 1031 3981
420	3820 2614 1176 2236
421	1445 587 139 1457
422	440 297 3042 3182
423	1856 2952 884 3212
424	3297 3156 651 1816
425	2005 608 194 1584
426	3897 3899 2162 155
427	2474 3995 1022 348
428	1112 1269 2219 1294
429	2777 1564 883 2371
430	3715 710 2995 2972
431	2864 3090 849 2361
432	2650 1690 2760 2569
433	1424 3157 2808 2089
434	2166 3924 3815 2147
435	1341 3392 2392 801
436	119 549 2728 1752
437	3862 696 605 2491
438	2079 849 3059 504
439	3453 2023 979 289
440	1316 2194 2072 3873
441	813 175 2997 2417
442	1307 2631 428 2059
443	121 3651 2551 2024
444	3088 3900 3456 2555
445	390 739 2372 627
446	2606 3660 290 1723
447	1632 1862 3637 8
448	3154 3301 3046 1616
449	590 604 2400 92
450	1054 3984 2160 3295
451	3870 2898 2989 693
452	917 375 2118 550
453	2610 3521 1202 2932
454	166 1072 19 2170
455	172 3363 2911 1763
456	2908 2803 1777 2844
457	2847 3849 584 2205
458	832 2230 1232 2250
459	1212 2441 3285 2735
460	1505 541 24 3081
461	2505 1333 861 1752
462	224 2027 841 1478
463	2290 2243 316 1094
464	567 418 3457 1779
465	2665 1645 1779 303
466	2814 2031 3988 1472
467	2416 2819 3009 672
468	2620 603 2863 1926
469	1742 3779 3048 1046
470	2643 3210 2242 1700
471	602 3453 1395 3958
472	1242 1760 2968 2162
473	1192 381 3015 856
474	979 2298 2589 3651
475	3720 2794 1516 1048
476	3281 721 1613 2555
477	2382 2073 2973 2398
478	509 485 858 3462
479	1340 3404 3200 948
480	2553 1510 2620 3931
481	2490 1877 1642 1297
482	2198 1725 345 439
483	3935 3312 1621 3920
484	3653 3536 3607 2714
485	2356 791 1321 1588
486	3970 3029 1389 1945
487	1830 2144 2674 2579
488	3531 3795 1034 217
489	142 611 239 1641
490	1329 28 697 2092
491	3308 2402 3178 445
492	3461 2897 3728 2348
493	1715 3077 2611 1762
494	3091 176 141 697
495	3240 3488 3915 1654
496	1049 1761 3161 2679
497	3633 3404 2922 1689
498	330 888 1832 1951
499	2652 3032 538 2527
500	923 789 1750 2836
501	1631 3304 1947 1163
502	3723 2959 3213 1267
503	596 1108 2337 708
504	3746 2360 1438 1156
505	2488 1551 1033 1800
506	1387 2594 2942 1737
507	741 3926 1907 2559
508	2187 2470 3820 1569
509	2176 1184 2150 1450
510	2391 2357 1332 2676
511	55 564 3716 2535
512	1491 2335 2093 3659
513	2178 1416 2226 1251
514	55 2395 119 3686
515	3974 3326 588 1228
516	3298 3805 2077 3850
517	860 3333 3294 2591
518	2192 2243 3313 709
519	1456 3301 132 1785
520	342 1402 2587 2682
521	1798 3466 944 164
522	423 548 1900 3508
523	2298 1708 114 1411
524	2670 809 2415 2118
525	1941 2291 2624 2336
526	3717 1039 2174 122
527	2589 799 3647 1035
528	2650 2192 1843 3504
529	3772 279 3022 2285
530	2073 2442 2169 1403
531	1452 3277 2141 2079
532	3383 2386 507 2489
533	2989 2864 2269 978
534	74 3886 177 1942
535	1420 3785 3602 2980
536	2127 3717 858 3712
537	3954 3233 1759 2329
538	2213 2343 2513 1178
539	1471 3043 2651 2168
540	3267 1241 2731 1231
541	2679 2923 2431 363
542	638 761 250 1708
543	2360 2623 2263 3778
544	1645 372 835 75
545	3582 3361 422 3347
546	1592 3107 697 2438
547	780 1358 2506 2470
548	2186 117 1295 149
549	2308 983 2534 592
550	3748 3486 3611 2722
551	3353 1815 1286 251
552	2773 1771 3905 216
553	1033 812 3426 1457
554	1081 1240 2471 3911
555	1032 1845 3796 3950
556	2203 2358 2038 848
557	3349 3983 3741 3704
558	2614 1792 1270 3671
559	1476 3222 2364 985
560	49 1073 1174 2226
561	792 1753 1367 1335
562	2362 3997 2268 3493
563	1998 2394 1424 53
564	271 3983 1997 1692
565	88 1492 1029 3049
566	1804 3772 1162 2760
567	2647 1351 3293 396
568	3379 1273 3006 934
569	1218 3190 432 1474
570	202 763 3138 1771
571	5 1640 3464 2277
572	998 287 2609 1703
573	1355 1974 134 2298
574	1118 3827 2235 1119
575	3290 1525 1125 306
576	3653 2628 1635 1941
577	758 1176 1377 3450
578	425 76 3501 1805
579	3323 1330 3595 2259
580	1603 2595 234 1226
581	3719 1440 1063 3471
582	2166 1266 370 3474
583	1953 2950 391 1033
584	3554 1216 103 1412
585	608 411 2083 3207
586	1584 2291 732 3184
587	2511 2585 3620 372
588	3081 3140 7 1360
589	2130 2496 2201 1978
590	3639 3539 131 2074
591	2871 670 406 4
592	3577 653 1529 1647
593	1839 3233 1697 2355
594	2350 1888 1569 341
595	1706 2052 55 2843
596	1574 2096 3022 153
597	14 1775 2976 2680
598	3295 107 2338 1901
599	1494 411 3651 3875
600	1247 2932 701 403
601	2963 3998 339 1489
602	584 1413 1359 3138
603	881 1941 805 1387
604	1940 2744 838 3565
605	825 3766 3121 2956
606	642 967 1471 1127
607	1958 319 3236 174
608	1541 418 4 3993
609	3968 2851 404 1517
610	2130 3067 2119 1713
611	3038 3961 1913 1353
612	3526 784 3320 1198
613	3044 3032 501 799
614	2326 1801 2905 853
615	515 1590 3436 2454
616	515 2975 3666 2149
617	2789 891 3424 3009
618	1302 3932 3440 1595
619	369 1138 2384 387
620	148 1778 1801 785
621	638 814 1525 1915
622	220 1775 1968 2100
623	915 1980 3308 2966
624	133 2233 345 2639
625	2244 2721 524 1558
626	3075 837 202 3084
627	1359 1532 3094 3608
628	269 747 1581 3451
629	2966 2032 2130 3847
630	218 3979 2828 78
631	3742 2221 1387 2845
632	296 3000 28 3671
633	1419 393 2443 1160
634	980 2869 1134 2898
635	853 1841 3775 1310
636	1382 1895 1741 1739
637	145 2672 1354 3109
638	3733 500 3213 1708
639	3695 3317 3459 1812
640	2081 3817 3276 2038
641	1506 741 3143 3603
642	705 1518 2193 81
643	3065 889 75 3164
644	598 486 302 2398
645	3859 1565 1473 3339
646	3894 148 2953 422
647	839 731 3412 1390
648	176 643 781 3052
649	95 2107 2991 3883
650	3392 469 769 183
651	3546 3018 2696 2950
652	3438 853 2697 3938
653	1633 2562 729 2463
654	2454 809 2352 2218
655	3790 1469 3165 3641
656	2521 3689 1262 2224
657	3920 2455 1520 1624
658	2646 3028 725 3703
659	111 1362 620 3793
660	818 550 3578 2955
661	2551 1088 626 882
662	1390 448 392 988
663	2867 2052 1676 3414
664	3157 1395 1683 722
665	2053 879 1771 2520
666	1240 3199 2260 792
667	2702 3008 2396 1924
668	255 2646 3954 3216
669	432 1096 1810 667
670	3217 751 2758 1108
671	3190 1370 3026 109
672	2267 1537 1805 593
673	1559 2498 205 3792
674	1526 2389 2606 2233
675	225 2060 1523 2951
676	1258 2159 1649 1509
677	458 410 2530 1773
678	1996 1403 1699 1294
679	3737 2444 1587 2957
680	3430 3486 1059 1743
681	3599 742 205 1658
682	3550 1760 1543 676
683	2322 2581 3898 646
684	933 629 1095 267
685	3250 2458 1663 1273
686	3055 3014 1710 1727
687	344 1059 2257 3817
688	2078 3601 3751 2693
689	1985 3033 3145 2822
690	867 227 1753 147
691	2109 1435 3346 252
692	3792 2837 452 947
693	410 391 337 1598
694	1402 676 1047 438
695	2671 3306 1786 3489
696	3144 3763 2597 3094
697	2196 1853 3046 1976
698	63 85 1995 3814
699	1861 1013 3233 300
700	1754 1652 2052 182
701	3499 3603 118 1799
702	850 2175 3067 960
703	3110 2000 1172 1536
704	1932 1052 2584 2008
705	2833 1198 2803 3320
706	1979 2284 1111 2025
707	3650 1851 2151 2945
708	2363 1038 174 2694
709	485 628 3775 1826
710	3842 824 3400 1252
711	3656 1997 3135 3635
712	2172 566 3157 1959
713	1545 437 1994 95
714	2635 1344 2861 2614
715	2937 1144 1684 2814
716	3198 3183 152 979
717	1631 442 635 1819
718	1977 958 2944 1879
719	2719 399 675 429
720	1293 1372 735 741
721	3390 1542 2268 2134
722	3859 1911 3583 1461
723	3123 3144 2249 377
724	2495 1779 2800 3749
725	843 2146 2505 2412
726	1241 2050 694 3468
727	3903 3648 2702 3901
728	885 1610 1563 1006
729	1666 1729 308 1427
730	3625 2950 682 3332
731	1038 3451 1020 1827
732	3965 3442 174 3145
733	2470 3040 172 64
734	3944 3484 391 3414
735	727 3517 2749 3271
736	380 729 2875 3600
737	1179 1470 2372 1700
738	81 3582 3953 2972
739	1402 1195 1927 3476
740	1819 3265 662 2716
741	3556 3093 2490 3390
742	1355 3957 1008 1874
743	3305 1981 756 2393
744	3919 864 408 2679
745	1980 1912 2417 2017
746	3295 560 3720 474
747	2225 1111 3734 2670
748	3995 526 1396 163
749	1544 3801 37 522
750	3042 1528 1062 3005
751	975 2991 3942 679
752	2438 1359 220 584
753	1541 1680 1797 387
754	692 3390 1816 908
755	1166 3496 194 1217
756	3590 519 1998 2846
757	1438 3431 3356 3474
758	918 304 2744 1479
759	2888 1126 748 3537
760	945 426 857 480
761	1393 3064 538 3396
762	2201 1083 3381 214
763	844 68 2285 3332
764	488 541 1648 2057
765	413 2663 1765 3532
766	1986 1771 1897 264
767	2543 1147 1859 324
768	1006 1945 3831 2767
769	216 1611 2195 3848
770	3106 2557 3497 3366
771	3104 1710 518 2097
772	3204 2010 1491 64
773	3882 2622 756 3652
774	3789 2759 1799 1666
775	277 2435 2305 3811
776	437 1407 2442 3252
777	3376 1094 2285 427
778	2591 677 2643 798
779	2231 101 1333 437
780	918 2730 2360 3917
781	3009 1291 3968 1882
782	2563 2055 795 1638
783	1711 2318 2644 1165
784	190 995 2914 3086
785	2925 3880 2298 1368
786	4000 1933 984 1095
787	3124 1245 3561 609
788	3722 3287 3832 13
789	3688 2327 1734 3788
790	92 1651 3743 1357
791	2146 299 3215 2456
792	448 3807 3868 469
793	2046 2685 3286 2152
794	2794 3762 1484 1956
795	2417 887 977 212
796	1062 1600 2615 3442
797	960 2263 210 1909
798	3270 636 3292 2065
799	2913 1160 1476 663
800	3926 1219 121 2122
801	1955 3722 1031 3208
802	209 1505 3850 1410
803	2559 3817 920 710
804	389 1599 260 81
805	897 2094 1085 216
806	2362 3726 993 1174
807	1678 2968 2416 1210
808	369 3393 811 518
809	1253 3237 792 1639
810	622 3015 3303 3313
811	840 1071 996 2466
812	11 2053 2200 3470
813	3927 1266 1861 1595
814	1968 2438 2232 3640
815	2696 3967 50 3007
816	2256 2913 3853 2887
817	1737 3437 1626 2957
818	2617 895 178 3098
819	3376 3016 1864 299
820	2148 3533 2120 441
821	3622 45 2721 339
822	2693 2900 2992 2597
823	1022 2361 3985 1020
824	1707 1581 720 1982
825	2656 1809 294 2834
826	1757 382 2350 3800
827	2046 2330 2087 1555
828	193 3516 1655 3518
829	2934 285 1966 1664
830	3518 2307 2448 3267
831	2675 2989 1070 338
832	2594 2333 1557 2611
833	1429 3826 737 876
834	3055 869 2489 335
835	380 872 1075 687
836	2168 1636 3412 85
837	1882 2578 2036 2229
838	2876 14 3383 123
839	2750 888 2125 3773
840	1853 312 2617 1933
841	2808 1054 3135 403
842	1151 1074 147 2060
843	2401 2440 99 361
844	394 1066 3326 312
845	2700 1799 107 1682
846	430 1268 2436 1326
847	3491 3750 3738 2967
848	1999 3075 2030 1524
849	2501 635 2548 249
850	2193 1839 2666 3587
851	2422 1424 3383 1069
852	1356 48 339 1858
853	2430 3046 1265 3219
854	1551 3587 181 2428
855	2311 3265 3155 3015
856	848 1935 1898 1207
857	3240 171 3123 581
858	1418 578 2920 1865
859	1795 1345 1277 1263
860	1775 3561 1412 1326
861	2973 3963 263 1153
862	2505 3773 1029 3332
863	3769 1361 237 2605
864	438 456 2718 643
865	1313 1996 1893 726
866	2438 3364 3882 1530
867	2610 1286 1505 2000
868	882 1129 3861 2496
869	590 1458 1850 1507
870	2343 3570 957 2529
871	1494 1328 497 3673
872	1155 2078 134 2697
873	1538 836 144 3022
874	229 656 21 2519
875	352 217 2495 2108
876	2893 771 1022 3315
877	860 810 1680 1616
878	3484 3959 1075 2592
879	73 1837 1223 577
880	3062 2891 2016 558
881	2699 2867 365 677
882	1824 661 1524 3951
883	1509 1209 2785 1862
884	3693 1090 1245 3657
885	1085 1167 1802 2749
886	3016 2098 1006 940
887	2879 3851 2665 2780
888	430 3538 3871 2635
889	3430 2151 2775 3648
890	2707 2350 3352 2273
891	133 1531 501 1183
892	3719 3505 2218 3850
893	2158 3435 2726 1744
894	687 900 2112 3867
895	3865 417 2315 1054
896	3474 2273 573 1214
897	2551 477 3429 535
898	911 2102 1118 1666
899	3354 2652 929 2343
900	1041 2619 2615 3962
901	3871 2559 2066 3659
902	1610 1249 2528 1835
903	1299 3363 2253 3196
904	1289 3148 433 2878
905	3864 581 3900 2489
906	2820 3990 3796 2731
907	3846 2123 2147 3193
908	2659 736 1074 1857
909	1690 2190 1762 1441
910	3660 2863 2043 33
911	3462 875 3579 1266
912	3995 1350 3588 2699
913	3395 2763 2540 3142
914	2675 3719 1258 3424
915	1252 1349 749 2905
916	3991 511 505 22
917	2969 1749 1883 606
918	3588 3793 2798 2206
919	293 3966 1921 330
920	2077 3667 2720 191
921	1093 2896 1320 541
922	1779 190 638 2266
923	2553 3262 3635 2228
924	2573 1739 3720 3146
925	633 1875 3001 2941
926	3822 561 3815 1742
927	2990 3841 2018 2731
928	938 2107 111 3028
929	2980 1815 2249 3105
930	1408 714 1528 1820
931	3396 1872 3893 259
932	3952 297 2404 481
933	2297 2269 3152 3212
934	1983 2947 3351 2028
935	1565 2146 1388 1865
936	642 2650 3011 535
937	3756 114 3368 1603
938	3427 1860 3994 2425
939	374 1716 2748 1736
940	1795 3212 1396 2952
941	852 1926 3370 903
942	1103 1405 3089 76
943	2345 115 1063 3479
944	2876 3142 3348 930
945	3856 316 324 1134
946	607 3953 3430 206
947	263 1197 3593 837
948	2189 1876 315 1048
949	500 3760 3798 949
950	2539 1131 147 3411
951	3440 596 1417 480
952	3099 2332 3762 2351
953	2960 2443 3522 3134
954	2640 1204 2234 3341
955	200 1814 97 3500
956	2152 1407 2503 1466
957	233 1614 379 1510
958	3597 762 921 2218
959	2148 982 1057 3267
960	1910 2046 3960 3629
961	3958 2981 856 3395
962	3871 1481 311 599
963	829 1276 394 2263
964	345 138 1300 530
965	785 3666 129 2737
966	1857 1720 2755 2768
967	325 3025 804 3569
968	1603 505 1410 845
969	1363 3220 16 95
970	2716 1727 2410 143
971	2392 518 1349 1608
972	1983 1260 1651 371
973	1013 2226 978 2570
974	200 2202 1437 100
975	1702 1535 2745 1809
976	1941 2783 358 3634
977	184 1003 377 1856
978	2797 1014 285 594
979	1773 2598 2898 3830
980	3960 2596 3032 1871
981	1752 3920 2203 1542
982	2539 1799 2526 3971
983	3160 1983 2367 3971
984	1117 2400 3172 1273
985	3251 3852 460 1800
986	1773 1238 3682 367
987	496 1487 474 1422
988	2161 2521 1714 379
989	3112 2267 3424 2606
990	2255 2762 2505 73
991	1950 982 3764 1996
992	3937 66 2015 520
993	984 1491 2974 3637
994	1873 1454 2161 3270
995	1681 2756 1502 1968
996	2992 18 2347 2186
997	1227 2643 2192 3973
998	1333 1914 1766 513
999	878 3670 3931 3684
1000	3183 1558 847 1227
Students	1000
1	1168 3650 3956 969
2	1745 1286 3998 1216
3	2896 591 2047 2035
4	322 21 3451 690
5	3043 356 3721 2345
6	2353 1072 2014 3232
7	671 2338 1804 928
8	862 1455 2825 3845
9	1647 3099 771 2899
10	3234 3172 2659 1437
11	802 1027 3388 2395
12	3612 1384 2479 2719
13	3553 3182 2991 2194
14	34 2028 1546 3250
15	1248 2811 1485 237
16	3787 585 3570 1367
17	1812 1247 1030 384
18	99 959 2 424
19	2266 2180 3851 1937
20	2537 3802 896 2546
21	215 1761 3738 1830
22	2401 3129 1706 993
23	1666 2541 531 836
24	919 2684 897 2300
25	332 965 3250 772
26	2167 3299 2462 1485
27	3048 939 517 1360
28	2446 3320 1216 1931
29	1011 1922 540 1307
30	1206 244 1177 3925
31	1248 3095 1152 2074
32	3661 2761 2374 2411
33	1062 3311 3274 961
34	1849 2729 1133 3141
35	2172 3868 644 2324
36	1193 3922 3150 3213
37	802 1600 797 92
38	3484 2937 3623 2886
39	3243 1300 976 3232
40	752 3257 245 601
41	3192 3250 2065 413
42	1619 230 1033 297
43	1648 1379 1576 2810
44	2505 2589 1798 1389
45	250 572 3375 893
46	2443 3153 1440 3204
47	2593 3665 1052 1959
48	2301 1493 1347 1177
49	3455 1901 1696 299
50	2820 2546 1825 1801
51	776 2909 1339 3119
52	1183 3624 3798 1088
53	1832 3707 2448 642
54	2687 1676 3948 1205
55	1267 2824 1561 338
56	652 3372 3989 2020
57	435 1295 3547 2803
58	1796 2270 3993 2399
59	3018 3123 1961 516
60	2130 245 3427 427
61	922 3731 2547 2597
62	1762 2342 43 106
63	1181 1993 3220 603
64	2077 1359 3773 2643
65	2931 3640 2705 544
66	3359 2700 2469 3072
67	1462 1124 3477 2507
68	3212 1441 652 3769
69	1954 1504 2807 3605
70	2034 33 1308 3305
71	695 1441 405 483
72	3299 2716 2375 2136
73	418 1116 563 2161
74	1575 1456 1714 1771
75	852 2685 2647 763
76	3941 2092 3138 1361
77	1668 1820 426 2491
78	2895 420 3558 3058
79	685 975 3960 2200
80	2840 2008 1284 1007
81	1571 2178 1631 19
82	1886 2860 2250 541
83	2202 3494 2375 3684
84	1984 2360 2208 1871
85	1424 2717 3318 3596
86	3292 1486 863 2544
87	2193 447 3722 1101
88	1195 3875 2478 907
89	2881 374 537 2073
90	2555 1094 649 3032
91	3987 3416 1829 1600
92	3512 2340 753 3808
93	2605 304 1976 1452
94	591 2806 2003 1331
95	1664 271 741 3930
96	3845 2066 2073 253
97	1336 3678 1244 1856
98	1443 107 973 409
99	1914 1765 1269 2617
100	1366 1981 3103 3841
101	3091 3106 2530 599
102	3767 593 3387 2220
103	1747 3956 3211 2744
104	1083 743 2909 3733
105	1190 2345 2465 621
106	2110 299 3667 3639
107	1265 3601 3570 1099
108	3052 267 840 4000
109	815 1917 3021 543
110	2918 2516 424 1488
111	3684 658 92 2464
112	2681 47 98 3713
113	805 1277 3275 3619
114	1248 1969 1902 184
115	3828 3037 2458 794
116	2573 3674 574 3776
117	2391 1182 2862 3850
118	1112 273 3345 517
119	3277 1745 2452 76
120	1376 3933 1523 3523
121	1572 2899 2940 513
122	3438 3524 3381 1072
123	3395 1559 3442 2603
124	2075 1878 3667 3102
125	2832 1880 3516 1389
126	2561 1944 3479 818
127	425 1376 2495 1463
128	3191 266 1289 640
129	912 2564 934 3939
130	1241 459 3585 368
131	3850 3368 3452 2979
132	1337 744 3911 2235
133	2331 1933 2372 709
134	3121 2094 3982 441
135	249 3101 303 1883
136	2582 3187 127 3762
137	3355 2464 3170 208
138	2611 3097 484 1028
139	1821 1735 3176 983
140	1077 2566 1162 525
141	2133 126 1818 3558
142	1124 3653 1018 1782
143	3793 2473 279 88
144	406 3744 2754 1769
145	3689 2055 429 2141
146	3639 3105 691 1151
147	3924 2370 2111 3964
148	2090 3587 919 65
149	1477 1545 3530 2545
150	2532 1557 1399 769
151	2293 3673 3290 77
152	2730 2786 2184 2578
153	204 3007 994 2051
154	628 2759 3079 2614
155	578 1805 2301 1893
156	2215 2771 1868 248
157	1623 2526 1951 2939
158	2430 2154 2666 3454
159	1039 157 516 2501
160	2461 123 990 3886
161	3997 2660 3487 2868
162	3486 991 1840 103
163	2396 2804 2794 327
164	1132 3853 1370 1204
165	2946 1125 2984 3612
166	830 380 1638 3984
167	2808 1314 3004 3696
168	1798 1959 3523 1806
169	2364 2002 3908 1397
170	464 2193 3011 535
171	1162 768 2791 2022
172	2979 643 903 2131
173	1125 3104 1881 3121
174	2824 694 1403 1963
175	870 3141 918 369
176	1528 576 1085 3393
177	2270 2159 2875 1719
178	202 1789 436 2864
179	1377 3181 3503 2811
180	3605 1464 512 391
181	1425 2335 929 1045
182	3786 2766 1217 3584
183	934 2498 1912 3134
184	297 46 1058 3894
185	3403 3076 740 1121
186	2568 1200 287 390
187	46 2710 2347 2871
188	1698 2913 2231 1869
189	3268 2781 3772 2472
190	1043 2150 3931 560
191	1992 2724 369 1741
192	3711 2929 2877 2252
193	674 2914 3869 2134
194	3792 2498 2834 3105
195	3359 25 3933 700
196	1480 1283 574 989
197	2562 3897 3159 1554
198	2786 1951 2193 409
199	343 3676 32 3886
200	159 433 786 2904
201	1619 359 847 682
202	1064 1971 2351 1265
203	1581 2856 2392 3076
204	1481 2032 2119 3978
205	27 3304 2018 1663
206	2274 3346 918 2064
207	3476 603 689 117
208	2490 420 2673 1733
209	1143 1005 3705 108
210	2956 3491 1870 3312
211	3139 3078 1033 3770
212	3845 3252 1525 1432
213	742 3476 485 2880
214	1465 3551 2167 1685
215	1101 3692 503 2424
216	2083 3849 2352 2800
217	2483 327 880 354
218	2416 391 3379 835
219	2933 2404 3474 3144
220	1227 2837 3199 960
221	3216 2849 2823 2106
222	553 3536 860 1135
223	1911 1542 536 489
224	133 1668 1433 289
225	2789 2144 1450 1982
226	927 2162 3971 1582
227	1865 457 3733 3566
228	966 3592 3866 913
229	1984 135 3493 3498
230	1266 191 1870 42
231	368 342 916 2771
232	1199 2654 1088 2516
233	1228 3283 3530 1529
234	3443 2593 2391 3062
235	1379 3553 964 2661
236	518 2307 2020 3190
237	1717 1836 2363 1237
238	1924 947 517 1433
239	3507 746 2637 423
240	3029 2208 1692 23
241	3597 2445 794 190
242	2082 3368 1972 719
243	3019 176 834 2385
244	158 778 274 3116
245	842 2965 3050 628
246	2277 2848 447 950
247	3746 2461 1011 25
248	635 2107 371 3753
249	1459 3279 1144 3826
250	2588 3115 3962 684
251	3006 1169 1537 3928
252	2944 780 2595 2407
253	2684 2968 413 3515
254	91 2075 2905 1640
255	3720 2529 745 3154
256	2648 3201 432 3297
257	3785 1655 3522 300
258	3562 1910 1237 3108
259	3822 2614 2448 2449
260	3952 998 427 3203
261	124 2852 3180 42
262	1515 3929 1398 330
263	3130 1316 2678 2783
264	1929 1074 2684 3222
265	3123 3140 2854 146
266	2450 3230 2415 2073
267	816 1430 1426 3634
268	2767 1907 1716 1192
269	3764 1508 1719 724
270	3204 3262 3745 3573
271	1600 2206 140 2502
272	2451 2645 652 3476
273	2274 679 1144 2561
274	2306 3365 348 78
275	1827 1660 2746 83
276	1253 607 812 3801
277	3621 1249 2947 2862
278	211 1360 3523 3174
279	3558 2998 2964 572
280	441 1736 1681 1876
281	3485 2478 2705 724
282	1317 2276 3014 3106
283	1816 1472 1679 1532
284	576 1612 3273 3468
285	2321 542 2381 1275
286	1646 1284 2901 1297
287	3131 997 3135 804
288	1798 3580 3931 663
289	2164 94 3525 453
290	3090 1916 797 2267
291	2521 2856 3714 890
292	3500 1588 3550 3995
293	1825 3947 3330 1363
294	97 3661 862 3149
295	3053 1822 75 271
296	1761 295 3259 3152
297	3100 2718 786 2176
298	1709 1992 153 22
299	3122 2029 410 2118
300	3948 2049 1568 1977
301	1656 3255 1227 505
302	818 928 822 3239
303	1589 1910 3580 3840
304	861 3296 3998 2440
305	1208 3674 510 241
306	3557 3188 1678 2982
307	3922 2541 3906 3926
308	1826 4 203 1310
309	2653 3839 3104 3771
310	687 31 3634 3219
311	1476 2719 381 3539
312	3120 2680 3620 210
313	784 1111 1357 1551
314	3904 3844 549 3289
315	1051 1083 2053 1304
316	1113 2558 1633 2775
317	2232 2194 200 3978
318	2922 3576 3984 3302
319	2881 2643 2365 753
320	2531 3540 1295 1602
321	3279 2905 556 1523
322	256 76 3378 2568
323	2174 4000 201 2877
324	1219 3461 599 2704
325	3170 695 3721 64
326	1567 3431 180 1254
327	2370 627 2419 1239
328	3797 1256 338 168
329	1586 1758 3980 3384
330	479 3364 3433 467
331	1225 506 3618 2093
332	3607 3621 544 2719
333	1897 1543 1730 3789
334	1747 787 3330 975
335	3897 1478 3925 980
336	3332 1722 2546 2900
337	2847 2507 2361 2784
338	3677 1579 269 1766
339	2148 2603 2553 234
340	3681 1558 2645 555
341	2311 1929 3184 775
342	1678 2665 3907 643
343	3809 891 1896 863
344	535 532 427 1343
345	1766 3628 3645 3746
346	3845 1477 1739 69
347	1662 1703 1941 3258
348	1938 3821 1739 3956
349	1105 390 3112 3860
350	2456 881 1713 2451
351	3859 171 1743 178
352	1327 3123 1322 2777
353	2451 2953 3490 3941
354	2283 2633 2398 76
355	1035 3953 1745 2469
356	390 1351 3139 1650
357	2606 370 2930 791
358	3600 3461 1224 1908
359	2246 656 1696 2961
360	3948 3864 1408 3487
361	2761 1578 3901 3291
362	2778 836 300 427
363	878 2260 1942 1014
364	2244 1800 2336 1407
365	1138 994 3894 2242
366	2368 515 2336 2735
367	663 3852 854 3147
368	1031 2102 3606 2105
369	3173 3988 2008 1901
370	3549 2939 2181 3126
371	950 3027 2148 211
372	858 3805 1596 1169
373	897 1030 3706 156
374	2838 2556 490 3319
375	1362 3260 2882 2565
376	3930 1165 1370 3030
377	2162 371 2985 1314
378	3959 3152 3037 3552
379	2985 1585 1879 3698
380	3951 3212 1447 3261
381	3334 2062 2245 2421
382	747 1274 2196 762
383	234 1916 1348 3755
384	3321 304 2365 3927
385	104 1149 3106 3105
386	3994 2801 2091 3030
387	2526 327 3467 1421
388	3092 1254 1055 1680
389	67 872 2451 1868
390	2109 2772 1948 2502
391	1909 1627 699 3614
392	67 1611 2044 1310
393	1685 1698 949 2793
394	2505 3527 1150 2000
395	3784 3555 3598 3441
396	2438 683 1494 461
397	1300 1011 341 1609
398	1584 3244 2522 3509
399	2866 1918 2877 1869
400	345 1865 1108 192
401	2827 3285 2731 1084
402	219 3952 3352 3752
403	3509 3017 3503 1570
404	754 3856 1901 1122
405	1760 1584 2172 2683
406	2625 1107 673 3061
407	562 2668 1579 2381
408	1045 3350 863 1821
409	142 196 3792 2447
410	1509 1786 2308 2737
411	1870 160 3788 844
412	691 2769 2528 1189
413	2146 1239 2741 54
414	1382 3599 217 3105
415	2575 469 2155 1275
416	3431 1618 2461 3494
417	882 3076 214 3009
418	939 3392 3629 3471
419	2361 3073 1901 2812
420	3324 3051 680 1796
421	102 3347 2825 915
422	378 1810 2509 2183
423	1766 669 1146 3898
424	1065 206 34 444
425	3420 467 585 1785
426	569 2807 846 3997
427	2720 147 2240 2659
428	1970 3908 1544 2361
429	698 399 3766 3336
430	1945 184 303 2949
431	3448 3131 3465 608
432	2 2306 1725 3811
433	2240 551 3900 1236
434	22 214 3721 1943
435	2857 425 906 2160
436	1255 19 1913 351
437	427 3601 1192 1235
438	3428 2463 1013 3255
439	2582 3688 3218 3383
440	1248 1388 599 687
441	3444 3098 1604 3153
442	1329 1859 949 1148
443	3802 2665 3093 456
444	3463 3385 796 2110
445	2726 3665 3881 1670
446	158 93 1357 821
447	982 1307 2162 1273
448	3481 780 1452 2242
449	777 3612 1777 1866
450	2522 3439 3249 867
451	3676 3101 3118 664
452	136 3135 2919 2776
453	2998 818 3763 474
454	2183 1069 3395 1477
455	2536 949 3811 664
456	46 196 1506 1925
457	2160 3683 1456 790
458	2010 2926 849 1558
459	663 3909 1094 2308
460	2950 1281 1117 1275
461	1165 1999 3068 2203
462	2775 1254 1957 994
463	443 2141 1174 379
464	204 3217 3001 1748
465	747 1547 1104 2289
466	3710 852 1353 1243
467	1008 375 2243 1585
468	3852 2427 3621 385
469	3728 3271 609 2424
470	690 129 1461 2476
471	2466 3239 144 3606
472	655 3729 3670 639
473	497 839 3209 876
474	948 2045 2014 453
475	2031 766 849 1459
476	2463 3434 231 1891
477	1340 3427 3210 2320
478	2206 3011 121 3350
479	204 3409 512 654
480	1327 1315 3112 2887
481	2254 3557 1039 1737
482	1120 824 2378 1741
483	146 906 2851 1573
484	2746 1034 1375 2806
485	3905 2805 270 1637
486	917 3723 3551 1918
487	371 299 642 536
488	3423 3592 3048 650
489	351 1226 3520 2583
490	1127 3636 3340 1784
491	1912 3456 1079 2005
492	943 3398 72 2677
493	3183 1304 3470 3942
494	1298 1705 1749 1493
495	100 1417 3768 1380
496	3742 1511 3472 554
497	3724 2268 2271 834
498	3572 3155 2569 2058
499	84 3889 1127 2838
500	2774 3660 3968 915
501	1602 1624 226 36
502	3596 3485 2119 256
503	3219 3943 1670 3259
504	3602 695 362 3547
505	1569 2766 125 3717
506	1832 342 89 690
507	1181 3870 1567 3903
508	1394 3102 3522 463
509	3582 664 824 3122
510	3255 2065 1859 2769
511	3891 1622 2314 3980
512	3179 1275 1721 1378
513	2256 1647 2148 1215
514	2898 1758 3288 3117
515	3194 2623 2331 3671
516	2037 474 1095 3963
517	3955 2772 1668 714
518	2240 2500 1666 1982
519	3837 2895 1538 48
520	495 1838 995 3820
521	3675 171 1813 2604
522	2817 1346 3357 3219
523	767 932 2970 2089
524	274 1623 2978 1001
525	3087 2648 2863 1760
526	742 56 3833 7
527	3874 345 614 1128
528	1845 795 169 1704
529	1566 3800 3743 561
530	3196 63 1281 1436
531	512 1018 1917 2107
532	1374 3005 2687 2795
533	1035 2918 1601 2393
534	971 196 2020 113
535	3126 1566 2410 2053
536	1634 3941 3830 3781
537	2453 1934 2099 3931
538	150 681 891 1927
539	2309 849 2913 3137
540	2473 97 741 3899
541	779 2690 1392 2086
542	992 1917 860 109
543	2622 3304 768 734
544	1388 1952 234 2933
545	2227 1779 1726 516
546	1111 3570 1009 727
547	3504 1866 3551 3850
548	3820 1589 1511 1423
549	662 1241 3629 1577
550	1017 2473 3139 3763
551	596 1248 2720 2335
552	3718 1768 443 897
553	2937 2362 2633 2629
554	3103 867 170 909
555	3815 1335 1651 235
556	3967 2461 1147 1762
557	2029 2853 3483 556
558	154 1490 2560 220
559	1495 1463 1516 3719
560	3248 1873 1542 1507
561	1779 2679 1799 1420
562	2458 3033 3925 769
563	937 3353 1456 924
564	919 1958 591 847
565	2073 782 120 1119
566	1597 2474 83 1445
567	684 3457 2496 154
568	483 1454 3942 2454
569	2298 1994 2308 3956
570	1992 3810 715 1026
571	2852 2486 1666 1784
572	1233 445 1657 3914
573	1884 2374 3250 2990
574	285 1706 1841 3681
575	2856 892 3777 288
576	638 1464 746 3555
577	1783 2267 3812 3080
578	1634 1560 331 1032
579	2838 2051 3294 1770
580	3069 1166 196 2777
581	3695 1318 2007 502
582	3001 2528 634 2918
583	148 1938 1780 3386
584	3416 3567 1209 1540
585	871 2733 319 2027
586	2506 2995 948 2005
587	3189 1037 3348 2054
588	3201 2883 2341 630
589	3339 3040 2147 3356
590	2933 1025 3009 2380
591	3959 3264 3575 839
592	1744 975 2264 1363
593	1351 614 3313 3806
594	2456 3305 2738 3272
595	1630 3669 347 2407
596	1974 1411 1825 2356
597	3908 1240 1589 3129
598	2678 1090 3906 2033
599	466 3672 61 3930
600	3456 3178 2136 2011
601	2173 3975 204 3354
602	1044 670 2060 1533
603	2441 1612 1664 852
604	216 2039 376 352
605	607 3568 2270 3560
606	3715 882 2888 97
607	3852 3367 1967 3874
608	1936 564 2022 2849
609	3658 2722 2097 445
610	3986 3163 231 3132
611	2282 2811 2690 2589
612	2106 847 1199 1880
613	2822 438 334 602
614	313 681 3955 584
615	1227 2876 692 2118
616	1706 2926 1864 465
617	1917 3736 2901 3378
618	1042 2046 872 3356
619	717 981 3839 173
620	1992 913 1525 3915
621	3385 2987 655 2227
622	3904 2123 926 849
623	3263 3599 3963 909
624	975 1866 187 2036
625	3463 153 3757 1417
626	3367 1457 1834 2738
627	1452 3726 3367 2970
628	1161 1404 2246 1527
629	1041 173 1676 2014
630	3909 833 2401 1152
631	2524 9 325 126
632	1136 3084 22 1215
633	2038 782 798 7
634	2308 2483 3699 2380
635	2261 1312 31 1868
636	569 1565 629 3767
637	2126 1013 585 487
638	3008 2448 2312 2244
639	1502 1481 2459 2381
640	1219 2560 2907 2522
641	3632 1660 2238 750
642	3656 3630 867 295
643	3631 2066 3568 3261
644	3515 1599 95 3074
645	3436 3960 818 230
646	873 27 2034 957
647	355 1776 3329 383
648	3294 626 962 263
649	1711 1757 784 148
650	3353 3682 1211 2762
651	2097 428 3006 2298
652	2274 2429 3096 195
653	2311 3427 3885 761
654	350 2855 2090 1824
655	2350 2154 3156 565
656	2831 3932 1050 1954
657	652 812 3383 1114
658	2651 942 316 690
659	2289 3636 2802 1391
660	2681 2360 1056 2622
661	3912 3444 3533 3173
662	2094 2637 1428 2701
663	3009 2132 1221 983
664	2010 1294 3003 2270
665	1369 1315 295 3243
666	724 2879 299 1012
667	1676 3056 811 3998
668	670 627 3390 2544
669	3713 460 226 2545
670	1657 3079 2271 414
671	956 3885 2492 1477
672	3985 3443 1943 1501
673	3156 627 3489 1858
674	2731 152 3195 3083
675	2018 150 2077 1665
676	765 1834 3614 317
677	3180 1284 1963 2110
678	3028 2867 2558 2418
679	468 283 1088 95
680	2103 661 664 2530
681	3723 3244 374 1808
682	1336 3033 937 2093
683	1517 1085 2457 336
684	2523 3288 516 3443
685	670 2166 1421 3197
686	2633 2032 1946 2470
687	3731 573 2562 1789
688	2073 300 2107 326
689	3440 3198 853 45
690	1679 2217 3904 1508
691	1676 1984 71 3929
692	928 3212 418 3074
693	3522 3025 3423 935
694	1777 1700 3410 2322
695	2797 3695 3017 1372
696	3090 2203 3903 1946
697	3781 2599 3711 2961
698	3801 22 2047 512
699	2854 2818 586 1174
700	2750 3865 2510 2025
701	3355 2804 735 3721
702	1549 3248 400 1426
703	1244 1249 3049 2738
704	3912 2012 999 3061
705	1979 323 325 487
706	521 1982 599 2473
707	2533 3932 2313 1725
708	837 3539 1265 302
709	568 1982 198 2456
710	2174 832 3595 654
711	3540 93 2517 359
712	3891 362 2360 2994
713	3871 830 1703 2964
714	765 2829 359 2423
715	2280 3225 3153 3526
716	382 3451 3929 152
717	44 2214 1176 3550
718	821 1323 1223 2041
719	2113 2585 2145 1034
720	954 3968 3749 275
721	955 1134 2858 2777
722	354 868 554 3553
723	1417 3957 3354 1454
724	3125 3531 1091 622
725	58 1118 345 3682
726	1864 1617 2964 2531
727	116 2467 1947 3910
728	539 611 2589 2706
729	1654 1908 2500 2754
730	2236 2737 2278 723
731	3392 3202 2102 3220
732	3519 1092 335 3636
733	385 201 801 336
734	1592 1354 1429 3750
735	3905 2391 2481 772
736	1488 1996 896 1951
737	2769 727 63 1330
738	181 566 2518 990
739	855 2945 1944 2537
740	2847 2395 959 1590
741	3616 3922 3497 101
742	1383 1008 1219 3790
743	3211 3079 2939 2591
744	883 523 2299 2634
745	3151 1459 56 480
746	3918 3518 744 3148
747	1433 1816 3035 3558
748	3287 1107 3788 460
749	3671 3907 3016 2732
750	3315 3385 1562 1007
751	1023 2128 2050 2344
752	3850 1931 1130 3956
753	1564 1788 1751 2413
754	3740 1729 88 2290
755	218 1464 1211 2572
756	3938 1644 2047 425
757	3519 2287 1659 2976
758	2246 499 2527 3839
759	3171 459 3827 94
760	299 3839 1595 3829
761	757 887 182 1036
762	543 628 1096 1375
763	941 1570 3897 974
764	794 1406 3331 7
765	104 195 3876 175
766	336 3845 815 636
767	1609 2402 2133 343
768	2631 2182 1028 3517
769	3742 1224 492 2183
770	3339 3662 2064 3823
771	3868 1509 1834 3496
772	671 1910 637 1727
773	2465 1391 1011 1620
774	2026 63 1133 3505
775	1404 3418 2073 3645
776	2392 3529 3212 2809
777	263 2510 3593 2602
778	202 1395 3939 1115
779	2388 2645 2644 3700
780	3090 2801 2482 1275
781	1069 1030 387 1678
782	3472 1988 1139 177
783	1431 3474 226 2482
784	3882 1298 3792 3689
785	1486 1792 1162 1721
786	685 1014 1817 1416
787	2303 1265 217 2746
788	111 765 101 2199
789	2342 1575 709 2687
790	2432 1098 3974 3879
791	2766 46 1690 3416
792	711 1862 1754 535
793	875 1682 1963 169
794	3677 2211 1002 1212
795	1830 2164 1924 3418
796	120 3325 1717 2105
797	2403 1848 3806 3608
798	2599 3341 362 3234
799	2783 2766 3966 1496
800	1320 2537 2989 2830
801	3282 727 3496 3067
802	720 1469 3653 1956
803	2297 2856 3668 1417
804	1573 3535 3892 374
805	2002 1221 687 2454
806	2398 2367 2294 2166
807	960 3716 1668 936
808	1446 3473 1934 383
809	234 3925 2974 2085
810	775 2726 4 1743
811	3548 2440 2751 3925
812	2686 1553 1961 1399
813	662 947 1940 2475
814	2229 138 2294 3825
815	2377 1356 2056 57
816	1540 3428 3289 1075
817	1430 3372 1634 2258
818	2447 439 2169 3984
819	2048 1098 2576 1425
820	1083 3117 1532 3332
821	25 633 2452 111
822	163 937 252 531
823	930 93 1403 2497
824	3144 1429 1814 3113
825	433 3059 366 3582
826	3657 1034 2517 1112
827	1694 233 3178 2795
828	1399 908 1078 2349
829	2394 3857 2452 715
830	2095 764 3848 3725
831	237 3492 188 683
832	2216 2338 2202 3806
833	572 1805 678 3358
834	2770 751 2627 3293
835	3323 1255 3580 3664
836	828 797 3598 2430
837	2491 2915 2894 39
838	348 2123 542 3947
839	2256 3130 3119 1569
840	1410 292 1036 2848
841	3042 329 988 1316
842	1174 1872 2828 2152
843	2934 1001 1977 2034
844	2638 2989 3358 654
845	2405 723 1156 1480
846	2731 199 3150 2817
847	1596 1088 1976 646
848	3311 2044 815 2127
849	3209 2470 2239 1497
850	1318 1346 2308 3526
851	600 1795 3752 3168
852	3620 61 1712 2015
853	3752 3848 1078 3101
854	2045 2429 2999 3044
855	3546 82 3296 2207
856	2619 191 2068 41
857	1121 536 850 901
858	2195 1804 3807 3219
859	2094 2156 3315 3743
860	1509 1879 2002 1745
861	3032 684 3320 414
862	55 3458 652 2439
863	3788 3235 2874 3887
864	3286 2292 3536 2335
865	217 2805 2987 2905
866	2283 2962 882 3777
867	3214 2139 1771 1271
868	346 1419 1530 1158
869	195 2770 2051 2926
870	3896 1489 219 1955
871	3833 1497 1096 3462
872	2616 1882 440 3451
873	244 1161 2172 1443
874	3941 3417 1761 2288
875	2806 1319 2424 2780
876	3799 3465 2616 3007
877	2408 3249 1968 2450
878	952 2028 1245 1732
879	143 2697 1105 1920
880	303 1368 2825 394
881	2371 871 2207 1949
882	1250 2831 3765 3183
883	2502 3418 2096 2768
884	2433 2214 728 365
885	1019 2459 1640 3190
886	2173 3008 2169 3165
887	969 234 3787 792
888	2432 822 3981 1114
889	517 2501 3438 1074
890	1317 2510 309 2059
891	3149 1570 284 415
892	936 1754 3695 1004
893	3737 2680 1180 3584
894	3854 3316 1374 2986
895	884 3421 1590 3748
896	2433 2663 939 1406
897	865 1980 2342 3162
898	1026 2369 2489 2523
899	3947 2226 144 2071
900	3298 1446 3993 1309
901	4000 2006 251 3909
902	1864 703 1800 1358
903	3021 3456 1171 469
904	983 2229 1056 318
905	3597 2793 2442 3492
906	1243 288 1236 44
907	2294 1705 3295 2996
908	1942 189 2113 3696
909	1560 1368 391 1666
910	325 1087 1150 1990
911	3017 1040 868 2769
912	2866 2239 664 85
913	825 2326 2551 288
914	477 3865 59 2822
915	323 1376 465 2377
916	809 1581 3008 3548
917	261 2694 1674 716
918	751 1247 1661 2264
919	659 1638 1006 2995
920	782 1150 1808 571
921	715 2343 343 1492
922	1989 551 358 3674
923	152 3490 3951 1604
924	2394 1965 3612 3668
925	1025 211 3694 187
926	1638 2907 1464 3378
927	1230 374 1024 688
928	115 1397 1057 2229
929	3836 1611 1255 308
930	359 179 1321 938
931	1837 1649 3919 3819
932	741 3372 1444 2248
933	42 2883 881 1151
934	2498 208 1514 2506
935	561 2573 1437 3508
936	2645 3530 395 3578
937	1690 658 2714 1502
938	1503 3886 392 2389
939	2016 3913 2521 718
940	2380 1347 2288 350
941	2158 1997 2141 1059
942	2362 2580 2100 976
943	3786 1937 618 427
944	3223 241 2186 3194
945	3459 678 3692 480
946	2146 1424 324 2169
947	3277 2554 3850 633
948	1232 1675 947 2908
949	3472 1884 828 1946
950	2724 2991 2942 2453
951	3799 2371 418 1190
952	1395 276 2226 214
953	951 2572 1592 1119
954	2745 2859 808 741
955	205 440 1719 3870
956	1454 3986 1081 3239
957	1130 3781 1042 2402
958	943 1597 848 3153
959	1415 1439 2606 34
960	1974 247 2864 3363
961	1748 135 2461 2374
962	3867 2666 680 1846
963	155 76 3264 3315
964	2243 2263 122 1078
965	332 837 2256 3306
966	95 2778 2968 59
967	1236 1468 2140 1683
968	2574 2324 203 2492
969	559 1377 2530 3643
970	20 2207 703 490
971	709 1267 2385 309
972	2594 231 1263 122
973	529 2259 267 1330
974	1284 3569 1616 3164
975	1213 2291 3268 3597
976	2093 3827 3388 625
977	2774 3989 3082 2904
978	936 609 933 3931
979	1852 1436 1003 1783
980	11 3644 2529 3089
981	2833 594 2488 202
982	398 3474 668 1719
983	1923 1627 454 496
984	147 704 3956 539
985	2223 2949 648 1613
986	2308 25 2658 3700
987	2835 574 157 661
988	1163 3455 926 2300
989	627 157 3546 1738
990	3327 1677 3546 2503
991	1534 1107 2134 1147
992	1460 2897 1281 3841
993	3139 269 2537 2368
994	3982 3290 917 616
995	1760 839 2921 1534
996	2508 3881 1666 3767
997	3379 595 3235 2646
998	1627 3642 778 2110
999	2489 3940 3299 3413
1000	3208 3609 2083 571
Students	1000
1	3907 3732 1553 1404
2	3631 1749 612 1620
3	2280 1737 2733 782
4	3163 3482 1244 612
5	1168 485 628 3323
6	2619 2471 1927 1672
7	3655 586 3579 2842
8	581 634 1310 2970
9	2454 1706 2579 1550
10	3770 463 2617 3340
11	3025 988 2756 3410
12	3606 2164 2565 775
13	2051 1832 2426 3296
14	1297 2430 289 3611
15	3899 2272 3102 2518
16	3977 232 207 931
17	1385 2261 1158 254
18	415 1150 859 267
19	484 378 1629 3507
20	2487 1005 396 2317
21	3611 2752 3180 1462
22	3845 1951 700 204
23	2644 498 2358 3434
24	127 1680 66 681
25	3112 2459 2983 3080
26	3575 3010 886 2770
27	747 1796 914 1164
28	1064 916 3997 3424
29	1121 3752 1382 2849
30	309 887 3112 2135
31	108 3862 3730 3388
32	434 2562 3219 2802
33	3664 961 627 3997
34	2079 1666 1852 1698
35	3732 1524 1661 1857
36	2884 1561 3829 1054
37	3024 1175 746 2358
38	2458 3099 356 2560
39	3053 3680 2865 82
40	2821 1935 304 1970
41	936 1255 410 3475
42	3840 2153 3045 1075
43	1385 769 2756 771
44	2328 1731 377 424
45	712 2181 2683 1437
46	222 3330 1894 3491
47	3775 2537 1873 2268
48	3687 825 1569 2379
49	504 2891 2964 235
50	2963 177 3374 2695
51	3966 725 3478 1263
52	2477 472 437 882
53	894 740 1459 3390
54	1953 3346 3533 3088
55	178 343 3734 31
56	188 494 635 2564
57	1036 2731 3504 2625
58	3664 1632 3801 594
59	403 136 258 1472
60	311 991 2851 167
61	2534 645 74 1336
62	517 3336 1083 1826
63	2919 3917 1913 215
64	853 476 708 3603
65	1269 223 1803 1648
66	3032 2388 2734 3422
67	2731 1384 3639 3057
68	1233 3316 3701 3068
69	374 3536 837 798
70	3213 2582 1978 1564
71	3633 2073 3168 990
72	2515 2371 1249 2725
73	2564 681 3865 3627
74	2608 2343 2367 2703
75	607 3087 1441 95
76	921 3728 2948 469
77	1024 3946 638 2940
78	3522 3394 841 3497
79	2242 233 1566 3561
80	3587 1410 3088 2295
81	1047 2587 1309 503
82	2801 3737 3977 984
83	3905 1221 2130 2098
84	511 2960 2529 779
85	1646 1354 934 2439
86	682 311 1007 3004
87	3333 551 1708 3011
88	3649 3785 2001 195
89	3322 2907 2445 3789
90	2124 3742 2171 1880
91	3384 745 388 1189
92	1106 1156 1911 3767
93	1203 3264 2433 2006
94	1094 564 4000 3385
95	3620 1550 1145 296
96	3380 3745 737 3600
97	3760 2421 1068 150
98	3262 3303 90 4000
99	3443 3755 2887 1405
100	3614 1601 1086 2771
101	2290 1287 2480 1539
102	3548 1813 959 2485
103	484 3279 2007 1367
104	2801 2451 1492 134
105	1377 1068 939 2633
106	3974 2260 3559 775
107	942 142 266 150
108	3910 1211 1032 1311
109	1545 2251 1146 3917
110	2290 1138 20 2216
111	3587 3986 1832 1446
112	3862 2608 846 428
113	2277 1314 1982 3533
114	2808 2719 204 165
115	114 2773 3312 3784
116	1337 1796 3622 2082
117	2638 321 2026 3446
118	1908 1307 3653 2960
119	3570 2301 1596 432
120	3345 856 1147 2061
121	1679 1524 2180 2900
122	1663 2708 1503 2271
123	1544 1186 1344 3350
124	2521 81 981 2348
125	1836 131 1731 2928
126	2046 299 1945 873
127	3825 2941 949 3453
128	2102 3923 348 896
129	3527 1360 1168 2689
130	3160 2080 1809 820
131	3236 3800 797 454
132	2524 2499 309 1720
133	147 940 2091 1388
134	1952 2106 3848 2072
135	1345 3926 2654 559
136	618 2553 2303 3800
137	3667 1187 3538 551
138	860 2693 310 2557
139	3750 2639 2013 1267
140	1323 2746 2140 323
141	41 3797 3055 2425
142	2850 2783 363 3715
143	2654 3314 225 3551
144	2905 1191 1505 767
145	2614 1501 3844 1257
146	293 854 3955 2515
147	1420 2576 237 683
148	1612 98 2071 1361
149	754 3721 2302 1222
150	2138 1781 1697 3974
151	815 3450 2777 1959
152	2722 1439 288 2417
153	1888 366 3308 3774
154	827 2024 1327 1187
155	3653 1087 807 2611
156	1944 508 1932 64
157	2164 906 3545 177
158	1419 536 2357 2893
159	3517 2729 3067 149
160	2120 1278 481 895
161	1931 2875 231 1975
162	360 3793 1464 1578
163	302 527 2556 2410
164	3185 2446 416 1034
165	3247 929 3545 3191
166	2361 2321 206 144
167	2235 879 2751 1582
168	325 47 3504 160
169	3606 616 109 988
170	841 1121 3648 154
171	3119 2913 3418 1459
172	2310 1530 1157 1976
173	1113 1982 3829 2588
174	377 3377 3469 3666
175	473 3756 830 2205
176	2935 3201 933 1662
177	3269 3166 3446 3192
178	620 3841 131 1680
179	1286 1236 2224 3877
180	3523 3900 268 1818
181	620 3118 1103 678
182	2139 1291 3691 3201
183	3087 1654 3317 2991
184	1461 824 1507 3407
185	3420 3587 1277 1845
186	3624 431 1824 3949
187	3025 1270 2721 1377
188	698 2372 3323 3230
189	562 3510 2382 3957
190	925 2657 652 2716
191	679 3135 85 3609
192	1180 1912 590 2423
193	935 3950 392 364
194	3364 2048 936 2401
195	1282 3918 1775 259
196	1157 1353 1800 3526
197	2443 2727 2805 3957
198	3781 3993 1232 1720
199	3077 2369 2942 3247
200	3331 2421 2091 2603
201	2873 2868 261 3233
202	3766 833 566 632
203	1497 2053 3791 553
204	778 521 2974 3958
205	3818 32 171 2725
206	524 3921 2229 3468
207	3885 1996 2889 2562
208	3627 1082 2832 1947
209	3862 3044 3661 564
210	2837 475 1250 798
211	1442 1892 3329 1290
212	416 3273 3264 3404
213	2223 2679 167 950
214	565 626 3134 53
215	2118 1497 592 783
216	1104 978 1370 1199
217	3065 838 3014 285
218	1150 1049 2455 3900
219	1146 2872 1923 1925
220	1673 3932 3030 2442
221	3678 1249 2301 2732
222	3565 565 2852 402
223	2915 1086 55 1949
224	3292 2889 1276 3857
225	2723 3850 419 1982
226	1167 109 1039 1972
227	897 2052 1109 1894
228	3977 3733 826 3819
229	1766 1978 540 2981
230	1915 450 2383 3141
231	3322 3113 3495 286
232	1717 406 2860 1598
233	2273 2513 3392 2376
234	3382 57 647 148
235	1312 1025 1649 311
236	1005 1558 1110 3307
237	1297 2118 654 3471
238	1047 498 3454 373
239	1163 988 1422 2727
240	3734 2801 1356 3072
241	2048 1708 2307 2433
242	1293 3769 2075 2630
243	3500 1345 2963 1812
244	2419 1452 1395 950
245	543 2304 253 3525
246	3575 2939 1101 2331
247	984 1614 3917 2574
248	2679 3674 1559 97
249	2555 2392 3544 2132
250	1212 496 580 539
251	3294 2472 762 2533
252	2946 2890 870 2708
253	2052 1945 1541 3343
254	3255 1801 209 927
255	3076 3343 3123 2297
256	358 1360 2908 1247
257	1330 3240 334 856
258	885 20 142 3658
259	1562 234 884 2233
260	772 3825 457 2480
261	2049 3617 2758 1970
262	2787 1947 2004 2194
263	1575 3443 927 3476
264	3865 1097 1032 2823
265	1371 307 3312 1434
266	962 1083 2685 2069
267	598 3803 3333 554
268	3272 2488 335 2529
269	401 488 2340 3908
270	1431 1389 2492 1615
271	1643 1079 3856 1885
272	2715 971 3745 3219
273	1146 2699 771 3820
274	3274 80 2242 3680
275	590 1181 2524 3424
276	2068 3963 906 2288
277	1172 747 1772 364
278	2464 2864 861 342
279	1726 1814 3168 1711
280	324 3616 3491 2679
281	190 2267 2620 2417
282	1953 2016 2086 1636
283	2167 3215 1729 1600
284	3410 1520 1226 1566
285	1750 3053 1145 3141
286	2453 671 3830 311
287	2886 1624 2153 2921
288	1800 3685 248 2443
289	2264 3314 2045 1030
290	1375 3732 802 1631
291	1024 113 3722 3353
292	3891 2722 877 138
293	552 999 1424 1171
294	368 781 3950 241
295	3219 430 629 3765
296	76 1086 879 1283
297	2108 2312 872 3478
298	2928 3390 1315 3102
299	624 485 3636 3292
300	1488 2292 3299 3727
301	1312 2590 3409 1685
302	511 208 1863 2528
303	3344 3138 2649 418
304	2358 1983 941 3435
305	1761 3644 635 1828
306	2616 2233 881 320
307	978 2898 2016 1326
308	3930 3745 2576 2375
309	3944 2743 1402 2026
310	3285 3646 2512 1030
311	974 2209 1408 1772
312	2913 1562 2948 3912
313	2461 1354 1345 282
314	1481 603 13 1365
315	1507 1940 78 1774
316	393 3790 3671 3214
317	3978 2793 1586 2105
318	1782 3375 3301 3737
319	565 3728 3352 1352
320	179 2563 1078 1216
321	2132 919 1964 698
322	2862 2227 378 2997
323	3976 2813 3168 2608
324	2528 1493 2115 3613
325	2585 3021 3092 3490
326	2201 426 212 339
327	40 3006 1490 393
328	201 3580 2346 3439
329	434 3028 583 3759
330	2478 769 1638 3418
331	1511 2429 2432 842
332	812 2209 1155 2725
333	1172 2196 3781 1143
334	2103 1020 1877 678
335	594 3678 3913 38
336	404 3123 2221 1751
337	1407 3390 299 3771
338	1340 2650 3241 2918
339	3692 3026 679 59
340	2231 2278 343 1425
341	2555 2134 724 1798
342	477 2266 1596 2100
343	1579 2335 3510 693
344	3681 1448 697 1281
345	3680 2540 2796 3114
346	3489 126 1175 2423
347	3724 300 454 2076
348	3290 490 1592 634
349	717 3270 3389 2971
350	1653 1126 1312 3682
351	2459 663 2895 2511
352	822 2151 823 3390
353	264 3677 3637 325
354	566 644 1668 1916
355	1687 56 311 757
356	345 2307 2676 38
357	1138 1249 1522 2622
358	3026 650 1543 1369
359	1855 3094 526 1023
360	3266 3528 3681 1333
361	1927 511 3247 1827
362	1208 2449 1841 772
363	1865 1368 1293 3961
364	3277 2859 184 3193
365	1703 2525 1743 1445
366	623 3469 3262 1983
367	3659 1981 42 3906
368	174 1703 1814 3312
369	2138 1119 3609 3295
370	3271 2468 3319 1962
371	2150 258 1609 1631
372	2480 2705 3931 3024
373	191 990 2839 3815
374	2486 2561 3730 2139
375	227 282 787 2895
376	1847 3519 1119 916
377	1597 1830 654 2662
378	2884 2455 790 2159
379	1524 3891 1516 2026
380	3183 2355 821 1715
381	2343 1602 3758 3358
382	3894 3279 284 2038
383	2656 1767 3550 2833
384	3451 3194 1178 962
385	2340 1116 2366 2771
386	2326 3404 3522 1734
387	3629 1286 413 2089
388	1103 1561 2158 2988
389	502 1042 2311 3174
390	2402 2643 81 159
391	132 2730 1501 1863
392	3091 747 54 2713
393	1419 3500 2578 1663
394	2740 2221 3826 638
395	2399 540 123 1964
396	1421 1373 420 2772
397	840 3375 2575 695
398	2716 3902 1788 2839
399	2361 3224 2334 760
400	195 182 1536 2497
401	2166 3482 480 507
402	3666 671 2480 2182
403	3781 2571 387 1644
404	3091 2958 1473 263
405	1154 740 996 3187
406	1394 357 3230 2747
407	3075 3814 3610 3403
408	242 1447 2833 3713
409	1035 3481 3824 3167
410	3407 585 1102 2698
411	1533 1375 566 1767
412	2468 1191 2251 3380
413	1250 1044 1204 3888
414	1375 2455 993 237
415	2621 1838 3303 2390
416	3803 150 730 2226
417	14 3790 1836 1420
418	2222 3333 3477 1098
419	1097 794 1531 2547
420	2279 3006 3884 2601
421	3893 677 3519 791
422	2337 2144 3975 1609
423	3619 1188 3553 3790
424	1922 1047 2188 1154
425	2623 2545 1829 3800
426	2344 3564 3835 2324
427	1555 1813 1773 2851
428	3906 513 2275 3198
429	347 239 3171 67
430	879 494 2891 249
431	1709 1606 1620 1040
432	3822 3294 1403 1049
433	3492 3719 3523 2098
434	2837 3211 86 679
435	1653 2355 1704 1413
436	1012 883 2134 1861
437	2485 1292 3217 2125
438	2538 586 1736 2657
439	1369 1496 2040 3978
440	2932 3459 1319 3462
441	1505 3118 1062 1487
442	3266 3760 2006 1065
443	3917 3606 2166 2189
444	481 2998 469 1712
445	3482 2112 162 316
446	3628 3666 1195 1380
447	2813 254 3983 1020
448	3256 2309 1585 1902
449	2537 2404 2737 301
450	2203 2790 376 93
451	2837 848 3143 1854
452	696 2866 1523 3705
453	1082 2474 286 2281
454	910 2563 10 819
455	1966 2105 1819 477
456	53 1356 2978 2191
457	1760 1129 2415 1449
458	567 771 3073 1101
459	3133 809 676 1436
460	1146 1800 1165 430
461	1449 3438 668 3927
462	3090 2375 301 1940
463	1522 3467 884 1012
464	863 3171 2268 2196
465	3526 783 667 1468
466	3778 134 119 1049
467	2097 3532 3982 100
468	1349 3368 2743 2287
469	1588 159 921 2062
470	2145 2417 2834 3863
471	3071 1820 2447 1236
472	845 1463 3546 969
473	838 2861 1600 3217
474	751 2601 3674 3310
475	2016 2755 2771 1059
476	3119 1099 2376 2074
477	350 1710 3626 3653
478	2477 1439 2247 357
479	2315 102 3887 2449
480	2456 2925 3995 3260
481	388 2944 3395 2216
482	1714 2790 996 2358
483	2671 2808 2773 3637
484	2150 2970 1713 3944
485	16 3923 1466 1736
486	1895 108 233 1209
487	1354 609 61 2518
488	1450 2842 121 1435
489	3177 2794 542 624
490	853 71 2336 2332
491	3916 2028 3466 2930
492	2639 2133 2770 454
493	1240 1069 3962 2425
494	2752 2666 497 52
495	2419 3891 2894 1207
496	469 437 779 2717
497	2471 3786 2851 1786
498	2704 1805 3505 331
499	687 4 2829 2990
500	3461 2409 3889 3857
501	3586 1551 3785 946
502	377 2686 1745 484
503	328 141 2778 1392
504	172 2595 2185 2808
505	2455 3772 2820 3867
506	2229 1180 2636 1961
507	3434 3351 1137 471
508	1261 1814 1241 63
509	253 1765 291 1662
510	943 3742 1976 2458
511	3300 2405 2418 2942
512	338 978 241 889
513	1795 388 864 3315
514	129 2670 1212 3120
515	2262 618 3553 3026
516	3871 2694 3900 2442
517	805 2246 664 391
518	907 576 646 116
519	2439 3289 1549 3378
520	42 2739 2706 2977
521	2266 3825 267 3172
522	758 632 3588 1291
523	1976 1603 1750 49
524	1441 2477 994 376
525	2989 3868 3300 2690
526	36 172 3481 1613
527	2470 3812 2979 448
528	1492 2297 1373 173
529	541 1323 1441 2093
530	532 2243 3007 88
531	2188 1535 820 230
532	1504 1153 3015 2303
533	1673 1197 3553 1808
534	1479 652 3190 1878
535	2738 3992 3311 2097
536	2229 284 327 754
537	2389 3634 3748 3957
538	3389 3124 1518 2303
539	1823 2014 2311 437
540	2821 2191 1519 3350
541	795 555 127 2461
542	3111 2122 3084 2443
543	1723 645 804 768
544	3099 948 3587 3842
545	873 1181 963 2311
546	509 3915 1785 3033
547	144 169 1413 3936
548	1977 924 1220 3537
549	2319 776 109 439
550	2137 3482 1572 362
551	3073 2391 2379 2024
552	1986 2004 152 646
553	578 3922 372 1645
554	310 1808 782 880
555	286 2 283 1922
556	2750 2371 2473 2564
557	2227 2677 640 46
558	2965 3178 3559 203
559	1144 3850 3764 1507
560	3319 2943 418 1290
561	1844 2917 3515 1484
562	2694 3024 3382 1237
563	1315 3949 3509 396
564	2251 2529 143 1173
565	3502 1222 1225 3358
566	2345 1914 723 3113
567	70 1055 776 218
568	1330 1795 2006 1211
569	3023 3598 2571 1323
570	3577 2257 1835 1638
571	791 2635 1715 2358
572	3814 3106 874 3085
573	148 2399 691 1319
574	1770 1312 2697 2970
575	331 2059 1752 130
576	3093 2336 2966 1143
577	2744 744 2382 377
578	3667 3058 3136 1206
579	1859 838 1309 3330
580	2669 1709 742 3528
581	2210 2788 777 655
582	1147 530 1125 3610
583	2853 2748 3113 2124
584	1321 1761 376 2672
585	200 1152 2113 2165
586	3521 1177 2289 159
587	2848 1652 2370 2216
588	2371 3493 1297 2327
589	3822 1847 2372 628
590	3733 831 625 3129
591	614 1860 2068 262
592	2926 801 338 1374
593	3446 26 2560 1927
594	2864 863 3454 3409
595	3384 2854 2672 1475
596	3993 252 2001 3580
597	259 886 385 1606
598	2331 104 2628 3265
599	3769 1199 469 2374
600	3353 2295 1351 3529
601	3716 1049 1097 2858
602	2164 2109 2989 2231
603	1026 3478 1855 2636
604	2092 2972 3056 3915
605	15 2753 3267 3471
606	759 3340 120 1861
607	287 1065 1793 2991
608	671 218 1090 414
609	1753 2177 258 3177
610	491 854 382 14
611	414 2586 3736 3134
612	1434 1829 617 3321
613	1889 2227 3162 3851
614	583 3060 1266 2402
615	2109 871 3272 2587
616	3436 1159 563 2173
617	158 1123 3965 27
618	3623 140 3072 87
619	927 247 2752 476
620	489 3650 404 553
621	3090 1098 2707 2175
622	3110 3696 3927 2633
623	2820 2980 1167 3168
624	2315 253 3668 1268
625	3750 2551 3398 194
626	431 2217 3165 1627
627	869 2717 554 1733
628	3690 821 3695 3127
629	361 1971 469 3570
630	653 3927 3073 252
631	833 1731 3173 2171
632	3480 1567 2132 3501
633	1944 972 2500 3663
634	1523 3608 35 1641
635	157 1821 2739 364
636	455 1644 3720 1881
637	2109 2756 1022 568
638	3062 2966 1075 1685
639	2090 3676 1972 2706
640	1765 939 3850 626
641	3147 1340 1126 1998
642	2154 3120 2821 1030
643	3535 2542 1719 2365
644	982 157 2437 121
645	1559 1870 3669 2658
646	1512 799 2902 3937
647	287 1018 3927 2120
648	3586 1268 2603 2526
649	3164 3354 1833 1548
650	3407 812 2806 729
651	2297 808 3731 3748
652	2798 3402 1702 3342
653	924 140 3798 3656
654	3570 2382 2193 3519
655	598 254 2909 886
656	1634 2261 3183 2977
657	1628 3465 2309 1488
658	1631 1916 1700 1922
659	533 1488 1993 1346
660	2087 2142 2833 3531
661	582 1410 884 903
662	1513 3787 237 2459
663	933 16 1274 1823
664	3324 2628 3890 990
665	434 580 3445 680
666	149 3713 1803 345
667	3879 2583 1996 2948
668	3774 3042 558 44
669	3280 1847 3128 299
670	3925 2302 3827 1384
671	695 121 3975 1649
672	3022 736 2433 3724
673	2200 3474 3044 3368
674	1236 3354 58 654
675	797 3632 937 2762
676	377 291 1357 3062
677	3345 1957 2743 1157
678	550 483 14 1689
679	3067 3821 3816 854
680	22 3711 3216 983
681	2738 1906 1173 1698
682	357 647 6 881
683	2358 308 3294 205
684	1626 685 196 1625
685	2913 3300 3868 2889
686	2415 2163 1754 2772
687	803 3255 3846 1905
688	306 2996 17 1293
689	3540 3434 3157 1070
690	667 1784 3617 967
691	2545 3225 2541 22
692	848 159 1651 2249
693	1176 3904 1140 3518
694	3220 2411 2435 358
695	3543 2109 2895 1781
696	52 2361 55 3549
697	2281 1935 2212 2311
698	1790 2030 1022 1365
699	1080 2949 3002 3732
700	114 1779 3419 113
701	2642 2395 2889 21
702	3987 1442 1304 3897
703	638 1475 2250 831
704	922 368 3452 2251
705	3340 3828 3714 2684
706	847 1363 132 1734
707	2750 3205 3850 2407
708	159 1176 224 830
709	2412 813 988 499
710	2983 486 1782 3040
711	1495 2911 3473 1965
712	3110 1285 76 305
713	2333 2002 1120 1719
714	3765 3064 2149 1699
715	3264 297 3242 769
716	1057 1441 2112 2793
717	2472 145 1333 2173
718	903 1607 669 1190
719	3435 2712 3354 2170
720	2153 458 1791 3416
721	2660 3445 1517 1880
722	838 1265 964 1695
723	3614 2721 595 2625
724	3670 3474 1137 2102
725	1001 2557 971 1210
726	3320 1473 2239 2142
727	1063 3376 12 2358
728	3510 2134 79 2050
729	2078 576 2821 2045
730	567 3446 448 1894
731	2964 990 3009 3626
732	1862 1781 436 2066
733	692 2324 1865 380
734	2403 1083 3227 3785
735	3165 277 134 1535
736	910 3734 3067 2974
737	3272 281 613 1836
738	3753 1886 3636 1197
739	40 1653 1821 1355
740	3471 3726 3698 1288
741	2094 3471 3299 531
742	3896 1442 2705 896
743	3108 1544 1352 1306
744	459 586 1939 381
745	2461 651 2612 2755
746	3863 71 3801 2316
747	1049 3528 1306 741
748	2061 2239 3020 2318
749	3967 2111 2927 1908
750	1367 3199 2852 3005
751	763 3134 3763 2705
752	520 1104 736 586
753	2006 1427 796 163
754	3661 50 3411 930
755	106 2128 1518 804
756	1421 3972 3154 2900
757	649 3491 460 1286
758	3718 224 2609 1342
759	1943 1118 589 1350
760	1351 2427 3552 2306
761	1038 2142 3160 85
762	2105 745 2987 917
763	2175 296 1266 726
764	2848 2914 149 3778
765	2442 3736 1995 2936
766	1969 1153 2234 2856
767	1351 3163 1980 2931
768	2513 504 1115 2509
769	2103 1971 3112 2833
770	1503 1219 1847 1667
771	2535 3042 3244 3253
772	1181 1455 379 3100
773	1020 2302 2979 1422
774	1296 871 732 1320
775	3052 1226 1953 1025
776	2045 636 2767 1856
777	3820 3279 514 3471
778	946 2889 741 3475
779	753 2582 3284 1421
780	3613 900 1962 3383
781	1837 3124 3828 2223
782	344 3964 194 3508
783	454 3437 2477 3236
784	3402 2473 3824 3703
785	1557 882 361 3099
786	1997 698 373 1005
787	3173 3580 1763 2613
788	1253 3449 570 1068
789	1564 2479 166 2184
790	3802 2111 3015 456
791	1811 3199 693 3665
792	156 1461 2336 699
793	2122 3000 3104 969
794	649 1243 1822 2837
795	3926 2596 3145 3943
796	3475 3613 1634 643
797	541 1538 1726 3792
798	2244 3434 2 1791
799	3231 3485 1276 3711
800	472 742 3230 2947
801	2468 1917 605 1427
802	3551 1843 2848 3096
803	2453 3733 1666 970
804	1011 3097 933 3358
805	234 1635 1873 1288
806	1235 3804 3383 3151
807	3213 2336 3946 3196
808	1337 3508 3850 1754
809	2414 348 3746 1685
810	2496 578 84 3151
811	3541 490 3156 3737
812	3822 3127 3577 502
813	3719 226 3782 599
814	1701 2098 2692 676
815	691 1566 105 3821
816	2565 3810 2884 2953
817	1384 3504 3665 2419
818	1175 3267 3132 1394
819	1878 1820 1004 2140
820	3736 236 3380 1270
821	1175 1564 1248 3101
822	1572 1404 1558 2572
823	2593 672 626 2946
824	2563 1817 2683 3804
825	1162 2864 645 3198
826	199 1402 2536 1106
827	1121 381 268 2627
828	3842 3502 624 1203
829	2399 64 137 3214
830	683 2188 1378 3768
831	2921 1937 778 3704
832	1864 1530 2969 3477
833	655 1646 2633 739
834	2385 3046 1652 2386
835	1484 1006 3915 2219
836	657 3234 214 1206
837	2326 2385 2486 1815
838	2939 1408 1877 1635
839	3343 752 295 3439
840	421 949 3934 1107
841	682 3984 3403 3989
842	308 2665 2412 172
843	1837 3364 3212 1866
844	1058 1121 224 3149
845	1577 2202 3231 1494
846	1757 3585 571 2794
847	1303 3123 578 2472
848	2677 690 734 3434
849	773 1808 2368 38
850	119 3930 2967 2333
851	2320 825 2254 1130
852	3977 3821 828 37
853	14 1688 1587 1622
854	2762 1822 1105 2997
855	3644 397 1047 3198
856	389 1063 3366 13
857	1985 1428 17 861
858	3627 1466 1236 1839
859	1481 1536 2626 190
860	866 2019 3634 2769
861	1312 1704 1061 3260
862	1751 2781 496 2088
863	3744 3184 629 1510
864	3225 1594 3941 11
865	1729 3817 3007 882
866	2646 3548 2333 1012
867	1916 1692 2222 3182
868	918 920 3391 1465
869	2553 2678 109 1889
870	3931 1612 1255 43
871	180 477 2385 547
872	3125 1005 1348 574
873	2623 601 887 3373
874	3615 1762 3891 1852
875	2440 1015 2182 864
876	3069 215 2107 3379
877	2824 2201 3433 1971
878	2410 831 2408 84
879	2890 1988 3281 779
880	2427 3646 1303 779
881	1350 3752 465 1676
882	473 1611 1274 447
883	2758 2431 3993 2611
884	748 1480 3540 1386
885	842 3318 3918 3336
886	1963 3160 3403 875
887	867 1676 3099 410
888	3754 2382 1797 3160
889	3540 2983 3818 1258
890	1806 75 2682 3451
891	2667 1958 2715 3736
892	1411 1045 2089 3048
893	3590 3526 1214 1401
894	2059 311 2909 3799
895	1357 481 2485 117
896	3680 3929 1927 811
897	2657 844 3938 590
898	2259 127 144 652
899	1760 2789 2348 2138
900	2822 2305 74 2256
901	3965 2474 2948 3212
902	1156 3728 2505 1301
903	2575 2264 146 2112
904	147 2649 121 70
905	917 3526 24 854
906	212 198 2404 3609
907	1655 3583 3353 2286
908	114 1493 3404 3457
909	1446 2366 2590 1318
910	262 3280 1262 326
911	1946 950 3175 1537
912	3653 791 3756 786
913	2206 1365 2410 2484
914	3723 601 3696 371
915	735 2957 296 517
916	1611 894 1641 451
917	3781 3064 3949 3470
918	3755 3908 3212 2820
919	1845 868 530 182
920	2211 1192 159 148
921	3023 1048 1135 2527
922	2737 901 2408 272
923	3408 2185 3647 1679
924	3412 3525 2449 3768
925	3679 1901 2316 152
926	3481 2229 3710 1319
927	2871 302 1643 533
928	2064 2424 3008 2112
929	3436 3526 155 2837
930	1555 2245 3645 2810
931	1873 92 3710 1086
932	745 3262 2435 2630
933	530 194 245 3939
934	106 1083 688 3614
935	2620 239 2179 2150
936	2174 2404 119 2392
937	57 1627 3195 3098
938	1583 640 3669 594
939	416 2160 2699 1814
940	2086 419 385 3482
941	1130 2455 3973 2678
942	3741 45 792 486
943	1983 326 2923 2372
944	469 446 620 3034
945	3022 3371 1242 669
946	326 1186 2242 2381
947	207 1832 952 1316
948	42 782 2883 3103
949	1428 2312 2486 507
950	3824 3882 2425 2534
951	959 23 3823 3350
952	1867 3775 3525 2571
953	3001 2994 3673 3267
954	666 3264 850 2178
955	2625 20 3288 1374
956	999 97 329 2304
957	3287 1132 3220 689
958	2283 2965 1659 68
959	1984 2966 3163 3405
960	2048 486 1689 3749
961	2214 1668 3036 469
962	397 2671 830 437
963	1089 818 3503 3367
964	3543 10 3339 2189
965	261 1344 2404 291
966	3945 3637 3061 89
967	2768 2528 3878 2722
968	1012 966 3157 839
969	3465 3931 3460 44
970	23 720 3370 3314
971	3411 1416 1005 2881
972	3634 1459 1544 1008
973	2386 468 47 2672
974	2230 2532 1390 2339
975	660 2589 1012 1361
976	386 1762 3910 519
977	3193 3811 2708 3119
978	2830 2275 1418 2014
979	2662 2216 3593 1633
980	554 1521 2773 1581
981	1989 3845 1563 1815
982	2093 2843 196 436
983	2517 3499 318 3610
984	2507 1899 1989 2343
985	2536 2664 1876 166
986	1219 762 1468 2215
987	2554 3156 2375 2740
988	1623 3713 2630 3300
989	2509 2072 34 482
990	2245 2554 1308 2085
991	2097 3256 1993 2650
992	1264 1666 3022 781
993	2415 707 730 1822
994	3302 108 1246 1564
995	3335 231 827 3296
996	3673 3740 2464 711
997	338 3139 1118 188
998	2634 612 3207 2364
999	2963 3881 3560 3565
1000	2709 1833 3134 2842
