Students	4000
1	12 4 14 8
2	20 17 4 16
3	14 18 10 2
4	9 17 19 18
5	16 19 11 17
6	8 1 18 17
7	12 16 19 14
8	14 16 12 13
9	11 18 13 15
10	17 4 7 20
11	13 1 12 14
12	4 10 17 20
13	5 3 14 10
14	6 11 7 3
15	11 20 16 19
16	4 7 15 14
17	1 17 7 2
18	20 2 4 16
19	7 1 4 6
20	11 19 16 14
21	11 17 9 14
22	14 10 18 9
23	9 20 11 6
24	18 9 6 4
25	5 2 15 3
26	18 15 9 16
27	13 8 15 11
28	18 1 17 7
29	11 8 9 14
30	2 20 11 13
31	18 16 3 9
32	7 11 2 16
33	9 14 8 15
34	14 18 20 11
35	19 5 16 1
36	16 12 1 18
37	9 13 1 12
38	14 11 20 17
39	5 13 10 3
40	3 15 4 20
41	13 16 9 12
42	20 14 18 19
43	20 13 15 12
44	8 10 9 14
45	20 3 13 9
46	18 15 2 16
47	2 1 20 5
48	14 7 1 4
49	7 1 16 11
50	19 11 13 14
51	1 14 20 9
52	5 12 9 19
53	3 13 6 16
54	20 7 17 18
55	11 1 17 6
56	4 3 16 7
57	18 13 17 19
58	16 3 17 19
59	17 8 4 9
60	7 17 10 8
61	3 4 7 13
62	5 9 3 10
63	14 5 20 9
64	16 5 18 15
65	19 3 20 16
66	12 7 18 15
67	12 17 1 2
68	20 15 3 10
69	19 2 4 18
70	6 17 20 8
71	19 1 11 2
72	9 4 8 7
73	16 13 3 10
74	13 8 12 20
75	6 20 8 14
76	17 1 13 8
77	17 4 14 1
78	17 6 18 7
79	15 10 20 9
80	12 8 17 18
81	5 9 12 18
82	19 9 4 3
83	18 11 15 5
84	18 11 3 10
85	5 11 16 18
86	13 3 12 10
87	15 5 9 4
88	14 2 7 11
89	10 6 12 20
90	3 6 1 4
91	4 1 16 15
92	6 7 4 12
93	11 6 2 5
94	20 14 1 18
95	10 4 20 14
96	9 13 11 15
97	12 15 8 17
98	12 19 16 11
99	1 3 7 6
100	6 12 10 16
101	19 13 18 10
102	20 17 2 18
103	6 11 19 2
104	20 10 13 1
105	5 3 11 10
106	9 17 3 2
107	6 5 15 18
108	3 2 12 6
109	10 11 8 3
110	6 2 15 8
111	3 17 10 9
112	12 8 20 3
113	17 11 18 16
114	13 1 18 17
115	20 6 15 10
116	9 10 5 1
117	15 1 11 16
118	4 19 11 16
119	20 1 17 7
120	19 11 17 4
121	16 2 8 11
122	12 5 7 6
123	20 14 1 15
124	14 8 11 6
125	19 14 8 13
126	16 8 2 18
127	15 6 13 2
128	8 4 2 7
129	18 16 3 1
130	8 6 1 20
131	11 13 17 18
132	19 5 18 3
133	4 20 9 5
134	2 13 8 20
135	7 4 3 12
136	18 20 7 10
137	11 17 6 8
138	2 10 11 15
139	9 14 17 10
140	13 9 5 6
141	12 19 7 20
142	5 12 2 17
143	20 4 12 18
144	6 14 10 16
145	19 12 8 5
146	12 6 7 5
147	3 19 2 13
148	4 12 1 16
149	11 10 1 15
150	14 2 13 15
151	7 19 6 15
152	20 15 8 13
153	13 19 15 10
154	3 18 14 8
155	1 20 6 11
156	20 11 16 1
157	1 6 8 19
158	15 11 18 3
159	10 15 17 9
160	1 12 4 17
161	20 17 5 14
162	10 15 16 18
163	13 6 16 19
164	7 1 5 9
165	16 17 1 14
166	19 18 15 8
167	20 8 6 5
168	17 8 4 14
169	13 7 8 9
170	4 1 7 14
171	3 1 10 16
172	14 3 12 10
173	2 16 6 20
174	13 15 18 11
175	15 3 16 19
176	4 15 2 7
177	3 5 12 16
178	3 17 4 8
179	14 13 15 20
180	10 7 20 16
181	13 12 1 3
182	14 12 9 4
183	15 12 7 17
184	18 8 9 6
185	18 7 14 10
186	12 7 3 9
187	11 2 8 18
188	16 5 13 19
189	19 7 13 5
190	8 11 13 9
191	7 8 9 4
192	13 4 6 8
193	1 9 19 8
194	13 10 9 12
195	3 16 9 20
196	15 19 4 8
197	9 10 20 19
198	15 5 1 7
199	6 13 2 16
200	4 11 6 7
201	1 13 14 15
202	7 8 19 1
203	11 17 20 18
204	2 14 3 10
205	2 17 3 10
206	15 8 16 7
207	5 6 19 13
208	18 16 6 14
209	5 19 3 18
210	7 6 13 3
211	1 18 8 12
212	17 10 13 2
213	17 18 3 8
214	5 3 10 13
215	7 11 6 9
216	17 9 6 13
217	14 19 11 13
218	2 8 4 16
219	13 3 20 11
220	15 3 20 8
221	2 15 10 7
222	2 20 9 13
223	15 17 16 7
224	5 2 17 1
225	9 19 3 6
226	5 8 19 11
227	10 7 5 9
228	13 14 16 1
229	4 3 15 7
230	10 1 19 13
231	10 1 14 18
232	5 16 14 7
233	8 18 3 5
234	16 5 3 2
235	8 2 5 7
236	2 18 7 12
237	12 1 3 16
238	13 19 4 7
239	17 20 3 4
240	13 11 3 20
241	18 5 3 14
242	18 20 16 2
243	16 10 12 14
244	3 1 14 4
245	8 19 7 9
246	19 15 18 1
247	7 11 13 2
248	20 16 7 6
249	7 9 10 17
250	20 6 3 7
251	1 5 10 16
252	3 9 19 10
253	17 7 4 10
254	11 7 2 4
255	12 11 4 15
256	7 3 20 8
257	8 12 10 17
258	13 19 1 7
259	11 20 14 18
260	13 19 8 7
261	12 7 6 15
262	16 1 20 6
263	19 18 3 15
264	13 10 19 9
265	4 8 9 3
266	8 16 4 19
267	6 2 12 19
268	15 3 4 14
269	20 4 10 6
270	16 2 17 15
271	3 1 7 14
272	1 11 6 5
273	20 11 4 19
274	4 12 1 9
275	13 10 3 14
276	15 7 10 2
277	4 13 12 2
278	15 6 12 20
279	20 6 12 14
280	9 11 18 4
281	1 5 13 12
282	1 20 7 5
283	4 13 2 3
284	19 7 4 8
285	3 19 12 8
286	10 17 11 14
287	17 5 14 13
288	5 12 15 14
289	3 16 12 13
290	16 20 18 6
291	3 14 7 5
292	10 19 14 13
293	8 4 5 14
294	15 1 8 14
295	16 9 13 12
296	14 16 3 1
297	9 17 3 15
298	16 19 6 15
299	10 14 18 19
300	12 15 5 1
301	13 8 4 15
302	1 8 11 2
303	15 10 1 20
304	5 17 13 8
305	2 11 20 1
306	4 11 9 1
307	12 3 1 8
308	4 6 9 2
309	4 11 2 17
310	10 3 4 13
311	15 1 7 5
312	2 1 13 8
313	3 6 18 20
314	17 4 20 12
315	20 8 11 12
316	4 2 8 15
317	6 2 1 9
318	18 8 16 19
319	14 8 6 7
320	2 12 17 3
321	8 15 11 9
322	15 5 19 14
323	4 10 20 6
324	6 4 19 8
325	8 10 1 12
326	1 10 17 14
327	3 2 6 18
328	17 18 10 3
329	18 2 5 14
330	7 8 11 14
331	7 14 6 8
332	16 7 11 13
333	14 17 13 7
334	9 16 4 10
335	11 15 5 13
336	1 12 20 18
337	1 11 17 18
338	10 8 5 20
339	16 7 19 6
340	3 14 5 11
341	1 12 19 18
342	8 14 1 16
343	6 14 18 11
344	10 13 16 8
345	15 5 6 17
346	12 4 10 8
347	10 12 11 19
348	6 3 13 14
349	12 19 14 3
350	17 20 8 9
351	5 8 9 13
352	9 20 10 17
353	6 16 7 3
354	10 3 5 2
355	18 13 14 16
356	12 7 11 3
357	19 20 10 4
358	6 5 16 3
359	5 1 12 19
360	10 5 14 13
361	10 17 6 19
362	7 19 15 14
363	1 6 3 10
364	5 7 12 19
365	18 14 6 12
366	6 1 7 18
367	7 18 20 19
368	20 19 17 15
369	14 13 7 6
370	15 4 9 16
371	8 6 9 4
372	2 7 13 20
373	17 18 7 14
374	14 8 19 1
375	8 16 20 2
376	18 10 8 6
377	15 20 8 16
378	13 12 11 5
379	2 20 7 17
380	19 6 10 1
381	13 15 10 5
382	7 9 2 19
383	10 1 19 3
384	8 18 14 11
385	14 18 11 2
386	2 20 5 10
387	18 1 20 7
388	13 12 20 16
389	20 13 8 9
390	3 13 12 9
391	13 6 2 15
392	6 20 3 18
393	7 4 16 15
394	6 10 13 2
395	6 20 7 14
396	1 2 17 19
397	3 11 1 15
398	9 7 16 18
399	7 13 4 9
400	15 20 9 12
401	8 5 1 18
402	4 16 3 13
403	8 5 19 3
404	4 9 1 16
405	11 5 12 6
406	8 15 5 10
407	4 2 7 14
408	4 1 10 8
409	11 4 16 15
410	9 10 7 1
411	4 12 3 20
412	7 17 18 16
413	5 11 9 15
414	19 8 15 20
415	15 18 10 4
416	5 11 18 15
417	13 11 10 15
418	7 19 2 18
419	7 3 4 17
420	14 16 17 10
421	19 7 17 3
422	15 13 7 18
423	20 10 1 5
424	15 5 3 19
425	16 15 5 20
426	15 18 12 8
427	12 20 10 5
428	18 8 4 14
429	6 20 11 19
430	8 6 16 1
431	17 8 2 19
432	12 7 10 14
433	6 7 20 8
434	14 7 8 2
435	13 17 4 5
436	19 7 2 14
437	15 1 20 18
438	17 11 3 12
439	7 2 20 5
440	11 7 6 4
441	1 12 14 8
442	1 13 4 18
443	4 2 3 6
444	2 17 7 16
445	2 11 17 20
446	7 13 3 10
447	13 3 20 10
448	1 19 14 20
449	7 3 6 15
450	4 20 5 16
451	8 7 20 18
452	13 9 16 20
453	13 8 14 1
454	14 7 15 3
455	6 14 18 16
456	10 20 17 11
457	15 16 13 8
458	19 12 5 11
459	4 5 8 2
460	19 7 11 3
461	9 2 8 14
462	9 17 12 6
463	14 16 12 4
464	1 16 20 12
465	9 8 20 7
466	9 11 20 10
467	15 18 1 19
468	8 18 3 4
469	17 2 11 5
470	10 9 8 2
471	3 6 20 13
472	5 4 2 19
473	1 7 9 5
474	8 19 2 14
475	15 12 20 5
476	14 9 5 2
477	9 11 4 19
478	14 5 13 12
479	15 16 9 14
480	10 16 18 13
481	19 12 16 4
482	8 15 2 10
483	16 3 15 9
484	9 16 14 10
485	2 10 19 1
486	8 18 5 3
487	18 2 15 8
488	6 11 12 10
489	19 6 3 5
490	15 13 6 7
491	9 3 17 6
492	9 1 3 4
493	11 9 4 3
494	15 11 1 4
495	18 8 14 9
496	14 17 3 12
497	5 8 2 14
498	10 13 12 5
499	18 13 4 14
500	18 2 12 4
501	10 16 7 14
502	3 9 5 19
503	1 16 3 8
504	13 14 11 10
505	14 11 10 2
506	8 13 6 4
507	14 15 8 10
508	10 9 20 3
509	16 17 4 20
510	20 16 11 6
511	2 18 8 15
512	15 4 2 5
513	2 5 8 1
514	18 9 10 15
515	3 20 17 2
516	11 4 6 9
517	12 8 15 14
518	3 2 11 17
519	5 2 15 13
520	12 5 11 6
521	12 6 20 5
522	13 8 9 11
523	11 6 15 19
524	14 19 6 18
525	8 19 12 2
526	12 2 19 14
527	1 5 10 6
528	9 10 12 2
529	9 12 6 10
530	13 3 6 4
531	10 13 8 9
532	20 5 18 2
533	10 14 12 18
534	4 14 9 17
535	9 18 20 15
536	16 5 11 13
537	16 10 13 14
538	5 16 12 20
539	19 15 14 12
540	10 8 17 19
541	8 5 15 4
542	3 10 17 19
543	8 7 13 15
544	9 1 15 20
545	11 4 15 18
546	14 15 10 12
547	16 17 7 14
548	10 19 20 9
549	4 8 17 9
550	19 17 11 1
551	10 14 9 18
552	17 19 8 6
553	1 6 11 18
554	11 20 18 6
555	6 14 20 13
556	18 5 17 2
557	19 9 8 10
558	11 1 19 3
559	10 8 4 18
560	18 3 8 12
561	2 8 6 1
562	19 6 11 13
563	1 20 8 19
564	8 20 16 7
565	6 1 10 11
566	10 5 2 4
567	12 5 11 3
568	2 5 10 19
569	1 18 5 13
570	19 10 13 12
571	6 18 5 13
572	16 10 3 8
573	6 16 10 19
574	20 11 1 3
575	1 11 5 12
576	4 17 2 8
577	2 18 16 8
578	17 16 20 13
579	13 14 10 9
580	12 6 13 9
581	13 2 19 18
582	10 14 16 9
583	18 20 14 9
584	18 11 16 20
585	4 12 7 15
586	7 4 5 3
587	13 4 15 6
588	10 2 15 7
589	8 1 11 18
590	13 2 4 14
591	8 5 2 13
592	18 3 4 13
593	5 16 15 8
594	7 9 5 15
595	11 12 10 8
596	5 16 2 8
597	18 4 6 2
598	10 3 16 9
599	15 19 16 8
600	11 16 1 15
601	3 9 8 18
602	5 1 9 11
603	1 20 5 6
604	14 3 18 16
605	2 11 3 19
606	12 16 19 9
607	15 19 6 4
608	8 20 19 10
609	17 18 15 7
610	19 6 2 14
611	18 13 7 11
612	5 17 14 7
613	2 12 7 9
614	17 4 11 12
615	8 7 6 18
616	17 8 1 10
617	13 17 11 6
618	16 20 7 5
619	10 2 15 13
620	14 6 3 20
621	9 11 3 2
622	19 1 18 2
623	13 14 5 8
624	6 8 3 13
625	16 18 2 9
626	16 8 11 18
627	15 3 12 14
628	1 16 6 8
629	5 14 8 11
630	6 2 5 10
631	14 11 1 8
632	3 20 13 19
633	2 12 3 19
634	6 5 16 4
635	12 3 19 7
636	10 2 16 1
637	5 9 8 15
638	13 10 2 9
639	16 8 9 18
640	20 3 15 12
641	18 6 14 17
642	20 13 9 1
643	13 8 14 10
644	8 17 13 16
645	8 1 12 15
646	7 20 19 16
647	20 12 14 5
648	20 18 15 11
649	17 20 16 7
650	19 1 18 20
651	8 2 10 14
652	6 12 14 3
653	10 8 6 3
654	11 18 16 12
655	5 6 20 11
656	16 9 13 8
657	19 20 2 1
658	2 8 19 11
659	7 14 20 16
660	16 6 3 7
661	11 5 9 15
662	10 15 7 16
663	12 4 6 16
664	9 6 16 15
665	16 3 10 19
666	20 18 1 12
667	19 8 12 14
668	20 5 3 4
669	12 3 4 2
670	16 1 11 18
671	1 9 20 8
672	15 18 19 2
673	15 4 9 19
674	15 9 12 17
675	2 9 15 8
676	18 9 14 1
677	10 7 17 18
678	18 15 11 19
679	14 7 15 8
680	14 17 9 1
681	16 9 7 13
682	9 1 12 5
683	9 18 2 14
684	5 16 6 17
685	7 8 17 5
686	9 7 1 17
687	3 10 5 17
688	20 7 18 10
689	6 17 10 4
690	2 15 20 1
691	8 16 7 6
692	17 5 15 6
693	18 6 4 10
694	20 16 3 11
695	5 14 6 11
696	3 18 14 12
697	9 11 10 7
698	12 10 19 17
699	14 12 6 5
700	13 19 3 15
701	4 19 11 18
702	7 10 18 1
703	16 2 7 4
704	2 7 11 16
705	13 17 20 19
706	19 10 12 20
707	20 2 16 5
708	2 1 17 8
709	19 1 2 8
710	11 17 5 6
711	4 19 3 5
712	19 1 7 8
713	14 10 19 2
714	6 1 17 18
715	10 18 6 20
716	13 14 9 6
717	19 8 4 6
718	19 15 14 3
719	13 3 2 18
720	17 9 20 3
721	3 17 15 8
722	3 6 10 4
723	9 7 11 2
724	13 18 15 7
725	11 8 10 15
726	9 4 18 14
727	6 19 17 2
728	5 20 10 3
729	1 9 11 13
730	17 20 10 8
731	13 14 11 6
732	2 13 6 15
733	20 17 14 9
734	17 5 15 19
735	17 4 5 15
736	9 18 1 2
737	19 5 3 16
738	1 9 14 7
739	6 8 12 2
740	1 14 19 8
741	16 5 12 18
742	10 18 11 2
743	3 9 6 19
744	19 13 15 7
745	11 6 19 17
746	3 14 1 15
747	6 8 5 20
748	6 11 19 5
749	15 17 18 16
750	6 5 12 7
751	10 4 12 9
752	17 3 4 19
753	13 4 5 7
754	17 19 20 9
755	15 16 6 9
756	20 6 13 19
757	16 11 17 8
758	4 10 11 16
759	5 12 8 14
760	19 2 8 5
761	2 4 14 17
762	20 16 15 6
763	11 9 19 14
764	12 14 5 1
765	11 18 2 20
766	13 15 10 19
767	2 7 14 10
768	11 4 20 10
769	11 13 8 16
770	15 20 7 1
771	2 7 14 3
772	18 6 2 14
773	14 1 8 12
774	19 3 12 1
775	6 4 20 17
776	13 11 6 18
777	5 12 3 13
778	8 2 7 13
779	16 3 9 8
780	8 14 5 18
781	11 14 20 9
782	4 2 19 18
783	3 10 7 15
784	8 10 7 6
785	8 1 12 13
786	16 10 5 2
787	15 11 4 6
788	18 9 3 17
789	9 11 17 15
790	2 3 16 10
791	1 7 8 5
792	8 1 14 16
793	19 5 15 16
794	10 12 15 4
795	18 1 10 20
796	17 9 7 4
797	12 20 8 10
798	12 11 17 13
799	10 2 12 19
800	19 12 9 16
801	11 12 1 14
802	19 7 9 6
803	8 10 13 7
804	6 9 20 3
805	7 9 20 15
806	11 9 8 18
807	13 17 8 3
808	16 8 13 9
809	3 15 13 9
810	3 5 9 10
811	6 11 5 10
812	18 10 3 7
813	3 15 18 2
814	6 9 16 1
815	7 1 11 16
816	14 4 3 20
817	9 2 15 17
818	10 9 5 20
819	13 17 2 8
820	6 2 16 12
821	11 10 6 20
822	6 19 10 13
823	6 2 1 20
824	7 17 5 11
825	16 5 14 7
826	16 8 17 14
827	5 17 10 3
828	7 2 17 9
829	2 10 12 17
830	9 16 1 3
831	16 7 1 3
832	3 11 8 15
833	17 20 2 16
834	17 14 13 16
835	16 7 2 5
836	13 16 10 9
837	11 20 16 7
838	7 11 1 18
839	3 16 20 9
840	18 14 7 4
841	10 6 19 16
842	19 16 9 13
843	1 11 16 17
844	7 15 14 2
845	13 19 18 15
846	4 14 13 3
847	16 3 7 13
848	4 13 18 12
849	12 5 8 15
850	13 3 4 14
851	13 16 8 12
852	9 8 6 20
853	10 16 5 6
854	10 5 6 14
855	18 17 10 12
856	5 20 15 18
857	17 19 18 1
858	12 11 17 10
859	4 16 20 9
860	4 14 11 7
861	11 20 17 16
862	7 8 12 19
863	5 19 20 17
864	3 10 16 7
865	11 19 4 15
866	13 16 5 18
867	5 13 3 2
868	2 19 12 9
869	5 4 20 3
870	17 13 6 8
871	11 4 16 19
872	17 4 20 15
873	9 12 8 17
874	10 8 14 9
875	11 9 16 8
876	17 6 20 11
877	14 11 18 1
878	20 2 15 5
879	5 1 6 20
880	6 14 8 3
881	1 5 8 14
882	14 7 15 10
883	3 16 20 10
884	5 12 11 14
885	3 11 18 13
886	4 2 16 1
887	14 1 11 6
888	12 17 11 18
889	10 14 5 11
890	14 15 19 11
891	16 7 11 19
892	6 17 14 12
893	18 13 15 14
894	12 5 15 11
895	16 17 19 15
896	20 14 11 17
897	2 20 13 5
898	12 10 20 16
899	11 8 15 3
900	18 1 3 2
901	14 9 7 1
902	5 14 1 13
903	4 3 11 18
904	14 16 9 18
905	16 2 8 19
906	7 10 19 14
907	18 17 6 3
908	14 8 17 6
909	5 16 1 13
910	10 8 6 18
911	4 7 18 5
912	20 16 4 13
913	11 7 4 5
914	5 2 20 4
915	13 1 8 17
916	20 9 3 6
917	19 13 12 6
918	20 4 6 14
919	20 17 13 14
920	11 4 17 8
921	4 12 10 8
922	7 10 2 4
923	15 16 1 12
924	16 1 9 15
925	17 6 9 8
926	12 15 10 19
927	1 10 3 6
928	2 18 12 8
929	15 1 16 17
930	8 17 19 5
931	7 5 12 4
932	12 2 4 3
933	12 11 17 15
934	2 20 11 16
935	9 18 15 8
936	20 13 1 4
937	14 13 18 8
938	16 14 1 6
939	5 18 2 16
940	20 17 9 5
941	8 4 10 7
942	4 10 6 5
943	9 16 20 7
944	20 6 7 15
945	8 14 6 4
946	11 18 6 5
947	2 12 9 14
948	6 11 18 1
949	20 15 8 5
950	2 18 3 8
951	11 19 12 8
952	5 1 9 8
953	18 12 13 5
954	9 13 6 7
955	19 13 10 3
956	2 4 5 16
957	6 3 11 8
958	5 6 7 2
959	11 2 1 9
960	12 9 19 3
961	13 7 12 6
962	17 1 7 19
963	14 7 4 15
964	4 18 20 9
965	19 9 1 13
966	9 20 13 4
967	4 7 8 6
968	15 3 11 10
969	11 7 8 6
970	3 20 9 5
971	5 3 20 8
972	14 2 6 10
973	19 13 17 3
974	10 20 14 18
975	14 7 12 15
976	11 14 13 3
977	7 1 11 6
978	20 3 19 12
979	13 7 16 4
980	9 10 3 2
981	1 20 3 15
982	20 18 16 13
983	7 6 18 19
984	4 5 17 13
985	16 1 11 17
986	16 8 13 1
987	5 10 11 20
988	7 13 10 20
989	13 8 10 18
990	6 16 12 17
991	13 12 9 19
992	15 10 4 14
993	14 6 19 4
994	5 1 14 19
995	13 1 6 10
996	10 2 6 3
997	8 3 9 5
998	9 7 6 13
999	9 15 11 2
1000	19 6 7 16
1001	7 14 8 17
1002	16 1 6 5
1003	2 6 1 19
1004	13 1 9 15
1005	19 11 16 7
1006	13 18 2 3
1007	10 11 3 13
1008	3 13 18 17
1009	15 6 5 17
1010	3 17 13 20
1011	3 19 18 10
1012	10 11 9 8
1013	4 16 1 11
1014	5 3 12 11
1015	19 6 15 20
1016	11 16 9 19
1017	13 17 20 4
1018	5 2 14 17
1019	7 16 12 9
1020	6 13 15 11
1021	18 11 10 20
1022	7 18 12 10
1023	17 3 12 10
1024	8 13 20 19
1025	1 4 13 8
1026	3 7 1 6
1027	19 15 6 11
1028	4 14 18 13
1029	17 7 14 3
1030	7 8 1 19
1031	12 15 8 19
1032	5 8 12 10
1033	4 14 2 6
1034	16 11 3 10
1035	1 11 6 14
1036	2 3 19 7
1037	14 20 18 3
1038	17 6 20 10
1039	12 17 13 2
1040	13 11 20 15
1041	16 3 18 12
1042	11 16 15 20
1043	9 1 2 17
1044	19 8 3 17
1045	4 5 6 1
1046	4 6 15 3
1047	3 20 12 13
1048	1 3 18 5
1049	15 13 12 4
1050	20 5 14 16
1051	7 2 20 16
1052	1 4 19 17
1053	12 3 20 13
1054	9 20 7 13
1055	5 7 9 6
1056	8 20 1 18
1057	5 18 1 4
1058	16 11 20 18
1059	9 14 2 10
1060	13 1 16 11
1061	9 11 5 17
1062	17 5 16 6
1063	10 7 18 15
1064	13 20 1 11
1065	20 13 7 1
1066	8 3 20 6
1067	18 13 6 16
1068	10 1 18 8
1069	10 7 20 1
1070	3 16 13 6
1071	12 20 7 6
1072	12 20 1 19
1073	7 13 16 1
1074	13 11 12 20
1075	6 2 16 13
1076	12 13 1 17
1077	9 6 13 1
1078	10 8 15 14
1079	14 16 18 6
1080	3 11 16 20
1081	2 18 10 4
1082	6 12 17 14
1083	13 3 17 14
1084	11 8 14 18
1085	9 4 17 2
1086	5 3 9 20
1087	17 2 1 20
1088	3 4 8 6
1089	8 1 10 2
1090	20 13 8 14
1091	7 14 4 15
1092	6 9 15 19
1093	19 4 1 13
1094	19 14 4 1
1095	3 7 5 18
1096	14 17 19 6
1097	7 10 18 5
1098	1 6 16 19
1099	11 7 20 18
1100	19 5 7 14
1101	5 14 18 8
1102	17 11 7 1
1103	4 6 18 2
1104	6 15 14 13
1105	14 18 15 4
1106	4 1 5 2
1107	9 8 4 2
1108	6 10 15 12
1109	8 16 9 3
1110	8 1 7 20
1111	1 4 12 14
1112	11 17 1 9
1113	7 18 5 12
1114	16 4 2 14
1115	19 8 12 17
1116	10 14 19 18
1117	3 8 14 11
1118	3 16 6 19
1119	6 20 15 18
1120	17 9 12 8
1121	9 6 17 20
1122	7 11 6 2
1123	13 8 6 18
1124	1 2 5 9
1125	15 17 3 12
1126	9 2 17 10
1127	16 17 5 19
1128	14 18 2 20
1129	4 12 8 5
1130	16 14 12 18
1131	6 18 19 10
1132	10 14 8 19
1133	6 7 2 1
1134	6 1 17 13
1135	14 2 19 11
1136	5 9 18 14
1137	17 7 18 19
1138	19 20 16 9
1139	7 20 6 3
1140	14 20 19 7
1141	10 5 7 6
1142	19 3 9 1
1143	14 6 16 3
1144	9 5 4 7
1145	13 8 2 10
1146	8 13 6 15
1147	4 1 13 15
1148	8 6 9 10
1149	7 6 8 12
1150	14 9 11 12
1151	5 2 16 14
1152	9 12 11 3
1153	13 3 19 6
1154	8 4 13 19
1155	17 13 19 16
1156	7 12 16 4
1157	16 10 20 15
1158	15 13 10 1
1159	17 20 1 11
1160	16 14 3 7
1161	2 7 18 9
1162	15 17 4 12
1163	19 5 18 4
1164	19 1 7 4
1165	10 19 1 3
1166	6 15 1 19
1167	6 10 7 2
1168	11 6 18 9
1169	7 1 5 16
1170	16 10 5 8
1171	11 15 14 5
1172	16 2 8 4
1173	2 18 6 13
1174	4 14 13 11
1175	6 16 4 8
1176	2 10 8 9
1177	12 7 10 15
1178	12 9 7 6
1179	5 18 19 16
1180	9 6 12 8
1181	4 10 5 8
1182	3 15 7 1
1183	10 2 14 20
1184	5 1 12 14
1185	4 8 10 3
1186	18 6 11 20
1187	19 1 14 2
1188	9 18 4 13
1189	10 8 17 3
1190	4 1 6 9
1191	13 17 10 5
1192	4 14 3 10
1193	5 20 18 7
1194	2 18 13 6
1195	3 10 8 11
1196	1 15 17 8
1197	15 10 11 17
1198	17 6 19 10
1199	8 4 13 2
1200	3 9 6 12
1201	4 20 5 2
1202	3 4 20 6
1203	18 17 15 10
1204	8 15 2 4
1205	5 15 9 17
1206	5 14 13 15
1207	18 12 20 15
1208	14 9 16 5
1209	8 12 2 11
1210	5 18 17 9
1211	6 7 11 20
1212	19 6 15 1
1213	11 6 9 16
1214	20 18 3 12
1215	3 2 12 15
1216	13 7 16 11
1217	11 4 19 13
1218	5 11 13 1
1219	4 5 1 19
1220	18 20 9 6
1221	7 3 20 17
1222	19 16 1 10
1223	1 15 13 5
1224	14 1 3 18
1225	10 9 8 11
1226	11 8 2 15
1227	7 1 6 5
1228	1 9 4 8
1229	16 2 4 12
1230	2 15 10 8
1231	5 16 20 4
1232	7 14 3 15
1233	5 2 20 13
1234	20 15 18 13
1235	18 6 9 3
1236	7 13 17 5
1237	15 20 12 3
1238	16 18 10 11
1239	4 11 18 5
1240	13 10 14 19
1241	17 9 19 6
1242	19 14 18 4
1243	4 1 16 13
1244	18 16 13 5
1245	5 2 18 9
1246	14 10 13 16
1247	2 14 4 7
1248	19 8 4 18
1249	9 5 1 18
1250	11 2 19 6
1251	19 11 16 2
1252	5 19 1 10
1253	2 11 4 14
1254	6 14 5 16
1255	9 5 7 3
1256	4 10 1 19
1257	17 20 9 8
1258	4 11 2 12
1259	19 14 20 12
1260	1 8 19 9
1261	4 20 3 7
1262	18 14 1 13
1263	6 11 19 15
1264	18 2 17 14
1265	11 5 4 16
1266	15 20 11 9
1267	13 3 8 19
1268	5 11 16 1
1269	20 13 2 1
1270	2 19 9 18
1271	1 12 11 7
1272	8 1 19 17
1273	9 11 4 3
1274	5 1 3 10
1275	16 11 8 14
1276	11 17 8 5
1277	11 15 3 12
1278	7 6 11 18
1279	16 14 5 9
1280	19 4 6 11
1281	10 6 1 17
1282	7 9 6 17
1283	10 20 2 1
1284	1 5 7 11
1285	6 4 13 17
1286	2 18 20 5
1287	1 7 17 16
1288	9 16 19 5
1289	1 6 13 3
1290	1 16 5 3
1291	17 6 19 18
1292	6 15 5 8
1293	3 10 6 13
1294	14 1 10 15
1295	3 12 14 17
1296	14 2 16 19
1297	1 4 18 3
1298	1 12 16 17
1299	6 20 5 16
1300	13 1 9 14
1301	18 12 16 15
1302	15 18 19 16
1303	15 5 20 13
1304	4 6 10 13
1305	10 6 9 7
1306	3 10 5 17
1307	5 3 14 19
1308	12 4 11 20
1309	2 13 20 5
1310	11 7 18 14
1311	18 8 10 17
1312	4 5 18 17
1313	6 13 4 8
1314	17 6 11 7
1315	11 5 8 13
1316	14 17 8 12
1317	11 1 14 12
1318	16 4 7 14
1319	18 12 6 14
1320	2 18 16 3
1321	15 12 4 3
1322	14 13 8 5
1323	18 15 17 8
1324	1 12 20 16
1325	14 17 16 3
1326	2 15 4 6
1327	16 10 1 12
1328	2 18 7 8
1329	6 20 13 5
1330	11 14 16 7
1331	7 3 15 19
1332	4 9 8 5
1333	7 13 20 8
1334	16 15 12 14
1335	19 9 1 4
1336	13 7 18 4
1337	4 5 15 16
1338	15 1 4 5
1339	20 14 2 3
1340	4 6 2 15
1341	13 10 8 19
1342	14 2 3 7
1343	10 4 15 9
1344	2 10 6 14
1345	17 12 6 8
1346	5 17 4 18
1347	6 5 10 4
1348	6 19 17 1
1349	8 15 5 16
1350	8 18 16 9
1351	3 15 17 18
1352	3 9 10 17
1353	5 20 3 1
1354	17 7 15 8
1355	16 17 1 19
1356	10 20 17 6
1357	6 15 4 5
1358	3 12 20 5
1359	4 13 8 6
1360	20 2 16 17
1361	16 2 4 17
1362	10 5 4 11
1363	5 9 14 2
1364	9 12 18 20
1365	6 14 9 19
1366	1 20 4 6
1367	18 8 6 4
1368	18 11 7 14
1369	7 10 2 3
1370	8 11 12 20
1371	7 18 16 6
1372	4 19 20 17
1373	9 10 3 20
1374	1 11 12 9
1375	12 10 11 6
1376	19 11 3 20
1377	19 14 10 20
1378	20 10 14 18
1379	14 3 17 15
1380	14 5 6 17
1381	19 9 3 8
1382	2 10 4 9
1383	7 2 11 9
1384	13 18 14 1
1385	6 11 10 7
1386	18 14 9 8
1387	4 18 13 9
1388	20 4 19 9
1389	15 7 5 10
1390	18 3 4 9
1391	14 20 17 12
1392	12 7 6 15
1393	13 11 1 6
1394	14 5 19 16
1395	18 19 13 16
1396	14 16 7 11
1397	2 12 11 18
1398	1 5 17 8
1399	5 3 15 10
1400	10 17 5 1
1401	14 2 8 12
1402	15 6 4 2
1403	18 7 8 16
1404	2 4 7 19
1405	9 2 6 19
1406	14 18 4 12
1407	8 6 9 17
1408	19 17 9 10
1409	14 20 15 7
1410	3 18 14 6
1411	11 3 20 5
1412	18 19 1 15
1413	11 15 18 4
1414	8 11 9 15
1415	1 7 3 4
1416	16 15 4 5
1417	1 19 12 15
1418	3 6 9 7
1419	2 8 13 18
1420	7 12 16 8
1421	13 9 7 5
1422	6 15 12 14
1423	14 1 13 9
1424	19 9 8 11
1425	18 20 2 5
1426	7 3 11 4
1427	13 7 2 6
1428	2 7 11 6
1429	14 4 9 17
1430	13 6 17 14
1431	11 18 1 20
1432	8 4 5 20
1433	7 12 11 15
1434	6 11 5 8
1435	9 12 10 2
1436	17 12 16 14
1437	10 5 16 11
1438	2 18 10 1
1439	13 3 15 14
1440	20 14 11 9
1441	1 3 8 6
1442	8 7 6 16
1443	18 3 19 4
1444	15 16 3 6
1445	14 16 12 4
1446	11 13 1 2
1447	15 12 19 17
1448	10 17 5 7
1449	10 14 20 9
1450	1 20 6 19
1451	20 1 5 16
1452	17 10 1 8
1453	17 1 16 14
1454	13 20 18 5
1455	6 12 19 5
1456	5 6 11 17
1457	9 15 19 20
1458	7 18 20 16
1459	8 10 17 5
1460	4 11 3 18
1461	16 8 4 14
1462	20 7 18 8
1463	13 4 15 6
1464	4 19 2 17
1465	10 18 12 13
1466	8 19 15 3
1467	12 2 14 15
1468	5 15 18 7
1469	18 7 11 1
1470	2 9 1 6
1471	18 11 4 19
1472	12 13 11 2
1473	6 7 4 1
1474	8 2 12 16
1475	16 3 13 5
1476	1 11 5 7
1477	16 11 10 19
1478	20 15 4 14
1479	15 20 3 6
1480	16 5 11 3
1481	9 8 10 14
1482	8 10 16 19
1483	14 5 3 18
1484	8 13 14 5
1485	3 1 8 5
1486	8 1 7 4
1487	13 16 14 7
1488	6 8 1 20
1489	13 12 10 11
1490	16 17 11 2
1491	7 12 2 10
1492	17 9 18 5
1493	19 16 6 12
1494	4 16 19 2
1495	14 4 2 10
1496	4 6 18 11
1497	7 19 2 18
1498	2 17 18 16
1499	14 15 16 8
1500	8 3 6 10
1501	10 14 19 16
1502	16 12 7 3
1503	10 4 15 16
1504	15 1 19 3
1505	17 3 11 5
1506	18 15 4 17
1507	16 5 8 15
1508	20 10 5 1
1509	19 14 1 17
1510	18 10 6 13
1511	11 17 3 1
1512	14 3 4 2
1513	16 11 15 14
1514	8 11 9 4
1515	10 12 13 17
1516	4 17 18 11
1517	6 14 5 10
1518	10 17 1 6
1519	13 3 20 2
1520	11 10 15 6
1521	14 7 9 17
1522	18 19 17 4
1523	20 18 4 10
1524	16 8 10 15
1525	4 3 7 10
1526	3 4 12 2
1527	19 1 10 9
1528	18 19 15 6
1529	1 7 15 13
1530	8 18 6 17
1531	11 9 14 7
1532	11 18 3 15
1533	4 3 1 7
1534	15 20 2 5
1535	18 6 5 10
1536	17 11 12 10
1537	18 12 20 5
1538	10 1 17 7
1539	18 19 9 13
1540	2 6 16 17
1541	9 4 2 10
1542	18 9 2 8
1543	11 10 14 18
1544	3 15 2 16
1545	3 17 12 9
1546	8 12 18 19
1547	18 14 8 1
1548	2 15 12 7
1549	5 1 20 7
1550	4 16 8 17
1551	10 19 13 15
1552	18 6 8 20
1553	19 2 13 18
1554	13 4 16 1
1555	3 13 16 1
1556	15 20 10 12
1557	19 20 8 17
1558	18 13 3 10
1559	18 11 16 15
1560	13 19 2 18
1561	9 2 6 17
1562	14 10 4 17
1563	13 17 11 12
1564	13 15 7 8
1565	13 16 19 4
1566	16 2 4 15
1567	2 6 12 5
1568	14 3 8 10
1569	17 10 4 6
1570	11 18 20 16
1571	6 4 11 13
1572	13 5 3 18
1573	11 4 17 19
1574	3 5 19 8
1575	19 5 9 18
1576	10 1 7 20
1577	17 9 15 12
1578	3 17 16 19
1579	1 2 14 10
1580	7 14 19 15
1581	10 2 5 3
1582	3 2 7 14
1583	19 20 12 16
1584	1 8 10 20
1585	20 10 17 2
1586	8 4 5 6
1587	16 8 18 13
1588	13 4 9 18
1589	9 10 15 1
1590	19 11 13 15
1591	3 5 7 4
1592	14 20 1 5
1593	5 10 14 16
1594	13 4 17 9
1595	9 4 11 15
1596	1 20 15 5
1597	18 7 10 4
1598	12 9 20 7
1599	15 7 1 19
1600	15 17 2 20
1601	9 17 18 10
1602	13 9 10 3
1603	12 15 5 13
1604	4 11 6 1
1605	6 19 8 15
1606	15 14 7 3
1607	9 20 15 7
1608	3 1 6 4
1609	6 8 2 15
1610	16 12 9 1
1611	4 3 18 20
1612	11 17 14 1
1613	10 3 19 9
1614	19 12 20 9
1615	3 9 4 6
1616	20 5 8 6
1617	15 3 9 5
1618	20 12 13 8
1619	3 4 15 1
1620	1 12 14 9
1621	10 11 6 2
1622	18 2 11 12
1623	13 17 7 10
1624	9 17 4 16
1625	20 17 16 5
1626	9 5 3 14
1627	11 20 17 2
1628	1 2 13 19
1629	12 8 13 17
1630	6 19 17 14
1631	17 5 12 2
1632	15 3 8 13
1633	10 17 11 4
1634	9 8 4 5
1635	6 5 17 14
1636	19 9 16 14
1637	1 10 4 16
1638	7 14 2 18
1639	10 1 17 5
1640	17 13 10 12
1641	12 3 18 13
1642	6 17 14 3
1643	10 15 9 1
1644	9 11 4 18
1645	17 5 15 2
1646	4 7 8 5
1647	17 2 3 1
1648	3 6 5 1
1649	12 3 10 9
1650	5 8 1 19
1651	18 12 8 1
1652	19 15 3 5
1653	20 19 11 6
1654	11 20 7 5
1655	14 5 11 19
1656	2 12 4 5
1657	14 17 20 10
1658	20 4 8 18
1659	5 2 9 17
1660	18 14 20 9
1661	12 2 19 7
1662	9 12 20 4
1663	12 17 18 7
1664	6 5 15 1
1665	2 18 3 1
1666	4 3 9 8
1667	13 3 16 9
1668	19 5 7 15
1669	8 15 14 7
1670	20 2 13 19
1671	5 13 10 9
1672	15 4 2 16
1673	16 15 1 20
1674	20 16 7 10
1675	1 14 15 8
1676	1 9 14 2
1677	15 20 19 3
1678	14 5 9 8
1679	10 17 16 8
1680	17 4 5 8
1681	8 13 12 17
1682	14 5 13 2
1683	4 20 17 19
1684	19 5 1 13
1685	15 18 17 1
1686	11 15 6 16
1687	20 11 1 4
1688	12 16 8 1
1689	12 13 20 1
1690	17 8 4 14
1691	18 6 20 9
1692	5 20 17 13
1693	11 9 2 3
1694	8 10 14 16
1695	14 5 9 10
1696	4 13 19 8
1697	17 16 18 5
1698	13 1 3 20
1699	17 3 16 7
1700	7 20 5 11
1701	10 18 2 5
1702	19 4 20 3
1703	10 9 1 20
1704	6 13 10 16
1705	13 3 17 11
1706	2 9 17 20
1707	10 7 17 16
1708	2 11 16 13
1709	20 15 1 4
1710	8 15 4 1
1711	20 7 5 2
1712	7 9 14 15
1713	2 3 15 13
1714	6 15 1 5
1715	3 8 2 10
1716	20 11 12 5
1717	14 4 7 3
1718	1 13 10 14
1719	4 19 8 20
1720	7 19 6 8
1721	20 5 13 11
1722	18 17 6 4
1723	17 14 13 1
1724	5 15 3 10
1725	19 18 8 2
1726	2 20 10 18
1727	18 15 7 11
1728	12 10 11 18
1729	5 14 9 12
1730	19 18 17 7
1731	2 14 6 16
1732	7 13 17 15
1733	3 16 20 10
1734	3 1 19 2
1735	6 20 4 1
1736	6 13 7 2
1737	9 16 1 13
1738	5 18 2 6
1739	16 9 15 2
1740	4 5 1 10
1741	6 16 17 12
1742	6 10 12 9
1743	12 19 20 10
1744	19 17 14 7
1745	12 4 18 5
1746	12 15 3 11
1747	17 1 10 18
1748	1 5 19 14
1749	4 5 7 14
1750	12 8 11 9
1751	6 17 8 18
1752	8 3 5 12
1753	1 6 18 19
1754	20 12 2 17
1755	7 18 4 20
1756	9 2 4 10
1757	5 10 6 1
1758	4 18 20 8
1759	20 1 2 7
1760	2 5 17 6
1761	19 6 17 2
1762	7 6 16 2
1763	19 4 6 9
1764	8 10 17 16
1765	5 11 20 19
1766	11 13 19 10
1767	16 2 14 10
1768	18 16 12 20
1769	10 15 5 7
1770	17 6 8 20
1771	12 17 14 15
1772	10 6 7 1
1773	11 7 3 16
1774	13 8 16 1
1775	16 1 6 14
1776	6 10 20 2
1777	19 16 7 18
1778	5 3 19 18
1779	10 18 16 4
1780	5 1 16 13
1781	20 2 19 8
1782	9 13 16 11
1783	8 15 5 10
1784	17 15 12 5
1785	14 15 13 16
1786	3 18 15 19
1787	12 4 13 16
1788	12 8 1 15
1789	14 15 10 19
1790	12 1 9 11
1791	9 5 12 11
1792	20 4 3 2
1793	16 15 11 19
1794	14 7 3 1
1795	5 13 7 8
1796	16 9 12 6
1797	3 16 1 7
1798	18 14 19 6
1799	19 16 8 9
1800	2 10 7 5
1801	2 4 16 13
1802	17 19 7 10
1803	15 10 19 14
1804	19 20 9 11
1805	12 5 16 9
1806	6 3 19 5
1807	17 3 2 5
1808	7 8 17 10
1809	13 4 15 16
1810	15 4 13 3
1811	6 12 11 10
1812	6 4 5 15
1813	3 12 15 7
1814	7 19 18 20
1815	19 18 2 17
1816	9 5 2 6
1817	20 4 14 9
1818	2 6 12 17
1819	4 9 20 18
1820	4 19 3 9
1821	18 8 16 5
1822	16 7 18 9
1823	3 6 10 8
1824	11 18 13 16
1825	1 6 11 4
1826	10 4 20 12
1827	2 8 15 19
1828	19 3 12 5
1829	12 9 7 14
1830	14 17 1 19
1831	7 20 18 15
1832	17 2 9 14
1833	9 5 4 18
1834	18 10 12 3
1835	15 12 3 7
1836	12 1 13 10
1837	6 10 1 16
1838	15 14 10 7
1839	7 2 13 10
1840	20 7 16 6
1841	19 7 13 6
1842	3 19 18 7
1843	3 19 2 13
1844	18 11 4 15
1845	18 5 10 17
1846	14 9 5 7
1847	16 2 12 4
1848	10 14 6 15
1849	6 8 10 4
1850	15 19 14 8
1851	7 4 2 15
1852	15 4 9 16
1853	17 20 19 6
1854	4 6 12 16
1855	13 6 16 1
1856	20 18 19 2
1857	11 10 4 13
1858	12 15 20 10
1859	8 18 16 3
1860	6 7 19 5
1861	20 14 17 4
1862	19 7 18 17
1863	16 11 15 14
1864	1 18 11 4
1865	10 8 1 7
1866	2 1 5 19
1867	2 13 8 5
1868	9 16 18 14
1869	16 10 7 14
1870	2 12 3 6
1871	15 3 2 19
1872	19 3 14 8
1873	8 20 6 2
1874	10 12 8 6
1875	6 16 15 1
1876	20 6 13 17
1877	18 10 5 20
1878	1 18 15 7
1879	18 17 3 20
1880	18 15 19 2
1881	9 3 14 20
1882	5 16 7 6
1883	13 11 15 2
1884	20 13 6 7
1885	4 13 15 8
1886	3 20 9 4
1887	11 6 2 14
1888	5 8 15 16
1889	8 4 17 12
1890	10 11 12 3
1891	13 14 2 5
1892	1 7 2 9
1893	11 6 2 7
1894	3 4 19 15
1895	20 16 4 19
1896	9 8 13 12
1897	14 13 5 10
1898	8 15 10 12
1899	17 3 18 10
1900	1 20 16 3
1901	16 1 5 13
1902	15 20 16 2
1903	9 8 11 16
1904	15 10 7 9
1905	17 9 18 20
1906	19 9 3 6
1907	14 1 15 6
1908	9 7 8 3
1909	20 6 16 17
1910	4 20 1 10
1911	12 19 17 15
1912	14 3 10 5
1913	10 20 18 11
1914	19 2 13 3
1915	19 7 17 2
1916	2 20 13 18
1917	12 19 3 13
1918	4 13 20 8
1919	17 15 2 12
1920	20 13 1 16
1921	12 16 6 14
1922	5 6 18 2
1923	10 14 17 13
1924	4 5 8 2
1925	17 19 5 7
1926	8 6 1 4
1927	16 11 14 6
1928	20 6 16 8
1929	15 16 20 19
1930	2 8 13 3
1931	7 2 10 19
1932	3 1 2 12
1933	18 13 8 6
1934	10 3 9 1
1935	13 11 5 1
1936	16 18 2 14
1937	20 8 4 9
1938	17 15 3 5
1939	5 11 19 12
1940	18 19 17 13
1941	18 9 19 7
1942	1 17 9 6
1943	4 2 8 15
1944	17 13 16 3
1945	18 3 2 4
1946	19 8 13 1
1947	19 18 20 7
1948	3 4 9 12
1949	3 5 19 2
1950	8 9 20 19
1951	10 3 8 18
1952	1 15 12 5
1953	18 14 13 8
1954	14 13 17 15
1955	8 12 13 3
1956	8 7 15 13
1957	2 13 9 1
1958	17 6 14 13
1959	1 3 4 6
1960	3 8 6 5
1961	3 19 16 18
1962	10 16 20 18
1963	9 8 7 15
1964	8 14 17 16
1965	7 4 10 20
1966	8 15 7 13
1967	3 1 4 14
1968	17 1 18 10
1969	8 2 16 17
1970	6 7 20 12
1971	9 12 5 17
1972	3 14 19 1
1973	17 19 14 20
1974	7 5 17 16
1975	8 20 14 9
1976	7 16 1 13
1977	9 4 5 20
1978	8 16 1 12
1979	8 4 16 15
1980	19 3 8 20
1981	15 17 13 19
1982	15 14 3 2
1983	11 17 20 18
1984	9 13 10 11
1985	18 13 12 5
1986	9 17 12 6
1987	1 7 17 13
1988	18 3 6 2
1989	20 15 9 14
1990	20 9 18 11
1991	4 16 17 19
1992	13 3 12 6
1993	9 4 12 7
1994	18 4 6 9
1995	18 15 6 1
1996	12 14 9 13
1997	15 8 16 2
1998	11 12 5 13
1999	20 1 17 14
2000	15 10 18 8
2001	9 16 6 14
2002	1 12 16 9
2003	1 14 10 17
2004	15 4 11 5
2005	10 16 11 7
2006	4 19 13 3
2007	18 13 17 12
2008	19 17 13 1
2009	18 11 1 14
2010	13 20 17 3
2011	18 6 16 15
2012	1 12 13 6
2013	4 11 1 18
2014	8 3 13 12
2015	19 15 7 17
2016	5 1 6 16
2017	12 15 7 8
2018	3 19 10 12
2019	18 5 8 17
2020	14 5 18 19
2021	16 13 9 14
2022	9 8 5 12
2023	3 7 16 5
2024	1 4 9 3
2025	1 7 20 13
2026	19 1 5 10
2027	1 17 16 4
2028	4 8 11 7
2029	19 6 7 15
2030	14 10 2 19
2031	14 2 12 3
2032	12 20 5 8
2033	20 6 1 5
2034	8 5 3 13
2035	12 20 15 17
2036	9 8 11 4
2037	11 9 16 3
2038	13 3 20 1
2039	2 15 16 11
2040	2 8 20 9
2041	19 4 3 16
2042	3 9 7 13
2043	10 16 4 7
2044	14 19 7 11
2045	9 19 17 1
2046	18 7 16 10
2047	5 4 10 15
2048	13 5 3 4
2049	3 4 17 18
2050	19 17 2 3
2051	2 19 5 17
2052	8 7 19 14
2053	5 6 19 12
2054	4 6 19 7
2055	10 15 19 18
2056	8 18 12 16
2057	11 20 19 8
2058	7 12 3 4
2059	16 12 6 17
2060	15 19 6 2
2061	18 8 10 2
2062	2 5 19 4
2063	8 11 18 7
2064	6 20 3 11
2065	10 18 14 2
2066	10 4 1 6
2067	8 11 7 13
2068	10 11 17 3
2069	4 2 15 16
2070	10 6 15 19
2071	20 5 14 7
2072	20 2 16 11
2073	19 16 20 17
2074	9 1 4 5
2075	11 20 19 1
2076	9 20 17 1
2077	1 7 14 4
2078	5 16 7 1
2079	10 6 16 1
2080	11 7 4 6
2081	6 14 8 1
2082	8 11 15 9
2083	16 9 7 1
2084	5 13 18 9
2085	13 19 4 5
2086	5 1 11 10
2087	18 1 13 9
2088	15 3 11 7
2089	16 18 2 5
2090	18 15 16 8
2091	6 3 18 1
2092	4 1 20 6
2093	9 11 7 15
2094	3 12 6 20
2095	5 11 7 20
2096	1 4 18 9
2097	5 13 8 15
2098	8 11 13 5
2099	18 15 20 4
2100	15 19 11 20
2101	19 9 18 15
2102	19 16 14 1
2103	2 10 19 9
2104	13 1 12 9
2105	6 18 7 20
2106	3 13 17 19
2107	4 5 1 20
2108	17 2 20 7
2109	18 5 7 16
2110	12 20 2 15
2111	12 2 3 14
2112	2 10 4 6
2113	1 19 6 13
2114	12 19 16 15
2115	15 7 19 5
2116	4 6 15 5
2117	11 14 13 1
2118	20 2 6 18
2119	1 4 6 9
2120	17 8 20 11
2121	12 3 7 6
2122	1 6 9 4
2123	17 3 8 12
2124	6 2 10 17
2125	19 17 20 1
2126	16 13 4 15
2127	11 13 1 7
2128	4 13 16 10
2129	19 13 9 8
2130	18 6 13 9
2131	7 4 13 6
2132	6 20 12 9
2133	20 6 8 4
2134	12 9 13 16
2135	11 3 5 10
2136	17 14 5 4
2137	17 14 20 13
2138	6 16 14 12
2139	10 1 16 20
2140	8 15 9 10
2141	7 13 5 18
2142	10 11 19 5
2143	4 17 7 1
2144	19 16 9 18
2145	5 20 2 15
2146	5 18 10 15
2147	2 11 6 18
2148	7 4 3 11
2149	15 18 13 17
2150	20 10 3 2
2151	20 4 13 11
2152	5 20 11 7
2153	1 5 17 10
2154	10 20 12 15
2155	10 13 1 19
2156	2 9 8 15
2157	15 16 4 13
2158	20 6 11 16
2159	6 19 2 15
2160	6 11 10 19
2161	14 1 13 4
2162	15 11 6 2
2163	6 15 4 20
2164	4 5 10 9
2165	3 4 5 1
2166	3 16 17 20
2167	18 6 19 2
2168	1 5 19 10
2169	16 14 2 4
2170	16 10 6 9
2171	16 18 19 2
2172	2 16 9 3
2173	20 17 18 14
2174	14 11 7 20
2175	1 7 5 10
2176	10 11 20 7
2177	1 3 10 13
2178	8 7 15 10
2179	3 7 17 14
2180	10 20 19 15
2181	17 13 2 15
2182	5 15 12 13
2183	3 16 1 5
2184	7 1 4 12
2185	14 10 11 15
2186	18 19 3 13
2187	6 9 13 19
2188	10 20 17 1
2189	5 8 13 3
2190	6 19 17 2
2191	7 8 16 15
2192	1 14 6 5
2193	4 3 16 8
2194	3 4 19 6
2195	19 8 14 15
2196	17 3 7 13
2197	15 14 16 5
2198	3 2 12 13
2199	11 1 3 9
2200	10 6 3 14
2201	12 11 2 1
2202	5 6 7 4
2203	18 12 9 16
2204	4 17 1 10
2205	1 20 15 10
2206	17 3 4 6
2207	17 11 1 3
2208	11 15 6 16
2209	11 8 10 9
2210	7 17 19 9
2211	13 1 10 17
2212	15 16 3 1
2213	19 6 5 17
2214	16 11 1 6
2215	14 13 20 2
2216	10 2 14 12
2217	2 12 13 6
2218	20 12 2 15
2219	16 17 7 15
2220	1 4 9 13
2221	8 1 4 12
2222	10 3 13 18
2223	20 5 16 12
2224	13 10 12 1
2225	19 18 14 17
2226	19 14 17 15
2227	7 20 2 12
2228	20 6 13 19
2229	14 1 9 5
2230	20 3 15 14
2231	1 15 17 18
2232	6 9 4 11
2233	14 15 3 1
2234	9 18 14 13
2235	17 5 19 7
2236	17 11 3 4
2237	17 2 10 11
2238	12 1 13 15
2239	7 4 20 8
2240	14 8 13 20
2241	2 3 8 12
2242	13 10 14 18
2243	4 5 20 9
2244	18 14 15 19
2245	18 3 8 2
2246	15 12 16 13
2247	13 1 19 17
2248	6 17 18 3
2249	17 10 15 4
2250	8 3 16 7
2251	2 9 4 13
2252	16 19 10 6
2253	18 17 6 11
2254	11 15 1 9
2255	3 8 13 5
2256	19 11 1 2
2257	15 10 9 2
2258	2 4 12 13
2259	9 5 12 18
2260	19 17 8 16
2261	11 4 15 8
2262	12 2 19 18
2263	6 3 20 17
2264	16 12 4 9
2265	18 13 7 12
2266	16 13 17 4
2267	8 14 13 16
2268	18 10 9 2
2269	17 1 2 18
2270	1 12 4 18
2271	13 11 5 6
2272	3 17 4 12
2273	19 4 6 17
2274	11 5 9 4
2275	6 11 1 5
2276	7 9 16 20
2277	11 4 16 19
2278	3 9 13 10
2279	7 10 15 18
2280	10 2 12 9
2281	18 14 20 11
2282	19 16 2 7
2283	2 9 19 8
2284	13 4 10 15
2285	7 3 19 10
2286	1 20 11 17
2287	14 3 4 1
2288	20 12 7 18
2289	11 18 15 5
2290	13 3 12 11
2291	1 15 18 5
2292	15 7 3 5
2293	17 15 3 6
2294	16 10 8 13
2295	7 11 14 20
2296	17 8 4 3
2297	20 5 15 4
2298	9 19 18 20
2299	6 1 5 18
2300	13 4 3 5
2301	9 18 7 8
2302	11 13 12 1
2303	16 1 5 12
2304	3 10 16 7
2305	15 11 3 20
2306	19 1 2 12
2307	10 2 6 13
2308	13 2 16 17
2309	16 5 6 20
2310	9 11 12 14
2311	17 11 6 18
2312	3 20 2 17
2313	3 6 9 8
2314	18 12 19 3
2315	15 5 12 10
2316	3 19 11 14
2317	8 20 9 5
2318	9 7 1 13
2319	20 12 6 5
2320	10 15 19 2
2321	16 18 17 15
2322	17 9 16 2
2323	9 13 10 19
2324	15 8 13 14
2325	5 8 10 4
2326	12 13 19 9
2327	17 4 18 20
2328	18 4 9 2
2329	18 11 6 5
2330	4 12 18 17
2331	2 15 4 13
2332	3 7 15 20
2333	2 18 4 19
2334	9 17 4 15
2335	1 19 5 11
2336	16 20 15 18
2337	3 11 14 7
2338	7 10 16 13
2339	9 12 6 13
2340	16 8 1 13
2341	4 3 5 14
2342	2 1 10 9
2343	18 15 13 3
2344	3 14 6 2
2345	1 14 10 18
2346	7 8 15 4
2347	14 3 1 6
2348	4 9 17 18
2349	7 12 3 15
2350	3 16 18 8
2351	12 6 8 11
2352	12 5 2 1
2353	8 16 13 5
2354	5 20 11 7
2355	5 7 8 14
2356	13 4 20 10
2357	2 5 19 20
2358	18 17 1 11
2359	16 2 6 17
2360	5 14 20 2
2361	4 14 11 12
2362	17 12 20 7
2363	17 6 16 8
2364	10 18 4 20
2365	11 10 9 4
2366	8 5 2 12
2367	4 18 9 15
2368	19 8 5 2
2369	19 20 3 18
2370	16 12 19 5
2371	2 5 14 3
2372	18 7 5 12
2373	3 14 7 1
2374	15 19 13 8
2375	20 4 3 2
2376	13 11 5 3
2377	9 17 15 1
2378	19 18 14 17
2379	17 10 12 15
2380	11 8 15 18
2381	15 5 20 7
2382	9 4 11 8
2383	15 6 14 10
2384	8 11 4 5
2385	10 9 19 17
2386	8 14 19 2
2387	7 17 4 18
2388	13 20 16 12
2389	15 3 9 14
2390	16 5 9 17
2391	17 8 14 11
2392	13 19 7 18
2393	20 8 18 16
2394	11 18 13 15
2395	5 20 14 13
2396	5 14 2 1
2397	19 17 13 12
2398	7 20 10 4
2399	15 18 14 20
2400	14 9 20 13
2401	15 20 11 7
2402	9 6 14 17
2403	18 13 11 6
2404	2 14 18 9
2405	8 19 1 3
2406	20 7 4 15
2407	10 2 8 9
2408	16 13 17 1
2409	17 12 5 4
2410	6 5 11 17
2411	7 10 11 12
2412	10 20 13 2
2413	12 20 11 15
2414	18 3 1 6
2415	5 12 18 17
2416	1 4 18 16
2417	20 2 16 5
2418	10 16 15 5
2419	13 2 10 16
2420	1 4 8 11
2421	7 4 14 16
2422	4 18 16 1
2423	6 18 20 14
2424	9 7 6 17
2425	12 20 8 15
2426	13 18 17 14
2427	15 6 5 16
2428	11 12 3 2
2429	1 16 11 6
2430	12 10 15 5
2431	3 20 11 6
2432	16 17 13 10
2433	17 4 19 8
2434	14 10 17 2
2435	7 11 1 13
2436	1 3 9 16
2437	11 16 1 6
2438	6 15 19 10
2439	18 8 1 16
2440	7 4 17 2
2441	15 3 12 16
2442	20 19 5 4
2443	20 19 9 14
2444	7 10 2 16
2445	18 12 20 9
2446	6 5 8 17
2447	13 20 3 7
2448	20 10 3 2
2449	16 11 8 12
2450	19 2 16 12
2451	12 1 20 18
2452	17 3 18 2
2453	19 20 10 1
2454	19 3 1 16
2455	6 7 10 18
2456	14 20 11 17
2457	16 18 4 7
2458	12 13 7 16
2459	18 10 13 9
2460	16 20 5 12
2461	20 10 5 8
2462	3 20 18 1
2463	15 4 9 20
2464	1 14 4 12
2465	20 13 1 16
2466	7 3 11 2
2467	20 19 14 9
2468	6 20 3 19
2469	7 14 2 9
2470	6 4 5 1
2471	13 19 8 5
2472	18 13 15 4
2473	20 6 17 10
2474	6 14 2 1
2475	15 3 6 9
2476	12 8 17 5
2477	8 12 2 18
2478	19 20 14 6
2479	9 5 19 14
2480	2 10 4 3
2481	20 7 12 3
2482	7 4 13 11
2483	19 13 5 8
2484	5 17 20 7
2485	18 17 16 2
2486	20 8 6 12
2487	7 4 3 14
2488	15 19 18 16
2489	9 2 7 8
2490	6 12 15 18
2491	4 5 6 15
2492	5 4 15 9
2493	8 1 12 2
2494	8 7 1 11
2495	9 10 14 3
2496	4 13 15 1
2497	11 18 13 16
2498	3 18 19 12
2499	4 12 8 1
2500	18 3 4 1
2501	3 1 12 15
2502	15 14 19 18
2503	4 1 2 10
2504	16 2 13 19
2505	17 20 15 3
2506	15 10 7 17
2507	8 20 18 19
2508	5 3 14 18
2509	3 11 16 14
2510	3 11 15 1
2511	4 11 5 13
2512	13 6 20 14
2513	12 20 9 14
2514	12 3 6 2
2515	15 13 12 2
2516	6 4 8 14
2517	1 12 17 9
2518	12 13 10 16
2519	2 11 17 3
2520	12 6 14 5
2521	13 6 7 20
2522	10 4 7 1
2523	8 6 16 3
2524	11 8 16 7
2525	19 10 17 5
2526	9 6 2 19
2527	2 12 1 6
2528	8 12 9 7
2529	2 13 15 20
2530	1 6 10 13
2531	16 17 11 7
2532	10 3 14 4
2533	6 8 13 5
2534	1 4 13 18
2535	2 12 16 14
2536	1 14 16 3
2537	10 11 20 8
2538	10 5 16 13
2539	12 8 20 7
2540	20 6 18 10
2541	5 17 14 20
2542	17 16 2 18
2543	6 12 7 15
2544	11 12 3 1
2545	14 20 12 4
2546	14 18 7 5
2547	14 15 16 2
2548	7 12 8 1
2549	8 6 2 4
2550	20 16 13 6
2551	5 12 16 9
2552	15 10 17 5
2553	20 19 10 18
2554	4 11 17 10
2555	19 12 20 2
2556	6 13 14 7
2557	9 20 5 17
2558	14 4 11 18
2559	16 1 20 17
2560	4 1 16 18
2561	17 9 13 11
2562	19 15 3 9
2563	7 2 4 15
2564	7 19 17 6
2565	11 1 10 9
2566	8 15 5 12
2567	9 2 18 10
2568	18 12 15 17
2569	18 1 10 19
2570	12 11 15 17
2571	20 16 19 3
2572	7 12 5 18
2573	11 19 20 7
2574	3 11 18 8
2575	15 17 18 7
2576	2 9 16 7
2577	16 13 18 15
2578	6 11 14 12
2579	8 5 10 7
2580	7 2 15 19
2581	7 20 1 19
2582	4 7 14 6
2583	9 3 4 17
2584	16 20 7 5
2585	2 16 8 9
2586	18 20 16 3
2587	16 20 9 10
2588	17 15 19 3
2589	15 5 9 18
2590	18 2 4 11
2591	15 10 5 14
2592	19 12 17 3
2593	18 4 19 6
2594	11 17 20 3
2595	2 5 17 6
2596	18 12 5 16
2597	6 11 15 2
2598	17 2 9 6
2599	6 7 5 14
2600	17 4 11 9
2601	13 4 14 11
2602	5 6 19 2
2603	7 6 20 17
2604	17 14 19 12
2605	4 13 6 8
2606	11 9 17 16
2607	10 17 20 8
2608	9 1 19 17
2609	19 11 8 3
2610	13 6 12 18
2611	20 6 9 8
2612	8 5 1 14
2613	17 18 11 16
2614	17 5 7 20
2615	11 10 19 3
2616	8 13 6 3
2617	13 1 7 11
2618	17 4 14 13
2619	5 4 1 2
2620	1 6 2 7
2621	9 12 10 13
2622	10 8 14 4
2623	16 5 4 19
2624	11 10 7 18
2625	11 8 2 16
2626	13 17 1 10
2627	17 12 19 18
2628	19 2 5 7
2629	6 5 15 3
2630	18 2 14 13
2631	3 17 4 1
2632	17 18 11 7
2633	7 14 3 18
2634	17 2 20 10
2635	12 10 18 2
2636	11 18 3 15
2637	12 4 14 13
2638	20 19 11 12
2639	2 16 9 15
2640	3 19 1 2
2641	8 16 14 20
2642	14 2 3 18
2643	14 7 13 6
2644	12 13 19 16
2645	14 17 10 3
2646	8 19 20 1
2647	15 18 13 12
2648	12 8 13 14
2649	18 20 1 16
2650	12 8 15 1
2651	18 14 9 6
2652	16 10 18 20
2653	6 15 9 8
2654	18 11 1 4
2655	9 1 5 11
2656	15 13 10 17
2657	16 2 12 11
2658	11 6 5 17
2659	13 16 3 18
2660	4 13 14 3
2661	8 13 11 10
2662	16 4 14 15
2663	13 12 6 10
2664	20 1 11 16
2665	16 15 10 2
2666	11 9 6 20
2667	14 6 11 12
2668	1 13 17 19
2669	17 11 2 20
2670	10 6 16 8
2671	17 10 13 5
2672	12 6 20 9
2673	20 2 6 15
2674	3 13 7 9
2675	20 19 11 4
2676	2 18 8 16
2677	16 4 17 10
2678	6 1 2 17
2679	2 5 4 19
2680	19 5 6 16
2681	5 19 17 13
2682	20 1 16 12
2683	4 8 6 10
2684	2 14 18 7
2685	6 15 18 17
2686	1 4 12 19
2687	13 20 8 10
2688	11 20 15 12
2689	1 6 16 11
2690	1 6 15 12
2691	3 16 2 1
2692	8 16 9 7
2693	4 11 15 5
2694	16 4 12 15
2695	20 4 12 9
2696	6 1 3 15
2697	3 13 10 6
2698	8 11 20 10
2699	8 3 10 6
2700	16 19 9 2
2701	2 10 13 8
2702	20 18 13 11
2703	17 19 5 12
2704	16 4 11 9
2705	10 16 11 3
2706	5 20 12 9
2707	19 14 3 11
2708	12 14 20 4
2709	20 9 11 15
2710	10 17 13 2
2711	11 10 5 20
2712	15 10 9 7
2713	13 3 19 14
2714	16 4 11 13
2715	15 6 18 10
2716	9 5 20 7
2717	2 13 14 7
2718	17 11 19 13
2719	16 11 18 17
2720	6 14 7 19
2721	1 16 14 12
2722	7 2 17 4
2723	17 20 7 8
2724	20 5 9 11
2725	10 14 4 5
2726	11 19 9 6
2727	6 8 11 18
2728	16 14 13 18
2729	1 7 8 9
2730	3 14 20 16
2731	11 7 14 19
2732	15 8 20 14
2733	6 9 13 17
2734	9 11 14 1
2735	6 16 14 2
2736	17 2 6 16
2737	4 10 19 15
2738	15 11 6 5
2739	3 16 1 11
2740	1 5 4 14
2741	5 9 7 17
2742	14 15 3 18
2743	2 9 4 18
2744	6 10 1 7
2745	7 10 14 8
2746	9 17 19 13
2747	14 9 10 8
2748	2 16 10 14
2749	12 13 2 19
2750	9 7 4 1
2751	16 20 6 17
2752	16 13 14 20
2753	19 14 13 15
2754	4 6 13 12
2755	3 18 19 9
2756	9 15 14 11
2757	7 14 9 6
2758	17 3 6 14
2759	12 3 19 8
2760	4 14 2 7
2761	3 10 11 8
2762	20 8 6 3
2763	3 5 12 1
2764	11 3 20 9
2765	18 1 13 7
2766	18 1 12 20
2767	11 2 4 14
2768	1 6 8 16
2769	19 15 1 12
2770	17 16 8 12
2771	8 9 4 1
2772	18 8 13 1
2773	14 13 4 1
2774	16 6 7 3
2775	16 8 10 11
2776	9 18 17 6
2777	17 2 11 19
2778	2 3 19 11
2779	15 12 3 2
2780	19 3 14 18
2781	18 14 12 15
2782	16 17 11 8
2783	1 2 12 11
2784	19 12 7 2
2785	8 11 19 10
2786	17 9 14 16
2787	6 12 13 11
2788	18 8 2 3
2789	14 8 13 5
2790	10 4 12 14
2791	20 10 6 4
2792	8 16 10 11
2793	19 13 6 4
2794	13 15 7 19
2795	19 11 14 6
2796	5 3 9 12
2797	13 9 20 8
2798	18 8 2 4
2799	13 5 15 18
2800	1 4 14 20
2801	20 15 4 2
2802	9 19 7 18
2803	16 14 6 10
2804	3 4 16 15
2805	10 2 18 11
2806	3 10 15 16
2807	13 6 16 9
2808	17 15 16 1
2809	16 20 4 12
2810	10 6 17 4
2811	8 5 9 13
2812	3 11 17 20
2813	14 1 4 7
2814	12 8 2 16
2815	20 4 13 15
2816	7 2 12 18
2817	5 12 1 9
2818	16 3 1 13
2819	12 10 1 9
2820	18 6 19 9
2821	14 20 13 19
2822	3 20 11 17
2823	12 10 14 16
2824	9 13 16 14
2825	7 2 19 16
2826	18 16 8 20
2827	17 13 15 6
2828	20 6 19 5
2829	12 9 10 1
2830	7 11 13 3
2831	19 17 13 14
2832	5 20 16 6
2833	12 15 1 17
2834	7 2 12 13
2835	5 15 9 17
2836	1 10 11 12
2837	4 12 14 1
2838	3 1 15 20
2839	20 9 15 14
2840	3 11 10 14
2841	15 4 18 1
2842	2 13 18 1
2843	20 12 14 10
2844	3 20 17 7
2845	8 19 17 11
2846	14 1 20 15
2847	9 19 11 14
2848	20 18 2 6
2849	13 2 6 12
2850	5 11 17 2
2851	4 2 10 18
2852	17 13 14 3
2853	17 15 6 3
2854	5 4 19 7
2855	5 3 18 16
2856	2 12 17 8
2857	13 5 17 4
2858	6 17 5 2
2859	17 18 2 12
2860	19 6 16 17
2861	5 11 2 6
2862	9 15 18 1
2863	14 10 15 9
2864	14 8 7 6
2865	6 10 15 2
2866	13 7 3 2
2867	7 6 15 14
2868	7 2 19 15
2869	10 5 15 12
2870	11 2 5 12
2871	15 4 12 13
2872	18 19 9 17
2873	7 5 13 9
2874	12 20 6 10
2875	11 5 19 7
2876	11 1 19 16
2877	13 10 6 15
2878	16 17 4 5
2879	20 10 9 2
2880	19 1 6 10
2881	4 5 20 16
2882	20 19 5 2
2883	18 10 9 4
2884	15 7 19 10
2885	7 17 3 12
2886	5 1 7 15
2887	12 5 6 3
2888	20 3 16 14
2889	16 8 6 12
2890	14 5 1 9
2891	9 11 15 20
2892	2 17 20 6
2893	15 6 10 12
2894	3 9 15 5
2895	3 14 7 16
2896	8 2 12 5
2897	18 16 6 11
2898	14 12 18 6
2899	17 5 18 19
2900	4 1 15 8
2901	15 13 12 16
2902	19 20 11 6
2903	13 14 16 6
2904	6 4 10 5
2905	2 5 10 20
2906	2 18 11 8
2907	18 16 4 14
2908	19 14 11 18
2909	15 17 3 8
2910	11 5 13 9
2911	7 5 2 14
2912	15 8 7 4
2913	7 15 11 19
2914	12 5 9 20
2915	14 12 11 10
2916	9 7 18 19
2917	11 19 20 8
2918	17 14 10 15
2919	12 17 1 14
2920	12 3 1 4
2921	11 5 15 16
2922	3 16 6 17
2923	3 11 10 12
2924	3 9 10 7
2925	2 11 3 19
2926	17 7 13 4
2927	9 10 20 16
2928	3 12 16 4
2929	10 15 20 7
2930	10 20 15 14
2931	2 8 5 10
2932	19 2 11 20
2933	1 4 2 7
2934	18 13 6 9
2935	5 3 19 8
2936	19 20 15 12
2937	11 5 15 16
2938	1 6 8 3
2939	14 7 2 12
2940	5 17 1 8
2941	15 9 12 3
2942	7 16 12 15
2943	19 14 2 15
2944	11 7 5 3
2945	18 20 15 3
2946	15 1 6 10
2947	7 16 12 14
2948	19 10 1 12
2949	10 5 9 13
2950	9 5 7 3
2951	20 1 15 14
2952	7 16 9 10
2953	10 2 6 14
2954	1 12 17 9
2955	4 12 1 8
2956	8 6 12 4
2957	6 14 19 18
2958	4 9 5 10
2959	18 10 7 17
2960	9 16 15 17
2961	11 16 2 14
2962	19 11 9 1
2963	18 17 8 13
2964	3 15 20 5
2965	16 19 13 5
2966	12 18 1 6
2967	4 8 17 11
2968	12 10 1 16
2969	5 13 18 2
2970	13 3 5 6
2971	10 1 20 9
2972	9 16 17 3
2973	17 16 4 14
2974	4 11 15 20
2975	17 20 1 15
2976	12 11 10 7
2977	9 16 10 18
2978	4 19 18 1
2979	7 20 8 1
2980	20 16 9 17
2981	3 9 18 19
2982	1 2 7 16
2983	1 11 20 8
2984	9 15 10 4
2985	13 12 7 16
2986	14 5 19 1
2987	3 2 7 20
2988	14 6 20 18
2989	11 8 14 17
2990	19 18 14 11
2991	4 10 16 3
2992	18 14 13 11
2993	10 12 14 6
2994	13 19 10 1
2995	1 6 11 20
2996	9 18 14 13
2997	4 2 19 8
2998	4 16 3 10
2999	13 8 9 10
3000	12 9 1 5
3001	6 16 19 4
3002	14 7 17 12
3003	15 2 10 4
3004	12 1 19 10
3005	8 17 19 10
3006	6 3 19 16
3007	1 10 9 6
3008	3 10 4 1
3009	12 13 1 14
3010	10 12 5 16
3011	13 7 17 11
3012	1 3 2 16
3013	4 15 11 18
3014	19 10 12 18
3015	20 7 14 15
3016	2 20 6 11
3017	16 3 19 12
3018	6 9 4 7
3019	14 18 2 9
3020	18 14 20 16
3021	5 9 12 6
3022	19 12 9 15
3023	16 20 14 6
3024	8 1 16 15
3025	20 3 13 18
3026	10 20 17 7
3027	13 15 5 6
3028	3 4 16 7
3029	14 5 8 20
3030	3 17 7 1
3031	6 5 15 8
3032	6 1 13 8
3033	15 18 12 11
3034	5 15 8 7
3035	7 4 16 13
3036	18 9 16 15
3037	11 2 7 9
3038	2 17 12 7
3039	6 17 13 19
3040	20 9 17 6
3041	9 6 17 19
3042	20 10 11 18
3043	7 4 14 17
3044	12 11 14 2
3045	20 2 10 19
3046	20 3 18 7
3047	7 19 9 6
3048	2 20 13 3
3049	2 3 10 18
3050	2 10 20 12
3051	12 5 4 20
3052	5 1 13 18
3053	11 6 1 12
3054	15 14 17 3
3055	8 11 19 14
3056	16 4 2 3
3057	19 2 15 7
3058	18 12 7 3
3059	3 14 6 18
3060	6 5 2 18
3061	7 10 1 8
3062	11 7 12 18
3063	14 11 5 8
3064	5 9 6 11
3065	13 15 14 18
3066	17 12 5 16
3067	16 11 14 20
3068	13 8 2 6
3069	18 16 9 11
3070	8 1 13 14
3071	17 14 18 8
3072	8 14 6 12
3073	11 13 16 12
3074	3 6 19 16
3075	8 11 1 15
3076	13 12 7 10
3077	12 2 14 8
3078	11 5 7 13
3079	4 11 18 3
3080	14 1 18 17
3081	10 5 16 19
3082	8 18 5 19
3083	11 13 5 20
3084	12 1 5 11
3085	20 11 3 17
3086	4 19 16 14
3087	12 8 7 14
3088	20 11 19 9
3089	16 14 10 2
3090	18 10 19 20
3091	4 15 6 12
3092	4 2 16 17
3093	13 18 20 1
3094	14 2 12 10
3095	16 2 4 18
3096	11 4 1 3
3097	8 19 15 9
3098	14 6 3 2
3099	20 6 1 5
3100	17 20 7 19
3101	17 13 1 20
3102	5 14 3 20
3103	10 16 7 15
3104	19 16 6 11
3105	3 14 9 11
3106	17 1 3 10
3107	3 10 2 18
3108	10 14 12 13
3109	4 8 20 15
3110	13 3 6 4
3111	20 1 16 6
3112	17 13 7 11
3113	14 9 3 8
3114	2 19 5 11
3115	19 20 2 9
3116	7 14 1 6
3117	2 18 9 1
3118	9 17 16 2
3119	14 11 6 4
3120	9 14 8 1
3121	8 16 3 9
3122	1 17 15 5
3123	4 9 12 1
3124	1 16 17 4
3125	8 9 14 1
3126	20 10 8 19
3127	14 19 20 3
3128	17 19 13 18
3129	9 8 20 5
3130	19 20 6 7
3131	19 15 9 2
3132	4 17 15 12
3133	2 20 10 1
3134	19 18 9 5
3135	3 20 12 6
3136	8 5 3 7
3137	1 6 17 4
3138	9 5 6 7
3139	7 12 14 9
3140	13 14 11 20
3141	8 6 10 17
3142	8 14 4 20
3143	15 6 12 8
3144	20 12 2 6
3145	19 16 14 6
3146	17 16 18 13
3147	10 13 6 12
3148	12 8 13 4
3149	7 19 9 1
3150	20 8 13 2
3151	7 20 14 9
3152	20 3 13 16
3153	5 17 16 18
3154	13 19 9 6
3155	7 2 5 19
3156	17 6 12 14
3157	20 6 17 19
3158	20 14 6 18
3159	2 6 13 14
3160	11 18 13 14
3161	20 2 17 5
3162	20 5 17 6
3163	5 9 18 12
3164	11 17 2 14
3165	16 1 5 8
3166	2 18 20 4
3167	4 20 13 8
3168	15 6 12 9
3169	12 14 9 6
3170	12 5 13 1
3171	7 15 4 11
3172	11 12 19 10
3173	2 5 20 19
3174	2 4 18 8
3175	19 2 14 1
3176	2 20 18 19
3177	10 7 20 16
3178	10 8 18 6
3179	5 2 13 14
3180	8 18 5 4
3181	15 11 20 6
3182	3 5 16 1
3183	9 19 3 2
3184	14 13 19 18
3185	11 10 1 20
3186	6 8 14 17
3187	13 15 9 3
3188	15 9 18 2
3189	3 16 6 18
3190	13 10 17 2
3191	10 16 8 15
3192	1 19 11 8
3193	10 18 11 20
3194	11 6 12 7
3195	17 2 8 15
3196	10 9 8 3
3197	3 11 16 14
3198	19 1 2 8
3199	12 7 11 13
3200	12 16 7 18
3201	18 19 20 11
3202	19 15 1 18
3203	5 7 9 16
3204	5 20 19 12
3205	4 10 3 15
3206	12 2 5 14
3207	4 14 2 18
3208	2 19 5 14
3209	11 10 20 12
3210	5 9 12 20
3211	15 20 2 8
3212	8 2 19 7
3213	4 5 20 16
3214	5 10 3 4
3215	10 6 5 13
3216	9 15 17 13
3217	14 16 7 9
3218	20 10 3 11
3219	15 5 20 19
3220	4 6 5 20
3221	2 6 12 15
3222	10 5 6 13
3223	5 4 16 6
3224	18 17 14 8
3225	19 2 13 8
3226	19 18 17 10
3227	11 19 15 12
3228	17 3 13 8
3229	12 11 6 16
3230	1 6 9 20
3231	10 19 20 3
3232	9 7 5 19
3233	5 3 8 17
3234	15 6 13 9
3235	16 8 9 15
3236	8 1 3 4
3237	4 7 1 5
3238	12 8 19 20
3239	14 2 17 5
3240	13 8 4 10
3241	19 16 7 17
3242	13 10 18 7
3243	8 16 1 10
3244	7 12 1 13
3245	10 8 18 12
3246	15 20 1 6
3247	1 4 11 17
3248	2 18 11 9
3249	2 12 6 10
3250	10 6 9 15
3251	14 9 11 13
3252	14 19 3 18
3253	15 4 3 16
3254	17 1 9 6
3255	17 4 15 3
3256	7 16 12 8
3257	3 8 15 2
3258	19 20 8 6
3259	1 3 7 13
3260	15 11 10 16
3261	15 1 7 16
3262	13 18 9 12
3263	10 19 13 18
3264	19 2 9 7
3265	6 15 19 14
3266	13 11 3 15
3267	3 15 18 14
3268	10 16 3 9
3269	7 9 15 13
3270	16 13 4 9
3271	5 11 9 6
3272	12 5 7 2
3273	3 14 2 13
3274	5 20 11 12
3275	18 9 2 17
3276	1 6 17 20
3277	20 19 2 1
3278	2 3 19 13
3279	11 18 15 17
3280	11 8 19 9
3281	6 3 8 7
3282	17 8 18 9
3283	17 11 1 6
3284	14 3 15 10
3285	4 14 18 17
3286	10 11 2 4
3287	8 2 19 5
3288	8 17 10 11
3289	17 7 12 8
3290	4 2 11 18
3291	14 16 13 3
3292	15 10 7 19
3293	3 5 10 7
3294	18 15 20 19
3295	1 10 3 8
3296	7 3 8 18
3297	13 20 15 19
3298	6 10 9 13
3299	12 19 3 20
3300	20 8 14 1
3301	7 1 10 19
3302	15 1 18 11
3303	10 16 8 5
3304	8 1 2 9
3305	7 10 16 17
3306	13 11 3 17
3307	17 4 5 20
3308	14 11 13 15
3309	9 16 13 12
3310	12 3 13 1
3311	6 11 4 2
3312	16 14 13 15
3313	2 10 9 8
3314	11 1 16 19
3315	17 1 3 13
3316	12 4 20 13
3317	4 18 10 7
3318	14 19 8 2
3319	14 18 2 19
3320	11 5 7 16
3321	18 17 15 2
3322	6 11 20 4
3323	5 10 13 18
3324	14 13 16 2
3325	1 7 6 20
3326	15 18 11 3
3327	3 16 1 10
3328	7 16 18 15
3329	12 5 4 16
3330	2 6 12 8
3331	10 1 6 4
3332	5 10 6 9
3333	8 6 13 5
3334	10 15 8 13
3335	17 15 13 16
3336	14 9 4 1
3337	7 8 13 16
3338	17 19 5 14
3339	8 16 4 18
3340	19 18 3 2
3341	15 17 5 12
3342	15 10 6 9
3343	2 8 7 17
3344	6 2 14 18
3345	14 18 4 3
3346	1 14 13 19
3347	4 3 8 9
3348	7 6 3 18
3349	4 20 19 17
3350	20 19 3 7
3351	17 6 5 13
3352	16 15 13 3
3353	17 11 4 6
3354	17 12 14 4
3355	19 17 8 7
3356	6 19 13 8
3357	4 11 6 14
3358	7 19 16 12
3359	3 15 5 1
3360	11 17 13 6
3361	11 10 2 14
3362	2 8 15 17
3363	9 16 1 17
3364	12 6 2 14
3365	7 12 13 20
3366	7 20 11 12
3367	3 9 20 15
3368	9 7 11 2
3369	18 5 4 10
3370	17 2 7 8
3371	19 18 14 17
3372	20 3 15 2
3373	8 19 6 14
3374	8 1 3 6
3375	9 16 14 15
3376	20 4 2 7
3377	6 9 2 13
3378	9 14 8 18
3379	14 13 17 9
3380	6 16 3 7
3381	20 13 17 15
3382	11 19 6 13
3383	15 7 10 8
3384	12 8 18 5
3385	19 16 12 18
3386	10 6 20 17
3387	13 4 6 15
3388	2 11 9 19
3389	10 9 8 12
3390	13 19 20 14
3391	19 5 3 10
3392	5 11 12 2
3393	7 9 11 3
3394	20 5 19 10
3395	7 13 18 9
3396	7 9 11 19
3397	2 4 17 5
3398	7 1 18 14
3399	9 1 17 12
3400	6 8 9 5
3401	17 8 18 3
3402	17 2 6 20
3403	1 5 7 16
3404	9 4 19 10
3405	8 16 18 17
3406	7 17 11 8
3407	2 14 19 3
3408	10 13 14 4
3409	6 18 2 1
3410	7 17 8 14
3411	3 10 19 5
3412	20 15 6 18
3413	18 17 9 11
3414	17 12 4 5
3415	4 10 11 12
3416	11 19 12 1
3417	12 9 2 4
3418	16 3 2 8
3419	1 14 17 6
3420	17 19 4 16
3421	15 1 18 10
3422	7 6 10 16
3423	8 2 15 3
3424	5 8 16 10
3425	14 6 9 12
3426	18 5 9 8
3427	13 19 14 10
3428	12 20 15 2
3429	2 19 17 5
3430	2 14 19 6
3431	16 9 3 6
3432	9 4 7 1
3433	15 18 4 9
3434	1 2 6 15
3435	14 17 7 19
3436	10 4 3 13
3437	12 18 6 4
3438	15 19 17 8
3439	12 16 6 20
3440	3 13 11 18
3441	8 16 14 10
3442	15 16 9 8
3443	13 15 3 6
3444	7 19 16 12
3445	2 6 20 4
3446	6 11 12 5
3447	2 1 3 8
3448	18 5 20 1
3449	13 16 10 1
3450	6 8 18 15
3451	5 9 20 7
3452	5 18 4 14
3453	3 11 10 20
3454	4 20 2 3
3455	8 7 15 19
3456	17 18 4 10
3457	8 2 13 18
3458	11 7 9 13
3459	8 15 6 5
3460	13 4 8 20
3461	17 18 20 8
3462	4 15 12 16
3463	10 16 4 12
3464	8 15 7 20
3465	1 14 17 2
3466	13 8 20 6
3467	12 17 8 6
3468	10 12 11 13
3469	5 7 4 6
3470	7 12 20 19
3471	12 15 11 4
3472	3 5 1 7
3473	15 16 5 6
3474	1 9 15 13
3475	19 20 7 4
3476	15 4 11 16
3477	6 11 3 7
3478	16 12 1 9
3479	16 6 3 15
3480	12 5 20 2
3481	17 8 12 10
3482	19 1 12 20
3483	1 16 9 10
3484	9 14 10 4
3485	10 13 18 14
3486	4 20 17 1
3487	9 2 3 14
3488	1 5 18 20
3489	19 15 7 1
3490	5 17 10 12
3491	15 4 18 14
3492	18 6 8 9
3493	5 8 10 6
3494	17 15 8 19
3495	4 3 6 1
3496	6 9 12 7
3497	4 14 17 5
3498	1 6 10 20
3499	1 12 3 5
3500	20 17 4 11
3501	12 15 10 3
3502	20 1 6 11
3503	8 13 2 5
3504	11 20 14 17
3505	18 6 13 2
3506	13 17 8 19
3507	18 3 1 20
3508	3 19 18 2
3509	19 17 11 1
3510	20 11 8 6
3511	14 11 2 1
3512	17 4 3 16
3513	5 2 16 18
3514	2 13 12 4
3515	15 5 1 8
3516	5 6 16 2
3517	18 7 9 2
3518	7 8 17 14
3519	9 18 7 12
3520	20 10 19 2
3521	12 11 13 6
3522	12 11 1 6
3523	11 20 18 1
3524	4 16 8 13
3525	1 13 3 16
3526	18 19 10 5
3527	18 1 5 20
3528	12 14 18 16
3529	10 17 14 7
3530	2 8 6 9
3531	11 8 15 20
3532	20 13 3 10
3533	12 7 17 3
3534	3 18 12 20
3535	8 2 11 10
3536	15 8 2 7
3537	6 13 5 7
3538	2 18 8 14
3539	20 16 19 5
3540	11 1 19 3
3541	6 3 17 9
3542	8 6 5 11
3543	3 18 11 20
3544	13 7 8 11
3545	17 7 16 20
3546	15 2 13 10
3547	11 8 19 20
3548	13 14 8 1
3549	13 9 16 11
3550	10 16 4 9
3551	18 1 5 16
3552	6 8 11 9
3553	12 20 18 13
3554	20 5 13 11
3555	7 4 11 16
3556	10 18 8 20
3557	1 18 2 14
3558	15 9 19 7
3559	17 19 4 3
3560	5 6 8 12
3561	13 7 16 10
3562	8 4 3 1
3563	18 19 5 1
3564	19 5 3 16
3565	14 16 17 9
3566	9 20 7 13
3567	15 16 11 17
3568	3 9 5 11
3569	6 17 1 5
3570	18 10 11 6
3571	16 20 10 9
3572	19 3 20 14
3573	14 8 19 3
3574	3 20 18 1
3575	8 19 7 9
3576	7 11 20 4
3577	18 8 13 6
3578	8 11 15 9
3579	5 6 1 13
3580	20 3 9 15
3581	9 13 5 20
3582	10 15 20 6
3583	12 11 1 16
3584	15 12 6 2
3585	14 4 13 11
3586	9 10 17 8
3587	8 3 20 13
3588	6 17 2 11
3589	8 9 11 4
3590	11 4 17 15
3591	13 14 20 19
3592	9 7 19 15
3593	18 3 17 20
3594	8 14 19 18
3595	11 17 12 4
3596	16 5 15 18
3597	8 11 18 7
3598	3 20 7 16
3599	4 19 14 2
3600	10 15 18 7
3601	3 8 10 13
3602	8 6 18 4
3603	19 2 6 11
3604	1 9 14 15
3605	9 15 16 3
3606	20 16 14 10
3607	5 16 17 7
3608	1 3 15 19
3609	3 2 8 18
3610	17 16 6 1
3611	13 17 6 12
3612	4 11 3 18
3613	1 6 12 14
3614	10 13 4 3
3615	16 14 10 5
3616	5 7 18 15
3617	9 1 14 3
3618	4 15 12 11
3619	3 7 18 14
3620	3 15 5 10
3621	3 19 8 12
3622	3 15 13 2
3623	17 19 2 1
3624	9 18 12 7
3625	18 19 16 13
3626	11 13 16 8
3627	17 11 13 16
3628	19 12 2 3
3629	7 2 3 11
3630	5 9 16 13
3631	17 5 15 16
3632	5 8 16 12
3633	17 1 14 3
3634	20 5 7 8
3635	4 2 7 13
3636	14 7 11 1
3637	8 5 16 12
3638	1 12 15 10
3639	8 15 13 2
3640	11 10 14 5
3641	13 15 18 7
3642	16 5 10 18
3643	2 3 6 11
3644	12 4 10 6
3645	18 12 10 13
3646	12 10 7 18
3647	13 7 9 14
3648	20 16 11 1
3649	2 6 18 8
3650	15 13 9 12
3651	16 9 4 8
3652	9 20 5 2
3653	6 18 10 9
3654	5 8 16 17
3655	1 10 19 16
3656	15 18 3 6
3657	1 14 3 11
3658	5 14 1 7
3659	16 6 8 19
3660	13 5 11 16
3661	3 7 9 4
3662	10 12 16 13
3663	12 10 18 4
3664	14 2 3 8
3665	19 18 17 12
3666	5 18 19 17
3667	17 16 9 5
3668	20 2 18 7
3669	4 18 14 1
3670	10 2 20 18
3671	6 8 15 17
3672	16 15 11 17
3673	20 9 8 15
3674	7 14 9 19
3675	3 8 20 14
3676	16 9 7 5
3677	1 2 4 8
3678	8 18 7 15
3679	17 13 7 10
3680	5 15 12 10
3681	10 16 11 19
3682	19 11 14 2
3683	18 14 7 6
3684	4 15 1 8
3685	2 15 7 20
3686	1 4 11 9
3687	2 18 1 14
3688	13 2 14 7
3689	4 15 11 9
3690	6 1 11 13
3691	13 19 2 16
3692	17 19 14 13
3693	10 9 13 2
3694	10 18 3 15
3695	17 11 20 1
3696	8 14 2 1
3697	17 18 12 6
3698	14 11 3 19
3699	11 19 9 14
3700	4 18 15 8
3701	11 19 15 13
3702	17 2 1 12
3703	2 12 19 13
3704	8 4 1 3
3705	14 9 16 11
3706	4 5 1 17
3707	3 11 17 18
3708	2 11 20 15
3709	15 4 12 17
3710	9 12 15 20
3711	10 9 6 20
3712	16 20 2 19
3713	3 2 10 8
3714	17 5 9 3
3715	11 14 15 1
3716	15 11 7 14
3717	9 2 7 12
3718	15 10 13 11
3719	10 1 7 14
3720	5 16 15 6
3721	12 14 7 20
3722	8 6 2 3
3723	14 4 7 13
3724	18 5 12 11
3725	13 7 15 8
3726	17 13 5 2
3727	4 12 10 19
3728	20 2 13 17
3729	18 19 15 17
3730	17 10 15 3
3731	11 18 20 15
3732	10 6 17 14
3733	7 19 9 1
3734	18 6 20 16
3735	9 7 19 20
3736	13 15 10 11
3737	20 17 10 4
3738	4 13 14 9
3739	14 18 8 9
3740	12 8 2 14
3741	2 9 16 15
3742	12 4 5 16
3743	17 15 11 2
3744	17 10 14 13
3745	7 18 8 9
3746	19 4 11 17
3747	10 7 13 5
3748	16 5 13 8
3749	15 1 9 20
3750	2 19 9 18
3751	16 17 10 7
3752	14 3 7 13
3753	2 1 20 4
3754	7 5 4 11
3755	16 14 20 9
3756	10 9 7 3
3757	1 19 4 17
3758	1 18 8 13
3759	19 18 1 11
3760	9 6 8 19
3761	8 11 18 20
3762	12 7 16 2
3763	3 20 1 8
3764	6 2 5 12
3765	16 17 4 15
3766	18 15 19 10
3767	1 9 15 12
3768	14 19 1 10
3769	3 15 16 6
3770	9 15 19 18
3771	10 8 2 19
3772	20 15 3 9
3773	10 20 7 1
3774	13 16 3 14
3775	4 18 20 19
3776	8 18 13 9
3777	13 8 6 10
3778	10 18 4 15
3779	8 9 3 10
3780	14 7 17 20
3781	14 11 17 1
3782	9 15 3 14
3783	2 15 20 14
3784	1 5 6 13
3785	9 3 13 10
3786	16 12 18 11
3787	8 16 14 13
3788	18 2 6 13
3789	15 6 5 20
3790	8 12 7 4
3791	6 9 2 7
3792	8 15 10 16
3793	11 14 7 15
3794	9 14 4 3
3795	16 5 1 2
3796	12 6 3 10
3797	2 7 20 3
3798	8 18 10 14
3799	18 13 12 7
3800	5 18 11 8
3801	11 13 18 4
3802	20 14 11 15
3803	7 4 10 15
3804	1 2 20 16
3805	14 17 12 8
3806	4 19 3 12
3807	14 9 15 11
3808	11 16 9 4
3809	13 1 8 10
3810	20 14 17 11
3811	20 6 1 9
3812	15 6 2 3
3813	2 8 14 16
3814	2 14 9 18
3815	11 2 13 12
3816	15 4 16 3
3817	18 7 14 13
3818	16 5 17 19
3819	14 13 18 7
3820	3 7 4 18
3821	6 13 2 12
3822	19 20 12 6
3823	5 1 14 11
3824	2 10 16 6
3825	12 8 16 19
3826	10 12 5 17
3827	18 19 9 20
3828	15 10 5 9
3829	18 2 4 7
3830	16 6 19 3
3831	8 3 2 5
3832	11 4 5 3
3833	11 6 8 19
3834	6 8 12 3
3835	18 3 14 10
3836	5 11 3 10
3837	17 14 20 9
3838	6 15 13 1
3839	8 12 7 13
3840	9 16 4 13
3841	2 9 6 18
3842	14 2 11 9
3843	10 12 11 19
3844	7 9 20 17
3845	9 15 11 16
3846	20 5 18 3
3847	19 12 11 8
3848	2 13 4 8
3849	6 5 16 20
3850	1 10 7 18
3851	18 8 16 6
3852	9 6 12 20
3853	4 13 18 17
3854	2 16 9 3
3855	7 5 2 14
3856	14 6 15 16
3857	7 17 14 16
3858	10 13 18 8
3859	12 13 9 6
3860	16 15 7 6
3861	16 8 1 14
3862	14 16 11 13
3863	10 3 11 20
3864	5 19 4 13
3865	7 1 8 16
3866	1 18 6 10
3867	6 19 2 20
3868	10 15 17 18
3869	20 9 18 12
3870	17 13 6 2
3871	2 13 16 19
3872	4 11 14 9
3873	11 2 16 13
3874	4 20 8 2
3875	3 17 2 10
3876	7 12 16 14
3877	7 3 14 19
3878	6 3 19 9
3879	11 17 3 1
3880	3 16 4 2
3881	9 11 8 15
3882	8 7 11 16
3883	10 8 6 20
3884	11 13 4 2
3885	8 13 2 11
3886	11 5 7 17
3887	11 1 4 5
3888	6 18 10 1
3889	14 3 15 16
3890	19 12 15 3
3891	1 19 12 8
3892	6 20 1 13
3893	2 18 12 8
3894	11 2 20 4
3895	8 10 6 19
3896	10 13 8 7
3897	2 11 14 8
3898	9 16 4 20
3899	1 10 16 6
3900	15 11 4 8
3901	11 13 2 16
3902	1 17 3 2
3903	19 6 18 7
3904	16 14 6 10
3905	6 11 2 15
3906	4 8 20 12
3907	17 3 18 15
3908	3 13 17 6
3909	4 15 14 16
3910	2 5 13 8
3911	14 6 17 5
3912	7 4 10 13
3913	6 7 9 12
3914	17 9 16 5
3915	12 5 17 4
3916	6 7 5 19
3917	10 5 14 6
3918	13 10 16 20
3919	15 6 11 4
3920	2 20 1 12
3921	12 4 3 2
3922	1 6 10 12
3923	9 19 17 8
3924	3 19 11 18
3925	13 20 15 17
3926	7 19 6 18
3927	16 11 3 9
3928	13 4 6 19
3929	10 8 19 6
3930	8 10 12 14
3931	4 17 1 11
3932	18 13 2 16
3933	19 9 12 6
3934	1 10 17 5
3935	10 8 3 12
3936	5 7 20 3
3937	9 12 13 19
3938	3 13 9 2
3939	17 14 13 15
3940	17 2 4 20
3941	17 13 10 5
3942	8 2 11 4
3943	3 7 20 12
3944	11 20 5 13
3945	11 18 13 20
3946	10 8 20 9
3947	16 17 7 6
3948	13 14 1 2
3949	4 15 16 9
3950	1 9 5 7
3951	17 8 20 19
3952	18 19 15 17
3953	18 1 14 2
3954	3 1 11 15
3955	5 20 17 6
3956	5 16 8 20
3957	15 5 14 8
3958	1 10 12 7
3959	4 20 19 6
3960	15 14 16 10
3961	4 9 2 17
3962	9 14 1 3
3963	6 19 16 18
3964	18 16 15 1
3965	18 8 11 7
3966	20 6 1 12
3967	3 20 13 11
3968	10 7 20 9
3969	17 13 6 3
3970	18 1 5 6
3971	18 12 9 11
3972	10 15 18 16
3973	12 1 5 10
3974	19 20 2 5
3975	3 18 19 14
3976	16 10 2 4
3977	14 16 5 9
3978	20 3 9 1
3979	11 5 4 10
3980	5 14 18 2
3981	13 2 11 3
3982	6 10 4 9
3983	15 11 3 4
3984	13 8 7 5
3985	15 17 9 14
3986	6 5 3 17
3987	16 18 9 14
3988	6 11 1 20
3989	9 16 17 14
3990	20 6 17 19
3991	10 14 20 3
3992	11 4 7 13
3993	3 16 15 17
3994	4 15 18 5
3995	3 11 13 5
3996	8 13 10 20
3997	16 7 10 4
3998	4 1 19 3
3999	15 9 2 5
4000	15 3 17 14
