Students	4000
1	2 16 14 20
2	4 10 14 9
3	16 9 20 5
4	8 15 5 18
5	13 6 18 3
6	5 19 16 7
7	14 7 11 12
8	3 17 1 20
9	16 15 17 10
10	2 15 8 19
11	2 5 11 18
12	20 1 2 18
13	4 19 16 5
14	19 18 1 15
15	19 5 9 20
16	3 19 1 11
17	16 18 1 13
18	12 14 9 16
19	18 7 9 12
20	6 8 14 12
21	2 15 11 18
22	4 16 8 18
23	8 13 4 7
24	5 3 9 15
25	16 17 12 2
26	18 1 7 11
27	20 16 4 5
28	14 19 3 6
29	15 6 1 20
30	10 18 8 5
31	15 6 7 9
32	13 5 4 11
33	15 5 17 9
34	8 17 5 20
35	9 1 15 2
36	20 6 19 13
37	5 1 6 15
38	19 13 20 5
39	11 8 10 17
40	5 6 14 19
41	8 4 12 6
42	12 8 6 15
43	17 7 6 4
44	11 10 4 5
45	11 4 8 5
46	17 2 3 8
47	3 4 6 16
48	3 11 12 1
49	8 12 4 18
50	12 10 17 13
51	4 3 14 11
52	17 2 19 7
53	17 12 2 20
54	16 20 3 10
55	6 2 3 5
56	15 8 13 4
57	1 20 11 16
58	8 17 6 3
59	4 5 2 18
60	12 8 2 19
61	14 12 10 6
62	13 3 10 11
63	19 14 7 15
64	5 12 19 4
65	1 16 9 11
66	12 2 4 15
67	13 19 2 10
68	17 1 10 15
69	15 7 9 20
70	7 17 19 2
71	15 3 4 11
72	7 9 12 13
73	13 9 12 20
74	15 16 2 11
75	18 6 12 13
76	4 11 17 18
77	12 10 9 2
78	3 7 2 11
79	1 9 5 18
80	18 8 9 17
81	15 3 11 18
82	4 2 11 15
83	4 13 8 14
84	20 17 9 2
85	14 17 2 16
86	7 10 20 5
87	20 17 4 1
88	4 10 16 14
89	13 7 1 18
90	16 13 20 9
91	1 14 20 10
92	15 6 8 19
93	6 17 5 11
94	15 9 20 5
95	11 5 3 9
96	18 4 9 6
97	12 7 6 9
98	12 14 2 19
99	3 6 8 2
100	20 13 5 10
101	8 5 14 16
102	20 18 6 8
103	6 3 4 2
104	11 16 18 8
105	13 16 3 6
106	8 16 20 19
107	4 10 3 8
108	10 4 19 2
109	3 7 1 14
110	13 11 17 2
111	7 11 18 9
112	13 6 4 7
113	14 16 13 3
114	11 8 1 13
115	12 9 6 16
116	7 6 18 2
117	6 18 2 5
118	14 7 20 4
119	17 10 12 20
120	10 20 11 12
121	11 10 14 17
122	16 17 1 2
123	16 18 5 9
124	12 7 18 5
125	15 4 17 6
126	18 16 2 13
127	19 14 4 2
128	14 17 18 10
129	3 20 14 1
130	5 13 15 3
131	7 20 17 6
132	3 2 9 15
133	3 20 9 18
134	14 16 20 5
135	15 8 14 18
136	12 14 17 2
137	11 12 8 7
138	11 18 7 19
139	19 20 1 11
140	17 13 4 1
141	5 14 3 4
142	19 13 7 20
143	5 9 15 12
144	7 11 2 6
145	5 15 19 3
146	10 18 9 16
147	18 15 13 20
148	11 8 4 5
149	14 6 2 10
150	15 7 20 5
151	19 18 5 11
152	19 6 12 15
153	14 7 13 4
154	14 10 17 8
155	12 3 6 8
156	3 16 13 1
157	15 20 7 13
158	2 17 11 14
159	11 12 15 6
160	12 8 7 6
161	14 8 10 19
162	16 14 4 8
163	5 19 10 9
164	12 1 10 6
165	16 11 2 1
166	18 1 5 11
167	20 12 5 10
168	14 7 8 15
169	10 13 20 6
170	16 14 10 6
171	12 14 3 7
172	14 20 16 13
173	2 16 7 14
174	9 18 14 5
175	8 14 10 1
176	8 20 17 19
177	3 1 14 18
178	3 1 18 4
179	9 18 15 20
180	14 5 13 4
181	7 15 5 18
182	7 4 17 15
183	13 20 11 7
184	20 18 3 12
185	4 15 12 7
186	8 6 1 15
187	17 2 15 9
188	10 14 12 15
189	16 9 2 4
190	9 1 3 15
191	3 2 1 4
192	5 9 19 3
193	17 19 11 6
194	11 15 2 6
195	3 1 12 10
196	4 16 6 14
197	20 12 1 19
198	17 1 14 13
199	10 2 8 16
200	9 17 1 4
201	9 14 12 18
202	6 8 3 4
203	12 4 11 9
204	18 20 1 3
205	15 14 19 17
206	16 3 5 6
207	4 2 17 3
208	13 14 4 12
209	13 5 17 2
210	11 7 15 8
211	4 8 19 14
212	12 10 20 3
213	6 18 4 9
214	15 3 16 18
215	1 13 6 18
216	16 2 1 3
217	17 20 6 7
218	2 6 14 20
219	18 2 7 6
220	11 20 18 16
221	17 19 11 20
222	10 8 20 7
223	17 4 16 15
224	14 11 7 8
225	3 1 7 6
226	17 16 19 1
227	18 7 14 17
228	15 12 18 11
229	3 17 4 1
230	9 12 18 20
231	10 13 17 19
232	17 14 13 2
233	7 13 16 5
234	11 20 16 7
235	9 3 16 18
236	7 3 10 8
237	4 11 19 17
238	8 5 4 16
239	13 7 12 18
240	7 13 10 11
241	6 17 7 2
242	4 5 6 2
243	18 8 10 19
244	3 5 9 1
245	5 16 19 10
246	11 13 17 4
247	1 15 10 7
248	17 12 20 16
249	18 14 17 8
250	15 17 5 16
251	14 4 13 5
252	1 6 20 13
253	2 15 20 17
254	13 14 2 5
255	18 5 2 12
256	8 18 6 9
257	6 14 18 2
258	8 20 15 11
259	12 9 16 13
260	11 7 12 6
261	11 14 4 6
262	12 8 7 5
263	8 10 14 6
264	14 15 6 12
265	14 1 3 7
266	7 13 12 4
267	11 3 10 19
268	20 2 15 6
269	6 14 8 18
270	13 5 17 19
271	8 7 9 1
272	13 3 5 19
273	4 20 17 9
274	14 6 3 20
275	11 14 17 5
276	14 17 13 11
277	10 6 13 8
278	1 12 17 9
279	9 20 6 4
280	12 7 9 1
281	7 16 3 1
282	2 8 13 7
283	10 18 6 7
284	4 13 3 17
285	19 3 16 17
286	16 20 2 15
287	1 19 3 2
288	3 11 13 19
289	19 6 17 20
290	15 8 10 4
291	15 20 5 13
292	15 14 12 9
293	5 8 2 20
294	11 10 20 9
295	3 13 15 4
296	14 17 6 19
297	7 9 3 17
298	16 6 2 10
299	10 20 17 16
300	19 8 11 7
301	7 10 13 17
302	20 10 19 13
303	13 10 2 18
304	17 14 20 3
305	16 15 20 9
306	1 5 3 14
307	10 18 7 14
308	8 17 13 15
309	13 5 2 11
310	19 10 11 15
311	7 20 15 10
312	16 1 9 3
313	10 14 17 8
314	7 18 11 8
315	2 9 4 18
316	18 7 9 2
317	7 11 19 20
318	2 1 16 10
319	9 17 4 14
320	15 3 20 2
321	18 1 16 14
322	18 9 3 10
323	2 1 8 11
324	11 1 19 10
325	14 8 12 15
326	15 8 9 1
327	13 1 9 15
328	12 11 19 18
329	5 18 6 4
330	1 2 5 11
331	5 6 9 16
332	1 17 13 2
333	7 6 13 4
334	6 18 3 5
335	14 2 3 1
336	7 3 10 14
337	5 8 18 15
338	11 14 18 4
339	11 20 4 16
340	4 2 3 6
341	1 5 8 10
342	9 1 10 16
343	12 17 19 3
344	20 6 4 9
345	14 5 7 18
346	7 9 8 4
347	14 16 9 19
348	5 8 4 17
349	13 9 8 11
350	14 7 17 18
351	15 16 19 9
352	18 9 19 2
353	3 4 1 14
354	12 4 8 18
355	5 7 10 11
356	5 13 20 6
357	9 14 19 20
358	8 14 11 7
359	2 20 16 9
360	6 13 9 2
361	17 20 5 3
362	14 16 13 9
363	7 13 16 3
364	16 1 3 7
365	12 11 13 1
366	19 15 7 18
367	4 1 12 16
368	18 1 20 4
369	3 2 18 17
370	1 19 8 14
371	10 13 6 3
372	8 4 3 2
373	19 3 2 17
374	2 11 18 1
375	2 5 11 10
376	8 15 5 16
377	8 12 7 1
378	19 10 18 12
379	3 1 15 7
380	15 11 2 17
381	19 5 18 20
382	19 11 13 4
383	3 14 8 5
384	20 13 12 18
385	4 12 14 18
386	6 20 19 8
387	6 11 19 9
388	13 17 16 10
389	5 10 2 13
390	11 13 16 19
391	5 10 4 19
392	15 16 1 4
393	3 10 9 20
394	17 6 15 14
395	5 4 3 19
396	8 20 9 2
397	5 4 17 6
398	5 10 1 7
399	17 6 14 18
400	9 5 7 10
401	11 19 12 5
402	11 7 16 9
403	7 18 11 2
404	1 9 11 15
405	17 11 13 8
406	18 11 20 16
407	14 6 2 10
408	16 19 13 9
409	13 17 6 16
410	17 1 18 2
411	4 14 11 19
412	12 20 8 18
413	11 3 16 15
414	6 17 11 4
415	19 11 13 12
416	2 5 19 8
417	20 17 13 15
418	1 16 17 19
419	6 4 20 17
420	1 2 16 12
421	15 11 19 4
422	16 3 17 12
423	6 9 18 20
424	2 9 16 8
425	1 10 18 16
426	6 11 14 1
427	7 3 15 2
428	6 11 13 1
429	4 16 6 14
430	8 12 10 13
431	18 14 12 8
432	5 4 7 19
433	19 3 15 10
434	6 13 2 19
435	19 14 13 16
436	13 6 8 10
437	20 5 16 19
438	11 10 20 13
439	19 3 13 16
440	2 8 9 6
441	19 14 4 5
442	10 1 16 5
443	1 13 6 11
444	14 18 9 16
445	3 7 15 9
446	8 1 7 4
447	7 11 9 12
448	17 20 10 4
449	18 11 5 1
450	18 10 16 19
451	7 19 17 9
452	17 18 7 4
453	6 8 4 9
454	9 11 5 7
455	14 5 3 8
456	5 9 18 7
457	20 10 16 13
458	15 8 16 12
459	13 16 17 5
460	19 6 17 2
461	8 1 6 19
462	6 4 20 11
463	4 1 2 11
464	11 15 12 17
465	6 20 5 19
466	16 8 19 7
467	16 17 4 8
468	16 15 5 1
469	12 3 19 2
470	13 14 20 9
471	20 5 17 18
472	1 14 8 4
473	2 5 16 10
474	13 7 6 12
475	1 16 3 19
476	1 12 17 7
477	15 1 12 13
478	12 10 15 16
479	17 18 19 4
480	1 16 4 8
481	15 18 3 14
482	1 13 10 5
483	4 17 5 12
484	10 9 7 17
485	3 4 7 6
486	10 2 20 3
487	11 19 13 6
488	13 19 15 14
489	5 16 20 6
490	3 17 11 2
491	1 11 16 15
492	8 19 3 14
493	5 2 15 3
494	10 13 18 20
495	7 6 2 3
496	1 6 5 13
497	16 19 11 20
498	8 15 9 20
499	16 6 12 19
500	2 4 11 17
501	3 10 4 2
502	8 17 6 5
503	9 19 14 2
504	3 2 20 10
505	17 15 3 13
506	11 3 17 13
507	20 5 17 10
508	20 12 2 9
509	19 12 1 8
510	6 16 11 20
511	11 10 9 8
512	6 1 9 13
513	8 11 17 15
514	9 13 10 12
515	3 14 19 5
516	5 14 10 4
517	11 1 17 14
518	7 11 16 8
519	5 20 6 17
520	16 12 5 14
521	14 6 18 8
522	17 2 13 8
523	9 20 12 17
524	17 16 13 14
525	6 3 7 4
526	2 19 10 16
527	4 3 13 17
528	6 4 11 8
529	19 5 11 2
530	7 8 17 16
531	8 15 19 12
532	7 9 14 20
533	8 19 1 16
534	13 20 6 7
535	5 19 20 17
536	9 15 20 3
537	16 15 10 13
538	15 2 16 4
539	4 14 7 20
540	19 15 16 12
541	2 12 6 3
542	2 18 8 7
543	9 10 20 4
544	18 7 1 6
545	16 17 19 13
546	5 15 2 17
547	8 1 4 18
548	6 2 1 13
549	8 19 18 14
550	10 14 6 16
551	16 15 14 19
552	5 1 9 2
553	18 20 10 8
554	8 11 7 20
555	11 2 16 12
556	7 12 5 20
557	2 8 9 6
558	19 6 14 13
559	20 2 7 16
560	13 15 1 11
561	4 6 13 8
562	2 1 13 8
563	16 15 13 5
564	7 10 11 19
565	9 7 8 13
566	17 15 7 4
567	4 3 7 20
568	10 12 6 19
569	6 16 7 1
570	7 9 19 3
571	18 16 9 20
572	4 19 16 3
573	18 8 20 14
574	18 20 16 2
575	20 17 10 12
576	15 1 4 10
577	4 13 15 14
578	5 4 1 19
579	9 19 8 2
580	9 1 11 2
581	15 10 1 4
582	5 1 7 17
583	3 6 14 12
584	1 9 17 4
585	7 18 8 2
586	5 6 8 16
587	13 17 8 1
588	15 2 13 4
589	11 17 16 1
590	2 10 15 1
591	4 8 7 5
592	1 6 9 11
593	11 10 8 4
594	7 12 18 4
595	14 4 8 2
596	20 8 13 18
597	17 4 15 5
598	10 14 19 15
599	16 4 14 10
600	1 14 10 5
601	10 13 3 15
602	12 20 15 3
603	17 5 13 15
604	6 1 7 13
605	3 2 20 12
606	7 20 6 9
607	16 20 8 9
608	5 14 6 10
609	20 12 7 11
610	17 15 7 6
611	11 12 7 5
612	10 9 13 17
613	18 9 8 6
614	7 17 18 15
615	10 7 6 14
616	3 10 13 8
617	17 11 18 2
618	7 17 9 14
619	6 18 3 11
620	14 11 4 15
621	12 7 5 11
622	17 11 4 19
623	7 3 11 10
624	7 2 10 15
625	16 13 17 10
626	13 20 5 8
627	2 16 4 9
628	8 4 19 9
629	18 9 4 13
630	2 17 18 13
631	18 5 2 13
632	19 16 18 17
633	13 18 5 6
634	20 10 3 15
635	3 15 12 7
636	1 18 10 6
637	7 6 8 16
638	3 16 20 10
639	16 8 17 4
640	18 4 10 6
641	2 3 8 18
642	11 19 16 20
643	17 11 6 4
644	3 19 4 7
645	3 11 20 18
646	10 3 11 5
647	2 11 7 13
648	20 5 10 6
649	15 11 6 3
650	7 19 13 4
651	17 19 12 5
652	5 12 7 19
653	5 20 17 7
654	17 1 20 14
655	15 18 11 1
656	7 10 9 16
657	14 13 15 11
658	1 5 12 11
659	17 4 10 2
660	11 8 14 1
661	6 9 1 19
662	11 13 16 20
663	14 15 9 16
664	16 11 5 10
665	7 5 17 3
666	3 13 8 6
667	19 10 12 15
668	16 8 12 10
669	15 3 13 11
670	12 11 4 3
671	17 4 7 2
672	6 15 20 10
673	3 17 8 2
674	13 19 3 12
675	13 18 6 17
676	7 4 8 15
677	1 16 19 6
678	10 19 7 4
679	5 15 20 8
680	10 9 5 15
681	15 5 12 3
682	20 1 14 2
683	11 18 16 14
684	3 14 16 11
685	3 18 19 13
686	20 8 17 5
687	2 17 14 7
688	12 3 1 15
689	9 18 15 2
690	6 20 4 19
691	13 18 6 16
692	13 8 12 15
693	20 16 14 6
694	16 17 4 19
695	10 2 1 17
696	13 20 5 10
697	11 8 6 12
698	3 16 8 2
699	18 20 14 7
700	16 8 13 20
701	18 11 14 15
702	12 14 8 4
703	14 9 13 8
704	4 13 2 17
705	14 4 9 6
706	3 7 17 1
707	14 16 18 10
708	14 7 12 4
709	10 5 16 13
710	17 4 18 15
711	8 12 11 7
712	2 10 16 6
713	19 14 8 16
714	18 4 15 10
715	16 2 10 18
716	11 7 5 12
717	7 16 18 3
718	13 20 1 9
719	1 14 15 19
720	15 16 8 11
721	12 20 9 18
722	3 1 6 10
723	10 19 17 14
724	3 2 17 11
725	17 2 4 7
726	17 4 19 18
727	20 16 19 5
728	14 9 8 7
729	14 1 8 20
730	18 14 15 9
731	5 12 3 9
732	3 13 5 14
733	6 2 1 12
734	11 18 1 3
735	20 11 17 5
736	9 15 5 7
737	15 20 2 5
738	4 14 15 9
739	18 13 12 16
740	13 9 7 17
741	12 16 7 17
742	16 19 2 10
743	2 5 19 13
744	7 2 10 6
745	14 4 3 1
746	19 17 12 11
747	12 8 5 20
748	13 9 6 17
749	3 20 15 7
750	17 20 12 6
751	13 16 17 10
752	4 1 8 15
753	13 11 3 15
754	7 18 17 3
755	7 14 13 8
756	10 14 20 1
757	16 2 19 3
758	11 14 12 7
759	5 3 14 18
760	9 18 6 13
761	4 20 10 17
762	7 9 10 3
763	7 1 16 3
764	1 15 20 10
765	7 12 14 4
766	14 17 8 13
767	1 11 17 14
768	9 8 20 12
769	3 17 10 1
770	4 12 19 18
771	20 12 19 16
772	20 10 8 3
773	20 4 18 5
774	15 17 2 7
775	10 2 8 19
776	17 15 4 14
777	11 9 14 7
778	10 12 2 15
779	10 13 19 11
780	18 17 10 1
781	3 8 7 12
782	18 11 1 17
783	19 11 3 12
784	19 6 10 11
785	17 4 7 13
786	16 2 12 8
787	5 13 20 12
788	10 11 6 13
789	20 8 11 12
790	6 7 13 14
791	3 19 4 11
792	11 17 6 20
793	20 5 1 3
794	9 4 12 18
795	4 16 9 5
796	7 10 13 9
797	6 5 13 9
798	15 1 7 13
799	13 4 14 16
800	16 13 17 1
801	5 8 20 19
802	5 17 7 19
803	20 14 11 1
804	15 1 6 4
805	13 11 1 7
806	20 19 11 8
807	12 3 9 14
808	7 14 19 12
809	7 16 3 13
810	8 7 5 10
811	3 16 18 15
812	20 12 15 7
813	2 14 3 16
814	8 3 6 5
815	6 19 14 10
816	15 5 16 7
817	13 16 10 7
818	19 18 7 12
819	7 6 4 1
820	3 5 14 8
821	16 8 1 3
822	2 20 12 7
823	3 14 1 19
824	10 3 12 20
825	10 11 3 14
826	16 20 13 19
827	17 4 18 12
828	16 3 4 11
829	20 10 14 15
830	13 17 1 3
831	11 10 9 18
832	6 18 10 4
833	13 14 1 17
834	5 4 18 20
835	14 2 16 1
836	1 18 2 11
837	3 5 8 11
838	9 17 3 6
839	9 8 18 15
840	20 6 14 10
841	5 16 13 8
842	7 20 3 11
843	16 5 20 13
844	18 4 20 3
845	20 1 7 15
846	20 4 5 16
847	3 12 20 5
848	8 6 7 13
849	8 15 14 17
850	16 14 11 5
851	13 19 14 6
852	9 14 15 8
853	9 4 5 16
854	12 19 9 17
855	11 20 5 2
856	19 13 11 2
857	13 19 15 2
858	17 12 18 9
859	17 11 9 15
860	11 6 2 7
861	8 2 11 6
862	2 3 17 4
863	6 18 9 8
864	16 2 15 20
865	11 8 15 2
866	18 8 14 16
867	5 19 9 14
868	14 20 15 2
869	3 17 9 11
870	1 2 18 11
871	6 17 9 20
872	13 1 6 11
873	16 4 13 9
874	2 9 11 1
875	14 10 3 15
876	12 13 8 18
877	13 12 3 11
878	4 15 13 18
879	10 9 3 1
880	12 8 17 19
881	12 17 14 19
882	13 17 2 10
883	16 12 1 2
884	13 9 12 17
885	3 7 17 15
886	2 9 13 15
887	7 15 11 5
888	18 1 10 11
889	16 13 3 6
890	19 12 14 18
891	10 9 4 6
892	16 15 10 6
893	18 5 17 10
894	16 18 7 15
895	20 4 17 14
896	2 19 6 5
897	11 2 6 10
898	4 1 18 5
899	13 4 10 16
900	15 6 3 9
901	1 20 9 2
902	15 1 19 7
903	6 1 2 14
904	1 2 14 19
905	10 2 17 4
906	18 8 11 20
907	1 3 8 17
908	6 9 20 10
909	19 18 1 17
910	7 9 12 5
911	12 20 8 2
912	20 7 6 11
913	14 8 20 13
914	15 11 6 20
915	18 14 15 3
916	8 15 16 4
917	4 2 6 20
918	12 19 2 1
919	4 7 5 8
920	17 19 3 1
921	2 10 6 14
922	10 4 13 19
923	6 2 8 1
924	12 10 9 3
925	20 19 15 18
926	5 9 2 8
927	11 6 14 15
928	15 10 11 9
929	9 18 15 20
930	9 19 18 1
931	13 5 1 4
932	6 14 13 3
933	20 1 9 14
934	14 7 1 13
935	9 18 8 13
936	9 12 14 10
937	19 1 16 20
938	15 1 20 17
939	12 15 14 13
940	15 12 5 14
941	16 15 17 10
942	16 2 13 20
943	14 7 16 6
944	7 12 10 9
945	14 13 2 12
946	2 10 8 17
947	2 11 3 6
948	13 16 2 10
949	17 6 5 9
950	5 8 14 4
951	15 13 11 4
952	18 8 1 15
953	1 18 8 2
954	5 14 19 3
955	14 9 8 15
956	15 9 4 5
957	18 16 11 5
958	18 10 4 2
959	17 14 18 1
960	13 9 8 3
961	10 11 4 19
962	15 7 20 10
963	2 15 19 9
964	3 9 2 8
965	18 4 11 12
966	14 10 18 1
967	8 2 18 3
968	8 9 10 18
969	18 1 6 4
970	20 5 8 10
971	3 7 17 11
972	9 6 5 10
973	2 4 19 18
974	19 4 16 12
975	15 3 18 5
976	7 9 14 16
977	1 7 12 6
978	5 2 7 13
979	14 9 2 17
980	1 20 8 17
981	13 5 16 20
982	19 20 7 3
983	5 14 9 13
984	16 2 10 14
985	3 8 19 18
986	11 7 14 10
987	12 13 2 19
988	7 4 2 9
989	11 5 17 16
990	17 20 2 6
991	15 7 3 9
992	7 6 2 5
993	8 10 13 16
994	10 8 13 12
995	3 20 11 18
996	12 9 1 2
997	10 3 9 17
998	4 5 20 11
999	2 3 12 1
1000	18 6 1 5
1001	4 16 12 10
1002	19 1 9 8
1003	17 20 6 13
1004	3 19 2 15
1005	13 2 16 3
1006	16 5 18 9
1007	11 6 16 19
1008	6 16 14 12
1009	19 6 5 8
1010	20 8 1 2
1011	9 10 1 7
1012	7 5 10 12
1013	4 3 11 6
1014	16 8 6 11
1015	3 20 15 14
1016	19 17 16 3
1017	7 12 16 5
1018	12 4 18 2
1019	13 4 5 3
1020	8 4 12 18
1021	15 7 10 2
1022	1 9 20 17
1023	10 5 17 12
1024	12 15 17 11
1025	7 11 17 15
1026	7 15 4 18
1027	19 3 2 4
1028	2 11 1 3
1029	20 15 8 14
1030	16 8 7 9
1031	20 19 9 14
1032	3 18 13 7
1033	18 11 12 9
1034	1 18 8 14
1035	13 11 8 2
1036	5 18 15 13
1037	9 15 8 12
1038	15 4 9 8
1039	16 8 17 15
1040	5 17 7 2
1041	20 17 9 8
1042	9 8 7 5
1043	1 15 19 2
1044	3 4 10 15
1045	2 14 6 10
1046	13 17 12 6
1047	11 13 16 9
1048	17 7 10 16
1049	9 18 7 2
1050	4 7 5 18
1051	3 6 16 9
1052	9 3 11 15
1053	15 17 2 9
1054	8 15 14 10
1055	6 5 20 2
1056	19 5 9 8
1057	3 13 4 6
1058	8 10 5 12
1059	18 17 13 11
1060	1 12 4 3
1061	18 3 20 1
1062	9 6 8 11
1063	20 2 6 19
1064	11 3 9 15
1065	13 4 19 8
1066	14 9 12 19
1067	1 13 16 17
1068	12 20 8 3
1069	5 10 4 7
1070	11 9 17 15
1071	14 16 13 15
1072	2 16 12 7
1073	6 13 16 11
1074	5 4 20 8
1075	1 3 10 4
1076	9 15 7 2
1077	2 6 15 1
1078	16 7 11 20
1079	10 19 5 2
1080	1 14 10 4
1081	15 14 10 11
1082	9 12 6 13
1083	9 17 11 10
1084	2 8 18 1
1085	20 15 8 7
1086	18 9 10 6
1087	11 2 14 13
1088	13 9 7 12
1089	5 3 15 18
1090	16 13 5 15
1091	3 7 2 10
1092	15 18 5 6
1093	9 16 3 6
1094	18 2 14 4
1095	18 5 15 1
1096	13 7 15 2
1097	8 3 16 1
1098	11 7 16 17
1099	19 16 13 2
1100	4 11 8 17
1101	3 10 1 13
1102	7 9 2 4
1103	9 16 19 18
1104	6 20 7 12
1105	10 3 19 1
1106	15 4 11 20
1107	13 20 4 17
1108	12 17 16 11
1109	4 7 14 11
1110	19 12 2 9
1111	13 19 10 2
1112	9 8 20 19
1113	8 16 6 1
1114	12 5 6 20
1115	17 15 19 2
1116	9 6 12 3
1117	17 12 18 7
1118	13 11 2 6
1119	20 1 8 4
1120	19 13 7 3
1121	5 9 1 12
1122	12 1 18 16
1123	19 6 12 20
1124	12 1 2 4
1125	9 1 19 15
1126	12 17 2 6
1127	2 12 20 15
1128	9 10 12 18
1129	11 17 5 20
1130	16 19 4 11
1131	14 19 13 12
1132	8 1 15 4
1133	9 12 14 5
1134	12 6 20 2
1135	9 11 14 12
1136	20 14 1 12
1137	4 8 19 11
1138	1 10 2 16
1139	17 13 19 14
1140	19 12 10 9
1141	2 6 9 14
1142	2 16 7 6
1143	1 6 13 14
1144	8 15 16 20
1145	11 7 15 16
1146	8 6 5 3
1147	6 2 18 20
1148	20 2 15 7
1149	10 6 8 20
1150	15 13 3 20
1151	15 8 2 12
1152	17 19 15 20
1153	4 14 3 10
1154	5 11 9 12
1155	2 9 11 17
1156	8 1 16 10
1157	13 5 10 17
1158	2 20 12 3
1159	10 16 8 6
1160	1 2 15 8
1161	5 17 19 1
1162	17 9 7 13
1163	15 11 14 9
1164	18 12 8 3
1165	13 6 17 19
1166	10 18 2 16
1167	17 2 1 18
1168	14 16 11 2
1169	11 8 20 14
1170	11 8 6 16
1171	10 16 13 3
1172	17 18 20 19
1173	7 8 12 1
1174	15 16 20 9
1175	6 11 10 19
1176	17 13 4 5
1177	20 13 16 7
1178	6 18 4 1
1179	19 15 20 1
1180	15 1 19 20
1181	15 17 1 16
1182	20 7 1 8
1183	11 15 9 4
1184	16 4 9 14
1185	11 2 9 17
1186	15 11 18 10
1187	6 16 18 2
1188	5 3 1 4
1189	1 4 7 10
1190	12 8 9 5
1191	6 19 11 9
1192	18 16 13 5
1193	9 7 4 11
1194	2 14 6 7
1195	15 11 13 7
1196	13 19 3 5
1197	8 14 20 2
1198	16 15 14 19
1199	19 18 6 11
1200	16 19 17 18
1201	7 5 17 11
1202	1 12 20 4
1203	4 1 6 8
1204	20 12 3 18
1205	3 7 2 11
1206	7 18 11 16
1207	12 17 16 8
1208	18 7 4 20
1209	7 4 6 5
1210	20 9 15 16
1211	11 7 15 17
1212	4 3 2 7
1213	7 9 19 17
1214	12 15 5 7
1215	3 10 11 7
1216	13 7 4 16
1217	6 1 13 3
1218	16 11 10 15
1219	11 13 16 6
1220	9 14 20 12
1221	1 12 5 10
1222	19 18 12 8
1223	12 2 16 8
1224	16 6 10 12
1225	10 5 13 3
1226	11 8 6 20
1227	5 1 12 13
1228	4 13 17 8
1229	20 2 12 19
1230	2 17 12 6
1231	18 9 15 12
1232	8 16 19 9
1233	4 9 20 17
1234	20 14 18 9
1235	15 4 9 1
1236	12 4 1 13
1237	1 5 15 6
1238	2 5 15 20
1239	10 4 20 5
1240	13 9 5 2
1241	13 9 16 14
1242	10 4 8 17
1243	2 5 7 16
1244	7 20 9 15
1245	14 8 3 4
1246	4 1 11 15
1247	16 11 17 9
1248	5 11 14 6
1249	5 3 17 4
1250	13 2 4 8
1251	3 8 20 1
1252	18 17 15 16
1253	15 5 12 8
1254	20 8 7 12
1255	17 20 1 18
1256	20 11 3 10
1257	4 3 10 9
1258	17 2 8 4
1259	4 3 11 14
1260	11 13 10 12
1261	14 19 1 4
1262	2 4 11 16
1263	17 6 19 15
1264	1 17 15 13
1265	13 3 19 12
1266	14 7 5 20
1267	4 12 7 8
1268	10 16 11 7
1269	11 14 3 10
1270	19 4 18 9
1271	16 19 12 11
1272	16 18 15 14
1273	16 15 1 4
1274	3 5 13 8
1275	9 19 1 16
1276	13 7 1 18
1277	20 1 9 10
1278	18 4 14 11
1279	3 20 8 5
1280	16 19 3 1
1281	6 19 4 5
1282	19 15 16 7
1283	12 9 17 5
1284	8 5 10 2
1285	19 16 4 2
1286	18 16 14 6
1287	3 13 17 19
1288	3 10 15 12
1289	2 13 8 11
1290	5 10 3 20
1291	9 17 7 14
1292	12 11 6 7
1293	1 10 6 13
1294	12 15 14 10
1295	17 3 8 12
1296	12 17 8 6
1297	9 13 14 11
1298	7 6 5 19
1299	2 1 18 9
1300	7 15 2 12
1301	10 16 6 2
1302	16 15 2 19
1303	14 15 9 19
1304	17 8 16 4
1305	13 1 9 6
1306	16 17 10 8
1307	12 9 15 14
1308	1 3 5 18
1309	2 20 12 13
1310	7 5 11 9
1311	18 14 9 6
1312	4 11 8 20
1313	17 13 10 19
1314	17 15 2 16
1315	8 20 13 15
1316	3 1 2 13
1317	8 2 11 6
1318	1 16 19 2
1319	3 12 19 20
1320	14 9 8 3
1321	1 8 13 11
1322	1 15 2 8
1323	5 14 16 3
1324	6 19 14 20
1325	16 4 2 7
1326	8 20 5 15
1327	18 14 5 10
1328	8 5 9 11
1329	4 19 1 17
1330	8 12 2 13
1331	8 9 3 1
1332	17 10 6 3
1333	12 10 8 20
1334	6 17 2 16
1335	12 10 16 11
1336	3 7 19 12
1337	10 9 11 14
1338	12 1 4 5
1339	4 11 7 19
1340	11 1 10 6
1341	10 11 18 9
1342	18 10 16 3
1343	18 13 7 20
1344	9 7 10 20
1345	10 19 15 12
1346	6 14 1 20
1347	15 10 2 7
1348	14 15 12 4
1349	9 18 15 19
1350	11 6 1 15
1351	17 15 8 7
1352	6 14 18 10
1353	5 4 18 15
1354	6 9 8 17
1355	1 12 3 4
1356	16 3 15 20
1357	8 18 15 7
1358	2 3 16 20
1359	8 2 13 14
1360	14 11 15 7
1361	18 12 14 11
1362	15 3 1 8
1363	6 13 2 11
1364	13 15 2 9
1365	19 15 17 1
1366	4 11 9 17
1367	12 4 8 15
1368	3 16 7 13
1369	4 8 6 1
1370	11 5 3 15
1371	20 9 2 8
1372	9 14 19 17
1373	10 16 5 18
1374	7 20 8 3
1375	5 2 10 9
1376	4 7 2 5
1377	12 11 1 6
1378	11 8 12 6
1379	18 19 16 10
1380	16 11 4 17
1381	10 16 2 13
1382	18 4 9 6
1383	2 11 10 7
1384	19 11 18 2
1385	5 17 10 4
1386	5 19 13 10
1387	15 13 10 2
1388	3 15 1 5
1389	20 11 14 3
1390	3 9 6 19
1391	6 13 15 5
1392	1 12 13 20
1393	6 10 4 7
1394	4 6 15 14
1395	17 15 9 12
1396	18 2 1 13
1397	2 10 20 11
1398	18 6 2 13
1399	10 11 6 17
1400	17 20 10 12
1401	4 18 10 5
1402	18 20 15 14
1403	17 2 15 4
1404	4 6 9 13
1405	11 4 7 12
1406	5 3 8 9
1407	7 10 18 2
1408	8 15 16 13
1409	19 4 16 6
1410	6 15 12 16
1411	18 9 8 4
1412	9 14 18 3
1413	2 11 10 20
1414	10 9 17 1
1415	11 6 8 1
1416	14 7 16 12
1417	17 19 11 20
1418	19 7 6 18
1419	8 20 18 16
1420	16 5 7 19
1421	14 19 15 8
1422	4 6 1 7
1423	11 17 19 10
1424	11 1 16 14
1425	5 4 19 10
1426	14 12 3 13
1427	3 9 19 6
1428	2 6 14 15
1429	2 12 9 19
1430	11 10 15 17
1431	6 11 3 7
1432	14 11 4 18
1433	14 16 11 3
1434	19 1 2 11
1435	15 3 1 14
1436	14 9 1 19
1437	8 6 20 16
1438	15 7 11 5
1439	5 16 6 8
1440	15 11 8 14
1441	9 4 7 17
1442	2 18 12 14
1443	1 6 12 14
1444	18 20 12 2
1445	4 18 7 6
1446	4 14 18 2
1447	1 20 15 2
1448	8 9 16 17
1449	15 7 11 5
1450	11 12 14 18
1451	2 16 12 1
1452	2 14 15 1
1453	20 1 6 18
1454	12 4 14 19
1455	10 8 14 12
1456	13 9 6 16
1457	10 2 1 13
1458	1 8 7 13
1459	7 16 20 14
1460	20 5 13 6
1461	4 6 10 3
1462	14 20 10 12
1463	5 14 7 20
1464	14 13 20 18
1465	12 9 18 14
1466	16 15 4 8
1467	9 13 11 10
1468	12 17 7 15
1469	20 8 19 14
1470	16 4 8 15
1471	15 20 5 18
1472	14 8 17 1
1473	6 15 20 11
1474	12 2 7 15
1475	16 1 18 7
1476	1 19 20 10
1477	15 20 4 18
1478	5 3 9 4
1479	3 16 19 13
1480	1 10 17 8
1481	18 14 7 9
1482	11 5 2 16
1483	13 17 3 7
1484	15 11 14 5
1485	16 17 7 2
1486	13 9 16 20
1487	16 1 20 7
1488	15 18 11 6
1489	7 2 19 9
1490	3 14 13 20
1491	4 12 13 10
1492	17 1 3 12
1493	5 7 2 15
1494	19 9 6 8
1495	12 3 7 6
1496	6 10 14 5
1497	16 12 4 7
1498	20 18 2 17
1499	20 14 8 13
1500	18 1 16 4
1501	17 9 10 15
1502	15 1 2 4
1503	11 20 4 18
1504	11 5 9 2
1505	1 18 15 4
1506	3 4 9 17
1507	8 17 13 4
1508	5 3 12 20
1509	10 11 20 8
1510	16 8 12 15
1511	12 18 2 11
1512	6 17 19 12
1513	11 16 1 17
1514	8 1 15 9
1515	8 19 7 15
1516	6 7 1 2
1517	18 19 14 9
1518	13 19 11 7
1519	9 10 18 16
1520	11 20 2 16
1521	11 17 12 6
1522	11 6 14 16
1523	9 16 18 2
1524	11 4 1 16
1525	4 16 10 14
1526	16 3 2 20
1527	20 10 13 19
1528	4 12 14 17
1529	9 3 7 5
1530	16 15 19 7
1531	11 17 5 12
1532	13 14 3 12
1533	15 11 19 13
1534	15 1 10 4
1535	3 7 9 19
1536	16 17 12 14
1537	11 2 5 3
1538	18 3 13 11
1539	20 19 2 1
1540	13 1 17 9
1541	2 12 9 4
1542	4 5 6 8
1543	7 10 16 13
1544	17 8 11 12
1545	18 11 8 4
1546	5 14 19 10
1547	11 9 6 16
1548	15 5 12 4
1549	20 19 10 12
1550	11 17 16 20
1551	14 20 7 8
1552	3 6 11 12
1553	15 10 13 20
1554	10 2 6 15
1555	3 15 12 18
1556	13 3 10 15
1557	6 4 11 9
1558	18 3 2 12
1559	6 7 5 1
1560	7 14 11 4
1561	20 5 4 1
1562	2 6 12 8
1563	10 14 8 11
1564	2 10 1 5
1565	19 18 12 11
1566	5 17 20 2
1567	6 14 5 10
1568	11 17 8 7
1569	12 13 16 2
1570	13 20 5 3
1571	10 9 8 1
1572	6 8 1 18
1573	10 6 17 12
1574	9 11 6 8
1575	14 8 19 11
1576	13 18 5 12
1577	20 3 10 16
1578	3 2 19 14
1579	11 13 20 16
1580	13 5 16 12
1581	15 2 16 1
1582	15 8 16 13
1583	13 17 1 10
1584	3 2 16 4
1585	18 5 19 12
1586	16 10 14 4
1587	8 6 3 7
1588	4 18 9 12
1589	16 17 5 6
1590	4 11 13 7
1591	17 12 10 2
1592	2 20 19 5
1593	1 20 3 10
1594	7 20 3 1
1595	12 11 9 10
1596	10 4 6 15
1597	8 2 3 9
1598	5 14 11 20
1599	20 16 11 5
1600	2 8 6 11
1601	20 1 16 18
1602	13 16 3 10
1603	2 13 8 1
1604	9 3 11 19
1605	13 7 10 5
1606	4 13 14 9
1607	8 18 14 13
1608	11 8 9 16
1609	15 2 16 11
1610	10 19 18 1
1611	1 14 6 12
1612	19 12 9 10
1613	9 15 3 5
1614	12 3 5 2
1615	14 6 5 10
1616	8 11 16 20
1617	1 2 20 8
1618	19 20 5 15
1619	10 18 16 4
1620	4 5 14 1
1621	6 10 19 7
1622	18 3 14 2
1623	10 9 19 8
1624	11 1 18 4
1625	15 18 13 6
1626	16 19 1 8
1627	2 4 14 18
1628	6 16 20 11
1629	14 20 8 19
1630	8 7 18 5
1631	9 4 18 19
1632	11 16 18 20
1633	3 4 7 19
1634	16 1 7 11
1635	4 19 7 10
1636	8 4 17 5
1637	9 15 4 17
1638	3 17 12 5
1639	20 6 15 13
1640	2 7 18 20
1641	15 5 11 8
1642	17 18 5 14
1643	6 18 3 10
1644	7 14 13 11
1645	4 12 3 16
1646	4 16 17 12
1647	8 14 19 9
1648	20 4 11 18
1649	20 7 12 16
1650	16 9 5 3
1651	6 18 1 20
1652	6 10 13 15
1653	7 14 2 10
1654	3 17 19 6
1655	1 10 17 16
1656	19 11 17 12
1657	18 12 9 2
1658	20 11 7 15
1659	4 9 3 10
1660	10 16 15 6
1661	8 20 16 14
1662	17 14 7 13
1663	6 8 20 10
1664	2 12 20 4
1665	1 6 12 15
1666	7 10 6 1
1667	9 19 15 8
1668	13 2 1 6
1669	14 9 2 16
1670	11 6 14 19
1671	12 16 2 6
1672	3 16 13 4
1673	1 8 16 20
1674	13 3 17 1
1675	15 7 19 13
1676	13 6 16 12
1677	10 8 13 19
1678	3 17 9 7
1679	6 4 9 10
1680	5 15 17 20
1681	2 20 9 5
1682	4 20 13 9
1683	7 13 19 15
1684	14 2 16 7
1685	14 10 11 1
1686	16 20 14 6
1687	11 3 19 13
1688	1 3 14 2
1689	14 5 15 9
1690	13 14 10 16
1691	1 4 9 12
1692	1 15 3 6
1693	11 8 7 2
1694	1 19 2 6
1695	11 3 16 7
1696	8 17 20 13
1697	4 16 15 10
1698	13 2 3 14
1699	11 13 7 4
1700	3 2 19 1
1701	18 1 20 5
1702	16 13 18 9
1703	1 5 6 3
1704	2 18 6 12
1705	14 10 18 13
1706	5 17 10 13
1707	5 20 12 10
1708	14 16 13 19
1709	4 8 3 12
1710	6 18 1 5
1711	9 13 15 20
1712	17 14 1 6
1713	12 16 5 6
1714	11 12 5 16
1715	1 7 17 15
1716	17 12 13 16
1717	8 3 2 19
1718	4 20 11 18
1719	14 18 13 8
1720	9 14 18 8
1721	17 10 16 9
1722	5 1 11 2
1723	16 9 7 18
1724	16 8 4 13
1725	8 11 9 7
1726	20 8 16 17
1727	9 20 14 12
1728	19 2 8 11
1729	16 1 20 5
1730	6 4 16 13
1731	10 2 9 3
1732	5 2 7 17
1733	12 2 17 9
1734	7 17 3 15
1735	20 11 19 13
1736	8 5 6 15
1737	15 8 3 16
1738	7 3 1 18
1739	3 12 9 19
1740	1 9 6 13
1741	5 4 9 6
1742	6 3 17 2
1743	9 17 19 11
1744	5 12 4 15
1745	18 17 2 20
1746	4 8 3 18
1747	20 3 4 12
1748	6 16 13 18
1749	18 19 15 11
1750	12 10 9 15
1751	20 19 18 1
1752	17 10 18 19
1753	14 4 19 1
1754	12 6 19 18
1755	16 13 2 17
1756	16 19 10 9
1757	10 19 6 8
1758	20 19 17 5
1759	14 12 10 18
1760	5 1 3 8
1761	1 12 19 9
1762	9 19 11 17
1763	9 10 5 13
1764	13 17 15 20
1765	15 5 3 18
1766	7 8 19 17
1767	8 16 15 3
1768	7 9 8 5
1769	2 9 16 14
1770	6 17 18 16
1771	6 18 11 10
1772	16 11 19 6
1773	9 6 15 18
1774	10 2 8 3
1775	11 16 12 1
1776	9 7 4 13
1777	17 8 15 16
1778	5 15 6 16
1779	19 16 12 8
1780	14 13 20 3
1781	9 20 4 3
1782	15 20 14 17
1783	19 15 18 4
1784	8 11 4 1
1785	16 19 14 4
1786	7 2 11 9
1787	3 20 19 10
1788	13 9 6 3
1789	3 15 4 8
1790	6 5 4 13
1791	17 12 20 1
1792	12 20 7 19
1793	13 17 6 16
1794	7 1 3 12
1795	1 16 18 19
1796	3 20 5 15
1797	17 3 20 5
1798	17 3 9 19
1799	3 18 19 10
1800	19 8 18 13
1801	14 18 7 17
1802	10 16 7 17
1803	9 6 11 18
1804	19 7 2 15
1805	6 8 13 10
1806	17 10 12 19
1807	2 13 19 17
1808	6 7 2 17
1809	19 7 14 6
1810	14 9 13 2
1811	5 11 15 1
1812	18 4 15 6
1813	13 19 5 12
1814	4 6 18 1
1815	17 18 16 10
1816	16 3 20 7
1817	10 6 16 1
1818	7 17 14 8
1819	8 11 16 7
1820	16 20 4 19
1821	6 7 15 9
1822	4 16 17 3
1823	8 7 18 11
1824	5 10 7 16
1825	20 12 11 16
1826	16 8 3 15
1827	19 3 2 16
1828	3 1 13 6
1829	20 19 17 9
1830	1 4 7 20
1831	2 1 10 9
1832	17 6 2 10
1833	16 19 10 17
1834	9 17 4 5
1835	5 14 9 18
1836	1 10 15 11
1837	5 18 8 7
1838	3 1 13 17
1839	8 10 14 1
1840	5 1 7 16
1841	10 15 20 18
1842	18 15 7 20
1843	20 14 8 2
1844	11 7 10 5
1845	16 18 6 17
1846	13 3 16 6
1847	15 7 9 19
1848	7 12 17 18
1849	16 8 19 6
1850	14 13 7 2
1851	20 2 6 12
1852	12 13 1 4
1853	8 19 17 12
1854	13 19 1 9
1855	3 5 10 12
1856	15 11 16 14
1857	12 8 11 15
1858	9 11 16 13
1859	20 12 13 3
1860	14 16 3 12
1861	15 17 8 9
1862	4 3 1 17
1863	19 10 16 15
1864	9 7 13 16
1865	1 8 3 19
1866	8 15 4 2
1867	10 7 16 5
1868	3 20 12 7
1869	5 15 17 2
1870	8 5 17 12
1871	9 18 12 6
1872	17 20 3 18
1873	15 3 1 20
1874	20 4 1 11
1875	15 17 6 16
1876	11 12 3 1
1877	17 16 2 13
1878	19 14 1 8
1879	17 16 7 18
1880	8 3 15 18
1881	13 5 14 3
1882	16 2 19 14
1883	1 5 9 20
1884	20 5 11 15
1885	4 19 10 11
1886	3 18 5 10
1887	3 20 19 13
1888	20 14 16 15
1889	10 5 13 2
1890	16 19 6 13
1891	16 8 18 10
1892	20 14 11 17
1893	20 1 19 13
1894	14 1 3 11
1895	16 4 11 9
1896	3 20 18 17
1897	10 7 5 20
1898	12 11 7 10
1899	12 10 9 17
1900	12 17 6 2
1901	13 10 5 20
1902	12 4 17 9
1903	17 10 6 11
1904	13 20 14 7
1905	5 15 10 18
1906	16 20 1 19
1907	17 20 15 2
1908	10 1 11 12
1909	4 20 17 9
1910	15 18 5 10
1911	18 10 13 4
1912	14 3 12 15
1913	8 9 11 2
1914	15 11 1 14
1915	10 4 17 1
1916	9 17 5 10
1917	9 4 10 6
1918	9 16 15 19
1919	20 17 6 3
1920	10 12 18 13
1921	11 7 4 16
1922	11 18 15 16
1923	12 19 2 5
1924	8 13 11 1
1925	11 1 9 3
1926	15 8 12 6
1927	15 20 16 12
1928	7 13 1 16
1929	15 8 10 11
1930	2 5 16 11
1931	4 16 6 5
1932	6 18 13 20
1933	2 19 8 13
1934	17 19 4 6
1935	9 16 6 20
1936	18 12 1 20
1937	16 17 6 5
1938	2 9 17 12
1939	20 16 2 7
1940	19 10 1 17
1941	8 17 14 9
1942	19 11 3 6
1943	2 10 4 7
1944	4 20 14 5
1945	20 8 7 3
1946	4 19 5 8
1947	3 17 13 8
1948	19 16 20 4
1949	19 13 8 6
1950	10 16 6 17
1951	9 7 6 18
1952	15 1 2 16
1953	4 2 9 16
1954	6 19 11 10
1955	9 11 2 18
1956	13 19 12 3
1957	8 1 18 11
1958	11 12 19 10
1959	13 12 16 10
1960	10 18 13 4
1961	12 3 13 17
1962	15 16 12 6
1963	10 6 9 3
1964	20 15 9 3
1965	10 6 19 4
1966	11 13 7 4
1967	11 16 1 9
1968	3 19 15 14
1969	5 12 7 20
1970	13 5 3 9
1971	20 12 4 8
1972	16 10 1 18
1973	9 4 6 8
1974	5 10 6 2
1975	15 11 9 6
1976	14 8 13 6
1977	11 10 4 9
1978	12 3 4 10
1979	18 4 14 10
1980	8 10 19 15
1981	9 10 5 16
1982	11 3 15 16
1983	20 15 6 3
1984	14 2 10 6
1985	14 18 20 3
1986	9 4 3 6
1987	7 9 8 19
1988	6 20 1 16
1989	3 9 1 20
1990	19 6 9 4
1991	9 13 19 10
1992	15 13 1 4
1993	10 17 13 6
1994	17 6 16 9
1995	5 12 17 18
1996	18 10 12 13
1997	12 18 11 17
1998	3 20 18 16
1999	16 13 9 17
2000	10 2 6 17
2001	8 14 9 7
2002	15 4 2 13
2003	19 16 8 20
2004	19 16 11 14
2005	17 8 14 15
2006	16 6 17 15
2007	13 3 15 14
2008	13 19 3 7
2009	9 1 4 19
2010	15 14 19 5
2011	8 15 17 11
2012	7 11 20 6
2013	15 5 18 3
2014	17 15 3 14
2015	14 19 3 17
2016	18 1 6 3
2017	7 9 19 4
2018	3 9 12 10
2019	4 12 6 8
2020	19 2 9 12
2021	6 10 4 12
2022	14 6 16 19
2023	13 16 20 7
2024	15 7 10 5
2025	4 8 18 20
2026	4 1 6 15
2027	12 13 17 10
2028	8 14 6 7
2029	12 2 19 10
2030	3 8 12 2
2031	15 3 4 8
2032	12 14 17 3
2033	2 10 6 16
2034	7 12 5 10
2035	6 12 9 14
2036	7 13 15 12
2037	2 12 17 16
2038	12 15 16 20
2039	15 5 18 7
2040	4 5 18 11
2041	14 18 11 20
2042	4 9 14 12
2043	15 7 16 1
2044	7 13 8 19
2045	7 19 18 5
2046	3 20 7 14
2047	6 14 9 15
2048	3 8 15 7
2049	5 3 16 15
2050	10 18 13 14
2051	15 4 7 17
2052	9 11 5 12
2053	7 2 8 20
2054	10 9 2 19
2055	11 20 2 4
2056	2 18 14 15
2057	19 1 12 3
2058	19 1 20 13
2059	16 4 3 2
2060	3 14 20 4
2061	14 16 12 11
2062	4 19 1 20
2063	18 11 8 1
2064	14 10 17 19
2065	15 1 16 3
2066	1 13 9 12
2067	20 16 15 19
2068	7 17 16 9
2069	18 14 5 13
2070	4 19 1 11
2071	8 20 14 4
2072	11 6 17 7
2073	13 5 19 16
2074	14 15 12 16
2075	11 7 9 14
2076	5 9 18 12
2077	3 12 13 20
2078	18 6 2 14
2079	4 18 2 13
2080	15 17 16 2
2081	1 17 6 4
2082	9 20 19 10
2083	17 7 14 16
2084	13 20 3 14
2085	16 1 10 14
2086	2 17 3 13
2087	15 17 13 18
2088	5 16 20 1
2089	8 12 13 19
2090	15 7 6 17
2091	4 15 9 1
2092	12 14 7 13
2093	14 18 8 9
2094	7 12 14 5
2095	13 6 9 15
2096	18 12 13 5
2097	14 3 6 8
2098	20 17 6 4
2099	1 15 5 12
2100	8 4 13 14
2101	10 19 3 4
2102	9 20 5 3
2103	18 17 14 19
2104	18 4 6 12
2105	9 5 8 18
2106	6 8 4 2
2107	15 5 9 17
2108	16 18 2 17
2109	2 20 16 8
2110	19 12 7 4
2111	14 16 2 5
2112	11 3 4 20
2113	15 13 2 6
2114	7 10 13 11
2115	15 11 9 19
2116	19 7 13 20
2117	14 12 1 3
2118	14 13 5 9
2119	5 16 9 11
2120	3 8 6 17
2121	3 1 7 15
2122	9 6 4 17
2123	8 18 10 17
2124	17 15 20 18
2125	1 19 14 3
2126	1 11 9 3
2127	1 10 17 19
2128	13 5 4 9
2129	14 3 10 5
2130	14 2 8 10
2131	13 4 17 15
2132	13 1 18 15
2133	15 13 18 11
2134	14 8 6 18
2135	18 5 10 2
2136	16 15 8 6
2137	9 11 18 5
2138	13 12 9 7
2139	19 9 15 12
2140	6 11 3 12
2141	16 12 7 20
2142	18 10 19 3
2143	12 17 13 1
2144	19 2 16 12
2145	5 11 9 2
2146	12 6 9 19
2147	1 13 20 11
2148	11 18 14 19
2149	17 1 7 2
2150	12 10 8 9
2151	19 11 9 3
2152	16 3 15 8
2153	19 12 17 13
2154	15 12 9 18
2155	4 7 9 20
2156	16 20 10 18
2157	14 19 1 15
2158	5 13 17 16
2159	20 11 6 15
2160	17 14 3 13
2161	1 15 4 14
2162	16 19 8 7
2163	1 12 18 16
2164	19 15 8 10
2165	10 14 9 7
2166	5 17 10 16
2167	15 12 6 18
2168	1 14 7 17
2169	12 20 16 18
2170	12 17 6 11
2171	6 15 13 20
2172	13 1 15 6
2173	14 2 18 13
2174	6 4 3 14
2175	2 4 18 6
2176	12 18 10 11
2177	7 13 3 1
2178	3 5 13 2
2179	16 17 4 20
2180	9 4 12 13
2181	12 1 9 15
2182	13 10 16 4
2183	14 17 8 11
2184	2 5 19 17
2185	13 4 14 11
2186	10 19 20 8
2187	12 20 9 8
2188	15 17 3 5
2189	12 13 18 9
2190	5 11 9 16
2191	2 3 18 16
2192	4 6 20 3
2193	1 8 2 18
2194	7 19 20 2
2195	13 20 1 5
2196	20 1 14 19
2197	8 20 10 3
2198	20 4 16 13
2199	20 12 10 17
2200	19 11 14 8
2201	8 20 11 6
2202	10 6 5 18
2203	8 18 20 3
2204	4 6 13 2
2205	2 10 8 6
2206	20 9 2 13
2207	15 10 5 7
2208	11 13 16 15
2209	3 8 14 6
2210	2 3 8 13
2211	13 1 3 16
2212	9 12 5 7
2213	1 8 20 19
2214	17 20 16 14
2215	20 11 12 16
2216	20 16 12 3
2217	13 6 17 15
2218	18 15 5 7
2219	20 11 19 5
2220	17 9 2 4
2221	15 13 20 8
2222	12 8 9 11
2223	11 17 1 14
2224	12 14 1 6
2225	14 4 12 19
2226	19 16 10 12
2227	11 5 7 14
2228	12 20 18 8
2229	6 12 15 19
2230	9 11 16 13
2231	20 15 19 8
2232	19 4 5 2
2233	16 1 6 15
2234	14 13 3 1
2235	3 10 19 2
2236	12 3 2 14
2237	15 3 14 19
2238	5 3 1 9
2239	11 13 8 12
2240	5 20 17 2
2241	12 8 15 14
2242	6 2 13 16
2243	15 6 3 16
2244	9 3 13 20
2245	17 12 20 3
2246	8 15 10 14
2247	7 20 8 10
2248	10 8 4 7
2249	8 7 10 9
2250	3 14 11 18
2251	17 10 20 7
2252	14 10 8 5
2253	8 4 7 16
2254	3 9 14 16
2255	19 18 9 20
2256	12 3 6 9
2257	20 10 5 15
2258	4 18 10 6
2259	3 15 20 1
2260	9 10 11 7
2261	20 13 5 10
2262	7 12 1 14
2263	10 12 14 7
2264	9 4 17 15
2265	10 13 3 12
2266	6 9 18 12
2267	5 10 3 17
2268	3 4 6 8
2269	3 15 19 20
2270	14 18 1 9
2271	10 15 12 4
2272	15 7 14 18
2273	17 4 1 3
2274	6 15 13 4
2275	5 2 12 9
2276	13 5 20 1
2277	13 4 20 19
2278	7 16 15 6
2279	10 18 16 17
2280	16 17 10 6
2281	4 19 8 16
2282	1 7 18 17
2283	12 19 18 13
2284	19 5 20 6
2285	14 8 9 15
2286	20 14 2 11
2287	6 18 13 7
2288	14 4 6 13
2289	6 3 16 17
2290	20 1 10 8
2291	11 14 19 15
2292	4 11 12 20
2293	16 4 6 9
2294	13 1 18 9
2295	4 20 13 15
2296	13 3 6 14
2297	6 2 5 3
2298	9 3 2 17
2299	14 12 4 9
2300	4 1 14 15
2301	14 16 8 9
2302	11 12 16 13
2303	4 20 12 19
2304	14 19 15 11
2305	3 18 12 17
2306	1 18 17 20
2307	14 4 13 11
2308	16 12 3 7
2309	17 9 5 16
2310	17 11 3 5
2311	16 1 18 5
2312	5 7 19 6
2313	11 17 2 14
2314	12 1 2 16
2315	10 2 11 18
2316	1 14 12 8
2317	8 15 16 19
2318	5 13 4 10
2319	2 1 4 9
2320	20 10 11 12
2321	10 13 1 5
2322	18 6 17 13
2323	15 18 16 1
2324	5 20 1 6
2325	1 20 19 4
2326	18 16 10 8
2327	2 10 15 20
2328	13 4 18 16
2329	14 20 18 12
2330	1 11 9 20
2331	4 3 8 18
2332	6 12 5 17
2333	3 18 5 16
2334	9 10 14 20
2335	3 13 17 20
2336	8 9 12 3
2337	8 6 13 4
2338	15 9 19 11
2339	11 1 7 2
2340	9 19 7 20
2341	3 17 20 10
2342	1 10 7 9
2343	11 4 8 18
2344	10 6 4 18
2345	13 1 7 18
2346	9 19 7 18
2347	6 14 1 3
2348	9 12 15 1
2349	5 14 12 1
2350	19 16 4 11
2351	18 12 16 2
2352	13 5 18 16
2353	13 6 11 12
2354	13 9 8 16
2355	2 19 12 14
2356	1 5 18 14
2357	19 15 5 6
2358	16 8 5 9
2359	1 20 2 3
2360	18 3 8 10
2361	13 11 5 14
2362	1 10 14 15
2363	16 6 9 8
2364	3 1 5 2
2365	10 16 7 15
2366	18 1 20 11
2367	2 13 14 3
2368	9 19 14 11
2369	17 4 16 8
2370	8 10 2 20
2371	4 6 9 10
2372	12 7 8 5
2373	4 14 5 9
2374	2 18 12 20
2375	4 13 14 5
2376	13 16 6 7
2377	10 20 17 14
2378	4 17 3 5
2379	8 16 7 13
2380	1 2 12 18
2381	7 9 10 15
2382	20 4 11 16
2383	2 20 14 19
2384	19 10 6 11
2385	16 15 12 1
2386	5 12 13 8
2387	19 18 14 11
2388	13 2 5 16
2389	17 12 18 15
2390	15 3 18 19
2391	9 7 2 20
2392	8 9 16 10
2393	20 17 4 18
2394	15 13 1 18
2395	3 1 6 12
2396	3 4 8 6
2397	14 4 10 8
2398	8 10 16 9
2399	4 19 18 13
2400	1 7 20 2
2401	10 17 19 6
2402	2 13 1 3
2403	17 3 6 14
2404	5 4 19 1
2405	19 15 14 20
2406	20 2 8 18
2407	7 3 19 11
2408	12 3 6 9
2409	10 17 1 20
2410	5 14 18 20
2411	20 11 9 1
2412	9 5 16 15
2413	13 7 16 5
2414	1 6 7 10
2415	13 8 1 18
2416	5 14 12 7
2417	12 14 4 18
2418	7 19 6 1
2419	9 16 1 7
2420	12 3 9 2
2421	14 5 3 11
2422	9 10 17 3
2423	4 11 6 13
2424	15 16 19 20
2425	5 19 3 6
2426	15 16 18 10
2427	9 4 6 12
2428	14 7 6 5
2429	20 2 17 11
2430	12 15 16 8
2431	6 10 17 15
2432	1 3 9 4
2433	8 7 14 16
2434	11 20 5 19
2435	6 12 15 1
2436	14 8 20 9
2437	20 7 11 6
2438	8 14 5 3
2439	2 9 15 14
2440	1 4 17 9
2441	4 14 15 10
2442	7 12 19 20
2443	20 9 17 6
2444	16 13 5 17
2445	6 20 14 8
2446	15 5 4 1
2447	18 10 2 11
2448	6 9 7 13
2449	1 19 18 20
2450	12 20 18 4
2451	14 15 10 16
2452	16 8 1 2
2453	3 17 11 12
2454	16 4 1 3
2455	6 11 7 15
2456	20 4 9 3
2457	6 18 1 20
2458	10 13 6 4
2459	17 12 3 18
2460	13 17 10 1
2461	13 19 17 6
2462	12 16 17 1
2463	7 4 14 19
2464	13 5 2 15
2465	9 17 20 4
2466	10 16 13 7
2467	6 12 13 5
2468	11 16 14 2
2469	15 16 4 3
2470	16 8 17 1
2471	7 17 19 16
2472	19 12 3 20
2473	3 19 6 15
2474	5 17 3 15
2475	7 9 1 16
2476	15 17 16 8
2477	12 9 17 19
2478	18 8 2 16
2479	8 15 12 6
2480	14 9 10 5
2481	17 5 14 18
2482	9 17 1 8
2483	15 7 3 9
2484	2 12 4 18
2485	13 3 20 11
2486	17 13 11 9
2487	5 9 6 12
2488	11 15 9 17
2489	16 5 3 7
2490	12 18 14 19
2491	12 19 7 5
2492	14 3 8 20
2493	7 13 8 16
2494	12 7 17 18
2495	20 3 7 4
2496	11 3 15 5
2497	11 20 12 18
2498	5 12 4 8
2499	2 11 7 4
2500	14 16 12 7
2501	12 17 18 9
2502	16 5 13 8
2503	8 14 6 13
2504	18 20 10 1
2505	18 16 2 13
2506	18 6 20 16
2507	1 9 17 15
2508	12 9 3 19
2509	20 4 18 8
2510	4 13 2 16
2511	11 15 19 3
2512	2 11 6 13
2513	9 10 17 13
2514	2 12 7 14
2515	12 13 16 19
2516	2 19 7 16
2517	10 9 12 5
2518	19 10 20 4
2519	16 8 11 3
2520	10 1 3 20
2521	4 17 9 1
2522	20 18 14 4
2523	12 20 5 15
2524	10 18 4 1
2525	16 8 12 18
2526	18 15 8 9
2527	13 9 19 10
2528	3 13 15 7
2529	6 2 13 16
2530	8 10 3 14
2531	14 10 5 4
2532	2 15 8 19
2533	16 18 8 12
2534	3 13 19 10
2535	12 9 16 10
2536	17 5 12 11
2537	17 8 14 1
2538	4 14 6 7
2539	2 4 11 17
2540	20 4 8 13
2541	13 16 12 3
2542	14 5 10 11
2543	7 14 18 16
2544	9 4 5 13
2545	4 3 8 12
2546	20 7 3 17
2547	12 3 13 6
2548	18 7 11 17
2549	16 10 4 11
2550	6 8 2 17
2551	9 19 20 2
2552	15 7 5 3
2553	3 5 13 15
2554	5 9 1 2
2555	19 20 3 2
2556	17 15 7 18
2557	11 7 13 16
2558	3 13 1 2
2559	19 3 7 6
2560	10 20 9 1
2561	18 11 14 9
2562	9 1 13 3
2563	12 10 16 4
2564	2 5 4 3
2565	20 6 1 17
2566	10 16 9 18
2567	16 7 1 19
2568	20 14 12 17
2569	14 7 19 20
2570	1 13 18 5
2571	13 7 9 2
2572	15 6 11 14
2573	14 12 10 6
2574	14 10 16 20
2575	17 3 5 15
2576	19 13 9 8
2577	19 15 9 1
2578	1 14 5 17
2579	10 7 9 6
2580	1 2 7 11
2581	4 5 13 16
2582	4 7 20 1
2583	2 11 12 4
2584	1 16 14 9
2585	8 9 6 2
2586	4 6 15 12
2587	19 17 8 6
2588	7 13 10 9
2589	20 2 14 16
2590	12 20 11 9
2591	13 4 18 7
2592	2 1 8 9
2593	6 2 19 11
2594	20 6 19 14
2595	3 4 5 14
2596	20 17 2 5
2597	15 10 2 18
2598	2 19 1 20
2599	14 11 16 10
2600	3 20 13 4
2601	19 9 17 12
2602	8 9 15 4
2603	1 19 10 18
2604	8 6 2 5
2605	2 19 4 1
2606	7 2 11 10
2607	11 7 16 5
2608	10 11 5 9
2609	16 19 2 14
2610	5 18 2 13
2611	15 16 1 8
2612	18 14 19 7
2613	17 13 14 4
2614	18 15 16 6
2615	8 14 11 7
2616	18 16 3 4
2617	11 6 8 3
2618	15 1 11 16
2619	14 2 17 11
2620	12 17 8 2
2621	12 4 9 7
2622	2 17 7 1
2623	13 12 5 1
2624	3 18 20 2
2625	11 3 16 20
2626	2 16 7 18
2627	18 17 16 19
2628	19 17 18 12
2629	1 15 17 14
2630	8 1 18 15
2631	14 4 18 11
2632	4 17 6 19
2633	10 6 9 3
2634	6 12 4 1
2635	17 11 20 3
2636	5 14 10 19
2637	17 20 9 13
2638	14 1 10 12
2639	6 8 11 15
2640	6 5 4 12
2641	6 20 15 12
2642	6 5 16 3
2643	10 20 9 14
2644	3 18 4 6
2645	1 6 13 15
2646	2 12 1 13
2647	20 15 16 4
2648	5 19 20 3
2649	13 15 9 12
2650	8 20 11 12
2651	20 10 14 17
2652	2 12 5 6
2653	9 17 6 1
2654	14 15 19 20
2655	7 3 12 18
2656	6 15 12 20
2657	14 20 5 11
2658	14 20 18 9
2659	11 13 9 17
2660	20 11 18 8
2661	8 20 18 4
2662	3 15 1 20
2663	2 15 10 5
2664	16 12 18 13
2665	12 18 14 11
2666	11 17 6 9
2667	5 19 1 20
2668	11 2 20 14
2669	17 20 19 15
2670	7 13 20 15
2671	6 7 13 4
2672	1 8 18 14
2673	1 18 8 5
2674	6 18 11 10
2675	18 15 2 11
2676	8 13 19 3
2677	17 8 6 10
2678	5 1 7 3
2679	10 6 9 1
2680	5 15 12 1
2681	17 18 2 16
2682	10 6 19 18
2683	10 16 14 19
2684	1 15 2 7
2685	16 18 2 1
2686	18 5 4 16
2687	18 1 6 17
2688	10 9 5 13
2689	8 12 4 10
2690	3 9 7 15
2691	11 1 5 14
2692	8 5 17 3
2693	13 10 9 4
2694	4 8 11 7
2695	13 1 16 8
2696	10 3 18 2
2697	15 19 2 5
2698	16 18 5 3
2699	2 1 5 12
2700	4 20 1 12
2701	12 2 6 9
2702	18 6 11 14
2703	11 1 6 9
2704	9 1 11 8
2705	15 20 12 14
2706	5 3 11 7
2707	1 18 19 3
2708	16 15 5 20
2709	17 1 4 19
2710	14 9 18 7
2711	3 2 4 10
2712	3 11 7 16
2713	4 9 17 8
2714	4 1 10 20
2715	3 19 15 16
2716	17 13 6 5
2717	18 12 19 6
2718	18 6 9 15
2719	17 6 13 11
2720	6 8 5 4
2721	3 17 15 1
2722	11 4 10 2
2723	18 9 6 4
2724	4 10 9 5
2725	18 15 10 6
2726	14 8 3 16
2727	8 12 5 7
2728	19 5 11 2
2729	1 10 4 12
2730	9 6 8 11
2731	2 6 19 15
2732	8 16 20 18
2733	8 19 17 2
2734	18 12 19 8
2735	9 5 4 16
2736	20 16 10 12
2737	1 10 15 12
2738	10 6 3 18
2739	6 19 12 14
2740	7 1 19 6
2741	9 18 14 10
2742	4 3 12 18
2743	6 3 5 14
2744	15 1 19 16
2745	7 17 14 12
2746	16 17 2 13
2747	17 8 9 19
2748	17 13 20 9
2749	3 12 11 20
2750	15 11 17 10
2751	15 14 9 17
2752	14 16 6 1
2753	19 2 18 15
2754	12 10 6 4
2755	20 12 4 2
2756	12 1 14 17
2757	6 14 7 8
2758	7 19 6 1
2759	9 19 16 14
2760	18 1 17 20
2761	6 7 14 12
2762	7 2 13 6
2763	1 4 20 10
2764	10 7 4 6
2765	19 14 12 18
2766	17 19 7 5
2767	7 10 6 19
2768	9 17 3 16
2769	4 8 18 20
2770	10 14 13 2
2771	11 7 1 16
2772	4 13 15 14
2773	2 12 13 11
2774	12 20 4 10
2775	3 19 10 12
2776	2 7 14 17
2777	13 20 2 14
2778	10 17 7 14
2779	18 9 13 4
2780	10 11 12 18
2781	18 20 15 19
2782	18 7 11 20
2783	15 5 16 6
2784	18 12 19 7
2785	4 5 16 2
2786	7 1 13 6
2787	14 3 2 11
2788	16 11 1 4
2789	7 2 11 13
2790	10 18 9 17
2791	1 19 16 11
2792	14 18 12 13
2793	5 14 8 7
2794	19 3 17 12
2795	15 4 13 6
2796	16 2 5 8
2797	14 17 12 19
2798	11 15 2 10
2799	19 9 4 16
2800	12 1 16 6
2801	12 16 8 11
2802	17 2 14 5
2803	15 17 20 16
2804	16 4 6 12
2805	4 7 12 17
2806	7 17 19 5
2807	3 10 12 16
2808	4 11 12 7
2809	11 6 14 7
2810	2 11 9 3
2811	20 17 18 13
2812	3 9 1 19
2813	9 10 17 14
2814	11 10 17 2
2815	6 3 11 8
2816	4 9 18 16
2817	4 7 5 6
2818	2 9 10 6
2819	2 16 17 4
2820	2 19 18 4
2821	7 16 5 18
2822	7 9 4 1
2823	19 10 11 7
2824	12 13 16 20
2825	12 20 19 1
2826	11 7 9 5
2827	1 8 17 3
2828	11 20 1 18
2829	14 17 7 4
2830	11 9 12 5
2831	4 15 10 19
2832	7 12 2 6
2833	15 10 9 13
2834	20 7 17 9
2835	12 18 14 19
2836	18 17 20 11
2837	7 10 6 8
2838	14 5 17 8
2839	12 1 4 15
2840	1 3 13 8
2841	3 19 14 8
2842	9 10 5 1
2843	18 4 13 1
2844	5 8 4 12
2845	12 5 11 7
2846	13 7 15 19
2847	3 20 15 7
2848	6 14 7 17
2849	16 17 19 12
2850	10 7 16 17
2851	12 7 8 15
2852	9 19 12 7
2853	17 8 2 12
2854	1 17 14 10
2855	16 8 13 7
2856	16 6 20 2
2857	20 19 6 4
2858	18 16 13 11
2859	20 4 18 8
2860	9 3 17 14
2861	15 17 7 5
2862	9 2 12 14
2863	15 8 18 12
2864	18 7 17 6
2865	9 10 14 12
2866	6 14 1 16
2867	14 19 7 5
2868	1 17 20 2
2869	10 11 19 7
2870	20 6 19 10
2871	20 11 2 13
2872	2 16 5 11
2873	3 5 12 2
2874	15 13 8 2
2875	12 6 15 5
2876	13 16 20 17
2877	6 10 14 2
2878	5 4 14 7
2879	3 17 11 4
2880	10 1 7 8
2881	10 12 15 2
2882	16 5 20 10
2883	18 2 19 6
2884	13 15 17 18
2885	16 15 6 18
2886	9 7 12 11
2887	5 4 19 1
2888	2 10 6 17
2889	2 13 4 17
2890	4 5 9 10
2891	8 14 15 9
2892	14 20 19 12
2893	16 20 4 6
2894	20 15 5 10
2895	14 15 11 20
2896	10 6 15 14
2897	7 12 14 2
2898	15 19 20 10
2899	1 14 11 3
2900	4 20 18 19
2901	15 1 20 11
2902	17 10 15 9
2903	1 8 18 3
2904	10 1 15 17
2905	3 18 14 1
2906	14 16 11 5
2907	16 5 10 12
2908	20 1 13 17
2909	13 6 9 4
2910	13 17 1 14
2911	4 17 11 8
2912	16 11 7 4
2913	16 1 5 13
2914	7 16 12 1
2915	17 7 3 11
2916	20 12 1 16
2917	12 2 6 4
2918	15 9 8 5
2919	8 14 7 11
2920	14 6 18 20
2921	6 20 8 12
2922	18 7 13 17
2923	3 16 19 2
2924	20 6 3 18
2925	9 8 3 11
2926	10 20 4 3
2927	2 16 17 6
2928	12 4 3 2
2929	5 6 8 19
2930	15 3 18 12
2931	13 16 3 9
2932	1 12 7 10
2933	5 7 20 11
2934	7 13 15 17
2935	4 3 13 2
2936	7 6 15 1
2937	10 11 6 7
2938	11 12 16 3
2939	9 5 16 7
2940	18 7 1 13
2941	10 11 9 5
2942	18 14 6 17
2943	9 11 3 1
2944	16 17 4 10
2945	11 20 19 4
2946	19 11 12 20
2947	4 8 18 5
2948	1 5 6 12
2949	9 5 15 4
2950	11 2 4 13
2951	14 18 1 5
2952	1 10 18 17
2953	7 16 13 10
2954	13 18 16 5
2955	11 2 4 6
2956	5 10 15 6
2957	10 13 12 16
2958	15 8 19 10
2959	3 7 18 9
2960	5 7 6 13
2961	11 18 5 6
2962	6 2 17 16
2963	1 11 14 10
2964	4 14 15 9
2965	11 5 9 16
2966	1 7 12 19
2967	8 9 16 17
2968	16 1 3 9
2969	13 14 3 18
2970	1 5 10 9
2971	13 11 14 3
2972	2 16 9 8
2973	3 9 17 16
2974	4 3 17 5
2975	2 18 12 4
2976	20 4 9 11
2977	14 3 15 2
2978	11 1 18 20
2979	1 12 10 2
2980	11 15 17 16
2981	2 5 7 1
2982	9 18 16 11
2983	10 8 17 18
2984	20 13 6 2
2985	1 20 14 5
2986	3 2 15 1
2987	7 10 17 15
2988	11 17 1 3
2989	1 16 14 15
2990	11 3 6 4
2991	9 3 2 10
2992	4 9 8 7
2993	8 7 5 13
2994	8 20 11 1
2995	1 7 13 5
2996	19 5 6 1
2997	14 16 17 3
2998	12 4 9 20
2999	13 5 2 9
3000	10 14 7 1
3001	10 17 1 8
3002	3 9 19 4
3003	11 18 8 5
3004	8 6 20 11
3005	5 3 9 11
3006	7 6 20 18
3007	3 17 4 6
3008	12 1 7 14
3009	3 14 11 6
3010	10 9 6 20
3011	18 5 7 14
3012	3 11 4 9
3013	1 8 7 13
3014	18 16 13 8
3015	13 19 3 16
3016	5 16 20 10
3017	13 8 7 14
3018	16 17 12 6
3019	6 15 16 9
3020	4 19 10 16
3021	16 15 13 8
3022	8 7 13 10
3023	19 14 15 16
3024	11 18 19 1
3025	1 3 9 18
3026	3 2 6 16
3027	6 8 4 14
3028	9 1 18 5
3029	17 5 9 11
3030	16 19 11 13
3031	17 14 16 9
3032	9 18 4 17
3033	7 8 2 13
3034	8 14 12 5
3035	7 20 15 11
3036	15 11 12 8
3037	17 4 9 3
3038	6 14 8 7
3039	13 16 19 2
3040	10 2 20 3
3041	20 4 2 11
3042	1 10 2 18
3043	4 5 19 20
3044	11 8 7 10
3045	1 7 20 3
3046	13 7 18 12
3047	17 18 11 4
3048	15 3 2 11
3049	19 10 2 7
3050	19 9 4 8
3051	20 1 5 8
3052	5 11 12 20
3053	11 9 20 2
3054	7 6 19 4
3055	5 18 13 10
3056	11 6 7 15
3057	19 17 15 10
3058	3 18 8 16
3059	9 6 14 10
3060	2 1 11 18
3061	14 5 17 3
3062	3 14 19 10
3063	3 12 17 13
3064	1 15 14 5
3065	13 15 17 2
3066	6 20 10 5
3067	4 2 3 16
3068	20 9 10 12
3069	14 11 2 17
3070	16 10 12 4
3071	20 16 18 6
3072	17 1 2 18
3073	17 20 1 9
3074	4 2 1 16
3075	5 13 14 6
3076	11 1 6 3
3077	3 12 7 17
3078	16 7 18 9
3079	11 3 13 18
3080	15 1 11 5
3081	17 14 11 10
3082	1 15 4 10
3083	3 16 8 18
3084	12 14 11 18
3085	7 13 15 1
3086	6 20 7 14
3087	6 18 1 10
3088	16 17 4 12
3089	5 20 16 12
3090	13 18 1 10
3091	14 16 7 2
3092	3 13 12 9
3093	1 2 17 7
3094	12 8 2 13
3095	17 14 19 4
3096	10 3 1 7
3097	20 18 11 8
3098	13 15 3 4
3099	6 16 12 10
3100	1 2 11 19
3101	10 19 20 16
3102	2 3 13 4
3103	15 20 3 5
3104	10 9 15 2
3105	12 17 14 6
3106	1 19 10 9
3107	15 1 2 12
3108	3 9 5 19
3109	15 19 8 16
3110	10 8 18 15
3111	18 16 7 19
3112	8 10 4 13
3113	13 17 3 7
3114	2 4 3 6
3115	15 13 6 19
3116	4 6 9 15
3117	18 6 16 10
3118	17 9 8 10
3119	9 19 18 5
3120	14 5 6 4
3121	9 11 20 6
3122	12 13 4 8
3123	17 14 9 2
3124	8 10 11 5
3125	5 3 1 10
3126	12 4 11 17
3127	4 16 12 10
3128	18 3 19 17
3129	15 2 10 7
3130	1 8 3 9
3131	19 9 7 1
3132	11 17 13 12
3133	3 4 11 18
3134	8 20 2 5
3135	1 20 19 5
3136	10 18 4 15
3137	3 2 10 5
3138	17 18 5 15
3139	5 1 13 8
3140	3 15 2 5
3141	1 12 20 15
3142	1 17 20 7
3143	7 14 3 20
3144	6 16 3 4
3145	7 19 16 2
3146	2 8 4 16
3147	20 2 1 18
3148	18 15 5 10
3149	17 18 7 12
3150	8 10 2 20
3151	13 14 1 8
3152	10 16 8 7
3153	20 19 1 15
3154	3 13 18 6
3155	1 17 10 15
3156	7 9 16 4
3157	8 2 15 10
3158	10 17 16 5
3159	1 18 16 10
3160	7 20 4 17
3161	1 9 16 13
3162	4 9 3 12
3163	18 11 16 10
3164	20 3 11 9
3165	17 4 3 5
3166	8 1 19 15
3167	19 12 18 6
3168	7 17 14 9
3169	3 20 4 16
3170	11 6 10 7
3171	13 10 20 8
3172	12 11 1 6
3173	15 20 7 19
3174	5 7 13 14
3175	11 4 8 13
3176	2 8 14 15
3177	19 7 5 4
3178	15 7 5 12
3179	10 16 9 18
3180	16 13 2 1
3181	10 15 18 13
3182	9 14 17 2
3183	1 13 7 11
3184	2 5 18 3
3185	17 20 14 16
3186	4 3 12 17
3187	15 1 14 12
3188	20 16 15 1
3189	12 13 6 20
3190	20 18 14 6
3191	1 4 15 13
3192	10 19 12 2
3193	4 18 10 20
3194	5 8 9 15
3195	20 15 7 2
3196	3 18 13 7
3197	3 1 15 17
3198	4 8 6 3
3199	2 9 18 8
3200	11 10 20 8
3201	2 11 18 12
3202	3 17 8 11
3203	12 2 20 4
3204	2 15 18 8
3205	11 9 10 15
3206	6 16 14 15
3207	10 4 20 9
3208	17 7 19 8
3209	7 14 10 15
3210	18 11 4 10
3211	7 11 18 5
3212	17 19 13 16
3213	11 9 5 17
3214	6 12 20 9
3215	4 12 10 15
3216	20 15 8 4
3217	7 11 10 16
3218	20 18 11 10
3219	6 8 19 10
3220	4 13 6 15
3221	10 2 6 3
3222	15 19 7 18
3223	7 11 1 3
3224	9 5 4 12
3225	6 20 7 5
3226	13 8 15 12
3227	9 13 6 5
3228	1 2 20 5
3229	8 6 20 16
3230	3 18 6 14
3231	17 19 7 9
3232	9 7 2 19
3233	17 12 9 3
3234	3 18 4 13
3235	3 11 17 19
3236	6 9 8 18
3237	11 17 4 14
3238	20 16 2 13
3239	1 9 20 16
3240	6 2 14 11
3241	1 11 5 7
3242	16 4 13 12
3243	16 6 14 12
3244	10 5 12 17
3245	4 13 5 10
3246	7 15 20 13
3247	19 17 13 10
3248	1 16 4 2
3249	7 15 14 8
3250	14 10 17 5
3251	7 8 18 20
3252	16 2 13 1
3253	8 7 6 20
3254	18 13 1 19
3255	2 7 3 9
3256	18 1 19 14
3257	20 3 14 10
3258	18 5 11 10
3259	15 3 6 1
3260	16 8 13 15
3261	19 10 8 12
3262	7 1 10 6
3263	8 4 17 9
3264	13 10 15 8
3265	10 20 3 16
3266	17 3 7 12
3267	20 6 9 11
3268	17 5 11 8
3269	8 1 4 3
3270	9 4 19 20
3271	15 2 17 3
3272	13 1 3 10
3273	3 14 7 11
3274	1 12 20 18
3275	20 4 12 17
3276	5 12 6 2
3277	3 17 18 4
3278	1 11 9 13
3279	5 11 17 13
3280	19 9 8 3
3281	8 18 14 13
3282	5 11 10 20
3283	11 18 10 12
3284	1 13 6 2
3285	18 4 2 9
3286	1 7 8 16
3287	2 14 1 10
3288	6 4 2 15
3289	2 1 14 19
3290	7 14 2 3
3291	14 6 19 3
3292	9 1 5 3
3293	1 12 13 3
3294	20 15 7 2
3295	6 13 4 10
3296	16 5 11 12
3297	1 14 3 17
3298	17 4 12 2
3299	20 2 3 10
3300	10 2 16 5
3301	14 8 13 18
3302	11 16 6 13
3303	10 14 16 3
3304	3 5 7 6
3305	11 15 19 6
3306	7 16 9 2
3307	14 13 1 8
3308	18 14 9 17
3309	15 13 17 8
3310	17 5 4 14
3311	17 7 12 5
3312	17 20 5 7
3313	17 5 18 14
3314	19 11 16 2
3315	2 3 20 1
3316	9 6 5 20
3317	14 13 2 6
3318	11 6 9 16
3319	2 7 10 8
3320	15 13 17 3
3321	16 19 3 1
3322	19 1 10 7
3323	6 8 14 11
3324	4 12 5 15
3325	17 19 18 13
3326	14 10 1 20
3327	8 4 6 13
3328	6 4 20 19
3329	6 14 11 20
3330	17 1 10 13
3331	18 6 8 12
3332	16 19 6 2
3333	14 17 3 9
3334	7 1 13 20
3335	12 15 17 2
3336	4 19 11 12
3337	17 12 6 10
3338	19 12 8 7
3339	14 12 19 5
3340	4 8 20 17
3341	11 6 1 17
3342	1 20 6 8
3343	6 5 18 12
3344	17 13 4 7
3345	20 18 17 19
3346	3 6 14 7
3347	5 19 6 20
3348	19 10 4 13
3349	13 7 4 17
3350	6 4 14 13
3351	19 9 20 4
3352	18 6 8 9
3353	16 3 14 4
3354	5 13 3 7
3355	20 16 7 13
3356	15 2 4 14
3357	1 11 10 8
3358	7 13 8 4
3359	8 3 5 17
3360	12 19 5 15
3361	20 16 6 15
3362	18 1 12 5
3363	8 19 10 6
3364	11 6 10 2
3365	12 9 20 10
3366	11 18 10 8
3367	20 3 18 16
3368	6 4 7 9
3369	16 17 10 8
3370	16 6 12 19
3371	3 4 19 7
3372	18 4 16 1
3373	12 15 1 18
3374	15 18 13 1
3375	7 12 1 15
3376	9 12 5 19
3377	17 11 4 5
3378	13 4 19 11
3379	20 7 12 9
3380	3 18 7 17
3381	15 2 16 17
3382	2 11 8 9
3383	14 3 19 16
3384	10 1 7 13
3385	1 10 8 6
3386	5 18 7 17
3387	6 13 9 2
3388	3 20 18 14
3389	13 7 18 4
3390	15 10 20 16
3391	12 3 5 14
3392	12 5 10 1
3393	1 9 2 15
3394	20 16 10 8
3395	7 2 19 5
3396	15 9 12 19
3397	16 7 8 2
3398	19 2 8 5
3399	15 11 12 14
3400	7 12 3 17
3401	14 5 4 15
3402	1 11 2 13
3403	5 6 15 11
3404	20 14 2 11
3405	13 6 1 5
3406	15 4 5 16
3407	18 7 4 15
3408	11 19 1 20
3409	10 8 7 18
3410	15 7 9 4
3411	9 6 16 8
3412	8 4 17 16
3413	15 19 5 10
3414	9 10 15 19
3415	4 6 1 8
3416	4 19 5 6
3417	15 4 2 7
3418	12 3 11 9
3419	17 8 16 14
3420	17 12 19 8
3421	16 20 12 19
3422	13 2 17 4
3423	1 7 17 19
3424	17 20 5 4
3425	5 9 8 20
3426	9 6 7 16
3427	5 6 9 16
3428	10 14 15 13
3429	18 14 12 16
3430	2 18 20 15
3431	18 1 4 2
3432	6 17 19 5
3433	12 20 19 1
3434	2 16 17 12
3435	1 16 11 4
3436	5 4 14 15
3437	15 20 17 3
3438	17 12 9 3
3439	15 17 12 2
3440	17 12 14 8
3441	5 16 10 12
3442	4 14 10 7
3443	12 14 18 6
3444	3 4 20 1
3445	19 7 11 6
3446	3 4 7 17
3447	12 14 8 13
3448	8 4 12 5
3449	10 2 11 8
3450	3 20 13 11
3451	12 4 15 9
3452	10 19 5 20
3453	1 18 7 8
3454	13 12 8 17
3455	11 19 16 6
3456	14 16 8 12
3457	10 6 11 5
3458	12 16 4 20
3459	1 20 18 17
3460	9 7 2 15
3461	2 1 15 8
3462	20 11 4 3
3463	9 17 7 4
3464	3 20 14 6
3465	12 15 13 17
3466	12 4 3 10
3467	6 13 4 12
3468	2 12 3 9
3469	19 5 2 7
3470	2 3 19 20
3471	19 4 5 15
3472	9 11 3 13
3473	1 7 8 2
3474	8 1 17 20
3475	8 10 18 12
3476	16 2 14 6
3477	20 13 2 1
3478	18 12 9 5
3479	16 19 7 4
3480	18 13 14 9
3481	11 1 20 4
3482	2 4 11 8
3483	19 8 20 10
3484	19 16 12 7
3485	7 19 3 4
3486	9 18 19 12
3487	2 1 3 6
3488	8 9 20 10
3489	9 8 17 11
3490	7 14 9 13
3491	11 2 5 7
3492	10 18 3 8
3493	15 20 3 2
3494	18 9 10 14
3495	10 17 14 19
3496	16 5 6 19
3497	8 13 20 1
3498	1 12 7 6
3499	8 3 4 17
3500	6 14 10 20
3501	5 2 6 1
3502	18 16 6 11
3503	4 17 7 20
3504	6 19 7 2
3505	19 17 18 12
3506	5 12 2 1
3507	9 3 18 7
3508	20 18 3 15
3509	20 4 13 9
3510	4 19 7 18
3511	20 4 11 10
3512	13 15 10 17
3513	3 1 4 12
3514	15 11 1 3
3515	18 3 12 11
3516	6 9 19 12
3517	20 18 4 7
3518	12 7 14 10
3519	9 2 19 16
3520	19 13 3 17
3521	9 4 13 10
3522	3 4 12 13
3523	4 7 19 17
3524	18 14 17 1
3525	9 6 3 10
3526	9 5 17 14
3527	13 4 3 10
3528	15 11 19 3
3529	8 9 16 10
3530	5 3 9 6
3531	4 8 6 9
3532	7 14 8 10
3533	3 12 2 15
3534	8 16 12 6
3535	10 16 18 15
3536	12 1 8 4
3537	14 9 11 7
3538	19 3 5 6
3539	4 8 2 3
3540	5 2 15 8
3541	6 11 4 2
3542	5 17 8 15
3543	10 12 16 9
3544	11 15 17 19
3545	17 4 7 10
3546	20 12 19 3
3547	16 14 9 17
3548	17 19 7 1
3549	15 11 14 1
3550	18 17 13 7
3551	13 3 18 10
3552	5 2 19 3
3553	5 8 14 2
3554	8 9 5 11
3555	9 13 11 18
3556	9 16 14 3
3557	15 2 4 5
3558	3 1 17 9
3559	10 6 1 13
3560	3 19 18 11
3561	2 7 15 6
3562	8 20 7 2
3563	12 2 5 10
3564	16 12 14 9
3565	12 20 13 11
3566	8 19 17 14
3567	9 6 19 8
3568	5 13 18 9
3569	7 14 11 9
3570	15 7 12 20
3571	20 13 11 10
3572	9 6 3 13
3573	12 20 17 10
3574	12 19 11 7
3575	2 10 3 6
3576	7 3 10 19
3577	9 5 4 7
3578	8 2 9 18
3579	16 9 15 17
3580	12 2 1 5
3581	18 3 12 5
3582	1 4 19 17
3583	4 9 13 20
3584	8 9 12 7
3585	8 19 4 16
3586	7 12 19 17
3587	5 19 15 11
3588	11 18 1 20
3589	11 14 5 17
3590	10 11 4 7
3591	18 8 20 12
3592	8 15 10 12
3593	20 9 18 11
3594	8 14 6 2
3595	6 12 3 17
3596	9 1 17 13
3597	7 17 16 10
3598	16 13 5 18
3599	19 20 7 17
3600	20 14 8 10
3601	19 14 10 20
3602	17 3 18 20
3603	3 1 20 7
3604	18 1 7 8
3605	10 4 3 16
3606	8 6 19 1
3607	10 14 6 12
3608	1 19 9 2
3609	15 6 17 19
3610	12 11 7 8
3611	14 18 9 7
3612	3 19 4 16
3613	1 12 7 10
3614	16 12 10 19
3615	16 6 20 10
3616	15 17 9 16
3617	5 15 10 1
3618	20 1 5 10
3619	11 13 1 8
3620	6 15 19 13
3621	7 6 8 12
3622	18 16 15 10
3623	19 4 14 6
3624	11 4 7 18
3625	20 3 18 16
3626	11 5 1 20
3627	10 8 2 3
3628	6 16 1 13
3629	3 17 9 6
3630	8 17 7 13
3631	20 17 16 7
3632	18 7 2 10
3633	6 18 14 7
3634	6 16 4 2
3635	3 19 16 20
3636	19 13 20 8
3637	12 3 13 16
3638	10 1 7 8
3639	4 13 10 19
3640	5 6 9 3
3641	6 13 19 20
3642	12 10 3 1
3643	17 18 20 7
3644	8 4 15 16
3645	17 19 13 20
3646	20 14 3 18
3647	18 9 11 8
3648	19 14 7 10
3649	5 9 10 7
3650	15 3 7 2
3651	14 13 19 5
3652	3 19 20 15
3653	16 14 9 18
3654	20 18 2 11
3655	8 4 18 13
3656	20 14 19 4
3657	16 3 5 8
3658	4 1 11 3
3659	2 14 3 5
3660	18 9 19 17
3661	20 11 12 7
3662	4 20 8 7
3663	3 10 15 13
3664	12 13 6 2
3665	16 18 2 12
3666	4 16 17 14
3667	1 12 6 5
3668	20 13 18 16
3669	6 3 18 10
3670	2 9 3 10
3671	11 16 1 2
3672	12 6 3 15
3673	1 7 18 9
3674	11 16 9 14
3675	19 12 6 16
3676	2 3 11 6
3677	17 14 1 13
3678	18 2 7 17
3679	14 18 17 9
3680	4 16 12 14
3681	7 11 6 18
3682	5 2 6 8
3683	9 11 15 18
3684	20 5 9 1
3685	7 6 8 18
3686	15 3 17 13
3687	16 3 12 20
3688	15 17 18 3
3689	17 11 12 1
3690	20 12 2 7
3691	1 20 13 14
3692	3 20 16 18
3693	5 7 3 2
3694	6 18 20 7
3695	20 18 4 19
3696	12 7 4 11
3697	17 14 8 5
3698	16 18 5 3
3699	7 3 9 8
3700	2 1 19 14
3701	3 19 7 4
3702	7 18 8 4
3703	14 2 16 1
3704	17 7 14 10
3705	20 6 2 10
3706	12 7 14 20
3707	1 15 12 10
3708	4 11 10 3
3709	12 20 5 1
3710	4 16 10 9
3711	20 5 15 11
3712	11 4 8 18
3713	12 17 20 10
3714	2 17 15 6
3715	11 2 12 1
3716	18 7 14 19
3717	11 8 12 18
3718	1 11 3 8
3719	15 1 3 13
3720	4 5 1 20
3721	7 17 13 20
3722	5 7 17 18
3723	20 8 17 5
3724	19 20 4 18
3725	8 2 17 11
3726	20 15 19 10
3727	3 8 19 15
3728	11 10 14 3
3729	6 1 17 10
3730	5 9 14 15
3731	8 3 10 14
3732	10 9 1 6
3733	14 16 12 5
3734	15 9 11 3
3735	11 17 20 12
3736	6 13 1 4
3737	12 4 18 17
3738	4 5 13 8
3739	7 15 1 10
3740	5 17 13 1
3741	9 5 2 8
3742	16 2 11 19
3743	1 15 16 17
3744	19 18 10 17
3745	10 19 5 20
3746	15 1 16 13
3747	18 13 20 1
3748	12 4 5 13
3749	20 8 5 6
3750	12 13 11 10
3751	20 17 4 18
3752	4 6 12 15
3753	2 9 5 20
3754	5 14 6 12
3755	12 2 17 19
3756	7 17 18 9
3757	15 11 3 14
3758	6 16 7 12
3759	1 18 17 7
3760	10 2 5 18
3761	12 16 20 19
3762	17 6 1 9
3763	5 12 20 9
3764	14 5 13 8
3765	19 8 11 6
3766	16 20 2 7
3767	10 14 12 1
3768	5 8 9 10
3769	10 4 6 18
3770	4 20 6 12
3771	14 11 15 6
3772	19 2 18 10
3773	7 9 12 20
3774	8 20 3 18
3775	15 7 12 19
3776	10 6 5 3
3777	17 4 20 16
3778	18 7 5 8
3779	1 17 12 3
3780	6 9 5 13
3781	15 1 3 20
3782	6 5 3 15
3783	1 19 2 10
3784	18 15 20 12
3785	11 13 18 7
3786	4 7 19 16
3787	16 17 10 14
3788	18 14 4 6
3789	19 2 18 1
3790	4 5 17 15
3791	2 11 15 13
3792	7 17 2 9
3793	20 8 17 1
3794	11 19 20 3
3795	1 2 18 19
3796	8 9 19 12
3797	18 19 14 16
3798	3 6 12 8
3799	11 5 2 1
3800	10 9 4 1
3801	1 10 18 2
3802	15 11 13 19
3803	1 3 9 7
3804	12 17 18 16
3805	8 7 5 11
3806	12 17 3 16
3807	11 13 6 16
3808	20 3 17 11
3809	2 8 17 18
3810	16 15 9 4
3811	19 12 1 18
3812	1 19 13 15
3813	5 2 9 13
3814	6 18 20 10
3815	15 9 6 20
3816	10 1 7 19
3817	15 5 7 2
3818	19 16 17 20
3819	7 14 15 19
3820	1 9 6 17
3821	15 17 14 9
3822	10 16 8 13
3823	18 11 14 5
3824	18 10 11 15
3825	19 13 11 15
3826	16 6 7 3
3827	18 5 6 3
3828	15 2 17 4
3829	13 9 10 19
3830	5 14 3 15
3831	5 15 13 17
3832	20 19 16 9
3833	6 3 2 20
3834	20 14 13 8
3835	15 7 13 10
3836	9 13 1 19
3837	15 5 4 1
3838	14 17 11 1
3839	3 10 16 8
3840	5 3 10 19
3841	2 16 7 6
3842	7 4 16 19
3843	2 11 13 4
3844	15 6 19 11
3845	5 9 8 15
3846	2 11 8 14
3847	8 4 3 1
3848	18 12 8 15
3849	11 17 14 18
3850	5 6 18 4
3851	3 5 7 8
3852	8 15 18 14
3853	8 12 16 15
3854	1 17 7 3
3855	16 18 11 7
3856	4 12 16 2
3857	13 6 5 20
3858	10 7 5 20
3859	5 18 13 12
3860	2 12 20 13
3861	8 5 9 17
3862	19 5 18 10
3863	4 18 12 8
3864	12 20 7 15
3865	1 6 10 18
3866	19 3 2 13
3867	16 10 12 5
3868	5 11 12 14
3869	13 4 9 3
3870	18 16 10 17
3871	11 15 18 7
3872	4 12 5 10
3873	4 8 16 18
3874	16 12 4 2
3875	15 7 11 16
3876	8 12 19 16
3877	7 13 4 11
3878	13 8 2 16
3879	16 9 6 1
3880	6 19 9 17
3881	6 20 18 14
3882	3 16 12 19
3883	19 15 4 2
3884	15 13 16 19
3885	4 2 17 5
3886	7 12 2 14
3887	1 10 18 4
3888	2 4 15 3
3889	18 9 15 3
3890	20 8 16 12
3891	16 4 5 15
3892	13 7 15 19
3893	11 16 18 5
3894	20 7 5 2
3895	20 12 9 3
3896	11 20 8 16
3897	7 12 18 17
3898	6 10 11 16
3899	13 20 12 7
3900	7 6 1 12
3901	17 12 3 20
3902	3 20 15 11
3903	1 11 12 2
3904	16 1 4 6
3905	1 6 2 3
3906	12 16 14 2
3907	14 18 19 13
3908	9 6 7 1
3909	18 20 2 8
3910	14 8 19 2
3911	16 11 13 3
3912	10 6 4 3
3913	19 5 6 14
3914	16 9 13 2
3915	20 17 4 9
3916	17 5 4 8
3917	17 3 10 18
3918	5 17 15 20
3919	13 15 16 4
3920	3 6 18 17
3921	12 18 2 15
3922	16 2 6 11
3923	9 3 18 19
3924	17 12 20 10
3925	11 18 1 20
3926	2 14 12 1
3927	10 7 9 13
3928	10 8 1 12
3929	5 12 4 18
3930	10 4 3 7
3931	7 13 10 19
3932	5 4 14 10
3933	7 9 15 5
3934	13 5 20 7
3935	9 19 16 14
3936	12 13 19 4
3937	2 3 8 4
3938	11 1 16 8
3939	17 7 6 16
3940	15 14 4 3
3941	5 2 9 8
3942	1 5 11 7
3943	12 1 8 17
3944	20 2 4 17
3945	19 5 15 7
3946	8 9 1 17
3947	5 11 15 14
3948	8 15 2 17
3949	10 13 11 3
3950	10 12 14 7
3951	2 4 7 20
3952	15 7 10 1
3953	16 14 17 10
3954	15 13 2 5
3955	13 11 4 2
3956	4 2 8 6
3957	9 11 10 4
3958	2 14 1 9
3959	13 18 3 5
3960	18 12 4 6
3961	19 13 11 17
3962	15 3 4 12
3963	7 18 5 20
3964	18 2 5 3
3965	16 11 4 6
3966	20 10 14 9
3967	13 18 6 19
3968	8 16 12 11
3969	4 20 6 15
3970	7 15 12 19
3971	16 2 13 15
3972	7 5 9 8
3973	8 1 11 3
3974	7 14 16 5
3975	3 10 6 7
3976	19 12 6 7
3977	15 1 7 18
3978	11 20 18 19
3979	10 1 11 16
3980	2 11 3 1
3981	18 8 14 4
3982	15 1 3 17
3983	16 2 10 5
3984	4 9 6 17
3985	15 18 3 5
3986	20 17 3 15
3987	8 12 13 10
3988	16 2 17 6
3989	1 14 2 6
3990	20 8 19 13
3991	5 9 6 13
3992	2 17 11 1
3993	8 17 14 15
3994	1 8 4 7
3995	1 6 10 19
3996	7 9 14 8
3997	4 13 3 2
3998	18 17 5 1
3999	13 15 10 3
4000	3 10 7 14
