Class Times	10
Rooms	250
1	900
2	927
3	653
4	477
5	654
6	381
7	277
8	520
9	635
10	238
11	324
12	133
13	916
14	135
15	264
16	697
17	803
18	974
19	804
20	504
21	12
22	253
23	88
24	604
25	425
26	413
27	440
28	974
29	508
30	727
31	404
32	749
33	370
34	486
35	784
36	703
37	26
38	902
39	232
40	867
41	156
42	500
43	893
44	37
45	503
46	707
47	874
48	672
49	556
50	607
51	11
52	844
53	528
54	445
55	788
56	88
57	192
58	150
59	485
60	776
61	692
62	849
63	689
64	998
65	100
66	489
67	452
68	918
69	500
70	435
71	372
72	502
73	947
74	148
75	803
76	968
77	40
78	56
79	458
80	227
81	184
82	113
83	388
84	463
85	726
86	654
87	655
88	695
89	647
90	92
91	573
92	60
93	220
94	549
95	290
96	192
97	135
98	18
99	956
100	736
101	136
102	998
103	431
104	750
105	899
106	478
107	626
108	86
109	210
110	184
111	613
112	65
113	185
114	104
115	154
116	652
117	676
118	273
119	797
120	720
121	66
122	539
123	738
124	109
125	363
126	448
127	335
128	810
129	825
130	870
131	767
132	407
133	167
134	784
135	667
136	467
137	241
138	321
139	564
140	199
141	998
142	523
143	917
144	508
145	400
146	810
147	486
148	242
149	347
150	137
151	716
152	261
153	408
154	811
155	274
156	555
157	532
158	546
159	411
160	873
161	784
162	778
163	60
164	828
165	150
166	414
167	417
168	771
169	67
170	194
171	746
172	398
173	476
174	790
175	376
176	945
177	514
178	619
179	241
180	158
181	936
182	778
183	821
184	361
185	293
186	373
187	408
188	548
189	71
190	572
191	316
192	739
193	551
194	364
195	98
196	870
197	143
198	238
199	229
200	701
201	266
202	519
203	950
204	961
205	221
206	949
207	95
208	243
209	575
210	688
211	620
212	578
213	584
214	860
215	840
216	272
217	484
218	214
219	702
220	585
221	16
222	657
223	306
224	219
225	582
226	576
227	937
228	442
229	475
230	42
231	153
232	166
233	318
234	341
235	249
236	243
237	60
238	730
239	744
240	587
241	44
242	270
243	489
244	107
245	807
246	267
247	576
248	257
249	612
250	16
Classes	2500
Teachers	1250
1	729
2	658
3	418
4	1031
5	433
6	453
7	1240
8	1233
9	1138
10	1063
11	764
12	848
13	752
14	933
15	598
16	1247
17	59
18	1110
19	531
20	258
21	308
22	514
23	1035
24	103
25	812
26	538
27	491
28	500
29	654
30	657
31	615
32	653
33	708
34	333
35	164
36	1012
37	1078
38	677
39	710
40	550
41	462
42	4
43	743
44	246
45	480
46	1150
47	1120
48	475
49	187
50	122
51	1248
52	1215
53	193
54	854
55	1161
56	511
57	937
58	161
59	41
60	292
61	1107
62	982
63	762
64	922
65	808
66	677
67	296
68	832
69	528
70	181
71	668
72	745
73	372
74	1006
75	678
76	1029
77	327
78	11
79	88
80	131
81	143
82	190
83	1202
84	426
85	404
86	266
87	1214
88	260
89	212
90	1096
91	415
92	555
93	494
94	1031
95	290
96	339
97	477
98	535
99	1052
100	897
101	1215
102	736
103	761
104	1065
105	232
106	509
107	967
108	580
109	878
110	715
111	314
112	319
113	799
114	1178
115	676
116	175
117	373
118	543
119	454
120	1179
121	641
122	990
123	796
124	401
125	684
126	956
127	854
128	667
129	172
130	1224
131	674
132	395
133	32
134	10
135	185
136	893
137	898
138	1224
139	141
140	261
141	766
142	267
143	128
144	408
145	1099
146	279
147	707
148	1180
149	196
150	538
151	631
152	153
153	330
154	250
155	1041
156	841
157	461
158	318
159	176
160	16
161	667
162	423
163	1136
164	438
165	222
166	764
167	180
168	927
169	875
170	1241
171	888
172	953
173	161
174	1157
175	411
176	477
177	891
178	226
179	746
180	1013
181	973
182	91
183	956
184	188
185	1046
186	216
187	491
188	478
189	1205
190	319
191	103
192	1175
193	225
194	166
195	1168
196	800
197	204
198	820
199	345
200	107
201	1187
202	798
203	1169
204	1112
205	649
206	769
207	330
208	929
209	960
210	509
211	607
212	921
213	607
214	555
215	860
216	778
217	1166
218	1016
219	1089
220	565
221	900
222	173
223	577
224	1099
225	152
226	30
227	846
228	226
229	39
230	246
231	762
232	87
233	201
234	559
235	1041
236	421
237	910
238	769
239	168
240	102
241	68
242	1007
243	247
244	1147
245	194
246	657
247	540
248	931
249	302
250	1186
251	732
252	1157
253	307
254	74
255	856
256	941
257	873
258	37
259	603
260	242
261	110
262	113
263	141
264	399
265	920
266	81
267	422
268	1104
269	357
270	263
271	671
272	1203
273	609
274	716
275	1100
276	1008
277	611
278	621
279	518
280	409
281	920
282	678
283	950
284	473
285	608
286	1237
287	1131
288	35
289	357
290	446
291	1193
292	903
293	779
294	458
295	645
296	71
297	706
298	487
299	698
300	202
301	164
302	297
303	747
304	560
305	1161
306	13
307	109
308	174
309	780
310	345
311	635
312	314
313	936
314	383
315	12
316	979
317	817
318	517
319	174
320	790
321	157
322	617
323	1020
324	294
325	1059
326	574
327	65
328	455
329	709
330	830
331	717
332	618
333	574
334	227
335	563
336	1118
337	1132
338	1230
339	1212
340	63
341	743
342	1246
343	593
344	1069
345	718
346	795
347	559
348	988
349	1221
350	625
351	82
352	800
353	152
354	795
355	540
356	827
357	671
358	41
359	705
360	349
361	1231
362	651
363	173
364	638
365	241
366	111
367	853
368	343
369	710
370	362
371	948
372	828
373	872
374	596
375	861
376	219
377	428
378	613
379	530
380	256
381	845
382	723
383	358
384	996
385	243
386	627
387	508
388	333
389	902
390	274
391	547
392	550
393	714
394	117
395	968
396	111
397	938
398	355
399	189
400	1218
401	1122
402	822
403	387
404	328
405	586
406	400
407	155
408	1129
409	387
410	891
411	783
412	1148
413	207
414	53
415	223
416	674
417	1138
418	685
419	1195
420	1030
421	341
422	153
423	55
424	1247
425	224
426	487
427	546
428	206
429	1194
430	208
431	1082
432	451
433	719
434	123
435	1227
436	1127
437	122
438	148
439	1141
440	949
441	501
442	1235
443	288
444	113
445	718
446	147
447	1057
448	649
449	556
450	321
451	575
452	933
453	285
454	267
455	1179
456	202
457	747
458	73
459	950
460	428
461	182
462	308
463	182
464	732
465	274
466	286
467	1005
468	634
469	138
470	393
471	204
472	140
473	862
474	1
475	1151
476	94
477	974
478	1092
479	151
480	162
481	847
482	561
483	134
484	841
485	214
486	627
487	830
488	714
489	1166
490	845
491	547
492	1219
493	602
494	1210
495	201
496	562
497	733
498	1037
499	210
500	924
501	1199
502	1104
503	652
504	1058
505	720
506	123
507	151
508	334
509	1116
510	255
511	341
512	951
513	1228
514	273
515	289
516	289
517	531
518	647
519	172
520	917
521	1127
522	418
523	159
524	1191
525	961
526	1212
527	783
528	283
529	184
530	11
531	278
532	1093
533	1172
534	926
535	379
536	99
537	1171
538	29
539	395
540	1035
541	750
542	865
543	391
544	924
545	53
546	251
547	1221
548	608
549	381
550	92
551	104
552	940
553	1170
554	235
555	884
556	1112
557	307
558	402
559	1234
560	568
561	383
562	480
563	340
564	287
565	948
566	954
567	284
568	967
569	994
570	913
571	4
572	401
573	592
574	156
575	756
576	557
577	1015
578	233
579	541
580	651
581	99
582	368
583	260
584	1049
585	786
586	1065
587	617
588	458
589	97
590	412
591	799
592	817
593	1055
594	1015
595	434
596	327
597	503
598	782
599	73
600	833
601	287
602	652
603	1214
604	368
605	1184
606	908
607	496
608	1001
609	1025
610	1231
611	276
612	1040
613	1158
614	872
615	646
616	595
617	806
618	1229
619	990
620	457
621	742
622	363
623	996
624	529
625	365
626	407
627	91
628	553
629	224
630	789
631	1249
632	134
633	1114
634	413
635	535
636	236
637	187
638	1118
639	789
640	249
641	851
642	1147
643	562
644	1072
645	146
646	633
647	903
648	191
649	159
650	1158
651	798
652	181
653	1143
654	621
655	251
656	900
657	168
658	483
659	591
660	572
661	355
662	850
663	587
664	697
665	785
666	498
667	1102
668	492
669	312
670	1048
671	686
672	556
673	353
674	696
675	62
676	712
677	530
678	709
679	26
680	916
681	14
682	1090
683	1203
684	315
685	578
686	43
687	609
688	585
689	322
690	295
691	983
692	192
693	403
694	570
695	198
696	406
697	236
698	1024
699	431
700	1241
701	370
702	847
703	500
704	603
705	861
706	1025
707	1023
708	896
709	742
710	1229
711	258
712	288
713	280
714	1060
715	1028
716	725
717	363
718	388
719	593
720	1236
721	698
722	614
723	499
724	1075
725	932
726	474
727	261
728	228
729	952
730	819
731	1209
732	175
733	605
734	311
735	249
736	342
737	705
738	638
739	467
740	947
741	481
742	1043
743	205
744	367
745	420
746	666
747	133
748	551
749	1129
750	548
751	1183
752	269
753	342
754	382
755	1193
756	1135
757	13
758	306
759	186
760	564
761	162
762	715
763	1050
764	656
765	729
766	36
767	456
768	1202
769	80
770	359
771	513
772	154
773	426
774	223
775	1043
776	137
777	818
778	465
779	1126
780	1245
781	203
782	1125
783	248
784	200
785	647
786	898
787	417
788	877
789	1135
790	782
791	1149
792	998
793	513
794	951
795	772
796	1225
797	931
798	879
799	450
800	1204
801	436
802	619
803	1117
804	673
805	115
806	578
807	170
808	101
809	696
810	430
811	658
812	963
813	302
814	37
815	169
816	887
817	665
818	1049
819	460
820	148
821	980
822	334
823	412
824	27
825	447
826	298
827	32
828	791
829	1131
830	516
831	565
832	980
833	229
834	1094
835	934
836	200
837	744
838	873
839	375
840	1079
841	925
842	502
843	453
844	932
845	984
846	322
847	759
848	610
849	1081
850	1062
851	234
852	934
853	1076
854	553
855	259
856	254
857	1198
858	686
859	1087
860	840
861	541
862	114
863	238
864	908
865	935
866	62
867	1039
868	896
869	819
870	413
871	1226
872	662
873	30
874	668
875	198
876	712
877	1080
878	725
879	264
880	852
881	210
882	304
883	672
884	55
885	1165
886	1029
887	731
888	1021
889	572
890	316
891	1101
892	919
893	641
894	431
895	895
896	551
897	643
898	60
899	853
900	1009
901	820
902	926
903	759
904	720
905	738
906	52
907	995
908	1055
909	82
910	1201
911	977
912	93
913	1019
914	945
915	625
916	494
917	1081
918	983
919	1155
920	255
921	114
922	549
923	515
924	47
925	761
926	163
927	770
928	672
929	77
930	502
931	1117
932	532
933	549
934	724
935	911
936	589
937	157
938	1150
939	960
940	669
941	145
942	914
943	97
944	299
945	533
946	503
947	209
948	87
949	266
950	219
951	92
952	303
953	208
954	117
955	108
956	371
957	1148
958	324
959	329
960	831
961	325
962	6
963	69
964	522
965	785
966	875
967	306
968	33
969	1069
970	1240
971	1078
972	98
973	42
974	669
975	576
976	640
977	1149
978	445
979	938
980	978
981	17
982	410
983	1018
984	321
985	311
986	403
987	430
988	839
989	290
990	136
991	796
992	243
993	977
994	1111
995	992
996	65
997	1176
998	590
999	416
1000	644
1001	297
1002	858
1003	1126
1004	937
1005	791
1006	807
1007	328
1008	1139
1009	952
1010	279
1011	1032
1012	970
1013	1217
1014	727
1015	337
1016	930
1017	276
1018	21
1019	254
1020	1014
1021	229
1022	1008
1023	1190
1024	232
1025	40
1026	1187
1027	469
1028	29
1029	630
1030	1162
1031	1250
1032	239
1033	970
1034	66
1035	76
1036	407
1037	925
1038	1063
1039	45
1040	889
1041	736
1042	195
1043	623
1044	567
1045	389
1046	312
1047	590
1048	939
1049	1101
1050	109
1051	1032
1052	96
1053	1010
1054	85
1055	1250
1056	942
1057	270
1058	435
1059	203
1060	566
1061	240
1062	519
1063	918
1064	984
1065	640
1066	185
1067	227
1068	362
1069	862
1070	332
1071	665
1072	460
1073	106
1074	928
1075	1082
1076	409
1077	183
1078	492
1079	448
1080	512
1081	894
1082	943
1083	552
1084	194
1085	456
1086	50
1087	706
1088	1120
1089	294
1090	1110
1091	1185
1092	38
1093	838
1094	888
1095	192
1096	69
1097	495
1098	385
1099	156
1100	612
1101	774
1102	245
1103	504
1104	904
1105	394
1106	519
1107	335
1108	1156
1109	1102
1110	693
1111	840
1112	644
1113	280
1114	1067
1115	804
1116	629
1117	36
1118	1132
1119	974
1120	511
1121	939
1122	101
1123	576
1124	23
1125	1227
1126	860
1127	349
1128	521
1129	475
1130	85
1131	1009
1132	816
1133	567
1134	325
1135	1050
1136	1090
1137	879
1138	1238
1139	127
1140	313
1141	835
1142	216
1143	957
1144	524
1145	527
1146	154
1147	610
1148	351
1149	1116
1150	885
1151	446
1152	614
1153	286
1154	604
1155	648
1156	191
1157	1178
1158	773
1159	964
1160	525
1161	1173
1162	275
1163	197
1164	663
1165	411
1166	24
1167	1249
1168	344
1169	694
1170	184
1171	838
1172	83
1173	257
1174	575
1175	452
1176	405
1177	438
1178	612
1179	537
1180	253
1181	77
1182	372
1183	1171
1184	1002
1185	483
1186	1243
1187	6
1188	1094
1189	468
1190	380
1191	320
1192	179
1193	269
1194	450
1195	1010
1196	654
1197	892
1198	1054
1199	167
1200	697
1201	517
1202	323
1203	716
1204	772
1205	1176
1206	781
1207	38
1208	1143
1209	1066
1210	910
1211	874
1212	1074
1213	406
1214	922
1215	619
1216	1042
1217	618
1218	981
1219	473
1220	1201
1221	864
1222	1151
1223	1005
1224	496
1225	1056
1226	1036
1227	738
1228	1016
1229	1051
1230	520
1231	1174
1232	945
1233	416
1234	890
1235	626
1236	510
1237	415
1238	74
1239	250
1240	907
1241	733
1242	199
1243	410
1244	525
1245	957
1246	421
1247	675
1248	317
1249	946
1250	691
1251	238
1252	544
1253	378
1254	597
1255	1077
1256	1045
1257	809
1258	515
1259	105
1260	1182
1261	88
1262	76
1263	539
1264	548
1265	711
1266	166
1267	1191
1268	976
1269	147
1270	537
1271	701
1272	883
1273	10
1274	235
1275	1087
1276	1200
1277	596
1278	408
1279	72
1280	662
1281	611
1282	981
1283	827
1284	119
1285	843
1286	836
1287	545
1288	479
1289	142
1290	1180
1291	865
1292	79
1293	1073
1294	242
1295	929
1296	7
1297	1114
1298	643
1299	8
1300	158
1301	434
1302	835
1303	1048
1304	702
1305	536
1306	739
1307	1206
1308	695
1309	1070
1310	631
1311	380
1312	676
1313	985
1314	34
1315	1026
1316	1232
1317	466
1318	389
1319	1125
1320	414
1321	1232
1322	1089
1323	212
1324	361
1325	675
1326	459
1327	851
1328	809
1329	837
1330	452
1331	20
1332	864
1333	801
1334	1184
1335	1028
1336	628
1337	836
1338	543
1339	142
1340	863
1341	529
1342	285
1343	367
1344	167
1345	497
1346	1121
1347	499
1348	802
1349	584
1350	39
1351	856
1352	1085
1353	557
1354	437
1355	165
1356	599
1357	1109
1358	655
1359	890
1360	653
1361	805
1362	1061
1363	206
1364	777
1365	583
1366	778
1367	1155
1368	1019
1369	702
1370	48
1371	701
1372	824
1373	81
1374	310
1375	240
1376	737
1377	881
1378	86
1379	21
1380	831
1381	145
1382	737
1383	601
1384	361
1385	745
1386	1245
1387	422
1388	630
1389	1220
1390	89
1391	56
1392	464
1393	1052
1394	886
1395	1030
1396	146
1397	811
1398	360
1399	1188
1400	1220
1401	689
1402	45
1403	402
1404	878
1405	536
1406	176
1407	717
1408	119
1409	615
1410	734
1411	1209
1412	1188
1413	1061
1414	94
1415	150
1416	664
1417	707
1418	16
1419	1039
1420	755
1421	112
1422	264
1423	169
1424	476
1425	1068
1426	1211
1427	461
1428	126
1429	866
1430	171
1431	740
1432	1098
1433	913
1434	917
1435	1068
1436	1159
1437	498
1438	278
1439	1077
1440	750
1441	222
1442	67
1443	60
1444	149
1445	581
1446	972
1447	379
1448	655
1449	774
1450	1034
1451	244
1452	1217
1453	916
1454	396
1455	444
1456	1219
1457	277
1458	1051
1459	465
1460	84
1461	482
1462	991
1463	1225
1464	447
1465	552
1466	734
1467	390
1468	919
1469	160
1470	966
1471	685
1472	731
1473	1084
1474	479
1475	1073
1476	435
1477	1027
1478	837
1479	753
1480	711
1481	918
1482	993
1483	1208
1484	471
1485	127
1486	560
1487	385
1488	490
1489	722
1490	366
1491	902
1492	634
1493	1033
1494	962
1495	160
1496	722
1497	752
1498	171
1499	646
1500	964
1501	921
1502	26
1503	1207
1504	1037
1505	637
1506	816
1507	755
1508	1130
1509	793
1510	606
1511	510
1512	256
1513	688
1514	1238
1515	394
1516	726
1517	801
1518	284
1519	118
1520	71
1521	27
1522	467
1523	979
1524	728
1525	298
1526	457
1527	505
1528	512
1529	399
1530	228
1531	600
1532	3
1533	771
1534	49
1535	337
1536	497
1537	973
1538	943
1539	516
1540	170
1541	1086
1542	1205
1543	735
1544	359
1545	1091
1546	340
1547	660
1548	811
1549	432
1550	986
1551	339
1552	1058
1553	244
1554	28
1555	808
1556	893
1557	1218
1558	822
1559	1208
1560	305
1561	343
1562	554
1563	1064
1564	1139
1565	786
1566	1000
1567	44
1568	369
1569	843
1570	1023
1571	1190
1572	183
1573	613
1574	735
1575	1133
1576	70
1577	524
1578	850
1579	52
1580	1200
1581	978
1582	1018
1583	1185
1584	1204
1585	3
1586	310
1587	354
1588	521
1589	692
1590	231
1591	214
1592	31
1593	375
1594	554
1595	482
1596	768
1597	844
1598	972
1599	818
1600	404
1601	1177
1602	335
1603	454
1604	1134
1605	96
1606	907
1607	882
1608	1122
1609	1053
1610	754
1611	112
1612	568
1613	642
1614	354
1615	1088
1616	997
1617	79
1618	776
1619	601
1620	78
1621	797
1622	719
1623	486
1624	370
1625	353
1626	28
1627	1177
1628	975
1629	128
1630	1164
1631	391
1632	826
1633	659
1634	1036
1635	602
1636	1002
1637	633
1638	1105
1639	1034
1640	100
1641	396
1642	1189
1643	1175
1644	419
1645	303
1646	476
1647	639
1648	376
1649	437
1650	589
1651	588
1652	592
1653	626
1654	427
1655	1108
1656	692
1657	994
1658	546
1659	997
1660	585
1661	1141
1662	1230
1663	23
1664	320
1665	1020
1666	687
1667	806
1668	247
1669	713
1670	83
1671	197
1672	121
1673	478
1674	923
1675	684
1676	915
1677	86
1678	305
1679	564
1680	1140
1681	756
1682	449
1683	901
1684	754
1685	1142
1686	573
1687	904
1688	344
1689	962
1690	1154
1691	971
1692	233
1693	859
1694	566
1695	744
1696	751
1697	442
1698	80
1699	211
1700	1124
1701	539
1702	883
1703	1124
1704	1134
1705	874
1706	186
1707	1242
1708	378
1709	1182
1710	98
1711	1044
1712	880
1713	999
1714	905
1715	381
1716	628
1717	360
1718	1096
1719	690
1720	814
1721	459
1722	650
1723	215
1724	231
1725	606
1726	1152
1727	713
1728	295
1729	464
1730	895
1731	1111
1732	215
1733	586
1734	955
1735	1071
1736	273
1737	245
1738	661
1739	31
1740	1243
1741	829
1742	533
1743	463
1744	57
1745	869
1746	57
1747	1248
1748	1133
1749	767
1750	1159
1751	108
1752	869
1753	594
1754	225
1755	728
1756	1076
1757	1079
1758	584
1759	283
1760	824
1761	1056
1762	139
1763	991
1764	441
1765	622
1766	70
1767	930
1768	84
1769	1165
1770	1223
1771	106
1772	116
1773	1237
1774	282
1775	44
1776	757
1777	1174
1778	867
1779	899
1780	637
1781	726
1782	352
1783	451
1784	118
1785	909
1786	1040
1787	998
1788	137
1789	993
1790	681
1791	486
1792	63
1793	1013
1794	58
1795	844
1796	591
1797	1216
1798	595
1799	803
1800	1239
1801	727
1802	489
1803	673
1804	423
1805	268
1806	443
1807	1074
1808	906
1809	95
1810	581
1811	1093
1812	1109
1813	965
1814	241
1815	1216
1816	944
1817	2
1818	506
1819	230
1820	420
1821	1172
1822	1137
1823	72
1824	520
1825	730
1826	579
1827	777
1828	424
1829	237
1830	534
1831	471
1832	49
1833	877
1834	1046
1835	871
1836	914
1837	694
1838	833
1839	126
1840	987
1841	683
1842	846
1843	1195
1844	1130
1845	1115
1846	870
1847	1045
1848	364
1849	1092
1850	485
1851	968
1852	682
1853	234
1854	944
1855	393
1856	301
1857	870
1858	469
1859	239
1860	573
1861	1173
1862	133
1863	1001
1864	40
1865	1167
1866	445
1867	425
1868	1007
1869	580
1870	265
1871	1192
1872	1140
1873	947
1874	784
1875	144
1876	50
1877	508
1878	579
1879	22
1880	558
1881	784
1882	35
1883	1197
1884	189
1885	47
1886	193
1887	681
1888	1206
1889	301
1890	135
1891	1145
1892	699
1893	351
1894	703
1895	309
1896	751
1897	961
1898	690
1899	1145
1900	309
1901	571
1902	740
1903	46
1904	826
1905	885
1906	300
1907	116
1908	514
1909	356
1910	703
1911	1137
1912	532
1913	130
1914	1119
1915	1199
1916	683
1917	571
1918	139
1919	1067
1920	424
1921	767
1922	405
1923	1022
1924	463
1925	263
1926	1186
1927	1198
1928	1226
1929	506
1930	583
1931	257
1932	417
1933	332
1934	18
1935	177
1936	666
1937	604
1938	8
1939	466
1940	281
1941	821
1942	867
1943	1164
1944	1236
1945	59
1946	1107
1947	230
1948	20
1949	518
1950	1057
1951	1027
1952	299
1953	780
1954	599
1955	749
1956	115
1957	680
1958	253
1959	356
1960	178
1961	959
1962	588
1963	852
1964	1060
1965	1163
1966	1083
1967	966
1968	691
1969	129
1970	1053
1971	779
1972	773
1973	689
1974	33
1975	398
1976	490
1977	104
1978	144
1979	545
1980	150
1981	121
1982	577
1983	296
1984	693
1985	439
1986	600
1987	449
1988	770
1989	605
1990	821
1991	765
1992	1222
1993	1121
1994	1075
1995	882
1996	1070
1997	1152
1998	48
1999	18
2000	124
2001	563
2002	1142
2003	946
2004	1246
2005	209
2006	699
2007	1239
2008	125
2009	484
2010	527
2011	495
2012	313
2013	331
2014	679
2015	963
2016	130
2017	1017
2018	949
2019	400
2020	953
2021	544
2022	1091
2023	871
2024	1042
2025	14
2026	892
2027	763
2028	1038
2029	999
2030	398
2031	89
2032	1066
2033	329
2034	386
2035	975
2036	848
2037	781
2038	1000
2039	138
2040	624
2041	140
2042	196
2043	912
2044	56
2045	68
2046	639
2047	51
2048	331
2049	178
2050	526
2051	493
2052	629
2053	1098
2054	485
2055	188
2056	1026
2057	622
2058	687
2059	318
2060	277
2061	880
2062	1213
2063	66
2064	954
2065	9
2066	787
2067	787
2068	542
2069	1242
2070	1197
2071	248
2072	252
2073	323
2074	272
2075	661
2076	542
2077	765
2078	439
2079	1213
2080	271
2081	986
2082	432
2083	347
2084	704
2085	959
2086	505
2087	839
2088	326
2089	624
2090	1047
2091	807
2092	218
2093	124
2094	534
2095	1062
2096	78
2097	679
2098	897
2099	163
2100	390
2101	868
2102	462
2103	989
2104	1181
2105	1097
2106	863
2107	569
2108	523
2109	281
2110	635
2111	12
2112	982
2113	135
2114	180
2115	143
2116	195
2117	237
2118	436
2119	1022
2120	1162
2121	1234
2122	218
2123	433
2124	650
2125	815
2126	855
2127	358
2128	272
2129	704
2130	648
2131	760
2132	443
2133	523
2134	976
2135	293
2136	397
2137	64
2138	481
2139	598
2140	971
2141	1163
2142	100
2143	136
2144	746
2145	414
2146	829
2147	220
2148	293
2149	1169
2150	1222
2151	942
2152	1160
2153	324
2154	620
2155	262
2156	1167
2157	906
2158	889
2159	444
2160	927
2161	507
2162	366
2163	1196
2164	1210
2165	1154
2166	645
2167	797
2168	928
2169	291
2170	220
2171	1004
2172	425
2173	1
2174	107
2175	813
2176	988
2177	664
2178	788
2179	958
2180	205
2181	374
2182	1233
2183	1156
2184	587
2185	1194
2186	129
2187	935
2188	1021
2189	392
2190	894
2191	120
2192	636
2193	1084
2194	753
2195	1196
2196	346
2197	528
2198	620
2199	866
2200	905
2201	43
2202	155
2203	775
2204	812
2205	749
2206	24
2207	803
2208	632
2209	794
2210	810
2211	377
2212	810
2213	15
2214	1128
2215	455
2216	1244
2217	1211
2218	1059
2219	2
2220	855
2221	392
2222	207
2223	336
2224	899
2225	1223
2226	1024
2227	969
2228	292
2229	386
2230	397
2231	46
2232	558
2233	793
2234	1083
2235	374
2236	526
2237	1097
2238	1168
2239	815
2240	179
2241	776
2242	34
2243	1038
2244	9
2245	1128
2246	1235
2247	1047
2248	804
2249	1160
2250	857
2251	132
2252	17
2253	326
2254	659
2255	468
2256	955
2257	1095
2258	346
2259	15
2260	823
2261	371
2262	936
2263	19
2264	834
2265	350
2266	1006
2267	5
2268	721
2269	315
2270	642
2271	427
2272	338
2273	1003
2274	271
2275	859
2276	758
2277	724
2278	569
2279	158
2280	1244
2281	440
2282	802
2283	570
2284	376
2285	721
2286	493
2287	1115
2288	857
2289	723
2290	102
2291	316
2292	958
2293	95
2294	1153
2295	814
2296	813
2297	901
2298	1064
2299	1086
2300	120
2301	670
2302	1011
2303	597
2304	440
2305	441
2306	1136
2307	522
2308	54
2309	472
2310	373
2311	886
2312	992
2313	636
2314	788
2315	317
2316	1012
2317	217
2318	868
2319	364
2320	1106
2321	507
2322	887
2323	616
2324	915
2325	794
2326	594
2327	656
2328	858
2329	61
2330	909
2331	748
2332	1192
2333	365
2334	1072
2335	304
2336	582
2337	348
2338	58
2339	660
2340	1108
2341	419
2342	771
2343	489
2344	1071
2345	911
2346	941
2347	763
2348	695
2349	987
2350	881
2351	1085
2352	51
2353	217
2354	940
2355	790
2356	384
2357	700
2358	501
2359	199
2360	369
2361	1105
2362	1153
2363	211
2364	93
2365	561
2366	190
2367	775
2368	616
2369	7
2370	61
2371	474
2372	923
2373	700
2374	90
2375	739
2376	1004
2377	1095
2378	849
2379	338
2380	90
2381	632
2382	19
2383	382
2384	1106
2385	834
2386	1183
2387	336
2388	291
2389	623
2390	1088
2391	680
2392	484
2393	757
2394	748
2395	1170
2396	377
2397	177
2398	270
2399	54
2400	282
2401	985
2402	110
2403	1144
2404	730
2405	132
2406	275
2407	1181
2408	1144
2409	582
2410	884
2411	1113
2412	470
2413	125
2414	849
2415	1100
2416	682
2417	352
2418	768
2419	760
2420	165
2421	42
2422	1119
2423	1011
2424	149
2425	823
2426	792
2427	22
2428	876
2429	5
2430	350
2431	758
2432	1014
2433	472
2434	75
2435	1103
2436	25
2437	670
2438	268
2439	348
2440	1146
2441	825
2442	262
2443	1146
2444	1207
2445	470
2446	989
2447	1103
2448	213
2449	965
2450	1003
2451	221
2452	1044
2453	75
2454	792
2455	252
2456	1033
2457	25
2458	488
2459	488
2460	876
2461	448
2462	213
2463	842
2464	1228
2465	1123
2466	912
2467	1017
2468	131
2469	64
2470	1123
2471	300
2472	969
2473	221
2474	708
2475	429
2476	1189
2477	828
2478	1113
2479	504
2480	805
2481	663
2482	105
2483	442
2484	259
2485	429
2486	384
2487	832
2488	995
2489	741
2490	688
2491	825
2492	741
2493	766
2494	1054
2495	842
2496	265
2497	347
2498	388
2499	67
2500	1080
Class Times	10
Rooms	250
1	589
2	355
3	826
4	936
5	173
6	224
7	355
8	248
9	699
10	733
11	537
12	37
13	559
14	306
15	476
16	581
17	556
18	532
19	674
20	468
21	150
22	950
23	399
24	581
25	380
26	927
27	907
28	612
29	582
30	118
31	608
32	553
33	840
34	710
35	434
36	77
37	613
38	41
39	318
40	286
41	781
42	233
43	810
44	392
45	236
46	246
47	892
48	451
49	499
50	14
51	80
52	414
53	496
54	770
55	959
56	251
57	741
58	902
59	762
60	270
61	234
62	443
63	509
64	309
65	520
66	546
67	425
68	605
69	972
70	144
71	436
72	777
73	196
74	760
75	253
76	24
77	465
78	142
79	813
80	397
81	303
82	42
83	608
84	290
85	929
86	279
87	377
88	171
89	664
90	546
91	764
92	461
93	300
94	440
95	29
96	401
97	53
98	279
99	420
100	561
101	984
102	137
103	737
104	627
105	667
106	788
107	588
108	132
109	865
110	122
111	750
112	111
113	321
114	674
115	995
116	644
117	190
118	12
119	767
120	518
121	738
122	397
123	333
124	411
125	952
126	436
127	917
128	656
129	114
130	260
131	612
132	287
133	523
134	929
135	226
136	914
137	252
138	466
139	634
140	322
141	297
142	898
143	621
144	573
145	189
146	784
147	400
148	248
149	821
150	153
151	99
152	982
153	228
154	196
155	567
156	358
157	447
158	318
159	841
160	95
161	562
162	917
163	365
164	463
165	699
166	112
167	388
168	705
169	783
170	826
171	559
172	138
173	594
174	686
175	206
176	534
177	317
178	562
179	51
180	647
181	588
182	766
183	653
184	898
185	936
186	20
187	966
188	737
189	871
190	882
191	91
192	755
193	155
194	807
195	562
196	431
197	86
198	134
199	395
200	645
201	846
202	24
203	610
204	986
205	103
206	112
207	826
208	877
209	420
210	179
211	989
212	348
213	79
214	235
215	501
216	469
217	806
218	661
219	792
220	50
221	987
222	537
223	842
224	847
225	471
226	973
227	323
228	251
229	439
230	99
231	342
232	944
233	537
234	960
235	766
236	63
237	308
238	745
239	830
240	552
241	561
242	68
243	369
244	930
245	225
246	328
247	204
248	604
249	547
250	799
Classes	2500
Teachers	1250
1	739
2	1010
3	516
4	930
5	579
6	630
7	886
8	343
9	555
10	100
11	763
12	447
13	159
14	251
15	828
16	121
17	1007
18	652
19	337
20	908
21	265
22	476
23	258
24	421
25	858
26	1004
27	194
28	699
29	570
30	1072
31	1242
32	454
33	565
34	354
35	1015
36	1102
37	213
38	1047
39	830
40	31
41	284
42	452
43	1196
44	805
45	596
46	689
47	1086
48	715
49	379
50	968
51	263
52	1092
53	76
54	555
55	1026
56	1048
57	930
58	1121
59	1075
60	216
61	135
62	1193
63	754
64	879
65	472
66	321
67	682
68	1035
69	986
70	864
71	635
72	684
73	22
74	271
75	1064
76	69
77	641
78	865
79	112
80	583
81	62
82	1238
83	1001
84	1150
85	252
86	425
87	565
88	354
89	633
90	1199
91	199
92	391
93	1210
94	501
95	679
96	1235
97	463
98	673
99	324
100	1153
101	1187
102	766
103	1059
104	111
105	138
106	882
107	1002
108	698
109	624
110	300
111	1182
112	637
113	506
114	802
115	868
116	377
117	731
118	1228
119	1080
120	98
121	752
122	1071
123	699
124	1153
125	56
126	893
127	1223
128	460
129	849
130	758
131	1177
132	893
133	367
134	701
135	669
136	784
137	534
138	416
139	784
140	494
141	216
142	1177
143	649
144	1008
145	90
146	506
147	924
148	7
149	1148
150	431
151	842
152	305
153	1038
154	527
155	513
156	1014
157	778
158	936
159	1219
160	484
161	903
162	1138
163	1165
164	52
165	185
166	1025
167	957
168	56
169	632
170	425
171	286
172	1176
173	233
174	282
175	31
176	76
177	995
178	1231
179	511
180	1245
181	40
182	848
183	12
184	1214
185	307
186	403
187	1122
188	527
189	877
190	755
191	186
192	236
193	420
194	490
195	1147
196	259
197	813
198	1154
199	238
200	350
201	371
202	542
203	620
204	218
205	762
206	1091
207	1012
208	615
209	435
210	1166
211	865
212	606
213	888
214	245
215	382
216	340
217	605
218	464
219	976
220	381
221	807
222	518
223	921
224	1021
225	413
226	914
227	921
228	863
229	193
230	896
231	394
232	212
233	578
234	534
235	665
236	1158
237	566
238	789
239	196
240	369
241	1079
242	802
243	32
244	1131
245	386
246	1184
247	578
248	475
249	667
250	628
251	187
252	181
253	145
254	911
255	487
256	432
257	238
258	605
259	376
260	617
261	1084
262	88
263	488
264	1205
265	554
266	328
267	1081
268	688
269	473
270	643
271	48
272	1067
273	13
274	696
275	720
276	150
277	735
278	337
279	1015
280	978
281	969
282	1075
283	196
284	1056
285	853
286	1163
287	175
288	1
289	194
290	1033
291	709
292	366
293	999
294	15
295	785
296	1198
297	348
298	610
299	108
300	1190
301	1050
302	824
303	79
304	1148
305	199
306	940
307	853
308	992
309	302
310	1071
311	307
312	1012
313	1058
314	492
315	698
316	103
317	1183
318	1250
319	934
320	640
321	1049
322	1020
323	16
324	1143
325	263
326	1143
327	841
328	113
329	1005
330	528
331	745
332	1115
333	30
334	658
335	762
336	965
337	275
338	639
339	429
340	972
341	221
342	247
343	19
344	454
345	979
346	799
347	288
348	794
349	96
350	1050
351	1107
352	925
353	475
354	61
355	366
356	271
357	577
358	191
359	45
360	306
361	616
362	1214
363	859
364	441
365	1077
366	897
367	742
368	819
369	504
370	1239
371	856
372	947
373	96
374	500
375	317
376	441
377	489
378	1206
379	405
380	285
381	814
382	71
383	1118
384	478
385	58
386	361
387	1147
388	324
389	150
390	995
391	411
392	687
393	877
394	854
395	85
396	1151
397	1077
398	104
399	1062
400	280
401	1022
402	841
403	587
404	20
405	972
406	889
407	632
408	963
409	212
410	302
411	766
412	443
413	1250
414	523
415	830
416	504
417	879
418	77
419	753
420	279
421	1230
422	1225
423	241
424	702
425	1226
426	365
427	846
428	751
429	495
430	1160
431	1091
432	350
433	244
434	807
435	1218
436	498
437	731
438	1021
439	1125
440	705
441	470
442	179
443	949
444	694
445	749
446	543
447	265
448	342
449	661
450	1037
451	669
452	36
453	13
454	609
455	85
456	210
457	149
458	45
459	758
460	485
461	511
462	778
463	60
464	423
465	1172
466	692
467	121
468	418
469	40
470	870
471	852
472	929
473	305
474	424
475	953
476	1063
477	1028
478	209
479	1067
480	1106
481	339
482	1224
483	773
484	667
485	641
486	179
487	566
488	535
489	739
490	25
491	27
492	1132
493	779
494	344
495	1217
496	567
497	499
498	883
499	476
500	992
501	611
502	882
503	159
504	521
505	908
506	642
507	440
508	592
509	962
510	124
511	890
512	1095
513	119
514	947
515	120
516	535
517	1063
518	567
519	1110
520	706
521	1247
522	1231
523	819
524	914
525	859
526	696
527	1172
528	721
529	615
530	158
531	408
532	69
533	1190
534	344
535	1104
536	679
537	786
538	729
539	46
540	1124
541	824
542	982
543	1212
544	1144
545	457
546	513
547	380
548	430
549	446
550	977
551	1142
552	1008
553	959
554	1167
555	999
556	1000
557	1047
558	47
559	845
560	998
561	1224
562	236
563	290
564	584
565	1186
566	767
567	980
568	478
569	707
570	419
571	1086
572	911
573	102
574	662
575	158
576	407
577	206
578	1161
579	174
580	1165
581	1105
582	9
583	362
584	1128
585	55
586	396
587	789
588	288
589	505
590	79
591	1208
592	764
593	1014
594	1204
595	788
596	1053
597	342
598	613
599	30
600	823
601	963
602	298
603	156
604	1246
605	880
606	984
607	293
608	871
609	418
610	827
611	439
612	606
613	93
614	208
615	1045
616	1191
617	12
618	1188
619	91
620	1218
621	809
622	1174
623	382
624	969
625	983
626	1132
627	1131
628	926
629	644
630	660
631	794
632	138
633	229
634	1226
635	1223
636	1211
637	550
638	996
639	482
640	51
641	1152
642	426
643	1079
644	18
645	1040
646	870
647	548
648	343
649	246
650	976
651	1160
652	847
653	75
654	621
655	417
656	1200
657	410
658	1141
659	277
660	124
661	364
662	945
663	905
664	1064
665	444
666	609
667	349
668	518
669	92
670	495
671	487
672	937
673	254
674	968
675	483
676	635
677	1090
678	400
679	4
680	118
681	842
682	4
683	1180
684	176
685	405
686	155
687	813
688	1198
689	618
690	1155
691	431
692	948
693	741
694	1069
695	180
696	262
697	7
698	798
699	1206
700	808
701	707
702	516
703	147
704	15
705	313
706	1056
707	1009
708	206
709	775
710	1115
711	237
712	348
713	195
714	918
715	987
716	795
717	779
718	280
719	725
720	1181
721	462
722	394
723	479
724	799
725	551
726	1108
727	1024
728	86
729	658
730	850
731	837
732	671
733	956
734	850
735	906
736	165
737	149
738	848
739	312
740	900
741	251
742	1044
743	764
744	81
745	874
746	532
747	881
748	255
749	895
750	6
751	748
752	569
753	946
754	132
755	282
756	1201
757	1156
758	1087
759	219
760	1038
761	1120
762	1215
763	988
764	880
765	906
766	525
767	777
768	381
769	548
770	628
771	477
772	1144
773	81
774	232
775	1142
776	533
777	781
778	894
779	763
780	800
781	226
782	990
783	720
784	1221
785	952
786	266
787	278
788	168
789	390
790	278
791	741
792	450
793	965
794	795
795	471
796	52
797	1058
798	811
799	123
800	1019
801	310
802	553
803	792
804	560
805	346
806	1178
807	638
808	990
809	1239
810	993
811	595
812	1238
813	505
814	304
815	155
816	198
817	831
818	1242
819	1107
820	220
821	1087
822	297
823	1089
824	523
825	951
826	572
827	704
828	340
829	359
830	725
831	755
832	982
833	856
834	756
835	876
836	1104
837	942
838	11
839	654
840	948
841	189
842	254
843	1221
844	1072
845	682
846	1163
847	688
848	630
849	91
850	88
851	874
852	575
853	1046
854	670
855	391
856	164
857	1017
858	118
859	1007
860	126
861	210
862	300
863	420
864	839
865	1213
866	991
867	740
868	374
869	1211
870	451
871	291
872	833
873	621
874	885
875	1174
876	664
877	347
878	607
879	797
880	1108
881	1178
882	962
883	433
884	490
885	99
886	827
887	485
888	99
889	259
890	68
891	862
892	832
893	451
894	287
895	371
896	681
897	483
898	287
899	748
900	890
901	257
902	379
903	760
904	95
905	48
906	900
907	749
908	907
909	950
910	83
911	264
912	1195
913	649
914	419
915	809
916	477
917	146
918	440
919	1246
920	712
921	1001
922	840
923	151
924	304
925	465
926	596
927	458
928	113
929	700
930	808
931	1207
932	370
933	1057
934	293
935	839
936	428
937	421
938	119
939	645
940	308
941	1099
942	537
943	61
944	109
945	888
946	858
947	619
948	349
949	334
950	116
951	531
952	89
953	998
954	1061
955	177
956	460
957	690
958	860
959	1209
960	804
961	942
962	130
963	1123
964	279
965	390
966	1000
967	760
968	448
969	1189
970	656
971	1220
972	484
973	1134
974	829
975	338
976	592
977	1199
978	223
979	442
980	178
981	958
982	284
983	1024
984	713
985	916
986	1096
987	211
988	245
989	689
990	1215
991	1119
992	826
993	1011
994	298
995	457
996	561
997	322
998	310
999	599
1000	1073
1001	936
1002	34
1003	74
1004	177
1005	1019
1006	296
1007	1061
1008	364
1009	884
1010	835
1011	926
1012	577
1013	283
1014	436
1015	1046
1016	131
1017	943
1018	49
1019	430
1020	572
1021	152
1022	152
1023	666
1024	544
1025	23
1026	582
1027	862
1028	639
1029	1229
1030	1222
1031	801
1032	380
1033	503
1034	788
1035	1173
1036	952
1037	1017
1038	735
1039	608
1040	910
1041	733
1042	120
1043	233
1044	536
1045	106
1046	397
1047	517
1048	25
1049	1043
1050	1031
1051	1145
1052	139
1053	1228
1054	1102
1055	533
1056	1120
1057	328
1058	306
1059	919
1060	538
1061	642
1062	954
1063	32
1064	1232
1065	651
1066	613
1067	491
1068	994
1069	1084
1070	502
1071	203
1072	403
1073	1173
1074	163
1075	521
1076	951
1077	74
1078	575
1079	1182
1080	660
1081	1041
1082	332
1083	551
1084	482
1085	849
1086	1217
1087	1202
1088	896
1089	139
1090	693
1091	650
1092	195
1093	44
1094	515
1095	970
1096	726
1097	909
1098	173
1099	714
1100	53
1101	786
1102	869
1103	1073
1104	584
1105	957
1106	645
1107	165
1108	1114
1109	93
1110	97
1111	694
1112	1189
1113	723
1114	1040
1115	822
1116	792
1117	424
1118	432
1119	525
1120	624
1121	41
1122	1166
1123	75
1124	261
1125	172
1126	1194
1127	181
1128	49
1129	444
1130	1197
1131	339
1132	313
1133	964
1134	309
1135	202
1136	855
1137	435
1138	1089
1139	1049
1140	1135
1141	897
1142	1105
1143	756
1144	531
1145	503
1146	687
1147	1146
1148	365
1149	275
1150	172
1151	471
1152	831
1153	724
1154	986
1155	3
1156	54
1157	413
1158	1066
1159	329
1160	1041
1161	703
1162	1158
1163	100
1164	156
1165	1193
1166	211
1167	530
1168	59
1169	409
1170	136
1171	787
1172	713
1173	1110
1174	1234
1175	1168
1176	569
1177	106
1178	920
1179	129
1180	814
1181	588
1182	369
1183	837
1184	101
1185	912
1186	775
1187	450
1188	895
1189	557
1190	746
1191	607
1192	1208
1193	967
1194	449
1195	493
1196	768
1197	695
1198	822
1199	246
1200	887
1201	697
1202	541
1203	1162
1204	576
1205	810
1206	510
1207	652
1208	496
1209	901
1210	590
1211	618
1212	253
1213	767
1214	594
1215	644
1216	875
1217	690
1218	981
1219	469
1220	945
1221	110
1222	132
1223	111
1224	458
1225	201
1226	973
1227	643
1228	919
1229	1222
1230	883
1231	574
1232	28
1233	757
1234	546
1235	39
1236	1140
1237	507
1238	201
1239	971
1240	317
1241	393
1242	881
1243	492
1244	907
1245	321
1246	593
1247	1035
1248	1023
1249	1241
1250	230
1251	1235
1252	959
1253	980
1254	812
1255	370
1256	493
1257	411
1258	248
1259	22
1260	1004
1261	217
1262	8
1263	832
1264	714
1265	683
1266	864
1267	28
1268	217
1269	633
1270	27
1271	771
1272	502
1273	586
1274	402
1275	539
1276	750
1277	991
1278	1043
1279	319
1280	426
1281	299
1282	1181
1283	770
1284	869
1285	301
1286	692
1287	726
1288	198
1289	192
1290	386
1291	1227
1292	384
1293	34
1294	1139
1295	401
1296	496
1297	905
1298	580
1299	1066
1300	1092
1301	1080
1302	185
1303	540
1304	62
1305	747
1306	1183
1307	234
1308	219
1309	672
1310	82
1311	1152
1312	1062
1313	587
1314	700
1315	582
1316	931
1317	715
1318	1013
1319	517
1320	617
1321	470
1322	316
1323	230
1324	23
1325	1006
1326	916
1327	497
1328	554
1329	261
1330	494
1331	1203
1332	691
1333	675
1334	428
1335	717
1336	1029
1337	798
1338	5
1339	303
1340	1029
1341	664
1342	214
1343	539
1344	576
1345	695
1346	1042
1347	375
1348	840
1349	63
1350	640
1351	362
1352	84
1353	363
1354	231
1355	151
1356	1030
1357	855
1358	187
1359	601
1360	1069
1361	1109
1362	277
1363	202
1364	1167
1365	728
1366	241
1367	885
1368	78
1369	1187
1370	164
1371	538
1372	668
1373	286
1374	1116
1375	591
1376	595
1377	335
1378	1030
1379	734
1380	273
1381	984
1382	1023
1383	55
1384	1212
1385	967
1386	1054
1387	1240
1388	1150
1389	1093
1390	66
1391	1082
1392	347
1393	357
1394	80
1395	299
1396	977
1397	404
1398	626
1399	130
1400	1161
1401	189
1402	825
1403	392
1404	747
1405	412
1406	974
1407	913
1408	438
1409	423
1410	691
1411	1095
1412	167
1413	168
1414	597
1415	1051
1416	117
1417	1154
1418	996
1419	209
1420	77
1421	678
1422	730
1423	323
1424	11
1425	127
1426	335
1427	248
1428	50
1429	334
1430	361
1431	579
1432	498
1433	274
1434	857
1435	543
1436	970
1437	540
1438	36
1439	448
1440	1022
1441	46
1442	561
1443	327
1444	1200
1445	651
1446	672
1447	1051
1448	1020
1449	773
1450	598
1451	215
1452	53
1453	510
1454	955
1455	398
1456	801
1457	627
1458	260
1459	514
1460	84
1461	810
1462	781
1463	360
1464	221
1465	385
1466	783
1467	360
1468	94
1469	938
1470	21
1471	389
1472	727
1473	407
1474	353
1475	166
1476	783
1477	721
1478	746
1479	993
1480	863
1481	497
1482	988
1483	1244
1484	488
1485	1247
1486	740
1487	1109
1488	934
1489	468
1490	1088
1491	94
1492	1048
1493	434
1494	244
1495	358
1496	169
1497	677
1498	427
1499	415
1500	104
1501	447
1502	629
1503	203
1504	774
1505	612
1506	585
1507	188
1508	14
1509	197
1510	938
1511	931
1512	961
1513	678
1514	399
1515	1027
1516	1220
1517	719
1518	838
1519	289
1520	1175
1521	752
1522	638
1523	797
1524	1203
1525	987
1526	847
1527	891
1528	1136
1529	14
1530	266
1531	825
1532	268
1533	583
1534	401
1535	276
1536	1032
1537	466
1538	1096
1539	446
1540	668
1541	973
1542	5
1543	1028
1544	290
1545	453
1546	754
1547	412
1548	368
1549	704
1550	978
1551	1227
1552	461
1553	1195
1554	319
1555	213
1556	128
1557	549
1558	273
1559	1006
1560	1074
1561	1139
1562	738
1563	443
1564	627
1565	374
1566	376
1567	1068
1568	8
1569	1241
1570	161
1571	472
1572	1149
1573	1196
1574	719
1575	887
1576	225
1577	891
1578	58
1579	829
1580	383
1581	19
1582	1074
1583	237
1584	776
1585	722
1586	142
1587	933
1588	228
1589	1059
1590	619
1591	826
1592	247
1593	612
1594	29
1595	1016
1596	208
1597	207
1598	95
1599	486
1600	26
1601	1219
1602	274
1603	281
1604	63
1605	464
1606	1054
1607	1202
1608	214
1609	771
1610	489
1611	939
1612	932
1613	944
1614	1009
1615	675
1616	559
1617	1130
1618	552
1619	820
1620	345
1621	530
1622	944
1623	1100
1624	708
1625	923
1626	562
1627	1248
1628	452
1629	336
1630	183
1631	1138
1632	157
1633	1137
1634	486
1635	1045
1636	1094
1637	768
1638	681
1639	636
1640	514
1641	353
1642	1140
1643	193
1644	983
1645	777
1646	574
1647	35
1648	671
1649	463
1650	388
1651	474
1652	148
1653	910
1654	654
1655	956
1656	1155
1657	433
1658	223
1659	537
1660	308
1661	2
1662	1011
1663	112
1664	126
1665	226
1666	408
1667	103
1668	520
1669	44
1670	868
1671	590
1672	1111
1673	1188
1674	235
1675	683
1676	312
1677	1099
1678	935
1679	117
1680	953
1681	1078
1682	1245
1683	601
1684	656
1685	1149
1686	332
1687	135
1688	316
1689	178
1690	294
1691	650
1692	1025
1693	1210
1694	820
1695	966
1696	1111
1697	218
1698	41
1699	184
1700	24
1701	1194
1702	252
1703	564
1704	323
1705	804
1706	137
1707	812
1708	604
1709	544
1710	1036
1711	240
1712	629
1713	1036
1714	722
1715	73
1716	414
1717	378
1718	522
1719	1126
1720	372
1721	1100
1722	57
1723	958
1724	902
1725	182
1726	462
1727	843
1728	1162
1729	573
1730	459
1731	1225
1732	796
1733	585
1734	98
1735	357
1736	563
1737	351
1738	1037
1739	224
1740	1216
1741	161
1742	60
1743	520
1744	861
1745	616
1746	665
1747	845
1748	844
1749	325
1750	1244
1751	932
1752	805
1753	409
1754	183
1755	933
1756	351
1757	297
1758	928
1759	961
1760	1205
1761	929
1762	439
1763	387
1764	1081
1765	884
1766	507
1767	742
1768	974
1769	946
1770	260
1771	163
1772	242
1773	663
1774	573
1775	886
1776	878
1777	346
1778	180
1779	913
1780	902
1781	355
1782	134
1783	57
1784	581
1785	102
1786	563
1787	545
1788	231
1789	586
1790	1249
1791	1083
1792	1044
1793	828
1794	790
1795	239
1796	240
1797	1134
1798	833
1799	693
1800	384
1801	780
1802	732
1803	197
1804	734
1805	981
1806	935
1807	358
1808	1065
1809	109
1810	594
1811	524
1812	438
1813	162
1814	322
1815	852
1816	107
1817	871
1818	568
1819	636
1820	466
1821	1141
1822	1126
1823	851
1824	372
1825	414
1826	123
1827	727
1828	625
1829	295
1830	1175
1831	292
1832	924
1833	836
1834	234
1835	9
1836	1018
1837	331
1838	1031
1839	1065
1840	37
1841	1121
1842	3
1843	545
1844	1128
1845	442
1846	603
1847	1179
1848	1112
1849	625
1850	436
1851	114
1852	657
1853	686
1854	43
1855	359
1856	43
1857	979
1858	169
1859	716
1860	743
1861	597
1862	776
1863	898
1864	182
1865	780
1866	422
1867	603
1868	2
1869	610
1870	338
1871	65
1872	927
1873	481
1874	1027
1875	318
1876	1127
1877	816
1878	416
1879	227
1880	524
1881	255
1882	389
1883	262
1884	541
1885	453
1886	465
1887	1005
1888	547
1889	1123
1890	141
1891	662
1892	1240
1893	314
1894	404
1895	559
1896	78
1897	128
1898	1068
1899	1168
1900	268
1901	276
1902	1151
1903	145
1904	383
1905	459
1906	228
1907	1033
1908	146
1909	899
1910	250
1911	1114
1912	1229
1913	1085
1914	867
1915	1191
1916	653
1917	253
1918	73
1919	581
1920	1237
1921	54
1922	417
1923	659
1924	811
1925	522
1926	716
1927	765
1928	144
1929	1060
1930	711
1931	941
1932	479
1933	708
1934	677
1935	1085
1936	994
1937	1204
1938	1018
1939	59
1940	186
1941	125
1942	137
1943	397
1944	166
1945	105
1946	1070
1947	437
1948	751
1949	1136
1950	728
1951	188
1952	661
1953	753
1954	732
1955	303
1956	242
1957	1057
1958	851
1959	614
1960	1125
1961	336
1962	666
1963	1213
1964	1133
1965	256
1966	491
1967	1116
1968	1124
1969	311
1970	600
1971	148
1972	515
1973	697
1974	599
1975	943
1976	295
1977	190
1978	467
1979	162
1980	637
1981	291
1982	816
1983	38
1984	1249
1985	235
1986	556
1987	375
1988	33
1989	782
1990	598
1991	867
1992	815
1993	903
1994	355
1995	562
1996	1232
1997	47
1998	398
1999	107
2000	909
2001	659
2002	774
2003	10
2004	568
2005	207
2006	834
2007	1236
2008	320
2009	937
2010	473
2011	385
2012	352
2013	326
2014	1117
2015	1216
2016	647
2017	509
2018	663
2019	614
2020	387
2021	894
2022	1013
2023	243
2024	1002
2025	939
2026	1129
2027	250
2028	267
2029	560
2030	222
2031	796
2032	329
2033	835
2034	283
2035	528
2036	6
2037	823
2038	712
2039	367
2040	410
2041	114
2042	378
2043	793
2044	467
2045	836
2046	815
2047	71
2048	1122
2049	648
2050	269
2051	904
2052	787
2053	400
2054	872
2055	608
2056	631
2057	941
2058	1184
2059	857
2060	429
2061	997
2062	670
2063	966
2064	706
2065	546
2066	157
2067	550
2068	711
2069	363
2070	227
2071	817
2072	144
2073	589
2074	647
2075	1103
2076	1039
2077	736
2078	133
2079	1237
2080	481
2081	759
2082	1156
2083	834
2084	705
2085	72
2086	536
2087	82
2088	927
2089	508
2090	474
2091	1113
2092	1179
2093	325
2094	604
2095	72
2096	1097
2097	1129
2098	176
2099	1170
2100	89
2101	309
2102	204
2103	326
2104	803
2105	570
2106	553
2107	65
2108	18
2109	143
2110	878
2111	461
2112	949
2113	793
2114	184
2115	1117
2116	745
2117	954
2118	220
2119	1053
2120	960
2121	116
2122	724
2123	899
2124	964
2125	427
2126	997
2127	861
2128	591
2129	51
2130	468
2131	500
2132	1171
2133	1209
2134	86
2135	623
2136	1052
2137	396
2138	593
2139	134
2140	1176
2141	702
2142	80
2143	917
2144	1112
2145	684
2146	791
2147	455
2148	1003
2149	449
2150	920
2151	806
2152	508
2153	1234
2154	296
2155	39
2156	499
2157	1103
2158	750
2159	588
2160	846
2161	532
2162	729
2163	239
2164	876
2165	889
2166	1180
2167	1039
2168	860
2169	395
2170	402
2171	38
2172	356
2173	875
2174	257
2175	333
2176	1042
2177	730
2178	557
2179	547
2180	373
2181	143
2182	634
2183	272
2184	737
2185	147
2186	64
2187	320
2188	674
2189	1146
2190	602
2191	686
2192	626
2193	1070
2194	743
2195	224
2196	772
2197	917
2198	108
2199	723
2200	676
2201	800
2202	1170
2203	519
2204	1052
2205	377
2206	311
2207	1010
2208	170
2209	892
2210	1088
2211	67
2212	256
2213	200
2214	928
2215	1169
2216	140
2217	844
2218	10
2219	294
2220	989
2221	925
2222	167
2223	33
2224	1078
2225	87
2226	50
2227	1076
2228	200
2229	571
2230	1145
2231	92
2232	529
2233	87
2234	272
2235	42
2236	718
2237	243
2238	646
2239	399
2240	1082
2241	710
2242	1248
2243	175
2244	292
2245	950
2246	843
2247	415
2248	373
2249	64
2250	1026
2251	653
2252	782
2253	685
2254	393
2255	1118
2256	1169
2257	97
2258	1083
2259	368
2260	556
2261	1137
2262	1197
2263	422
2264	1076
2265	136
2266	1243
2267	1060
2268	445
2269	264
2270	331
2271	258
2272	122
2273	915
2274	289
2275	1106
2276	469
2277	352
2278	1127
2279	356
2280	1243
2281	1186
2282	1230
2283	153
2284	333
2285	770
2286	285
2287	133
2288	122
2289	657
2290	738
2291	115
2292	16
2293	759
2294	1233
2295	765
2296	341
2297	838
2298	232
2299	791
2300	1003
2301	1233
2302	1133
2303	709
2304	173
2305	854
2306	480
2307	529
2308	803
2309	680
2310	67
2311	1093
2312	141
2313	806
2314	341
2315	1207
2316	395
2317	718
2318	249
2319	892
2320	406
2321	790
2322	35
2323	434
2324	480
2325	1
2326	769
2327	327
2328	985
2329	960
2330	623
2331	318
2332	170
2333	509
2334	923
2335	1101
2336	1185
2337	1157
2338	1097
2339	315
2340	1119
2341	818
2342	733
2343	648
2344	17
2345	622
2346	772
2347	190
2348	445
2349	1159
2350	872
2351	971
2352	631
2353	267
2354	437
2355	1135
2356	192
2357	191
2358	456
2359	388
2360	549
2361	1055
2362	898
2363	817
2364	710
2365	736
2366	685
2367	301
2368	24
2369	154
2370	873
2371	222
2372	204
2373	1164
2374	1090
2375	737
2376	1192
2377	26
2378	37
2379	904
2380	66
2381	673
2382	1101
2383	769
2384	68
2385	142
2386	655
2387	125
2388	229
2389	918
2390	153
2391	571
2392	912
2393	42
2394	526
2395	205
2396	1171
2397	1236
2398	225
2399	1192
2400	205
2401	1016
2402	1130
2403	127
2404	129
2405	29
2406	552
2407	83
2408	171
2409	314
2410	456
2411	105
2412	757
2413	717
2414	975
2415	1098
2416	655
2417	345
2418	171
2419	1164
2420	818
2421	281
2422	249
2423	873
2424	646
2425	140
2426	1098
2427	160
2428	1032
2429	989
2430	1094
2431	600
2432	1055
2433	20
2434	131
2435	611
2436	174
2437	901
2438	558
2439	866
2440	622
2441	215
2442	761
2443	315
2444	526
2445	922
2446	406
2447	1034
2448	744
2449	821
2450	1159
2451	101
2452	558
2453	1034
2454	1157
2455	620
2456	115
2457	392
2458	1201
2459	701
2460	519
2461	589
2462	785
2463	676
2464	269
2465	674
2466	160
2467	922
2468	1185
2469	940
2470	821
2471	703
2472	90
2473	270
2474	330
2475	21
2476	154
2477	512
2478	1113
2479	110
2480	602
2481	955
2482	270
2483	580
2484	985
2485	915
2486	17
2487	501
2488	866
2489	512
2490	744
2491	975
2492	761
2493	330
2494	634
2495	455
2496	564
2497	680
2498	70
2499	542
2500	70
Class Times	10
Rooms	250
1	999
2	237
3	707
4	544
5	374
6	244
7	167
8	859
9	101
10	619
11	715
12	530
13	242
14	525
15	501
16	241
17	998
18	26
19	99
20	63
21	684
22	29
23	772
24	335
25	582
26	399
27	964
28	258
29	727
30	839
31	292
32	399
33	494
34	942
35	21
36	702
37	318
38	115
39	196
40	179
41	815
42	414
43	942
44	417
45	284
46	656
47	419
48	952
49	55
50	774
51	937
52	223
53	716
54	705
55	985
56	606
57	524
58	253
59	832
60	515
61	987
62	371
63	165
64	631
65	376
66	300
67	467
68	39
69	725
70	878
71	687
72	170
73	590
74	416
75	937
76	535
77	115
78	634
79	582
80	671
81	502
82	647
83	524
84	78
85	741
86	816
87	827
88	51
89	318
90	489
91	482
92	850
93	125
94	115
95	917
96	775
97	958
98	559
99	482
100	463
101	531
102	216
103	476
104	783
105	528
106	727
107	110
108	675
109	766
110	198
111	915
112	550
113	73
114	638
115	592
116	919
117	647
118	554
119	941
120	232
121	397
122	397
123	208
124	911
125	687
126	596
127	460
128	484
129	757
130	125
131	500
132	927
133	725
134	273
135	779
136	862
137	971
138	342
139	349
140	710
141	466
142	847
143	190
144	745
145	673
146	738
147	753
148	963
149	102
150	935
151	241
152	925
153	794
154	638
155	433
156	53
157	264
158	105
159	977
160	270
161	389
162	638
163	554
164	411
165	503
166	60
167	778
168	892
169	36
170	315
171	375
172	136
173	355
174	779
175	446
176	851
177	960
178	463
179	156
180	890
181	868
182	73
183	402
184	252
185	58
186	411
187	419
188	493
189	220
190	999
191	780
192	387
193	292
194	71
195	656
196	205
197	421
198	664
199	741
200	645
201	448
202	987
203	412
204	996
205	997
206	787
207	743
208	307
209	816
210	483
211	174
212	13
213	533
214	524
215	317
216	856
217	738
218	807
219	608
220	224
221	514
222	462
223	497
224	912
225	696
226	63
227	472
228	33
229	198
230	999
231	313
232	138
233	442
234	700
235	849
236	815
237	89
238	812
239	576
240	266
241	407
242	928
243	707
244	408
245	931
246	499
247	808
248	821
249	166
250	992
Classes	2500
Teachers	1250
1	240
2	1172
3	1136
4	1122
5	422
6	703
7	463
8	313
9	994
10	495
11	679
12	532
13	463
14	554
15	1108
16	572
17	401
18	978
19	959
20	657
21	660
22	600
23	288
24	1004
25	620
26	837
27	59
28	112
29	368
30	663
31	860
32	721
33	408
34	953
35	200
36	1034
37	1064
38	881
39	776
40	1177
41	441
42	967
43	802
44	1049
45	80
46	1124
47	526
48	234
49	857
50	1243
51	401
52	601
53	910
54	793
55	927
56	5
57	1219
58	771
59	800
60	398
61	934
62	287
63	292
64	965
65	651
66	34
67	801
68	565
69	758
70	162
71	84
72	763
73	447
74	7
75	770
76	900
77	468
78	82
79	1139
80	1157
81	579
82	23
83	508
84	413
85	581
86	769
87	1129
88	632
89	246
90	696
91	323
92	371
93	695
94	798
95	462
96	1001
97	903
98	974
99	1192
100	782
101	529
102	25
103	879
104	1070
105	511
106	701
107	831
108	743
109	1080
110	144
111	1061
112	685
113	219
114	508
115	752
116	771
117	743
118	394
119	418
120	199
121	389
122	759
123	87
124	153
125	934
126	221
127	750
128	66
129	702
130	524
131	1227
132	748
133	707
134	818
135	882
136	237
137	214
138	46
139	297
140	565
141	1
142	46
143	156
144	615
145	158
146	754
147	774
148	780
149	211
150	554
151	768
152	100
153	673
154	24
155	1182
156	70
157	356
158	334
159	625
160	347
161	9
162	1119
163	119
164	530
165	410
166	662
167	274
168	450
169	575
170	1000
171	753
172	763
173	238
174	873
175	1229
176	126
177	960
178	914
179	994
180	999
181	486
182	114
183	1100
184	1194
185	808
186	1037
187	922
188	467
189	420
190	765
191	1075
192	1020
193	910
194	783
195	257
196	239
197	1248
198	948
199	883
200	658
201	1087
202	852
203	588
204	1171
205	892
206	829
207	334
208	612
209	11
210	1133
211	276
212	326
213	171
214	335
215	9
216	244
217	213
218	400
219	302
220	63
221	826
222	588
223	23
224	18
225	362
226	735
227	30
228	188
229	297
230	1249
231	181
232	852
233	638
234	1044
235	1018
236	338
237	260
238	430
239	426
240	655
241	186
242	861
243	1050
244	261
245	366
246	505
247	681
248	922
249	717
250	779
251	705
252	186
253	149
254	255
255	665
256	1045
257	80
258	618
259	241
260	490
261	1205
262	446
263	619
264	436
265	897
266	15
267	573
268	813
269	1211
270	884
271	1050
272	192
273	685
274	1005
275	1140
276	835
277	42
278	350
279	1195
280	437
281	527
282	383
283	66
284	1212
285	957
286	522
287	645
288	799
289	45
290	134
291	899
292	326
293	324
294	795
295	1072
296	990
297	796
298	587
299	455
300	898
301	351
302	736
303	889
304	1058
305	665
306	840
307	327
308	196
309	807
310	895
311	1083
312	497
313	959
314	627
315	261
316	1091
317	226
318	764
319	461
320	573
321	615
322	873
323	5
324	957
325	1090
326	617
327	162
328	851
329	497
330	1028
331	257
332	1022
333	253
334	60
335	662
336	1043
337	814
338	806
339	1225
340	407
341	1082
342	653
343	274
344	303
345	1164
346	49
347	748
348	1221
349	161
350	307
351	845
352	217
353	123
354	1175
355	176
356	399
357	282
358	1177
359	230
360	120
361	885
362	683
363	1065
364	170
365	621
366	84
367	1115
368	820
369	839
370	101
371	830
372	742
373	985
374	1076
375	857
376	867
377	1230
378	1098
379	41
380	1116
381	383
382	1191
383	1235
384	1230
385	24
386	410
387	746
388	1026
389	128
390	341
391	1006
392	1225
393	1140
394	500
395	750
396	1139
397	363
398	723
399	767
400	488
401	606
402	734
403	502
404	539
405	1248
406	739
407	1133
408	675
409	695
410	1064
411	60
412	1015
413	842
414	608
415	1149
416	855
417	1187
418	789
419	993
420	1036
421	1062
422	394
423	1159
424	268
425	787
426	814
427	368
428	618
429	335
430	581
431	591
432	1098
433	96
434	1099
435	614
436	902
437	1224
438	545
439	250
440	377
441	217
442	1010
443	482
444	1159
445	762
446	108
447	492
448	535
449	209
450	164
451	107
452	990
453	421
454	169
455	41
456	1057
457	1062
458	33
459	397
460	871
461	428
462	980
463	482
464	386
465	435
466	591
467	45
468	113
469	875
470	228
471	83
472	529
473	878
474	1190
475	1026
476	605
477	1211
478	1005
479	178
480	816
481	945
482	804
483	96
484	7
485	768
486	1021
487	466
488	416
489	678
490	867
491	1153
492	725
493	65
494	822
495	197
496	432
497	330
498	233
499	77
500	1021
501	669
502	389
503	411
504	593
505	203
506	285
507	1058
508	818
509	432
510	306
511	580
512	265
513	95
514	1176
515	278
516	799
517	901
518	707
519	6
520	285
521	271
522	270
523	614
524	902
525	400
526	1071
527	1032
528	300
529	152
530	1226
531	816
532	71
533	1007
534	1247
535	1028
536	693
537	26
538	437
539	363
540	152
541	276
542	890
543	193
544	348
545	102
546	308
547	320
548	1097
549	765
550	279
551	195
552	1114
553	12
554	312
555	895
556	981
557	381
558	15
559	180
560	333
561	760
562	851
563	598
564	498
565	169
566	890
567	747
568	28
569	894
570	942
571	429
572	113
573	595
574	47
575	1002
576	399
577	723
578	1023
579	197
580	309
581	214
582	1109
583	539
584	1184
585	1097
586	1157
587	266
588	1046
589	1242
590	699
591	1059
592	905
593	441
594	1113
595	192
596	655
597	94
598	1035
599	773
600	557
601	827
602	516
603	160
604	606
605	1151
606	420
607	931
608	556
609	171
610	572
611	446
612	496
613	280
614	1103
615	870
616	107
617	1020
618	377
619	543
620	1168
621	1176
622	555
623	19
624	159
625	975
626	599
627	1034
628	919
629	141
630	104
631	465
632	600
633	1104
634	1107
635	526
636	785
637	656
638	521
639	202
640	744
641	847
642	722
643	783
644	120
645	977
646	501
647	50
648	252
649	793
650	1007
651	30
652	1036
653	167
654	232
655	730
656	735
657	599
658	1083
659	1160
660	983
661	1125
662	1094
663	264
664	119
665	639
666	1181
667	653
668	27
669	498
670	1101
671	238
672	1235
673	1136
674	749
675	225
676	690
677	344
678	1090
679	939
680	671
681	307
682	32
683	1169
684	259
685	756
686	489
687	901
688	681
689	861
690	268
691	808
692	619
693	1076
694	32
695	376
696	1208
697	385
698	736
699	1162
700	815
701	898
702	701
703	650
704	540
705	29
706	969
707	686
708	891
709	887
710	1205
711	426
712	811
713	1168
714	1009
715	916
716	215
717	950
718	51
719	293
720	693
721	1086
722	1208
723	185
724	49
725	177
726	1092
727	974
728	672
729	4
730	360
731	642
732	44
733	780
734	1092
735	797
736	958
737	44
738	173
739	496
740	158
741	153
742	507
743	438
744	691
745	1240
746	791
747	605
748	562
749	954
750	230
751	1070
752	417
753	807
754	1051
755	493
756	1128
757	1056
758	643
759	682
760	381
761	128
762	968
763	289
764	1160
765	684
766	996
767	151
768	299
769	255
770	310
771	871
772	686
773	43
774	37
775	891
776	259
777	1071
778	1106
779	1138
780	700
781	579
782	550
783	938
784	1209
785	177
786	1048
787	658
788	121
789	868
790	522
791	782
792	135
793	952
794	1169
795	1049
796	1088
797	188
798	137
799	1042
800	906
801	95
802	846
803	249
804	733
805	1224
806	64
807	1164
808	475
809	469
810	362
811	625
812	31
813	764
814	1051
815	333
816	733
817	820
818	1236
819	19
820	708
821	108
822	352
823	983
824	1012
825	812
826	961
827	1179
828	57
829	980
830	39
831	165
832	205
833	785
834	1072
835	357
836	947
837	99
838	135
839	754
840	827
841	422
842	940
843	147
844	1194
845	490
846	443
847	1111
848	371
849	109
850	624
851	398
852	164
853	418
854	947
855	37
856	116
857	642
858	218
859	907
860	622
861	1015
862	124
863	673
864	855
865	1037
866	1196
867	1074
868	1105
869	641
870	889
871	350
872	1234
873	955
874	543
875	252
876	1045
877	244
878	236
879	344
880	126
881	102
882	339
883	944
884	1031
885	450
886	1017
887	258
888	883
889	1162
890	732
891	810
892	1006
893	558
894	414
895	68
896	547
897	458
898	752
899	1061
900	97
901	978
902	1060
903	429
904	547
905	65
906	1120
907	331
908	988
909	234
910	295
911	1068
912	436
913	215
914	1172
915	545
916	57
917	1017
918	42
919	878
920	795
921	988
922	143
923	841
924	1201
925	1119
926	13
927	139
928	845
929	91
930	70
931	1188
932	442
933	1067
934	139
935	288
936	899
937	447
938	560
939	527
940	805
941	751
942	760
943	404
944	1173
945	512
946	1166
947	1042
948	313
949	992
950	710
951	1046
952	617
953	708
954	564
955	1053
956	761
957	1210
958	1011
959	78
960	788
961	337
962	675
963	1213
964	194
965	486
966	649
967	718
968	296
969	1100
970	1130
971	835
972	433
973	488
974	661
975	85
976	1001
977	311
978	1209
979	460
980	1165
981	825
982	905
983	1066
984	375
985	998
986	710
987	999
988	914
989	570
990	1027
991	1088
992	53
993	209
994	206
995	194
996	475
997	299
998	948
999	912
1000	953
1001	10
1002	1216
1003	195
1004	204
1005	275
1006	1066
1007	342
1008	1065
1009	940
1010	295
1011	784
1012	384
1013	777
1014	586
1015	428
1016	458
1017	560
1018	459
1019	182
1020	548
1021	1111
1022	304
1023	1022
1024	644
1025	970
1026	1127
1027	632
1028	154
1029	590
1030	1148
1031	50
1032	74
1033	315
1034	975
1035	309
1036	775
1037	478
1038	1079
1039	503
1040	926
1041	145
1042	792
1043	664
1044	869
1045	786
1046	20
1047	319
1048	419
1049	206
1050	52
1051	1067
1052	421
1053	1115
1054	203
1055	245
1056	937
1057	636
1058	893
1059	1180
1060	523
1061	776
1062	1215
1063	1121
1064	175
1065	457
1066	942
1067	993
1068	298
1069	702
1070	226
1071	473
1072	997
1073	903
1074	81
1075	111
1076	610
1077	966
1078	609
1079	13
1080	271
1081	822
1082	213
1083	142
1084	995
1085	312
1086	225
1087	809
1088	1127
1089	866
1090	637
1091	551
1092	221
1093	219
1094	1060
1095	668
1096	227
1097	484
1098	794
1099	372
1100	198
1101	590
1102	260
1103	172
1104	945
1105	641
1106	462
1107	359
1108	302
1109	826
1110	1146
1111	885
1112	290
1113	507
1114	183
1115	725
1116	472
1117	354
1118	688
1119	282
1120	237
1121	104
1122	607
1123	991
1124	680
1125	913
1126	837
1127	858
1128	515
1129	1180
1130	620
1131	374
1132	331
1133	786
1134	788
1135	48
1136	568
1137	338
1138	596
1139	227
1140	603
1141	964
1142	55
1143	973
1144	373
1145	744
1146	298
1147	1161
1148	800
1149	1029
1150	199
1151	1053
1152	762
1153	868
1154	142
1155	577
1156	1077
1157	367
1158	1214
1159	151
1160	1044
1161	667
1162	778
1163	1187
1164	629
1165	28
1166	1125
1167	863
1168	1102
1169	48
1170	530
1171	278
1172	1131
1173	571
1174	133
1175	354
1176	555
1177	730
1178	589
1179	597
1180	908
1181	1193
1182	1110
1183	1024
1184	124
1185	981
1186	887
1187	781
1188	874
1189	38
1190	358
1191	971
1192	445
1193	272
1194	56
1195	114
1196	265
1197	481
1198	660
1199	211
1200	755
1201	440
1202	339
1203	427
1204	457
1205	1219
1206	745
1207	461
1208	916
1209	1085
1210	10
1211	320
1212	1203
1213	598
1214	732
1215	222
1216	629
1217	621
1218	39
1219	416
1220	303
1221	1104
1222	904
1223	834
1224	1210
1225	1010
1226	411
1227	828
1228	501
1229	1218
1230	1027
1231	143
1232	1014
1233	770
1234	470
1235	559
1236	247
1237	583
1238	455
1239	243
1240	1069
1241	423
1242	1247
1243	245
1244	992
1245	722
1246	523
1247	251
1248	1086
1249	336
1250	159
1251	917
1252	474
1253	277
1254	1113
1255	1227
1256	745
1257	500
1258	516
1259	908
1260	136
1261	583
1262	965
1263	627
1264	269
1265	118
1266	1
1267	466
1268	563
1269	294
1270	385
1271	132
1272	336
1273	663
1274	815
1275	558
1276	596
1277	424
1278	122
1279	1105
1280	495
1281	810
1282	772
1283	364
1284	449
1285	205
1286	504
1287	580
1288	677
1289	1226
1290	1182
1291	684
1292	740
1293	247
1294	166
1295	459
1296	47
1297	109
1298	266
1299	347
1300	176
1301	758
1302	18
1303	1166
1304	650
1305	550
1306	224
1307	378
1308	300
1309	236
1310	577
1311	704
1312	148
1313	1023
1314	1126
1315	1135
1316	811
1317	1214
1318	955
1319	287
1320	1055
1321	393
1322	1109
1323	286
1324	54
1325	1238
1326	691
1327	1145
1328	149
1329	833
1330	585
1331	882
1332	862
1333	189
1334	1057
1335	130
1336	390
1337	369
1338	1193
1339	1196
1340	1158
1341	61
1342	1229
1343	556
1344	1249
1345	1199
1346	859
1347	115
1348	181
1349	183
1350	896
1351	456
1352	349
1353	865
1354	669
1355	1215
1356	196
1357	31
1358	1096
1359	106
1360	94
1361	480
1362	374
1363	216
1364	559
1365	366
1366	1094
1367	751
1368	147
1369	415
1370	1120
1371	111
1372	613
1373	1175
1374	396
1375	821
1376	388
1377	243
1378	514
1379	502
1380	166
1381	569
1382	521
1383	936
1384	443
1385	367
1386	711
1387	106
1388	1084
1389	472
1390	409
1391	626
1392	413
1393	584
1394	442
1395	240
1396	671
1397	1155
1398	167
1399	404
1400	593
1401	494
1402	893
1403	409
1404	479
1405	886
1406	797
1407	697
1408	571
1409	17
1410	393
1411	116
1412	651
1413	1095
1414	839
1415	384
1416	26
1417	1236
1418	191
1419	853
1420	1213
1421	473
1422	843
1423	753
1424	1035
1425	1190
1426	1231
1427	597
1428	150
1429	1167
1430	906
1431	348
1432	1096
1433	659
1434	925
1435	1116
1436	692
1437	140
1438	924
1439	67
1440	552
1441	918
1442	296
1443	99
1444	105
1445	781
1446	698
1447	262
1448	956
1449	1141
1450	907
1451	864
1452	452
1453	233
1454	137
1455	911
1456	430
1457	676
1458	424
1459	1179
1460	1243
1461	951
1462	256
1463	3
1464	1163
1465	635
1466	122
1467	330
1468	1202
1469	140
1470	979
1471	775
1472	931
1473	1004
1474	224
1475	464
1476	876
1477	925
1478	850
1479	817
1480	566
1481	680
1482	892
1483	249
1484	1118
1485	423
1486	954
1487	1074
1488	761
1489	449
1490	154
1491	204
1492	511
1493	757
1494	962
1495	987
1496	87
1497	89
1498	894
1499	956
1500	1207
1501	877
1502	75
1503	640
1504	1052
1505	796
1506	190
1507	623
1508	1199
1509	515
1510	846
1511	1171
1512	840
1513	989
1514	408
1515	514
1516	1223
1517	512
1518	888
1519	1011
1520	1085
1521	29
1522	1167
1523	484
1524	160
1525	1124
1526	604
1527	267
1528	689
1529	869
1530	578
1531	134
1532	964
1533	531
1534	1189
1535	372
1536	649
1537	950
1538	738
1539	996
1540	819
1541	757
1542	356
1543	318
1544	778
1545	98
1546	603
1547	1221
1548	101
1549	198
1550	402
1551	431
1552	144
1553	594
1554	494
1555	692
1556	589
1557	973
1558	1080
1559	503
1560	546
1561	325
1562	1151
1563	977
1564	127
1565	1231
1566	880
1567	61
1568	170
1569	54
1570	1145
1571	534
1572	628
1573	734
1574	1220
1575	717
1576	644
1577	538
1578	936
1579	813
1580	58
1581	489
1582	944
1583	1158
1584	1223
1585	478
1586	849
1587	607
1588	690
1589	830
1590	1129
1591	185
1592	886
1593	355
1594	292
1595	1237
1596	110
1597	376
1598	784
1599	634
1600	613
1601	746
1602	831
1603	540
1604	1138
1605	943
1606	921
1607	633
1608	1144
1609	242
1610	253
1611	535
1612	1144
1613	405
1614	634
1615	924
1616	280
1617	1110
1618	531
1619	73
1620	856
1621	11
1622	1082
1623	155
1624	962
1625	262
1626	81
1627	1137
1628	963
1629	841
1630	541
1631	833
1632	248
1633	842
1634	881
1635	1245
1636	469
1637	682
1638	742
1639	616
1640	322
1641	406
1642	720
1643	63
1644	1056
1645	1052
1646	664
1647	860
1648	452
1649	1012
1650	318
1651	1195
1652	592
1653	582
1654	1142
1655	16
1656	456
1657	1237
1658	1132
1659	1081
1660	314
1661	718
1662	1018
1663	118
1664	4
1665	1146
1666	652
1667	1174
1668	1117
1669	1142
1670	284
1671	933
1672	100
1673	789
1674	180
1675	25
1676	856
1677	825
1678	51
1679	125
1680	844
1681	1201
1682	460
1683	1228
1684	697
1685	1154
1686	747
1687	648
1688	802
1689	676
1690	468
1691	357
1692	578
1693	323
1694	792
1695	843
1696	228
1697	191
1698	569
1699	1117
1700	1184
1701	1107
1702	1232
1703	712
1704	667
1705	75
1706	444
1707	824
1708	98
1709	71
1710	435
1711	434
1712	1155
1713	739
1714	967
1715	212
1716	1079
1717	1123
1718	179
1719	220
1720	1188
1721	184
1722	190
1723	373
1724	56
1725	935
1726	270
1727	608
1728	1033
1729	386
1730	1118
1731	1217
1732	998
1733	740
1734	829
1735	157
1736	525
1737	1123
1738	1121
1739	168
1740	525
1741	148
1742	493
1743	453
1744	611
1745	1081
1746	884
1747	218
1748	576
1749	465
1750	355
1751	64
1752	874
1753	129
1754	82
1755	341
1756	858
1757	719
1758	927
1759	481
1760	863
1761	179
1762	688
1763	242
1764	963
1765	584
1766	76
1767	849
1768	1069
1769	582
1770	552
1771	12
1772	570
1773	769
1774	683
1775	541
1776	1048
1777	1130
1778	844
1779	1054
1780	89
1781	112
1782	1238
1783	517
1784	1106
1785	938
1786	1174
1787	1122
1788	174
1789	1150
1790	601
1791	1091
1792	982
1793	520
1794	715
1795	755
1796	1240
1797	1156
1798	358
1799	777
1800	674
1801	293
1802	1114
1803	986
1804	1059
1805	991
1806	286
1807	704
1808	1198
1809	246
1810	926
1811	935
1812	724
1813	1216
1814	1234
1815	485
1816	451
1817	865
1818	668
1819	499
1820	1232
1821	370
1822	561
1823	14
1824	951
1825	624
1826	859
1827	174
1828	1242
1829	594
1830	216
1831	877
1832	657
1833	1008
1834	8
1835	817
1836	172
1837	131
1838	1220
1839	1040
1840	638
1841	433
1842	1150
1843	941
1844	272
1845	76
1846	946
1847	173
1848	1024
1849	284
1850	1084
1851	961
1852	1003
1853	1055
1854	958
1855	471
1856	726
1857	387
1858	941
1859	917
1860	168
1861	756
1862	454
1863	378
1864	592
1865	117
1866	163
1867	562
1868	564
1869	1218
1870	241
1871	220
1872	612
1873	391
1874	92
1875	909
1876	115
1877	1250
1878	724
1879	361
1880	79
1881	911
1882	823
1883	92
1884	1134
1885	628
1886	574
1887	434
1888	568
1889	1148
1890	546
1891	828
1892	542
1893	337
1894	448
1895	316
1896	67
1897	365
1898	397
1899	946
1900	263
1901	677
1902	1141
1903	36
1904	138
1905	805
1906	586
1907	263
1908	343
1909	314
1910	273
1911	406
1912	804
1913	68
1914	706
1915	1217
1916	1016
1917	790
1918	352
1919	1152
1920	427
1921	728
1922	504
1923	83
1924	703
1925	1031
1926	136
1927	875
1928	726
1929	1173
1930	1016
1931	929
1932	654
1933	448
1934	533
1935	919
1936	91
1937	646
1938	403
1939	1189
1940	912
1941	17
1942	937
1943	952
1944	250
1945	1156
1946	1132
1947	97
1948	123
1949	1089
1950	476
1951	819
1952	824
1953	258
1954	714
1955	986
1956	915
1957	809
1958	1197
1959	1112
1960	319
1961	1170
1962	360
1963	405
1964	913
1965	731
1966	471
1967	985
1968	256
1969	1103
1970	132
1971	720
1972	79
1973	574
1974	921
1975	850
1976	678
1977	646
1978	623
1979	1095
1980	342
1981	439
1982	146
1983	1068
1984	232
1985	1089
1986	631
1987	949
1988	1192
1989	737
1990	637
1991	325
1992	492
1993	301
1994	1093
1995	69
1996	1009
1997	85
1998	699
1999	55
2000	960
2001	1163
2002	483
2003	640
2004	210
2005	1241
2006	27
2007	43
2008	1137
2009	351
2010	165
2011	551
2012	212
2013	966
2014	1239
2015	291
2016	1126
2017	654
2018	1008
2019	208
2020	661
2021	1054
2022	321
2023	997
2024	487
2025	464
2026	971
2027	417
2028	1239
2029	834
2030	1178
2031	117
2032	1131
2033	853
2034	283
2035	1013
2036	73
2037	36
2038	1003
2039	773
2040	8
2041	279
2042	305
2043	277
2044	918
2045	1206
2046	491
2047	879
2048	700
2049	315
2050	970
2051	178
2052	836
2053	1204
2054	1186
2055	1032
2056	150
2057	1212
2058	345
2059	369
2060	474
2061	316
2062	340
2063	610
2064	633
2065	1152
2066	231
2067	182
2068	1204
2069	1041
2070	979
2071	779
2072	141
2073	1241
2074	1073
2075	1000
2076	1029
2077	121
2078	812
2079	923
2080	712
2081	145
2082	210
2083	1244
2084	630
2085	187
2086	1153
2087	289
2088	161
2089	643
2090	483
2091	801
2092	380
2093	33
2094	1063
2095	949
2096	1178
2097	656
2098	317
2099	611
2100	823
2101	674
2102	576
2103	626
2104	705
2105	647
2106	391
2107	407
2108	90
2109	291
2110	1040
2111	419
2112	1246
2113	1207
2114	189
2115	479
2116	509
2117	69
2118	544
2119	392
2120	706
2121	223
2122	431
2123	308
2124	666
2125	193
2126	929
2127	862
2128	3
2129	207
2130	467
2131	1047
2132	1108
2133	269
2134	52
2135	984
2136	1233
2137	395
2138	1101
2139	1149
2140	636
2141	1128
2142	175
2143	133
2144	53
2145	670
2146	103
2147	1191
2148	687
2149	387
2150	585
2151	709
2152	138
2153	22
2154	281
2155	125
2156	510
2157	345
2158	317
2159	294
2160	1047
2161	127
2162	477
2163	2
2164	14
2165	328
2166	1087
2167	129
2168	1250
2169	604
2170	832
2171	329
2172	254
2173	254
2174	847
2175	375
2176	301
2177	90
2178	666
2179	518
2180	766
2181	21
2182	470
2183	485
2184	933
2185	538
2186	1181
2187	648
2188	672
2189	790
2190	321
2191	1112
2192	1197
2193	928
2194	904
2195	379
2196	438
2197	1170
2198	727
2199	737
2200	694
2201	1186
2202	1135
2203	854
2204	631
2205	58
2206	343
2207	353
2208	346
2209	1013
2210	928
2211	346
2212	838
2213	534
2214	866
2215	62
2216	506
2217	1025
2218	536
2219	229
2220	1185
2221	35
2222	728
2223	332
2224	131
2225	202
2226	1246
2227	364
2228	645
2229	727
2230	229
2231	480
2232	561
2233	16
2234	146
2235	20
2236	759
2237	38
2238	414
2239	880
2240	86
2241	156
2242	201
2243	1073
2244	741
2245	652
2246	425
2247	328
2248	713
2249	923
2250	105
2251	714
2252	716
2253	794
2254	223
2255	995
2256	1233
2257	163
2258	517
2259	22
2260	1041
2261	506
2262	716
2263	1019
2264	509
2265	518
2266	698
2267	696
2268	248
2269	78
2270	388
2271	304
2272	93
2273	62
2274	379
2275	201
2276	86
2277	222
2278	1134
2279	505
2280	349
2281	1030
2282	396
2283	1165
2284	311
2285	1077
2286	1033
2287	445
2288	1025
2289	34
2290	130
2291	1075
2292	709
2293	207
2294	528
2295	327
2296	930
2297	239
2298	622
2299	711
2300	984
2301	281
2302	382
2303	283
2304	513
2305	402
2306	968
2307	532
2308	40
2309	1102
2310	854
2311	659
2312	896
2313	1228
2314	1019
2315	563
2316	157
2317	939
2318	749
2319	870
2320	353
2321	1143
2322	155
2323	694
2324	403
2325	528
2326	741
2327	915
2328	365
2329	40
2330	6
2331	454
2332	635
2333	88
2334	848
2335	524
2336	200
2337	602
2338	976
2339	103
2340	510
2341	729
2342	982
2343	1143
2344	1200
2345	487
2346	324
2347	537
2348	1039
2349	713
2350	305
2351	943
2352	329
2353	791
2354	787
2355	549
2356	1063
2357	766
2358	548
2359	412
2360	35
2361	888
2362	382
2363	444
2364	738
2365	609
2366	235
2367	440
2368	533
2369	670
2370	1099
2371	412
2372	359
2373	838
2374	872
2375	616
2376	208
2377	425
2378	575
2379	184
2380	897
2381	513
2382	1161
2383	687
2384	836
2385	872
2386	729
2387	491
2388	767
2389	370
2390	1222
2391	110
2392	1198
2393	537
2394	630
2395	93
2396	1203
2397	77
2398	290
2399	322
2400	1244
2401	499
2402	920
2403	520
2404	721
2405	392
2406	310
2407	1014
2408	231
2409	1078
2410	987
2411	544
2412	380
2413	273
2414	689
2415	774
2416	439
2417	519
2418	476
2419	715
2420	932
2421	1002
2422	1245
2423	267
2424	772
2425	332
2426	1206
2427	1202
2428	72
2429	59
2430	1038
2431	557
2432	972
2433	1185
2434	264
2435	567
2436	566
2437	876
2438	798
2439	74
2440	602
2441	976
2442	451
2443	930
2444	251
2445	1078
2446	72
2447	453
2448	909
2449	972
2450	1039
2451	275
2452	647
2453	1043
2454	806
2455	1183
2456	832
2457	553
2458	235
2459	549
2460	21
2461	88
2462	519
2463	679
2464	1147
2465	719
2466	900
2467	932
2468	595
2469	306
2470	1222
2471	395
2472	639
2473	2
2474	848
2475	1200
2476	415
2477	1038
2478	821
2479	553
2480	803
2481	864
2482	989
2483	477
2484	920
2485	1154
2486	567
2487	1030
2488	969
2489	187
2490	390
2491	536
2492	1183
2493	542
2494	731
2495	587
2496	1093
2497	803
2498	1147
2499	361
2500	340
