Students	1000
1	2327 2217 1907 338
2	1811 1122 2205 2275
3	1787 1107 462 2292
4	1122 1107 872 2190
5	1378 1275 1465 1875
6	882 1513 1482 18
7	1076 1950 671 1313
8	246 815 28 1888
9	1720 1943 879 754
10	892 2046 1229 1561
11	750 1322 1742 1190
12	2418 1297 337 2007
13	835 1504 1692 383
14	881 136 2175 463
15	1407 2399 2500 678
16	2387 1973 542 1660
17	1569 1072 1462 1189
18	1812 919 1898 586
19	1411 755 1426 2183
20	1240 2483 2491 722
21	2362 1878 2235 1441
22	1081 999 266 1123
23	904 680 1323 919
24	1449 1517 2057 1073
25	1244 871 946 2306
26	2440 1477 125 1788
27	1403 2194 91 1921
28	1717 2319 205 743
29	1089 1689 282 1393
30	1510 855 671 719
31	1252 1397 1452 736
32	2103 2044 1934 109
33	1774 190 1637 2201
34	175 1540 1562 756
35	432 2392 94 1742
36	539 240 1481 2344
37	511 1858 2462 2465
38	1263 1783 1454 408
39	1251 2155 1313 1189
40	2446 2374 261 1001
41	2213 1529 881 56
42	577 542 263 1429
43	2144 378 872 152
44	824 2418 2184 708
45	2426 1490 1126 705
46	1406 844 85 535
47	2395 1881 1412 738
48	2281 1676 1573 95
49	951 2151 1414 2426
50	2350 383 337 968
51	1227 2367 2378 1994
52	116 1613 2067 1677
53	2418 103 1571 2179
54	2340 1193 790 170
55	326 1391 1050 101
56	1167 1611 494 1564
57	697 1492 775 897
58	2410 865 1816 524
59	2019 2037 394 555
60	1300 673 336 2482
61	2155 1787 1465 1158
62	1885 905 1761 682
63	896 2441 58 671
64	2497 241 35 1710
65	898 1122 1051 2380
66	2281 959 2016 674
67	2353 2412 2494 1359
68	160 914 2002 1186
69	2245 31 1215 1572
70	317 742 964 2090
71	2107 1512 1784 255
72	2351 1457 1321 118
73	1341 1008 187 772
74	2096 2148 1109 255
75	1395 618 878 1409
76	833 1657 1283 1110
77	1892 1974 1537 448
78	1122 2137 1808 953
79	669 2082 1096 2371
80	1872 1170 972 1402
81	682 816 1123 1248
82	921 108 691 2366
83	235 1736 843 110
84	425 2144 789 1463
85	1613 834 1972 2118
86	1217 1628 2411 1038
87	1922 1636 1138 366
88	1923 1529 2404 1298
89	1162 24 1 935
90	2172 959 1569 1272
91	1458 526 1149 632
92	1518 2107 249 458
93	263 260 1594 1916
94	1878 498 2220 526
95	1886 2164 103 90
96	1262 1898 2303 855
97	748 577 2194 2203
98	375 850 2026 1468
99	1472 2257 3 469
100	1328 2225 1034 2138
101	110 1851 676 633
102	1632 866 2240 1998
103	168 385 1760 2392
104	1997 353 1002 2465
105	1463 837 2411 2343
106	506 131 319 153
107	1826 1404 444 2429
108	1269 723 217 681
109	1225 2107 2040 972
110	2368 1992 111 1454
111	1 1475 994 1675
112	1069 1950 536 1497
113	142 2095 115 862
114	1173 845 153 1858
115	768 1951 1353 2319
116	664 2364 423 917
117	1423 52 868 2256
118	2399 530 1289 119
119	1645 14 606 1772
120	1503 3 1605 2268
121	372 1364 1527 665
122	384 1304 382 1486
123	1303 555 350 2070
124	853 1088 1722 1323
125	514 1778 1695 2137
126	247 985 84 277
127	404 1929 618 378
128	2189 1641 710 2122
129	1866 1740 1939 1855
130	157 1495 194 2011
131	1990 1329 2328 2046
132	959 34 1815 738
133	105 663 1369 1555
134	392 134 1800 1393
135	522 1172 1344 804
136	2439 1368 1195 2340
137	1012 1544 2109 1918
138	1211 571 1016 579
139	1740 977 2365 1297
140	1546 217 758 42
141	217 2018 1685 1707
142	2220 1640 2224 263
143	1190 2383 1468 2291
144	68 1405 1966 2154
145	1361 1025 2472 1029
146	1503 160 1407 1773
147	2349 544 1784 2002
148	2436 1585 1476 63
149	1452 903 487 1756
150	954 2131 727 1454
151	925 787 2381 139
152	1750 40 118 2110
153	291 358 1425 1234
154	2344 2268 1174 1787
155	34 30 1081 1848
156	919 230 2322 1952
157	1471 1865 2454 1053
158	1779 2479 709 1770
159	1568 585 29 1904
160	1899 1750 1236 517
161	606 190 1438 769
162	861 501 963 2252
163	2208 2111 1002 600
164	1616 481 423 1281
165	2023 1856 840 2102
166	944 537 1159 6
167	651 572 521 904
168	1327 337 1100 1750
169	818 984 1731 2241
170	45 876 1089 2476
171	749 1224 498 2111
172	1746 648 2070 2105
173	286 73 1407 535
174	67 1577 554 735
175	883 746 745 793
176	1930 1335 68 145
177	352 2416 1279 951
178	128 952 835 1340
179	516 1763 312 523
180	535 1155 1400 2252
181	765 964 2309 832
182	2409 185 1877 874
183	504 1156 244 2447
184	1140 2435 1370 740
185	946 1566 884 2080
186	64 1054 1984 102
187	1856 1636 960 1903
188	1536 1315 1112 1080
189	1491 1671 1170 1547
190	2361 2367 2474 289
191	764 1731 607 1921
192	2413 673 2066 611
193	471 1161 574 515
194	335 1314 327 2358
195	860 2429 1337 71
196	1590 1000 1481 959
197	782 139 613 1287
198	1886 1597 29 178
199	1760 1848 1109 710
200	485 142 423 2057
201	438 1615 1071 2040
202	846 799 1404 2416
203	1106 2445 1715 369
204	195 948 1415 1215
205	808 145 983 1688
206	187 85 878 493
207	406 886 1875 2081
208	160 1464 959 1379
209	937 619 584 2165
210	168 2470 1718 824
211	652 1333 2370 119
212	516 473 293 803
213	1714 2011 1515 1144
214	326 1486 1938 138
215	1757 1016 787 2223
216	2365 1786 897 1999
217	1757 1531 669 1321
218	2357 220 1679 804
219	523 101 1600 2016
220	808 1306 1851 947
221	49 236 1210 548
222	1559 1328 2483 1207
223	2467 979 419 2449
224	1238 1542 1795 685
225	934 1810 2421 194
226	114 1737 1531 1852
227	936 222 1872 1716
228	2476 1336 1364 1504
229	251 1796 643 2266
230	1140 1382 2025 999
231	104 2096 1213 1229
232	989 1729 82 617
233	1985 254 1725 1421
234	541 954 1504 1737
235	1527 614 356 861
236	1046 1989 2353 2291
237	440 1379 983 1135
238	1832 1746 552 572
239	2094 273 2184 2271
240	1283 458 264 43
241	1076 1788 2345 1432
242	2223 1326 2438 668
243	1816 1221 95 1792
244	1283 508 1601 643
245	1266 2284 1446 1189
246	1380 1880 2365 1078
247	525 228 367 2430
248	2404 13 2049 291
249	362 1039 569 1148
250	2405 1189 652 1358
251	673 1965 559 208
252	203 862 1201 1435
253	1567 1752 1461 1913
254	200 1850 2267 1629
255	1576 721 286 671
256	1439 685 134 1869
257	1270 980 187 1824
258	506 2445 774 1257
259	1018 804 1331 2004
260	1749 2059 1393 823
261	2078 1961 1268 224
262	1031 19 365 2448
263	816 2009 2178 1855
264	743 121 408 2416
265	1455 352 1540 2257
266	1718 1329 309 686
267	1025 2150 184 557
268	1853 98 444 2464
269	952 458 2224 1973
270	1799 955 1713 2056
271	617 1789 226 1584
272	2424 1941 1326 243
273	1691 1148 888 1127
274	1949 11 2186 633
275	567 1903 1785 698
276	156 2312 326 2450
277	2334 1250 551 1689
278	441 2282 2067 2234
279	939 882 2054 862
280	107 2371 1690 2224
281	1446 2393 1351 713
282	346 269 1529 1453
283	1650 342 790 625
284	2131 356 1926 1711
285	1745 332 784 1826
286	448 1742 994 2030
287	2238 2398 733 1819
288	1720 1147 1107 2281
289	1885 1471 1676 735
290	661 500 410 1233
291	1599 1630 573 502
292	349 583 1046 2146
293	2021 1878 162 266
294	865 716 1076 2039
295	1734 641 540 754
296	2062 433 1851 1719
297	54 1750 1568 1077
298	205 2306 1825 57
299	235 1181 1334 1503
300	1149 572 1457 222
301	1054 1367 224 2320
302	2010 442 1979 221
303	1806 997 234 2237
304	1387 506 905 146
305	500 261 2357 2131
306	138 412 1660 1438
307	2291 2132 1349 1539
308	460 537 1224 1788
309	100 1871 1843 982
310	647 2191 614 499
311	1755 2064 91 530
312	1272 966 905 751
313	570 1668 1718 1521
314	845 2168 2371 2149
315	1335 2188 101 1432
316	21 887 1096 1866
317	1385 2275 2465 1685
318	880 153 1162 398
319	1680 1260 1444 2068
320	1504 1204 1259 1170
321	640 2297 1236 958
322	1157 369 2156 1720
323	1419 2065 2048 269
324	253 2176 1161 662
325	1270 1169 1789 312
326	2009 769 1196 1456
327	2234 175 2484 256
328	1746 1391 680 1203
329	529 452 523 1962
330	151 671 844 337
331	240 1806 2272 1206
332	1028 1193 2066 2047
333	223 161 2152 702
334	2094 2278 157 1176
335	1488 904 1580 1336
336	1731 239 2383 1117
337	842 1790 1667 1721
338	296 2328 1270 1405
339	36 1199 265 1453
340	1595 1948 2011 755
341	848 369 2350 414
342	985 709 1437 259
343	172 2121 1842 58
344	1221 773 699 1810
345	498 987 256 323
346	678 1006 2376 17
347	2474 564 603 202
348	899 302 791 2058
349	222 832 1170 993
350	1568 1086 1811 1372
351	1531 1136 711 1425
352	1004 375 360 555
353	1683 962 1716 613
354	1574 2434 293 1078
355	1287 644 1749 744
356	2054 981 2132 160
357	283 97 1857 1482
358	465 86 1976 694
359	2051 688 793 2248
360	1159 1345 2188 1101
361	994 889 1727 1927
362	1602 636 1146 839
363	1406 366 1742 528
364	2219 747 559 1555
365	33 2227 1284 1444
366	1959 1401 1944 1001
367	1806 1726 719 1262
368	347 724 1464 1864
369	506 1766 1961 1461
370	1221 1982 1841 593
371	833 1202 2028 404
372	1618 1444 1563 2117
373	789 993 72 2229
374	1370 51 34 31
375	671 927 2248 1568
376	2379 646 204 965
377	25 779 2388 2002
378	1306 1336 83 1277
379	1505 1905 663 1808
380	466 1703 1307 1651
381	749 971 2399 247
382	1653 1914 1719 385
383	1657 1698 2393 1623
384	1311 444 2103 1865
385	1775 716 1412 2304
386	571 1516 2368 227
387	413 2344 1161 640
388	43 1029 2120 2170
389	108 1835 1767 992
390	1953 2197 2085 2204
391	114 2416 1803 1061
392	1308 1786 1395 843
393	1259 681 69 1322
394	579 2347 1205 1349
395	2203 206 725 1576
396	1666 35 37 1141
397	481 2055 1455 66
398	1876 1623 629 2392
399	53 656 649 68
400	41 570 1884 74
401	557 1853 1557 91
402	2081 542 318 2443
403	2026 1811 1607 1574
404	2321 567 625 953
405	2391 780 928 2461
406	221 1566 2169 1608
407	1334 2146 776 1073
408	1855 1840 2379 47
409	309 2048 2333 2467
410	1454 1657 1576 940
411	2389 784 1861 1313
412	679 1970 1852 853
413	2052 1642 1937 1333
414	1929 1895 112 302
415	1484 725 366 1504
416	1964 1469 2311 83
417	1620 328 1030 1006
418	970 381 2397 1790
419	236 843 1724 831
420	2281 2255 252 104
421	1214 2230 573 39
422	1986 271 812 29
423	869 522 2355 1365
424	420 861 1251 698
425	1657 408 1458 1713
426	1657 408 2390 1265
427	535 1442 1886 592
428	107 394 1620 1116
429	1319 497 1514 1166
430	53 1652 296 1295
431	2495 1628 361 1864
432	2107 917 1105 1560
433	1668 1614 908 1420
434	2492 132 466 418
435	105 31 2395 1753
436	1807 1023 8 1295
437	707 1827 715 1320
438	2040 1749 2082 1694
439	179 503 879 1369
440	1515 1523 2215 1295
441	1191 1139 50 1542
442	2191 428 1184 1949
443	434 2177 938 1861
444	2326 274 1257 2363
445	1128 542 306 412
446	2413 689 2360 565
447	1329 1373 475 2419
448	1033 302 2141 383
449	2191 1345 632 1960
450	2327 766 1569 1729
451	749 792 1774 2244
452	684 1513 2325 898
453	2319 2069 1929 1697
454	950 633 1269 1446
455	609 2357 1747 1054
456	1521 1887 839 908
457	1874 870 2271 1279
458	542 2390 2168 1235
459	73 726 1533 843
460	2149 2207 147 1349
461	877 2038 2272 1315
462	213 1104 1530 1055
463	707 84 1794 2210
464	1408 1457 1024 1893
465	445 775 2050 2215
466	97 2349 1075 2142
467	2025 2472 663 1729
468	2070 694 1295 267
469	2200 1053 2059 1089
470	2488 758 685 1049
471	1482 1545 1943 2425
472	563 1293 2437 1493
473	33 2002 699 857
474	2007 2088 2189 1819
475	1126 1229 1755 66
476	104 1591 1173 506
477	1722 1386 2223 812
478	2431 1871 687 1328
479	1227 1936 2489 1110
480	193 1605 1281 2272
481	1058 365 1590 1057
482	1013 1884 1452 991
483	1831 76 1007 1251
484	1094 1093 1510 1650
485	1715 1844 1043 1303
486	1679 1279 1095 1110
487	1304 2230 1193 1642
488	15 1871 1077 836
489	2276 358 1311 200
490	1651 2350 2310 2302
491	1575 1014 1566 513
492	1349 922 2383 407
493	2394 2061 962 1948
494	1678 1519 2117 1549
495	392 237 1786 1007
496	1455 1447 1178 551
497	756 1494 555 93
498	642 1780 1662 1043
499	1544 113 17 1681
500	1574 2157 44 2225
501	1077 2465 1366 1509
502	970 929 1268 1131
503	2111 1408 1243 1771
504	622 691 1708 1117
505	536 958 1590 1739
506	1889 566 26 1779
507	1455 520 2241 1404
508	200 218 1777 375
509	651 1165 1049 922
510	690 1451 2369 103
511	2259 614 2054 109
512	2308 1361 1163 1233
513	1219 1297 1043 236
514	296 1448 2189 2144
515	2072 2081 2423 59
516	864 2237 1552 1261
517	1103 1517 1634 1852
518	2036 390 658 188
519	1925 1171 767 1150
520	1259 22 423 604
521	236 1917 1759 1048
522	688 1846 2091 40
523	1721 1327 1431 595
524	292 567 219 2196
525	347 1609 688 2253
526	1938 2378 250 831
527	215 2341 1528 385
528	1980 729 1939 53
529	59 624 2489 1409
530	556 2018 677 491
531	542 564 843 1564
532	328 1197 1492 401
533	610 1922 779 175
534	703 294 204 729
535	349 1583 894 2391
536	805 723 332 970
537	1579 1467 1638 604
538	402 301 484 910
539	1246 2330 1348 605
540	365 794 2475 1973
541	1632 2416 743 2076
542	362 1386 440 896
543	380 279 146 620
544	1501 394 656 359
545	2425 127 1344 369
546	412 1684 708 1022
547	103 462 1786 2099
548	1431 1151 2479 2077
549	1914 288 382 1884
550	2492 2350 1260 504
551	2276 1698 1365 1999
552	645 1265 577 233
553	1465 610 627 1678
554	2224 952 1492 1198
555	1937 1521 76 276
556	668 2265 1377 100
557	1776 2154 2376 2060
558	1737 2118 230 1770
559	630 2451 1019 99
560	1520 738 226 107
561	732 1976 1361 1652
562	2031 1673 1200 442
563	358 338 2270 1508
564	2466 321 1256 1041
565	1972 1905 128 421
566	1302 1093 149 113
567	2228 1182 2308 616
568	299 2367 957 1326
569	1036 1388 814 1844
570	1268 2257 416 288
571	1985 908 1005 2041
572	2497 1807 106 1855
573	1612 488 315 1450
574	1656 595 1892 851
575	249 737 22 417
576	742 384 1775 2001
577	11 2188 2020 1654
578	1149 343 1423 862
579	923 1403 2075 2418
580	896 25 1298 1529
581	1639 1359 1381 876
582	1201 1260 839 1182
583	1820 82 1651 1398
584	1174 2263 2186 1284
585	1337 787 709 618
586	2274 1773 1909 340
587	2226 2051 398 2335
588	850 252 110 1126
589	114 362 1735 2237
590	146 1646 667 1196
591	206 2194 1015 413
592	2493 526 203 1741
593	1396 1094 75 827
594	593 394 1652 1574
595	609 2111 1615 2201
596	1327 2281 1036 46
597	557 1278 1385 1714
598	1356 791 747 167
599	350 1702 644 1508
600	942 94 1776 1067
601	2113 253 2100 720
602	940 2436 934 2125
603	647 2230 570 118
604	215 1615 2140 2262
605	2093 804 780 2450
606	1901 978 883 1889
607	1554 1001 1678 1730
608	1915 2382 384 1905
609	1221 1921 1719 1505
610	1920 1722 1935 1445
611	2228 890 435 568
612	1603 547 205 1275
613	161 1699 593 2133
614	1579 1955 2169 280
615	1009 1114 17 1739
616	1040 2426 543 998
617	1220 849 38 2460
618	875 1965 1850 1483
619	2495 1234 1204 1029
620	973 388 411 40
621	1518 358 1200 75
622	2145 358 191 1531
623	1958 1031 2486 2496
624	1275 272 1483 1452
625	752 9 387 1354
626	189 2381 1492 1934
627	527 1992 1338 283
628	2029 1080 1821 2114
629	2316 58 616 45
630	1005 596 1832 1536
631	221 1791 1760 1758
632	2299 385 2236 1830
633	2171 1523 942 1253
634	1183 397 618 1405
635	1027 1273 1284 2165
636	1438 1962 2391 269
637	466 1133 2113 101
638	621 930 1936 2350
639	343 1547 1296 1637
640	908 323 1898 853
641	1539 141 169 2446
642	1848 178 1237 739
643	741 1970 132 1001
644	216 2419 2282 1336
645	1077 1812 301 679
646	2385 1017 1070 1435
647	108 368 1528 981
648	1200 2430 1295 1439
649	2301 512 1336 752
650	2165 742 141 2242
651	1379 20 1658 2484
652	512 1177 1711 1010
653	1192 991 1894 2183
654	1198 2152 645 2440
655	2173 1024 1068 1309
656	780 2298 2331 343
657	1398 2012 2358 956
658	760 2398 1923 1070
659	279 1783 1000 1238
660	1551 495 2090 2378
661	77 1676 2433 818
662	2018 1471 1632 1260
663	1575 2018 1670 69
664	1743 241 1234 2140
665	1557 2362 2202 1614
666	1652 268 1217 32
667	62 1776 722 1329
668	967 1491 1708 1923
669	1330 1347 195 1440
670	2114 1357 643 1130
671	350 1590 703 2457
672	180 2047 1983 1304
673	1014 1307 124 2493
674	2337 1142 417 1539
675	1033 2020 6 955
676	296 1869 2204 1744
677	533 499 1062 1147
678	294 2105 504 528
679	1468 2383 548 459
680	234 1143 1131 1917
681	578 1468 885 1960
682	2403 1629 466 78
683	1755 735 86 859
684	2281 2082 1745 2216
685	602 576 2373 1833
686	1443 295 2465 1741
687	1601 1515 999 535
688	2088 369 764 1167
689	1419 1303 546 819
690	1797 1595 1681 2303
691	1253 1711 2281 1307
692	88 1015 549 2382
693	247 1952 1741 373
694	152 2472 1921 2207
695	2129 995 56 2031
696	705 325 1556 2430
697	898 2112 2014 2469
698	1768 851 964 1667
699	1005 2250 1958 556
700	1761 1188 1382 331
701	696 1275 907 533
702	1688 1870 1827 1826
703	1339 1820 2136 1348
704	310 2266 1533 591
705	781 1823 556 2155
706	2134 863 603 1861
707	13 1425 846 2381
708	173 1942 1674 1044
709	2127 1160 667 2481
710	415 1787 2202 1152
711	855 1864 715 547
712	2092 1046 1702 2382
713	193 897 487 332
714	2336 385 885 1178
715	1943 1679 2372 403
716	535 1445 137 1878
717	1788 1595 2058 2219
718	1682 2032 668 2478
719	1824 2154 285 1763
720	1801 778 452 1949
721	833 2247 2122 31
722	2023 2306 1251 129
723	395 582 251 2229
724	1225 1665 56 2307
725	330 1739 716 1334
726	162 1478 778 1794
727	825 1914 627 1382
728	371 1922 2310 90
729	989 227 95 1803
730	1213 2217 2358 558
731	2023 1975 2 1497
732	763 376 57 480
733	65 1418 732 2458
734	897 458 1878 362
735	1771 1115 2141 257
736	1303 1032 2276 938
737	2101 2442 1820 8
738	1282 2460 302 2489
739	1281 236 2158 1566
740	2166 1465 1093 332
741	1394 1061 1761 1692
742	1802 1778 1745 2163
743	51 1787 998 1194
744	1069 1923 2022 2315
745	1618 633 2314 1691
746	543 406 1742 2479
747	520 1448 923 2106
748	963 2268 903 499
749	1166 1344 637 1744
750	1369 1574 770 960
751	151 1834 355 2456
752	1287 1998 1674 1021
753	914 1878 1656 1791
754	640 2208 1191 2211
755	1696 185 2003 2341
756	590 1708 2186 1294
757	1702 1271 1234 2029
758	329 1276 1414 731
759	515 122 1380 1056
760	1406 3 946 1807
761	1990 1377 1321 945
762	40 789 1707 1079
763	950 697 892 2194
764	1433 464 753 988
765	1745 958 1331 1981
766	1015 1926 1699 723
767	1893 1561 349 2068
768	664 1431 864 1276
769	1739 545 640 2123
770	837 1802 250 1517
771	2284 1220 338 76
772	2258 1941 2395 143
773	593 363 234 1332
774	691 2096 1489 1373
775	424 961 548 209
776	561 358 2346 468
777	2494 1690 2135 2356
778	149 1320 1441 830
779	1609 174 749 1084
780	295 272 2222 261
781	1643 213 888 1096
782	69 667 295 2347
783	1703 1887 249 2457
784	1603 1438 364 2377
785	141 501 1986 801
786	2339 1509 982 756
787	2405 499 2295 1840
788	1201 1617 226 482
789	1614 1381 258 1527
790	798 701 369 1454
791	2093 1780 492 435
792	562 809 2463 647
793	1019 123 1870 1890
794	820 524 2484 1035
795	1735 867 2442 741
796	172 2 1811 1091
797	1698 1453 1693 778
798	645 676 1330 672
799	1009 2084 1440 1326
800	1997 2177 371 701
801	1373 540 933 2322
802	685 386 1453 714
803	372 43 179 2347
804	454 1446 2043 84
805	1879 2249 557 531
806	142 1819 72 548
807	455 2138 1040 1062
808	304 1804 954 2054
809	606 2038 1631 641
810	922 1587 185 948
811	797 614 684 2181
812	481 132 2378 1536
813	2176 2042 1858 2337
814	1927 295 2207 1712
815	532 573 2256 1036
816	1029 1172 267 552
817	2081 1489 703 649
818	2456 675 2314 547
819	1793 865 1680 673
820	923 369 1102 2027
821	2066 1218 1119 920
822	1551 498 1288 2269
823	2194 466 107 2094
824	191 1053 1957 1802
825	219 208 1521 2412
826	771 2063 782 516
827	913 1037 229 4
828	359 592 1243 1380
829	1822 137 2269 692
830	980 696 2071 2301
831	983 2016 2284 2045
832	385 756 1248 2020
833	148 2128 1565 2103
834	1867 323 445 1339
835	1054 213 1216 105
836	862 660 2211 1449
837	2034 445 1269 1734
838	1060 2283 1553 1741
839	504 1465 2063 457
840	2397 1282 788 75
841	1149 1055 1279 1925
842	288 1705 1614 1753
843	2390 102 1275 52
844	2207 1182 1401 1714
845	44 1073 1752 1484
846	1686 1374 1551 371
847	1883 36 2302 1970
848	1080 1146 2078 1955
849	151 736 546 1385
850	489 1134 726 279
851	921 1944 1898 1113
852	988 1150 2019 438
853	2064 195 1407 896
854	919 1521 1555 1181
855	468 1635 1732 1885
856	1763 1117 1255 1418
857	1530 1508 1546 1145
858	278 933 1950 729
859	2382 310 492 195
860	866 101 879 127
861	2215 1876 368 1308
862	1814 1261 623 855
863	1008 554 2334 282
864	910 1627 468 575
865	1947 2261 1744 716
866	91 35 931 474
867	262 28 618 2444
868	215 1076 2422 1043
869	2232 1168 358 769
870	708 287 2055 1117
871	73 437 1512 914
872	2310 1588 1099 1653
873	1494 1482 747 1239
874	1842 2410 1950 194
875	1686 2 174 1738
876	911 618 205 1532
877	606 1405 829 1084
878	700 464 2098 2209
879	1961 760 340 1118
880	30 2381 81 1193
881	2386 1114 2290 2104
882	1111 979 2247 1379
883	2407 163 1267 342
884	2010 2060 2105 1403
885	2393 2447 858 1822
886	1599 442 1440 2223
887	1839 2065 1623 1514
888	1881 761 563 422
889	1446 1990 105 156
890	1405 756 2243 321
891	2157 300 519 1453
892	2075 855 505 2114
893	942 1115 543 33
894	66 136 734 1065
895	2369 1205 1518 1720
896	2161 1924 664 571
897	149 2092 1410 241
898	1751 2463 424 2352
899	1616 2033 1073 900
900	1384 702 1193 15
901	307 80 655 1934
902	1221 1302 1402 282
903	76 354 977 843
904	2407 1495 1583 1854
905	957 1375 1779 835
906	1372 381 1636 75
907	2239 164 28 1742
908	297 1701 2231 1400
909	2076 1446 1785 298
910	452 464 478 8
911	199 1018 743 1502
912	1417 177 1296 2400
913	1205 1921 137 1018
914	191 674 37 1840
915	190 2172 69 524
916	2497 1812 1548 614
917	376 1279 1747 1317
918	1670 451 734 1780
919	1273 1812 1176 1119
920	796 2321 103 852
921	791 2163 128 31
922	1412 1445 451 1710
923	643 2081 1537 1419
924	1892 348 2004 2462
925	1302 1337 2485 2173
926	785 1784 2331 974
927	709 1247 625 1740
928	2258 2159 1772 1404
929	2402 1428 1625 669
930	2440 766 1890 2182
931	1191 2472 1182 2035
932	1895 2259 170 184
933	516 1745 228 567
934	626 164 2263 111
935	100 1771 1133 2128
936	454 1453 1522 16
937	555 1056 1094 272
938	366 1442 1976 887
939	622 874 1367 2114
940	853 1958 89 232
941	280 866 150 2472
942	1066 1322 330 1778
943	1518 1328 192 885
944	68 2310 2109 568
945	675 837 2107 540
946	800 1251 1029 46
947	1798 1797 947 1386
948	2370 441 740 97
949	2146 1123 1779 1836
950	609 1961 394 2423
951	1046 1168 2320 1846
952	922 1415 1755 2182
953	1974 2029 2216 2444
954	1273 2411 2052 2416
955	2399 640 1603 316
956	1767 1944 994 457
957	1592 2014 1409 1010
958	677 562 668 764
959	798 1175 1701 504
960	2361 1928 171 1492
961	384 687 2464 2478
962	466 1527 388 2481
963	2282 741 850 12
964	2443 1391 774 368
965	808 1577 266 631
966	1352 1786 1791 2075
967	674 1450 2136 199
968	643 1799 1428 1084
969	284 71 768 1490
970	2033 1268 1776 1632
971	1195 2309 498 23
972	867 1388 2193 1769
973	925 52 2176 220
974	2327 734 1432 2082
975	1100 1402 568 1846
976	608 2244 2424 371
977	1277 878 429 2356
978	1738 19 65 1102
979	609 1992 1792 297
980	1476 2500 1914 2044
981	2407 1990 1978 742
982	304 809 1679 1732
983	507 105 408 930
984	354 146 695 152
985	1263 538 21 244
986	1686 766 840 1384
987	903 1830 998 1030
988	203 577 974 882
989	2372 558 950 384
990	1610 1430 464 1586
991	1294 1660 934 530
992	190 612 320 2099
993	2071 344 907 1710
994	371 455 2208 1898
995	168 1340 1677 1673
996	407 2365 836 211
997	83 295 476 2288
998	1252 1855 766 2072
999	532 1816 1507 1613
1000	2101 953 2179 1927
Students	1000
1	2385 1948 599 1626
2	98 502 1885 370
3	271 293 2374 2034
4	1288 803 253 1310
5	711 2482 1748 874
6	1992 1137 404 2170
7	1274 1513 2055 2022
8	472 162 1444 1023
9	1992 2013 1225 1233
10	1490 1241 1424 241
11	515 2287 2064 1861
12	627 583 762 167
13	109 2021 1319 2161
14	139 1271 661 1607
15	224 1426 1630 2147
16	872 941 2275 56
17	1199 656 1185 1444
18	199 2424 2051 551
19	1902 1497 199 1228
20	550 2026 664 29
21	1679 1516 1112 784
22	1862 1846 2172 1503
23	1028 1712 699 2255
24	1636 524 1535 1223
25	1279 2037 2100 970
26	830 1214 2379 1338
27	2343 169 623 730
28	2472 1220 447 1360
29	1777 2408 1510 1122
30	198 2283 1436 1945
31	470 1719 717 2341
32	831 1324 3 1728
33	206 1610 1160 2090
34	1245 1130 2050 2069
35	1204 841 1734 1466
36	2466 1471 2460 662
37	978 259 2374 2201
38	810 951 348 541
39	1976 2041 304 1390
40	1911 1062 983 960
41	1971 586 600 1723
42	1102 1390 445 1146
43	603 899 621 370
44	414 1228 728 1787
45	242 1994 362 485
46	899 497 1895 2486
47	2048 2029 1750 833
48	1536 1839 1632 1255
49	1178 1271 1916 1250
50	203 1046 923 1845
51	1059 836 1005 2107
52	545 2102 356 1477
53	501 2145 1608 2055
54	1064 1079 1988 170
55	1680 1589 1952 199
56	1882 2407 1995 1031
57	1674 2022 1072 1351
58	413 1630 1812 908
59	228 2423 1232 1293
60	2089 717 260 391
61	1896 1831 1008 413
62	1337 253 1187 1077
63	1488 1055 1518 1216
64	1209 2414 493 1510
65	460 571 931 599
66	2394 2079 433 1057
67	985 577 1049 1293
68	1318 650 474 851
69	1427 1736 1874 1179
70	170 748 76 224
71	1808 354 795 1610
72	1431 2355 2120 807
73	638 1964 2189 1568
74	897 2195 1379 1172
75	112 149 952 831
76	1207 712 296 68
77	259 330 2193 2422
78	105 2407 2021 891
79	1524 1239 1578 2352
80	1435 492 589 1609
81	2141 2380 1529 697
82	2373 864 324 389
83	1320 1406 311 2183
84	2476 813 1003 106
85	1935 1086 1254 1869
86	1388 2020 2075 2393
87	1857 1319 731 2097
88	2405 478 688 1222
89	1494 56 772 664
90	1150 315 2085 2356
91	1370 429 558 2181
92	2256 1670 1906 808
93	250 2438 377 2258
94	2265 2303 778 1146
95	1378 1152 1996 78
96	1394 955 2092 208
97	1859 2093 761 1525
98	419 144 1716 916
99	545 709 2169 2305
100	1635 2094 978 1968
101	532 1737 1516 1068
102	2226 1291 1595 1265
103	998 645 2211 1192
104	1906 857 873 888
105	2116 871 1231 1850
106	1791 2373 2361 944
107	1209 2160 1693 1577
108	825 124 1318 969
109	581 1948 2460 892
110	1934 865 748 964
111	168 1004 715 2034
112	217 1678 2472 1937
113	1225 1343 416 1137
114	2161 1274 1123 611
115	722 1327 85 1046
116	717 1747 2188 2154
117	15 2341 2406 1682
118	1090 696 693 986
119	557 998 668 1630
120	1214 452 2377 340
121	1615 438 640 2219
122	1645 1726 1711 1305
123	2439 1514 1080 1083
124	2050 950 889 1675
125	1776 1930 1637 1145
126	498 1322 986 1338
127	947 1276 1048 613
128	2469 2198 747 1949
129	374 2341 1150 2441
130	1322 2346 89 1475
131	1064 1601 876 255
132	968 2367 1708 1574
133	2046 1901 1563 2010
134	2060 144 295 49
135	2104 493 574 105
136	328 579 2251 1894
137	1947 889 1929 2342
138	2051 2141 1912 637
139	1097 2292 355 2016
140	2195 261 702 1837
141	2316 789 1373 2438
142	459 1553 800 237
143	361 1987 2296 1535
144	1749 518 2356 1099
145	1143 337 2250 602
146	591 1942 458 2294
147	2124 1039 1114 477
148	1093 90 56 1676
149	2368 1145 53 810
150	295 2476 1242 1704
151	1182 2270 119 1165
152	635 1531 1325 147
153	154 739 211 1488
154	1796 1860 1347 2033
155	2206 1905 1533 1490
156	847 1423 779 1299
157	412 1448 6 1161
158	2393 2057 2359 829
159	1436 72 989 554
160	2429 526 2163 1751
161	872 1709 2013 1074
162	619 1013 264 2020
163	614 1604 1651 312
164	1019 925 2473 396
165	1633 2015 1042 483
166	563 1749 966 2500
167	1654 2190 1515 1726
168	703 308 1276 584
169	1230 786 2221 959
170	179 790 2456 679
171	1154 474 589 2086
172	1241 1701 1433 2113
173	1397 1150 973 1676
174	44 2050 1430 333
175	1991 2397 256 781
176	2004 51 579 1701
177	1830 180 1257 753
178	2145 379 247 1275
179	2347 2133 267 1398
180	1278 209 831 1249
181	1861 292 1577 881
182	1389 2145 782 1443
183	675 2157 1931 1207
184	200 1482 2314 1326
185	1605 633 1390 565
186	687 823 2314 670
187	694 563 1676 2150
188	1215 2026 1729 434
189	747 1899 1163 441
190	1039 1190 1233 1991
191	1166 1894 2314 636
192	1577 2029 316 1233
193	1264 1150 2452 2259
194	1235 1358 992 1989
195	800 879 2443 1516
196	528 190 1167 535
197	1019 1338 8 1251
198	2337 5 1316 2287
199	1790 1570 40 2298
200	1938 1182 1495 490
201	764 846 1043 711
202	310 1768 1336 2456
203	1079 29 1954 1710
204	2277 2387 1086 1540
205	225 1508 2395 752
206	729 1915 1934 172
207	1593 1819 1592 2426
208	1959 1311 1261 797
209	2078 1665 1978 1336
210	160 2019 702 148
211	1313 1175 262 829
212	1180 727 1834 174
213	735 1465 1522 288
214	1909 1487 1046 1446
215	1161 1888 708 2349
216	2039 1709 1661 1685
217	982 722 714 116
218	1973 421 104 908
219	811 505 2057 1522
220	1810 350 1491 484
221	2153 287 1016 624
222	1651 2422 746 1091
223	2173 636 967 1546
224	407 2082 973 1812
225	1635 1002 513 2390
226	1390 1558 1079 1682
227	900 229 1929 1231
228	669 629 2287 1166
229	2124 2432 1811 1825
230	1077 848 482 1528
231	1909 1836 292 382
232	731 1769 998 121
233	188 1695 598 1656
234	96 252 1825 1515
235	526 1503 2179 244
236	894 202 344 859
237	1806 848 634 1287
238	1122 258 171 1668
239	1491 35 1134 1305
240	477 911 815 592
241	1180 1884 1536 2134
242	2215 299 1350 1469
243	1191 1037 1927 1338
244	834 2101 2492 176
245	2250 1563 1360 1143
246	2432 1856 1955 504
247	1591 723 75 2231
248	1268 2339 731 1857
249	458 1363 1617 1330
250	1777 1725 403 2200
251	2493 138 1281 2227
252	257 215 1429 1704
253	433 1037 466 1307
254	1954 1546 1854 1496
255	1852 1057 603 879
256	2 426 200 406
257	894 2318 461 1375
258	2494 327 401 463
259	2004 2427 1784 2093
260	435 834 450 1743
261	1206 2491 361 1906
262	2465 2324 49 1490
263	297 2390 318 1307
264	1966 649 932 1162
265	2122 633 1118 354
266	1102 732 1647 766
267	749 1492 1932 937
268	1852 545 1508 17
269	1398 2492 1814 1339
270	1293 825 1073 441
271	1439 860 1308 1387
272	2204 1114 1468 1647
273	569 558 1899 2416
274	522 1735 2047 957
275	530 2224 1475 498
276	790 1703 361 1113
277	2324 1529 1754 1227
278	1969 1763 137 662
279	1876 2284 2444 2486
280	1382 2297 1957 1008
281	1009 1502 1695 376
282	1578 162 101 464
283	1847 2082 771 501
284	1050 1746 39 1407
285	1956 2326 172 1996
286	82 1527 1846 1874
287	2100 106 2358 91
288	2419 1244 386 143
289	910 693 37 2088
290	2034 2004 920 2459
291	1157 1042 1444 1472
292	2035 100 1403 202
293	503 2164 2392 347
294	2063 2172 64 794
295	778 157 1838 1626
296	1599 1485 1515 1683
297	1307 456 633 1820
298	1694 2086 1493 1185
299	1241 1473 2086 377
300	1972 1415 2021 1366
301	644 431 448 2352
302	659 2070 167 1513
303	258 967 1899 226
304	457 2415 2273 1079
305	460 1363 2149 400
306	2318 1003 1488 700
307	905 1701 257 335
308	10 1393 2137 1676
309	1173 178 2327 949
310	852 1945 2438 419
311	2034 885 1281 701
312	2148 1882 2350 36
313	1551 2497 2476 354
314	1101 580 815 1285
315	287 2001 2037 650
316	935 1457 1462 2163
317	302 2413 319 1560
318	2464 79 363 1903
319	948 760 2111 1449
320	1081 737 1252 1057
321	654 93 229 2323
322	1468 1619 197 2267
323	499 1769 373 916
324	1276 1001 544 1164
325	2371 1890 2231 2098
326	699 402 54 1118
327	1849 919 4 1069
328	2050 607 556 1838
329	1243 790 2231 1477
330	2428 158 1029 19
331	1375 1630 981 450
332	527 983 476 370
333	1718 646 1708 1108
334	882 2237 2083 14
335	2479 1212 2322 917
336	115 1120 124 768
337	1490 760 746 195
338	252 1011 733 2357
339	1056 1726 2041 1786
340	1250 104 2175 91
341	2454 527 1426 295
342	1129 450 1943 431
343	1328 356 869 2362
344	2488 347 2018 2277
345	583 1946 1681 746
346	1208 2339 2395 620
347	1180 2431 1441 2001
348	1807 2324 1498 6
349	400 960 383 184
350	1712 2247 408 468
351	1714 841 252 2488
352	1171 2208 871 797
353	338 1681 35 1747
354	1612 2483 2415 657
355	1405 1257 327 612
356	465 1969 1437 1637
357	927 720 1560 168
358	2359 1868 39 399
359	824 638 673 1995
360	95 2088 1968 2069
361	837 1916 1333 2109
362	1444 337 2422 1485
363	2044 2183 1691 289
364	2130 175 135 1308
365	1465 2441 1188 1683
366	1251 1938 1579 1885
367	2486 468 1383 1547
368	509 1921 777 555
369	1358 1824 295 1262
370	281 487 1712 357
371	1029 1170 265 1648
372	1459 1413 999 2324
373	2404 1120 886 780
374	1949 212 1485 1719
375	2407 374 1077 313
376	877 979 182 1705
377	326 20 490 1876
378	1789 1877 1448 501
379	1481 1607 2464 858
380	1095 1364 1127 133
381	167 368 1394 1323
382	2017 479 1866 1364
383	2131 1852 1447 461
384	17 1134 1682 327
385	558 149 1230 1352
386	534 1255 1883 273
387	1127 936 124 1333
388	1287 2374 1824 1720
389	1187 148 1684 70
390	2081 1353 1548 1038
391	470 1787 166 1346
392	2255 321 1784 1310
393	1037 1098 447 813
394	2356 135 1346 2480
395	2304 2214 1793 731
396	2125 245 2446 474
397	538 2269 2173 2398
398	1580 1729 2046 2080
399	1152 1949 2048 2150
400	816 475 2357 1452
401	1466 570 2307 363
402	2057 1547 747 110
403	1315 1854 314 2034
404	2161 1124 1324 282
405	1479 2360 797 2406
406	2458 1630 2169 1364
407	445 290 2124 1708
408	731 1175 1190 1138
409	864 785 811 1855
410	2153 300 2350 2237
411	880 2291 468 2453
412	2158 2216 16 111
413	2156 2101 704 1151
414	2037 2208 18 1506
415	998 301 1902 1794
416	2489 249 1504 2128
417	1433 43 633 409
418	1443 530 1565 1338
419	1933 845 404 1395
420	207 98 2144 307
421	710 442 797 1779
422	1340 1141 1135 603
423	654 2178 40 100
424	187 100 1670 188
425	1472 1413 1445 953
426	2141 1766 507 776
427	1011 999 627 1265
428	1980 360 555 1882
429	43 62 399 273
430	95 2190 1534 270
431	2482 2040 1205 1658
432	442 986 1382 1338
433	1060 2282 1972 1018
434	1818 2279 2066 1202
435	1993 2369 1776 2327
436	2355 2346 1568 21
437	998 332 1773 609
438	2186 146 1879 719
439	2283 456 1843 2461
440	798 18 535 441
441	1785 1034 42 1039
442	1418 949 760 2117
443	936 604 2463 397
444	2170 217 45 578
445	186 516 1754 523
446	289 2430 1558 1624
447	2313 1530 1629 1540
448	1383 2118 2056 904
449	1747 2092 2369 922
450	580 1410 1584 2354
451	246 964 897 1109
452	1352 1617 1550 788
453	1233 1965 1245 1683
454	943 1101 1396 29
455	2479 1287 1849 223
456	1077 1695 2448 1729
457	2099 577 319 1617
458	1529 2222 649 731
459	963 1832 1566 1990
460	2176 172 326 469
461	678 558 1325 481
462	1323 1503 1258 1548
463	256 1623 1935 2355
464	1923 1277 1274 667
465	1371 340 418 453
466	278 1822 1321 606
467	1871 1912 716 1128
468	1398 567 1869 2444
469	2281 638 2209 717
470	1440 1321 1299 1106
471	572 1058 448 1705
472	545 859 866 2226
473	1323 1615 839 1482
474	1400 1986 2139 2115
475	1721 2348 1877 1140
476	16 2478 1315 946
477	991 1689 1335 1918
478	536 1282 607 1971
479	1919 1045 1717 329
480	316 1718 2468 1785
481	587 2036 137 2080
482	106 1085 244 812
483	792 35 190 2231
484	1908 2080 1418 1754
485	319 1509 1795 2039
486	1420 1260 1983 1825
487	2426 1586 1908 1624
488	525 933 101 2060
489	2339 2275 1955 2062
490	397 854 1577 1484
491	542 857 1781 567
492	98 2397 1352 299
493	1872 2128 2394 798
494	1488 529 1622 2127
495	2163 2407 771 1832
496	1306 372 876 669
497	2254 51 1981 1557
498	522 438 1597 877
499	122 1606 1933 714
500	1899 1236 100 1504
501	792 2217 558 2402
502	1692 918 2428 2020
503	409 937 302 1238
504	557 1395 509 58
505	495 1257 881 1386
506	2009 1469 265 591
507	963 1837 814 915
508	1678 467 666 106
509	858 2243 1858 1399
510	2182 1618 2227 525
511	1640 841 1587 1324
512	1616 1515 297 1028
513	1487 1954 1974 2209
514	998 414 44 1387
515	729 1896 490 2423
516	5 382 1370 200
517	494 1122 2396 421
518	909 1882 620 776
519	1494 2371 1066 1607
520	443 1772 1799 1111
521	217 2488 2391 1175
522	657 1945 670 167
523	355 891 2003 1668
524	425 397 474 264
525	928 607 301 1061
526	1398 385 730 50
527	1450 758 2468 2436
528	1046 1074 465 1554
529	1331 2474 1468 2333
530	891 2096 1935 863
531	430 836 1235 1491
532	109 2341 385 2412
533	276 1180 86 1632
534	972 2477 2095 1835
535	981 1422 678 2482
536	417 1245 1978 1660
537	2246 399 134 2058
538	1632 2430 746 495
539	681 727 2326 199
540	629 83 193 2129
541	2267 680 1119 562
542	661 1591 942 1190
543	928 734 1270 2171
544	1712 1543 48 1721
545	1565 1593 24 728
546	936 1495 1195 1645
547	1301 1809 2393 2197
548	112 1745 287 2227
549	883 1934 1451 1678
550	554 1051 1617 2143
551	1843 1087 1965 1823
552	1938 1386 1909 818
553	1506 822 1087 1919
554	1648 2296 1396 100
555	2371 260 1295 1436
556	521 754 294 2290
557	2163 619 758 116
558	1834 27 403 886
559	1055 1521 2270 729
560	394 41 274 715
561	628 751 1424 353
562	374 2049 843 1401
563	127 1069 195 1444
564	1313 1986 1612 2336
565	1905 2135 1145 123
566	1758 2390 472 1005
567	2203 157 29 933
568	1606 2026 497 2109
569	586 20 619 2360
570	30 454 2040 70
571	1329 1842 175 663
572	724 1737 762 1968
573	530 1206 2062 993
574	327 2227 1748 2004
575	995 2184 1161 1958
576	1524 1980 1683 1987
577	668 2195 301 101
578	2193 252 132 249
579	1966 282 2146 1873
580	927 298 2321 1245
581	1361 487 576 2385
582	2390 2243 1891 2373
583	931 2158 1308 226
584	709 235 509 831
585	1363 1835 692 794
586	524 1296 1828 1499
587	1564 1617 1812 1933
588	826 852 195 2037
589	1049 1907 758 274
590	1444 1322 2191 939
591	253 1855 669 1934
592	787 367 1500 930
593	720 1432 1898 2210
594	1502 1909 2315 1025
595	1838 2191 926 592
596	218 966 955 1106
597	912 2015 935 2297
598	1366 2487 2096 265
599	1363 2429 750 615
600	389 2439 6 2048
601	2233 465 1177 665
602	1226 1257 1464 1057
603	939 501 1100 2123
604	1585 428 523 1167
605	437 57 48 1218
606	2344 6 1133 837
607	1462 2128 1793 660
608	1855 728 1639 685
609	509 326 2452 287
610	2027 1509 535 155
611	2046 1907 1414 1034
612	765 1653 418 1178
613	1685 62 1870 295
614	2237 1906 1974 2294
615	657 816 2124 525
616	2435 2150 1910 1708
617	976 1365 1805 2284
618	148 1007 660 2179
619	55 780 1067 595
620	247 1449 2350 2103
621	849 662 844 1765
622	2133 1632 896 447
623	1294 58 678 1893
624	1241 1657 2325 1067
625	2370 805 205 470
626	735 2229 1842 1668
627	115 1328 838 441
628	1346 354 2383 1914
629	737 1408 770 2229
630	2342 106 1876 1339
631	2257 2497 1446 1033
632	704 837 1687 881
633	750 273 2233 1806
634	1396 764 1217 1893
635	1755 849 2084 1997
636	1500 820 929 1058
637	391 1834 116 1158
638	79 1938 588 1097
639	1994 1805 1100 1099
640	1281 991 1347 617
641	1308 1703 2030 699
642	574 1566 1837 1823
643	2362 1678 2047 473
644	451 482 2326 2166
645	636 2011 180 1296
646	88 2041 2036 325
647	1501 1928 1036 1634
648	664 1906 666 627
649	1699 360 243 812
650	1982 1236 724 755
651	1251 555 1702 2184
652	1546 1762 246 232
653	1768 847 2371 2189
654	1952 1388 582 1789
655	1043 1892 92 1522
656	1240 108 1430 1785
657	667 1224 698 628
658	1353 80 2434 1865
659	584 1676 2411 939
660	1921 1568 179 2022
661	2166 882 845 604
662	350 677 1119 140
663	1834 2417 1697 1627
664	2059 313 2471 2483
665	693 6 563 1534
666	1758 185 1892 921
667	1881 2184 116 2257
668	305 2326 250 965
669	1552 823 1755 1579
670	1991 644 129 2431
671	1443 587 1681 893
672	1542 1353 741 1727
673	935 25 253 2152
674	1232 781 250 1412
675	1878 1326 844 1653
676	1209 597 1615 1267
677	163 2077 366 1359
678	502 275 394 673
679	1665 1322 522 2131
680	2206 304 90 2084
681	1694 1204 1809 193
682	1474 2118 3 2344
683	1485 2061 1248 742
684	1735 2041 2190 7
685	81 531 2276 969
686	492 1667 591 183
687	125 1917 1257 1256
688	1127 1086 1509 1239
689	1670 2437 2027 560
690	1349 1626 627 2454
691	1581 1333 455 2423
692	2267 1458 2454 962
693	2470 2317 2499 1670
694	2066 297 1034 2474
695	1835 874 1823 1224
696	2413 1271 1059 899
697	1743 1079 1561 968
698	1465 1099 991 2087
699	1914 283 1960 1379
700	2284 1679 2089 1411
701	1975 2328 1163 1050
702	2023 1932 1805 1432
703	1988 2303 567 1913
704	431 856 1779 1806
705	1548 797 1271 1319
706	1060 1148 2270 1490
707	1839 645 1819 1154
708	56 29 1193 662
709	2022 1731 2065 995
710	493 2444 2033 1542
711	1214 2122 1185 2206
712	23 1745 776 1099
713	74 1547 2054 588
714	955 1691 146 1773
715	1657 1067 1891 1546
716	2463 1148 2333 1562
717	2283 712 338 1306
718	1768 1777 1562 1895
719	2059 2317 831 510
720	2493 1702 287 783
721	1546 415 1911 2474
722	1318 2208 10 2283
723	796 2121 1879 81
724	1189 2380 2165 1240
725	2049 229 487 190
726	565 810 1258 2241
727	431 2008 150 2490
728	1078 1505 1437 1048
729	352 2083 1501 1049
730	496 524 1441 648
731	1593 1235 1418 1301
732	1549 514 1396 2318
733	754 1501 1020 392
734	2489 2375 720 2339
735	777 1571 1487 2232
736	2186 1577 1958 2195
737	1237 160 1934 182
738	1162 1372 700 1736
739	2414 1319 967 130
740	187 1105 1820 857
741	1915 1993 1959 2207
742	2422 169 2119 833
743	1215 1067 1517 616
744	1120 1814 1604 1416
745	1040 631 1042 457
746	24 977 2488 1779
747	1376 1813 242 557
748	407 1637 1681 2284
749	1728 1647 1449 2131
750	2117 1827 1441 2437
751	2404 1726 2055 2131
752	1071 894 1534 671
753	716 1177 1897 2364
754	2346 1416 2228 1409
755	1912 918 455 897
756	1372 2275 629 1539
757	1069 601 235 895
758	716 2382 866 2143
759	1371 1743 277 1388
760	1601 1282 1388 1925
761	1383 119 2307 1993
762	44 1002 112 1370
763	1434 263 1599 1872
764	2440 446 488 1209
765	2160 2163 244 2135
766	1969 1888 1046 238
767	1564 125 2133 579
768	381 1207 326 989
769	658 1221 1556 488
770	2080 1949 662 2139
771	1835 752 1029 1261
772	1372 522 621 1388
773	1133 2267 1040 443
774	1886 933 2014 1847
775	378 2345 164 1639
776	1934 2353 765 1209
777	525 620 621 1010
778	940 1557 1562 1210
779	600 838 2098 1376
780	165 2328 1612 10
781	263 1682 376 57
782	585 310 1503 2273
783	398 1558 2013 1846
784	2125 2004 1083 763
785	487 2123 2131 1968
786	1405 671 509 1805
787	1245 985 1586 610
788	2266 2245 1037 2420
789	1105 2212 115 437
790	2067 1084 1888 1882
791	614 1614 839 1624
792	2157 915 1013 2309
793	2248 2121 1315 245
794	407 674 1331 1737
795	1869 558 2181 309
796	2410 648 59 1415
797	2281 639 1268 2465
798	697 1312 2037 1772
799	1355 642 1425 795
800	817 633 1001 1238
801	2181 378 1681 699
802	1686 245 615 1204
803	538 895 1258 707
804	340 1935 2110 1520
805	694 1662 1877 1548
806	611 661 295 1487
807	1699 1423 693 2026
808	1227 1539 1773 1284
809	332 428 1682 664
810	1514 650 1116 735
811	1275 814 2210 2197
812	2144 890 2392 1238
813	2379 1078 1527 1337
814	1818 1680 2363 22
815	598 2335 1403 219
816	838 352 343 1226
817	2199 857 1121 712
818	1738 804 672 561
819	1886 795 2066 664
820	479 1636 1973 2030
821	1779 462 1208 1843
822	1742 1464 323 1365
823	475 97 276 1606
824	940 841 1241 1458
825	2051 1189 1040 429
826	1383 859 394 150
827	2394 2101 1678 645
828	2419 427 199 274
829	667 2083 2294 685
830	954 2484 1548 837
831	2043 570 1780 1284
832	1911 1506 1688 1652
833	1529 1149 847 448
834	569 573 868 1656
835	304 2074 2186 58
836	1176 1024 1694 955
837	487 325 876 1220
838	1838 1298 1264 967
839	1597 1366 1355 455
840	474 1468 1978 781
841	2278 2046 1430 1991
842	500 1194 127 1038
843	1478 1868 1547 258
844	453 1414 1689 1824
845	1844 838 1220 1308
846	1452 1429 2494 660
847	2020 15 1801 2107
848	209 821 2314 738
849	1365 1519 503 171
850	755 2129 2145 587
851	342 361 2354 160
852	170 612 928 1801
853	2406 1200 2068 1469
854	2327 1632 2158 1409
855	1264 1434 1593 1394
856	1556 1706 2350 2320
857	730 411 1441 2306
858	153 1132 2089 1630
859	703 498 2207 688
860	2322 1805 1409 2338
861	1966 1806 2068 1161
862	2456 821 2049 1789
863	2054 959 1371 1964
864	86 1332 2190 2303
865	1913 502 1855 2490
866	2431 1771 2097 1142
867	900 1819 386 793
868	708 580 1701 531
869	911 767 555 1959
870	720 885 969 1507
871	1558 1677 2354 1982
872	1757 725 1087 379
873	2329 1869 647 1176
874	484 1921 1320 1028
875	2055 413 2065 1299
876	791 1996 591 190
877	845 1539 2443 1355
878	1505 1167 1742 1225
879	2281 2321 422 1107
880	1435 430 106 2192
881	1810 1112 2307 1019
882	419 2027 1481 1316
883	673 61 1331 314
884	933 234 315 2154
885	1127 2056 986 950
886	2261 833 1881 1941
887	426 1966 2133 2156
888	910 1933 2478 2233
889	692 1699 2188 222
890	1679 1899 1705 1024
891	1831 803 1753 1469
892	1259 2095 617 73
893	65 1606 2141 280
894	245 396 1641 148
895	482 286 1401 1224
896	165 1039 425 329
897	680 182 1530 2155
898	1971 2280 1362 434
899	1717 1192 742 1226
900	1396 580 2384 428
901	2012 1693 1800 26
902	2208 1141 718 41
903	2273 2115 611 2497
904	652 1968 2177 499
905	2246 2029 958 2469
906	774 2433 2179 1040
907	766 477 1468 1508
908	839 2312 2118 522
909	1630 2155 2127 855
910	768 1200 2340 1517
911	1741 65 2393 1512
912	1810 913 453 897
913	2310 828 1223 2482
914	142 20 875 1910
915	1138 1972 1073 1405
916	694 38 985 703
917	1558 1267 763 1657
918	1230 2026 997 203
919	1685 1454 836 617
920	2096 308 1143 1124
921	962 2110 2428 67
922	1590 1982 1053 1205
923	2294 1347 1432 1700
924	551 1481 2192 2063
925	2234 1093 1636 901
926	81 1515 69 795
927	1234 783 862 377
928	758 62 945 637
929	950 537 492 1803
930	283 222 620 1630
931	914 1113 1210 964
932	1729 766 446 871
933	131 1828 1137 2388
934	1442 36 593 2421
935	280 1528 2029 675
936	1621 2006 207 2005
937	1223 1717 2095 134
938	292 788 968 1039
939	1420 28 477 1979
940	652 1198 2244 979
941	651 1391 903 1636
942	193 606 2426 2303
943	139 984 515 265
944	110 1300 2227 281
945	739 2380 1865 1792
946	2168 350 1676 1958
947	833 1192 1611 2231
948	1099 617 745 458
949	1923 1504 966 1646
950	552 1963 1544 1456
951	1679 1917 511 1015
952	2292 1055 255 2222
953	1314 177 548 1222
954	1575 1192 1976 1279
955	1731 69 259 2221
956	1584 594 1462 1214
957	763 1520 2012 1807
958	1333 797 2241 1185
959	2170 2270 1301 609
960	2156 1419 949 1604
961	756 1850 418 276
962	239 982 242 1364
963	2059 1193 88 359
964	1608 721 49 330
965	2039 1246 495 1180
966	1644 1874 468 1617
967	2104 1683 1261 2431
968	904 1872 542 1910
969	30 1017 1667 409
970	467 1070 242 1319
971	520 2305 94 666
972	547 1726 905 1890
973	198 1506 374 2427
974	786 2314 2059 1021
975	739 1060 26 1410
976	1986 490 2457 100
977	701 1827 1039 1139
978	1973 2061 406 2184
979	1328 2173 700 2060
980	404 1191 367 528
981	1700 1201 203 116
982	1075 1270 2110 2179
983	1605 1448 94 2055
984	648 1413 132 249
985	1420 2239 1443 1017
986	2272 406 2370 2283
987	2044 839 2416 461
988	1202 594 728 457
989	2105 2112 1831 2161
990	2365 1254 1745 2041
991	1741 976 1592 2436
992	1719 1787 1298 785
993	2187 664 1308 2352
994	1886 2278 30 1500
995	764 1055 780 2461
996	242 2450 1334 1227
997	1579 199 1973 651
998	2008 2369 1021 920
999	900 1088 1471 371
1000	1908 2460 1577 149
Students	1000
1	359 259 314 2314
2	1994 1799 408 660
3	48 645 2363 1549
4	2064 192 1240 1462
5	1156 1313 195 472
6	101 672 2310 1301
7	89 1863 2339 300
8	1308 1015 866 901
9	870 1601 1278 1071
10	132 2442 183 257
11	1606 1197 1138 1832
12	1888 340 1280 324
13	1703 2011 2471 601
14	1991 1259 705 2382
15	664 144 1663 696
16	1301 1189 533 2174
17	1660 1742 74 2190
18	305 777 309 1982
19	2355 963 695 395
20	2373 362 555 2204
21	1726 2282 383 17
22	1946 1645 1213 2108
23	2331 1955 1042 1296
24	2419 813 932 2364
25	104 2038 1064 677
26	532 148 2033 2115
27	924 1764 1294 810
28	1866 1451 1162 767
29	2207 416 393 403
30	521 80 2211 1907
31	1337 585 86 1270
32	236 510 964 1208
33	703 761 1537 128
34	1589 548 108 1887
35	1525 1743 2366 1589
36	511 1746 1288 341
37	551 2235 2226 1024
38	2142 544 253 776
39	22 268 815 1870
40	1032 871 1812 1219
41	2081 1275 728 1270
42	1424 1732 831 1590
43	1570 697 1166 796
44	2208 221 1366 49
45	796 1452 2236 419
46	301 1545 661 1675
47	1552 1964 815 1229
48	937 315 793 1139
49	715 1141 335 875
50	1448 1771 497 833
51	1344 369 735 88
52	1258 72 941 625
53	1169 1562 1387 1594
54	263 990 1643 2204
55	2331 2233 1317 1698
56	396 568 1556 204
57	134 858 279 2278
58	973 2292 490 1183
59	1959 971 915 1919
60	2461 362 3 208
61	250 514 1603 1929
62	534 866 681 779
63	815 1459 1460 993
64	213 1027 1858 2005
65	1859 1032 962 1258
66	1018 1664 287 2453
67	352 166 1173 1184
68	912 2158 1027 317
69	485 1924 1741 1594
70	1837 478 1951 2090
71	1507 168 2491 886
72	408 746 189 1666
73	1808 1686 762 1029
74	1266 2364 2106 1386
75	77 784 1483 24
76	242 433 483 806
77	314 1560 1929 1684
78	2348 2017 1014 570
79	355 2188 636 2190
80	657 1802 2470 109
81	941 2493 28 95
82	1397 1289 950 1474
83	1632 995 10 2060
84	556 456 1051 2499
85	1135 370 27 850
86	442 2179 536 632
87	324 913 2416 2306
88	1041 286 107 1650
89	1379 156 315 1719
90	558 1758 1311 173
91	1081 717 1356 2299
92	2320 2445 809 1304
93	386 287 1450 1665
94	1198 1103 778 2426
95	881 2400 1131 1553
96	1880 1170 614 1746
97	1701 119 1240 1214
98	948 1769 2265 719
99	479 1607 1467 2445
100	718 623 11 1975
101	1573 1122 471 418
102	2377 1118 1860 147
103	1578 787 2060 1382
104	807 2091 2122 503
105	2430 848 20 1145
106	1525 1240 604 521
107	1520 1444 1011 1315
108	1093 1008 1563 312
109	436 1287 1968 2399
110	353 1342 1142 963
111	288 1199 446 2366
112	798 280 1610 995
113	2279 1797 2239 2310
114	1214 629 512 1641
115	847 1054 31 2021
116	294 2196 16 1699
117	696 1445 2289 217
118	1030 1466 1087 2127
119	928 522 562 1807
120	1994 1956 1309 1988
121	1833 356 806 364
122	1550 1127 1563 693
123	22 598 378 527
124	1109 1175 469 1819
125	715 1660 1808 2277
126	248 1328 1444 1040
127	1938 1474 14 1957
128	2374 920 456 2430
129	1757 1221 1130 1049
130	2084 420 513 1081
131	1413 2493 1183 551
132	2046 1928 1686 581
133	1879 479 1436 1362
134	451 1211 488 1522
135	1385 2483 1754 1779
136	43 312 2174 1690
137	1873 846 1503 2218
138	1263 529 1617 112
139	669 1739 1558 1882
140	247 151 184 567
141	2349 1229 1155 2452
142	2261 2237 132 548
143	2390 16 1954 2462
144	120 28 1876 1527
145	1156 886 1347 257
146	257 1075 598 662
147	1667 565 216 895
148	1395 1167 2017 336
149	2353 424 2035 545
150	2119 289 305 138
151	1655 840 439 759
152	1737 462 1503 1036
153	2383 1894 1068 2122
154	979 1670 999 1115
155	180 1122 771 2017
156	386 2319 1022 1326
157	2260 2053 492 2242
158	2234 2205 1348 679
159	2332 470 2415 1387
160	1431 1346 835 824
161	192 998 2270 1781
162	2035 2226 1683 2364
163	7 2485 1461 1390
164	1487 1063 2266 2116
165	2182 1474 1026 2342
166	1610 503 675 1899
167	2488 1540 245 2261
168	1648 1919 2133 168
169	1295 2333 2089 2276
170	1370 2410 1723 583
171	337 719 539 1475
172	1761 31 1948 1282
173	1868 185 1199 1692
174	1872 377 2461 264
175	419 865 1524 1294
176	637 1193 1872 888
177	609 1464 380 2176
178	1853 1491 1436 2057
179	577 738 1096 365
180	1486 307 12 120
181	2122 214 105 54
182	1663 217 1583 1540
183	553 1421 2208 1018
184	2460 2048 787 1720
185	2032 52 1016 166
186	1048 2348 812 1292
187	1395 1232 1553 2033
188	323 1658 1704 1461
189	1513 1877 1561 228
190	862 1911 591 2273
191	1209 526 1033 2284
192	888 422 1014 1894
193	139 2017 1055 1515
194	1429 876 1578 1168
195	748 1399 575 1285
196	495 991 1848 842
197	2111 1151 801 2180
198	856 2165 941 1428
199	443 433 1489 778
200	918 835 1551 211
201	1529 2437 1509 186
202	2282 2037 1664 1389
203	1116 727 167 2157
204	713 260 561 1287
205	511 425 897 940
206	2128 1105 2244 954
207	1238 118 91 108
208	1668 2001 803 835
209	2082 455 982 326
210	2046 1317 804 1466
211	1714 588 682 1010
212	2100 95 1690 430
213	385 1361 169 2001
214	418 1897 791 1505
215	2304 1995 2203 224
216	1904 1281 2461 2069
217	1378 2419 916 889
218	2343 332 1034 1993
219	1929 1391 1516 573
220	2374 388 191 1256
221	327 1130 1827 483
222	191 150 1081 2084
223	705 2311 1648 2394
224	1933 1718 953 1860
225	516 1517 1197 2152
226	2451 332 831 472
227	2214 1535 1213 1185
228	2032 1599 2220 180
229	717 766 2110 303
230	1668 1840 1634 2354
231	94 1475 387 2019
232	636 417 231 1277
233	2099 162 2376 355
234	462 2361 1643 417
235	1218 1924 757 476
236	1280 512 1673 1243
237	880 1886 648 2109
238	177 1008 1308 1353
239	792 570 1975 508
240	1369 2008 2134 2229
241	1126 1369 749 1737
242	2384 310 568 5
243	379 2283 1279 258
244	1470 1721 1941 152
245	275 536 1820 1219
246	1566 990 2387 1396
247	456 293 84 2480
248	494 950 588 645
249	534 371 47 2196
250	427 625 415 1520
251	2234 542 2440 1850
252	2290 1063 1612 1927
253	2464 1895 844 1823
254	2429 413 1692 869
255	1604 1077 813 2039
256	2285 1416 377 1400
257	164 234 991 1341
258	1734 2415 918 334
259	1209 1509 239 1113
260	951 2276 375 907
261	618 2112 856 1194
262	1401 226 954 2209
263	2226 650 53 1869
264	1467 1029 1749 1207
265	366 217 2455 2175
266	1295 1710 2335 2182
267	624 1118 496 1921
268	2131 611 1394 1847
269	804 1002 2222 159
270	261 499 204 1289
271	741 267 2149 1403
272	2122 2172 2105 740
273	1532 626 493 168
274	309 1121 195 2474
275	2168 2470 1753 1839
276	2418 2165 1368 880
277	1806 1862 337 1079
278	1103 750 436 1971
279	1560 881 1108 315
280	1732 2142 1010 2243
281	767 404 1474 456
282	1230 1145 2435 1404
283	1599 2438 1358 1238
284	505 168 2061 77
285	231 2162 666 2088
286	824 50 1783 2078
287	2482 494 613 1079
288	1590 897 2292 1356
289	1988 1229 582 1935
290	749 1875 178 1094
291	1910 79 963 2118
292	1889 1988 2030 1862
293	2141 1350 2261 1346
294	1671 651 959 2027
295	193 1436 1577 1859
296	2348 129 1967 1927
297	664 1843 1925 1979
298	1974 1363 905 1034
299	217 592 203 370
300	1819 603 2310 2031
301	2480 2028 1025 45
302	1606 1385 1727 2386
303	109 1330 1004 964
304	931 2435 743 55
305	1979 1385 1507 554
306	2045 1875 275 557
307	2122 1100 2297 238
308	247 1777 2301 123
309	1026 744 1452 433
310	736 2098 2124 1586
311	1814 1484 891 1626
312	86 1825 2361 1099
313	1138 462 1808 2456
314	1435 303 1325 2114
315	2290 1975 320 2233
316	37 702 2118 895
317	1123 2161 616 88
318	53 352 2212 60
319	1345 1472 936 858
320	1805 1810 1503 931
321	2099 1217 1729 1444
322	1197 1479 2326 1581
323	3 2474 402 733
324	2161 1860 136 649
325	2459 335 632 1211
326	1245 1652 1090 2039
327	1571 1138 1291 1120
328	875 2336 46 157
329	942 140 647 2496
330	1899 630 2025 1860
331	927 1932 601 45
332	1667 835 1996 2171
333	1613 872 864 1174
334	1314 1958 1929 1270
335	1920 1290 1615 1073
336	2306 1803 384 72
337	170 2373 332 965
338	491 1244 1027 1026
339	1359 263 1696 147
340	630 1849 2318 2008
341	1645 194 1115 575
342	768 1207 1273 1899
343	1201 1816 172 1642
344	1381 421 2085 1588
345	146 1261 974 2353
346	1374 2080 575 1257
347	1187 1513 1159 898
348	1866 2257 361 1364
349	1964 685 2054 64
350	1615 1624 1354 767
351	2269 991 1736 1161
352	93 1158 628 897
353	1453 1895 70 1484
354	399 2080 2471 2311
355	1826 1725 1549 924
356	2147 250 898 1841
357	2234 444 1628 2162
358	1435 2053 1680 2376
359	2287 2212 536 837
360	1199 2018 1967 607
361	1906 2400 426 2301
362	557 1932 1388 788
363	371 2357 2075 2466
364	1166 2033 1538 2282
365	1554 1422 1216 1856
366	2254 2061 1136 268
367	2340 1912 2007 1780
368	1158 917 1683 112
369	1975 1715 1022 2056
370	611 1034 825 1445
371	1221 510 2091 919
372	2500 2201 256 478
373	1685 2163 258 2192
374	492 2071 1857 1069
375	132 2408 2084 2367
376	688 1885 2453 1433
377	2363 123 1977 1129
378	417 1104 1458 1783
379	1428 2208 259 323
380	335 1090 1883 964
381	547 1423 636 1135
382	1721 771 1114 2455
383	2043 933 299 2168
384	1711 1370 1113 1797
385	2493 1271 2390 2236
386	1684 200 627 1194
387	1011 2486 638 1043
388	683 333 2290 180
389	2256 1407 2023 937
390	1487 1043 2472 1280
391	769 1096 425 1201
392	1912 866 1543 1685
393	1158 1929 2283 269
394	420 876 1722 890
395	1993 1043 1946 904
396	856 384 1538 231
397	2446 1875 1987 1259
398	949 676 2461 615
399	2315 524 2419 757
400	690 2139 2131 2116
401	571 757 2408 1519
402	2324 1253 2207 870
403	2413 2184 1249 1021
404	943 1255 2228 1
405	117 1365 2066 2313
406	1079 1593 1517 1965
407	1085 937 1914 2042
408	220 1286 1573 2403
409	80 2299 667 1041
410	2362 231 1541 184
411	1548 339 816 74
412	1035 208 1805 2370
413	2272 1785 1087 1756
414	1682 1369 445 1389
415	1810 1905 1010 1402
416	403 383 1751 2148
417	789 2488 1386 1896
418	2285 606 235 1738
419	119 2371 1907 784
420	451 171 68 1283
421	87 131 1975 1597
422	1472 754 1137 797
423	2081 2036 1612 864
424	1441 470 1434 1198
425	2336 1881 1214 30
426	2336 1334 1311 384
427	1705 454 1731 2334
428	227 109 642 2431
429	361 1063 785 1361
430	473 994 323 656
431	1718 1344 73 245
432	285 2127 2073 1350
433	579 398 368 1041
434	897 197 393 558
435	1641 1748 2324 2485
436	89 1112 140 1270
437	1001 1608 1734 1268
438	973 2156 80 364
439	246 1051 1874 2091
440	2214 2383 1913 1019
441	2445 2299 503 79
442	824 621 699 2205
443	2120 1138 108 647
444	1197 1942 1295 2160
445	1792 1733 1963 1666
446	804 1246 1359 42
447	1205 2069 117 689
448	1289 1719 2191 1642
449	1679 158 430 1126
450	1223 1392 1672 1246
451	2286 774 2369 635
452	874 299 1291 2346
453	1696 2032 2288 2478
454	176 1341 1783 2487
455	2065 916 1556 1388
456	935 2401 1666 2056
457	1758 1582 958 1919
458	913 524 3 836
459	2027 170 1909 1888
460	600 1042 1545 2049
461	1439 2281 179 1404
462	835 500 1461 1547
463	981 1810 1434 1513
464	897 1911 722 2112
465	2213 2420 88 752
466	2332 2025 1797 2163
467	755 611 1126 368
468	999 132 203 1906
469	128 2122 1241 2139
470	1274 1703 569 660
471	1648 1200 860 1581
472	1831 203 1310 1756
473	2104 222 2323 1414
474	2130 1816 2135 1037
475	2397 116 1760 422
476	84 526 1083 1517
477	2148 106 416 1347
478	1774 61 2449 305
479	2495 969 496 604
480	1257 2063 1462 1853
481	1907 1687 839 12
482	2204 1551 772 1525
483	363 202 1572 1330
484	1001 1298 329 343
485	605 2359 1679 645
486	491 1055 978 625
487	1483 1584 1786 1704
488	2160 788 643 475
489	59 358 1266 2433
490	2416 1583 233 367
491	1227 715 1690 2306
492	525 1212 2013 2210
493	1035 2118 2471 2344
494	1874 1046 949 462
495	244 1408 1981 1810
496	445 1974 2173 926
497	412 810 829 1180
498	1258 1836 51 944
499	890 1461 884 2195
500	2058 513 1454 2165
501	1659 1385 1612 211
502	1139 1316 223 1560
503	1316 964 1724 1669
504	38 1120 1489 246
505	1841 581 1605 354
506	706 1820 894 530
507	1950 1891 506 115
508	1879 2176 2476 1932
509	1415 948 1961 1471
510	1055 1881 2402 1684
511	2224 864 1421 2431
512	1852 1339 1482 1939
513	1268 1103 1637 15
514	1506 1058 2339 2088
515	1054 102 1367 802
516	2401 1377 2386 233
517	2027 28 1547 1342
518	2305 1328 1263 403
519	156 2182 166 60
520	386 2395 1165 1680
521	1333 1367 161 1180
522	155 1151 535 1854
523	2466 2385 1277 894
524	1168 1917 898 1697
525	353 1785 1956 1311
526	1149 1433 712 1291
527	990 497 972 1317
528	1698 2329 1421 2256
529	1484 592 695 204
530	1326 749 2011 1469
531	1606 2085 2013 2420
532	1865 867 1766 634
533	2269 954 183 2427
534	661 295 1511 1793
535	1404 2379 1038 57
536	1506 433 1579 1482
537	1221 1133 735 1296
538	1969 2176 2377 890
539	2309 1518 1960 2233
540	1079 166 871 907
541	1838 2341 240 2359
542	1774 259 1011 2007
543	350 550 822 110
544	2167 295 577 1840
545	1746 384 1822 921
546	870 947 1163 855
547	1558 689 676 1138
548	2053 1445 2011 661
549	2006 1443 733 2452
550	395 1848 2163 1136
551	1107 1475 664 977
552	2280 1698 1444 606
553	2273 423 1209 335
554	2377 1943 1556 1133
555	431 1575 1634 1472
556	1702 303 1649 655
557	589 939 2190 1053
558	1828 2485 545 348
559	186 1642 1206 98
560	170 99 376 1702
561	2249 1657 1395 10
562	590 982 1279 812
563	27 1708 1880 1878
564	2127 1299 1369 2440
565	284 1791 367 1844
566	1271 1234 649 808
567	1836 1269 1355 447
568	2496 2442 1628 521
569	727 1708 1272 2182
570	218 543 858 1881
571	1109 816 2376 525
572	381 2410 1776 155
573	1475 226 1790 928
574	1613 811 196 624
575	1888 1689 59 2196
576	1734 571 1994 490
577	1655 787 131 299
578	391 887 535 2359
579	1212 1775 252 532
580	234 199 1615 2162
581	1561 1831 288 1440
582	2313 633 1212 1963
583	2196 175 615 2200
584	1295 969 1117 107
585	1315 2325 778 1593
586	155 332 2076 202
587	483 2110 1748 1331
588	2198 1944 835 1295
589	2072 1514 758 1897
590	579 2133 1621 2072
591	1927 939 1290 58
592	2010 2090 1380 1702
593	1676 86 510 1537
594	1908 927 1716 1763
595	2486 2310 2070 2233
596	543 987 1360 2454
597	2322 591 1421 2078
598	1118 99 1112 1983
599	1947 1069 982 1993
600	1250 530 1117 684
601	905 532 1214 1446
602	1521 776 499 1036
603	1220 2196 918 1935
604	1077 1536 1822 1311
605	837 2238 809 151
606	699 1298 17 1613
607	1046 143 1181 1306
608	916 2286 2420 1514
609	2280 1677 2308 452
610	1409 1762 765 946
611	626 1594 2450 236
612	916 1690 2489 365
613	821 1564 740 2315
614	1283 1618 2458 48
615	267 2274 486 1654
616	561 345 2264 1653
617	273 2189 310 618
618	279 1424 20 423
619	294 1569 901 684
620	1516 917 1653 1097
621	907 1550 1535 1197
622	463 485 15 2231
623	1575 1843 409 1893
624	1892 2375 717 2243
625	26 1983 1262 1439
626	826 229 957 1026
627	1158 2463 647 437
628	1200 755 2224 986
629	2437 1112 710 1767
630	470 1307 2155 824
631	2125 1658 1239 1253
632	885 2239 2477 1767
633	1499 564 2263 2475
634	1614 503 1368 1850
635	2400 2489 1926 1058
636	943 2466 2280 1627
637	2029 1529 1416 1004
638	1998 1700 2191 1981
639	373 2293 1697 1078
640	1294 1611 496 1432
641	2017 1852 865 370
642	1900 751 195 1480
643	830 634 989 1513
644	2149 411 814 1692
645	672 2491 1859 79
646	1586 2224 2489 1288
647	287 1368 1144 1895
648	778 416 422 1034
649	983 1769 1086 1503
650	647 1639 974 729
651	1488 116 930 2119
652	195 2384 2449 1012
653	609 1520 1954 291
654	1319 2411 213 1121
655	2398 1497 586 2044
656	903 2369 2136 1556
657	490 2300 2274 1531
658	970 2368 1430 2427
659	710 1152 1928 682
660	2462 658 2345 2000
661	1256 502 973 1517
662	2095 308 2324 668
663	449 682 1230 1643
664	2278 1848 2107 734
665	597 815 2091 555
666	1280 1204 451 1992
667	425 1774 2176 2090
668	2128 2495 73 2178
669	390 598 2426 1923
670	1699 1796 1104 2368
671	2394 1377 1836 620
672	1062 850 331 362
673	514 876 2353 182
674	1865 1401 1215 46
675	2410 462 722 95
676	1457 1372 1182 1567
677	1892 1766 2420 182
678	1452 943 1439 1014
679	1985 1988 1118 2063
680	601 2295 602 1568
681	1945 792 1486 1219
682	656 1286 1705 822
683	1280 1829 994 53
684	844 167 232 1168
685	1252 657 272 1450
686	164 120 1133 1777
687	2211 2061 1449 2149
688	1940 909 364 1824
689	833 1165 2338 745
690	1939 2232 1369 112
691	2434 1609 1241 1350
692	2360 53 1526 1304
693	119 627 91 857
694	1659 1153 474 890
695	1832 2389 104 392
696	1964 449 1384 2429
697	1269 182 1605 2327
698	1751 788 170 1501
699	1236 2208 651 782
700	1548 1366 1299 1069
701	1136 121 2105 754
702	2113 1242 2332 251
703	1250 1308 1817 1463
704	415 1016 20 227
705	312 401 2123 613
706	1221 1211 1280 2155
707	2151 57 2396 630
708	1226 176 109 116
709	1797 675 2473 471
710	953 2412 1513 2193
711	1491 928 1371 2336
712	2037 201 805 2298
713	2460 783 1761 1568
714	1592 2145 1169 1882
715	1622 1026 2342 186
716	1032 1827 1690 1568
717	1101 785 337 2335
718	1572 736 2137 669
719	21 2039 2498 998
720	93 1829 2117 2381
721	31 214 181 2085
722	2192 1196 828 1753
723	893 139 2194 1969
724	1482 184 2001 2266
725	225 1899 847 194
726	612 1584 1784 100
727	2160 1449 1825 490
728	18 1032 185 271
729	708 1274 2216 242
730	92 1172 1897 995
731	77 1852 807 1394
732	1275 1353 2239 1630
733	995 275 444 1710
734	2057 2149 1153 645
735	1844 511 1613 2019
736	1939 1909 160 452
737	985 500 1596 2432
738	193 1706 1426 941
739	2177 2130 2420 1138
740	1596 599 2051 370
741	877 962 606 651
742	2391 2492 492 1132
743	482 1070 57 884
744	832 1534 534 1200
745	1772 1392 1295 1135
746	2020 39 1533 2265
747	836 1091 575 1451
748	1180 1242 1703 299
749	760 143 1348 448
750	575 1375 1547 908
751	160 105 371 1485
752	543 1541 2124 421
753	2417 1415 1733 2077
754	1943 2205 200 1752
755	557 2446 1441 164
756	868 1756 1952 1507
757	1767 2104 699 265
758	1581 604 1271 1852
759	2433 1790 2432 149
760	453 1054 395 1967
761	1872 1741 600 2013
762	2091 859 1972 2369
763	638 999 332 1148
764	1425 2334 379 628
765	2355 2071 1422 2321
766	2247 1660 1062 1808
767	1477 745 718 2027
768	1005 2197 2362 1172
769	780 993 525 909
770	2203 1014 2282 373
771	1591 1961 134 2465
772	851 2168 422 1467
773	1938 1164 1209 1728
774	691 849 260 681
775	319 217 2295 819
776	1861 1957 1815 881
777	711 1724 872 2247
778	677 2419 1688 707
779	263 810 414 471
780	2449 1187 1862 1732
781	2309 2218 127 86
782	549 1728 162 449
783	1432 1437 1108 61
784	1447 1613 1635 1696
785	1814 896 2387 221
786	1046 2344 1233 1941
787	2446 2463 946 1115
788	2394 12 1524 2110
789	575 233 1539 1589
790	1260 1058 2310 344
791	409 421 2312 2247
792	1608 24 1933 203
793	121 601 963 64
794	154 16 216 2002
795	1693 1004 921 2181
796	553 1873 419 1464
797	2398 1178 269 388
798	689 2032 2292 944
799	1489 936 409 2013
800	1153 1993 270 1432
801	759 277 1760 266
802	1763 1451 90 949
803	616 1220 70 234
804	809 239 1103 1860
805	1745 430 1743 472
806	1289 1028 311 937
807	1187 2415 2429 2151
808	2023 469 208 1788
809	830 1668 2441 419
810	1860 938 765 2029
811	896 689 465 1010
812	2135 908 1485 2222
813	944 2070 882 1793
814	1101 1635 2274 295
815	1252 1539 2417 1187
816	1830 1344 1941 1221
817	683 278 1769 949
818	1891 424 541 2288
819	772 1182 250 2002
820	1668 2314 1344 1821
821	2258 303 1963 1420
822	801 2211 145 1122
823	2236 1260 960 1288
824	1535 2080 1257 860
825	2360 2068 2314 991
826	1193 552 949 1460
827	1240 612 534 995
828	1042 296 295 2376
829	2245 1752 735 937
830	569 709 321 2404
831	1405 1000 1015 239
832	1993 428 576 2392
833	1441 1650 1019 633
834	2363 2092 218 406
835	2235 1800 1717 1799
836	2215 1076 966 14
837	158 2356 6 1362
838	524 532 1268 2445
839	1238 1788 1296 1242
840	625 1988 826 407
841	1047 721 1383 1310
842	819 1530 1650 341
843	25 1791 486 925
844	1554 1205 1129 820
845	1621 159 2471 1814
846	968 1165 1681 199
847	2283 72 940 1789
848	1979 346 389 1475
849	1759 497 1003 576
850	2291 2056 624 1599
851	2076 478 1236 1466
852	918 722 1031 1250
853	1339 196 2034 703
854	1202 2326 408 1782
855	1603 1465 1744 353
856	897 1063 2386 1206
857	1183 1882 722 6
858	2017 1195 1503 695
859	646 2282 666 418
860	1991 769 2190 2149
861	1096 266 2356 671
862	644 403 1896 893
863	565 675 1684 2155
864	2084 739 1536 530
865	1938 2144 1647 2495
866	1863 1351 677 1921
867	1336 2142 1793 699
868	128 1926 1385 113
869	1779 1312 1393 1044
870	1028 904 899 1904
871	729 1362 989 255
872	2280 2427 1849 2467
873	1788 1822 1275 179
874	1643 1989 2003 2241
875	377 2058 1149 1622
876	1439 2008 1106 2466
877	693 1176 671 1547
878	902 692 204 1866
879	1584 2183 2018 708
880	1327 1122 1397 610
881	2192 635 2474 1750
882	875 2228 883 721
883	1874 1941 395 1558
884	1883 2069 216 2081
885	404 475 550 1024
886	1202 1242 131 176
887	1374 263 1677 551
888	853 600 415 606
889	1506 1136 1587 400
890	2222 73 741 1252
891	1283 1022 1109 1546
892	2111 1879 1053 809
893	367 1836 215 2423
894	633 1672 1044 2169
895	2276 847 143 2357
896	1834 338 1483 845
897	1600 1351 1889 1154
898	382 2062 635 2311
899	1345 1065 1503 1109
900	1815 1103 1750 262
901	84 1265 1169 285
902	2118 299 131 369
903	1167 1892 2129 1609
904	2292 1270 539 1143
905	1624 174 1155 1333
906	159 2046 266 22
907	1755 141 1309 7
908	2324 2452 5 1200
909	52 372 441 2000
910	1559 978 1205 2158
911	2243 2331 1959 656
912	1352 1639 2468 648
913	191 1751 2097 410
914	2477 386 1133 746
915	1291 700 1089 2191
916	1204 539 2056 266
917	1737 721 2305 1566
918	169 453 1266 111
919	230 271 1176 478
920	948 1681 28 1223
921	2215 102 1904 487
922	2083 2291 69 1972
923	1171 710 2222 708
924	110 207 612 331
925	337 1553 2213 2110
926	1606 497 88 1248
927	445 2380 2468 1536
928	1386 894 2346 57
929	1653 249 2146 1173
930	691 1553 1434 242
931	872 1594 1312 2297
932	2139 559 489 690
933	1573 2116 1728 920
934	185 1067 1569 1451
935	1943 694 1123 2436
936	2047 1654 1757 261
937	1412 2078 291 84
938	1813 947 1689 2372
939	181 1731 270 440
940	2440 960 699 861
941	1270 2381 690 739
942	1397 743 599 1296
943	21 615 298 167
944	961 414 210 686
945	1662 702 1582 235
946	1027 513 121 1211
947	1206 1757 823 598
948	815 249 1750 1737
949	1460 859 363 1058
950	991 683 1696 2055
951	1811 1334 1331 662
952	2010 233 1515 1220
953	301 2064 28 563
954	444 6 1954 2193
955	1618 429 2194 1409
956	87 412 1891 345
957	1782 804 1332 686
958	1377 861 663 608
959	1224 2443 349 933
960	1008 912 663 2316
961	1841 35 2250 837
962	1104 1728 105 1926
963	351 2286 702 573
964	1452 967 1076 1954
965	2405 1021 2366 313
966	1588 2329 505 2025
967	1979 471 2433 1528
968	1908 447 1477 2499
969	940 1256 442 2200
970	2067 32 1836 80
971	2035 882 46 1687
972	602 320 1366 789
973	2239 53 1537 1342
974	2058 1752 370 1066
975	2494 1605 2070 551
976	1881 1584 1346 100
977	1846 1479 697 2101
978	2442 1203 1542 807
979	1393 1310 1004 780
980	834 324 53 601
981	1177 2483 815 2233
982	466 1968 1256 1341
983	1355 1845 1168 522
984	1533 2206 1790 465
985	5 2142 441 2357
986	107 10 938 2455
987	1362 788 1808 1289
988	1922 304 1726 1330
989	119 1107 399 1095
990	2391 2328 2234 890
991	2146 837 856 1792
992	1487 810 1098 2401
993	2067 948 1224 1599
994	863 1643 385 1831
995	1179 1062 445 1242
996	983 1799 552 639
997	38 1219 1538 802
998	537 56 942 431
999	1366 639 843 1292
1000	1601 821 304 91
