Students	1000
1	294 1367 722 2025
2	1028 954 441 1793
3	2075 1885 1546 208
4	2335 373 1382 190
5	1834 1002 4 829
6	1547 706 860 2094
7	1150 1070 2292 2193
8	996 1394 1056 1688
9	2195 2432 1847 1908
10	1965 850 838 262
11	1464 2132 1916 2144
12	1472 1739 1217 803
13	1723 2358 487 599
14	600 1277 2333 1483
15	866 1958 1262 937
16	1647 428 644 958
17	224 2436 1886 1845
18	1492 1946 448 2076
19	1980 2012 2085 1533
20	717 1136 1812 342
21	593 139 2026 1931
22	2067 53 100 1759
23	1608 337 314 1546
24	366 547 396 1402
25	437 1319 1361 394
26	1468 1705 867 1893
27	1062 107 1112 2157
28	249 223 2414 2239
29	195 1221 602 220
30	2013 631 327 2311
31	1249 578 1208 506
32	548 1086 2133 1574
33	1925 1348 1123 21
34	1806 2116 1854 17
35	1972 1880 2104 878
36	2455 252 2014 2129
37	1021 203 1398 61
38	2218 955 926 1096
39	542 734 884 565
40	581 580 1563 335
41	1267 1532 1523 2101
42	2010 346 2155 366
43	407 2297 980 1950
44	1913 1426 115 950
45	1756 1856 976 1132
46	551 1773 2352 1382
47	1138 1472 883 468
48	1561 2202 1672 763
49	2310 2169 415 259
50	690 1558 579 52
51	1739 127 1877 1228
52	1160 985 563 1213
53	2196 1829 1423 542
54	2441 371 1765 734
55	2361 2315 1559 202
56	1430 1043 2307 350
57	23 775 1251 787
58	1813 130 1065 1828
59	143 187 464 1518
60	1002 1249 2186 206
61	851 1852 208 381
62	2207 842 1814 977
63	504 1446 2304 511
64	1770 2000 2178 1265
65	2169 624 11 1382
66	1424 539 492 641
67	863 2274 1402 320
68	1617 1394 2482 1359
69	999 695 1995 1723
70	494 2142 292 406
71	1871 336 1557 430
72	1026 1995 2051 1900
73	53 686 2224 1983
74	1099 1645 485 550
75	1856 543 1203 1210
76	695 1697 620 48
77	1438 2127 1182 1341
78	1554 179 1900 1972
79	840 1926 327 1582
80	383 296 370 973
81	2090 672 1321 1419
82	1875 642 1967 751
83	1074 2062 248 124
84	2378 1492 997 55
85	685 1127 1390 2365
86	1638 174 896 1209
87	1682 1130 507 502
88	1066 692 56 429
89	1447 2471 2084 1148
90	2415 412 1197 1969
91	635 820 192 274
92	727 2109 1100 1970
93	871 2097 675 156
94	2239 573 848 153
95	384 1400 1700 216
96	1803 1747 246 887
97	1506 1705 427 2325
98	140 1538 1067 1956
99	1620 917 530 1961
100	1495 1028 2426 2252
101	86 328 1195 2133
102	1937 2230 266 984
103	242 1103 329 2348
104	207 1412 1709 892
105	399 665 767 2446
106	1600 225 1373 1353
107	761 191 561 1031
108	928 1001 706 1724
109	1919 467 2096 298
110	599 1624 350 669
111	2456 971 2263 989
112	1820 2232 2190 1206
113	865 1375 2233 328
114	817 880 1852 1163
115	265 544 499 2227
116	365 403 1689 2234
117	943 735 1857 227
118	2185 1864 1105 328
119	487 1354 233 2086
120	576 891 445 409
121	1684 24 2461 660
122	1863 2102 1693 586
123	2015 1196 489 1174
124	381 1043 1233 249
125	404 1651 1348 256
126	2400 226 2079 597
127	1927 545 2257 2098
128	1932 861 197 538
129	1925 1541 230 1895
130	1907 2324 1808 1465
131	2415 1139 1268 1265
132	708 2205 944 1111
133	850 502 1354 2130
134	2460 969 1467 1723
135	1622 421 2352 2167
136	2404 1891 285 1534
137	1772 531 684 1216
138	1000 1371 1089 591
139	1614 2022 234 1686
140	2215 2153 638 228
141	963 319 812 1851
142	202 2189 2338 2142
143	2312 638 2265 1564
144	1786 97 2231 734
145	1173 2348 1891 330
146	2332 1672 408 1121
147	865 231 1657 338
148	2164 864 1343 2433
149	1834 2104 2001 1984
150	2303 453 2224 1799
151	1527 156 486 1640
152	1773 2392 1503 1158
153	56 539 1491 848
154	1721 379 618 1860
155	1774 1906 2295 392
156	1515 224 118 767
157	940 1558 1462 1671
158	1353 1970 2337 1452
159	989 2312 2279 1560
160	2251 1516 1200 2354
161	1373 1920 2185 489
162	81 1146 791 650
163	1174 2147 1162 1748
164	521 446 423 937
165	2061 1565 366 592
166	1523 1540 149 1713
167	2285 2220 1990 2041
168	1508 410 1919 32
169	713 527 2305 1371
170	115 1818 454 625
171	395 2161 2191 1128
172	1360 1468 1801 200
173	2400 1672 602 638
174	1601 543 1593 571
175	36 230 1387 866
176	1608 2184 1563 751
177	1236 1690 226 1626
178	987 1776 2069 569
179	161 600 1054 2067
180	1563 557 112 1913
181	653 823 327 1539
182	1620 200 1635 661
183	1338 202 267 1412
184	178 1938 1315 411
185	184 2493 1369 1597
186	2229 190 6 647
187	2373 331 2375 1041
188	1983 2396 2074 2019
189	2265 2098 225 1692
190	1839 1384 1959 6
191	204 1345 591 447
192	2369 1664 1559 281
193	712 2350 1535 865
194	618 1429 2262 2236
195	31 1908 1099 995
196	548 382 365 1196
197	648 700 1738 449
198	341 2195 2029 8
199	769 2370 400 1442
200	1725 2013 1473 1836
201	286 2465 331 2358
202	1285 1385 1169 626
203	1534 2469 1762 1008
204	564 407 527 1432
205	582 1447 1001 607
206	467 2086 2268 1920
207	505 1707 1245 2155
208	1223 2140 1058 1640
209	1915 421 937 2289
210	1804 947 1853 1830
211	621 1334 1904 851
212	2304 844 927 783
213	74 2015 2239 2356
214	1863 1259 599 551
215	2199 39 405 230
216	726 1407 1847 27
217	1942 1135 2450 2170
218	507 390 2185 2248
219	695 1037 894 1688
220	1638 19 2028 39
221	1909 679 1889 2427
222	1382 1599 1117 1461
223	933 1396 1619 561
224	2105 1676 45 2329
225	667 456 1078 1663
226	280 919 471 2455
227	2277 48 390 1675
228	1957 2391 1215 79
229	1150 2314 2170 2203
230	86 396 1120 395
231	2328 1570 605 679
232	772 1448 852 1410
233	2038 124 1419 1008
234	1586 2122 2145 1341
235	2354 937 218 190
236	634 2213 1922 1140
237	2332 1389 375 1028
238	99 591 263 1198
239	802 84 1593 404
240	2387 596 219 237
241	1165 367 1570 1778
242	962 1578 1697 1865
243	1850 221 884 1969
244	1280 905 829 262
245	112 723 126 974
246	70 1311 585 968
247	1580 1989 1139 2013
248	973 1953 279 763
249	908 1368 832 2219
250	1259 383 1104 2172
251	2496 1160 1498 2373
252	538 1907 1851 663
253	2103 2231 834 1811
254	485 2438 1148 1199
255	218 714 466 2175
256	2200 984 2223 351
257	1283 2368 1252 918
258	2340 819 997 817
259	1820 736 1845 54
260	670 1740 690 1776
261	167 933 1631 2438
262	85 1957 1050 1152
263	888 736 79 1913
264	589 2307 340 1994
265	444 2133 1753 49
266	1025 2446 828 2356
267	32 2070 2350 766
268	1682 1055 1201 1222
269	1402 957 1011 10
270	2133 2340 2055 2224
271	2168 1315 402 817
272	1875 1816 1002 2096
273	987 2058 1095 1956
274	1502 344 1779 2045
275	43 1035 707 1057
276	1745 1881 2296 2448
277	69 2302 934 528
278	1790 2213 2093 2041
279	1597 37 2193 1790
280	1791 643 329 2036
281	323 646 932 304
282	2474 1762 1163 900
283	1860 801 1394 618
284	2152 2368 1678 1795
285	1730 2091 1642 2130
286	842 2055 879 2046
287	237 2432 490 52
288	14 2216 1778 2296
289	1380 612 206 2074
290	2280 2432 2075 2369
291	129 578 1851 2016
292	571 230 110 1233
293	819 1589 939 2340
294	1033 184 1402 2322
295	995 1397 817 170
296	536 1168 2421 374
297	2369 2365 2126 1627
298	749 1288 2030 1865
299	1050 2287 1547 1571
300	1331 1167 5 530
301	421 215 1685 515
302	2243 268 1030 2397
303	1953 188 1437 2342
304	2184 333 1654 1257
305	1877 114 2485 605
306	1526 2337 1850 414
307	2436 1435 204 123
308	1511 1014 2068 80
309	492 309 1249 1758
310	1784 1630 989 1789
311	966 226 358 1715
312	578 2100 1082 1689
313	535 1859 564 2408
314	1131 2450 1043 1156
315	654 915 1423 2451
316	1558 349 1242 674
317	781 1397 1681 1029
318	1034 1076 457 1538
319	254 2465 883 1958
320	234 346 1845 1984
321	498 2001 1381 4
322	1000 1302 929 2467
323	697 1505 455 1575
324	1703 328 718 1425
325	2192 213 1841 1209
326	686 15 1530 471
327	2271 1081 1921 1860
328	598 1735 614 1641
329	1512 328 519 815
330	1246 2224 1755 1436
331	645 303 2373 1700
332	418 990 239 2131
333	352 223 245 1376
334	846 604 1304 2457
335	575 715 1838 1191
336	2239 93 531 10
337	2288 1138 295 2441
338	2404 211 60 1453
339	1763 851 1903 1064
340	1157 786 2476 1307
341	123 1896 2369 1531
342	2233 2184 2327 894
343	1954 1042 2065 2082
344	1959 143 820 756
345	960 1230 1019 451
346	1402 842 28 166
347	476 1201 1141 915
348	1150 1069 1201 1139
349	2304 2478 1175 32
350	2236 1742 178 1688
351	1073 2394 1750 2176
352	571 1827 1337 1366
353	860 523 1089 2021
354	517 1354 93 1537
355	985 1168 1433 1888
356	979 1816 17 615
357	1295 1525 2086 2479
358	2073 2163 1897 961
359	1369 1206 2173 791
360	2089 1479 796 1462
361	367 1555 2175 1635
362	548 126 1027 771
363	2267 23 647 1525
364	1193 2312 395 577
365	2445 928 1189 811
366	1301 2010 1556 1255
367	965 1521 2193 1851
368	591 1092 2434 1161
369	573 1605 737 129
370	1976 822 1787 850
371	705 874 2104 1682
372	2225 562 276 1951
373	351 697 391 1350
374	936 589 1683 2462
375	2336 1309 965 2343
376	988 1929 848 729
377	2031 1200 2139 809
378	355 2443 1840 1928
379	2114 494 1398 2086
380	1339 167 1965 895
381	1861 1745 788 554
382	1419 2047 1811 1248
383	1994 2360 1685 28
384	2469 1232 1273 294
385	1819 238 1089 1398
386	2169 1532 1245 2342
387	1884 824 2377 1279
388	375 927 593 2125
389	15 1922 507 2230
390	1690 2255 397 208
391	1423 2474 115 1684
392	856 777 33 847
393	2171 494 2181 569
394	2432 293 2221 2480
395	2028 933 1019 1206
396	529 1906 1882 1667
397	185 1551 743 2440
398	615 2223 1358 514
399	527 1233 1623 604
400	1126 1018 2432 296
401	1947 753 1764 303
402	256 1866 967 260
403	1347 651 958 1697
404	431 728 467 274
405	2171 2223 1278 875
406	2016 1794 1478 1789
407	2345 579 510 2118
408	1352 2093 1824 823
409	2155 822 2400 325
410	1155 1511 963 1976
411	2493 2153 1914 1090
412	1258 340 22 1276
413	1980 82 1703 2424
414	2052 2379 2434 479
415	264 1452 352 884
416	1805 402 1105 1283
417	1810 661 1168 880
418	2320 2446 1534 2248
419	2160 729 2269 1746
420	143 1987 1445 1600
421	2065 2372 2097 205
422	212 2472 1186 455
423	1500 257 1625 1192
424	477 2054 404 907
425	360 899 546 78
426	2129 101 389 1838
427	657 991 2048 1712
428	619 674 354 2214
429	1254 984 1937 1300
430	147 2193 2496 2097
431	587 1378 353 1538
432	1264 1895 2194 550
433	434 974 639 2073
434	133 1023 1417 2076
435	2126 2270 46 1265
436	1361 1836 129 1744
437	630 1747 949 1436
438	1622 622 2309 1127
439	1623 2018 1527 2218
440	1075 1885 84 240
441	2159 1149 1486 2329
442	1270 195 1472 2147
443	1636 1957 1358 615
444	1962 480 1771 2015
445	1604 733 692 2390
446	2309 2163 752 916
447	527 603 1059 2180
448	2094 76 48 1777
449	310 2158 1715 1201
450	560 505 2405 491
451	412 529 1559 2481
452	2007 1556 1813 1772
453	2441 1306 591 826
454	690 1008 2031 1060
455	2493 1 1410 469
456	1425 337 128 521
457	1222 2276 2113 2020
458	635 2085 1559 455
459	2016 1283 831 2182
460	289 2035 2311 1976
461	675 2185 2358 1309
462	228 305 275 850
463	1764 2295 68 163
464	1717 1313 2370 822
465	704 1523 551 574
466	95 668 1692 2291
467	1155 2457 1994 1178
468	1238 2244 1299 1786
469	2200 347 2051 1134
470	914 1775 1953 1180
471	305 2301 654 718
472	819 1474 439 2251
473	628 372 151 674
474	179 862 345 2108
475	989 2427 1931 2134
476	2321 2349 1007 553
477	2197 206 144 767
478	1498 934 129 1783
479	473 841 1935 188
480	1540 908 1418 2285
481	1333 1303 2101 410
482	2065 932 437 2023
483	2149 2243 886 2371
484	67 4 2226 1874
485	1 1037 1708 1757
486	2122 525 623 1900
487	70 1031 895 1992
488	334 928 1631 2344
489	2 2455 1636 2346
490	836 1700 1555 2243
491	80 339 1692 167
492	2330 53 95 1774
493	21 864 1531 1270
494	1129 2492 1488 1348
495	878 124 1445 1924
496	1095 1137 782 619
497	2316 547 359 2331
498	1649 1292 2267 1349
499	1457 366 457 2328
500	2233 2027 614 2157
501	2059 523 438 365
502	2164 808 2227 343
503	2014 1145 1157 1587
504	803 176 2396 1469
505	488 1395 638 48
506	1820 1375 307 976
507	1032 1924 902 1289
508	2076 1954 1575 1468
509	1119 943 1832 2112
510	301 1436 1495 1837
511	1846 533 2266 1986
512	764 1408 1806 144
513	1424 1767 838 28
514	64 1142 1857 1116
515	184 445 1086 518
516	968 2225 1669 1284
517	481 2383 2177 829
518	957 647 2036 114
519	2223 576 681 1048
520	2192 2276 440 1577
521	1255 1322 133 1904
522	1638 287 1204 2321
523	899 2475 1276 1953
524	2427 764 1515 122
525	1760 1891 1700 1160
526	338 470 1614 1897
527	1273 358 1778 1292
528	2393 1097 155 2000
529	5 891 1646 1140
530	654 2229 1995 1025
531	1438 112 1711 1733
532	704 755 366 676
533	738 213 1533 761
534	1166 2500 1210 1012
535	1488 1693 1431 290
536	36 1375 2134 131
537	839 167 1483 790
538	1329 1369 1759 2455
539	834 1505 472 2077
540	2180 2233 1768 177
541	1930 1072 343 2444
542	1330 1458 1754 1018
543	2354 400 631 43
544	518 1272 694 185
545	778 708 404 663
546	343 684 3 2291
547	1488 2445 1816 2363
548	1404 190 1231 898
549	48 1784 2313 2001
550	1353 1962 544 1922
551	2151 294 1685 1524
552	2307 748 1978 2366
553	1849 1630 1257 110
554	1884 1616 1917 219
555	173 1431 554 1900
556	79 98 999 2358
557	1298 1225 1771 570
558	680 731 1550 2460
559	933 1545 1859 1373
560	34 1468 1267 187
561	363 1107 925 1127
562	116 1367 2207 1371
563	2275 308 1507 1761
564	2095 2 645 1478
565	914 1005 1110 1149
566	929 1504 604 1343
567	1946 476 151 909
568	894 1688 1804 22
569	1511 666 1688 2216
570	1444 733 1383 2108
571	1904 1841 467 2418
572	2341 1459 606 972
573	604 2469 1972 2398
574	1636 1800 312 187
575	2478 2196 2215 2139
576	2282 2135 2093 286
577	1925 2057 1073 2393
578	457 1282 1142 2078
579	2479 585 922 1150
580	1025 1532 1369 930
581	1001 1320 802 2318
582	527 744 1230 1261
583	1993 1265 1702 604
584	604 681 2270 1981
585	2321 1206 933 1097
586	2352 399 1641 1715
587	214 2392 324 1902
588	2297 1708 2343 2403
589	2318 2459 1761 960
590	921 389 547 1298
591	1284 1613 1768 1330
592	29 2076 797 1881
593	1479 495 2004 267
594	613 437 1909 1424
595	1756 1316 2150 1377
596	928 2499 1684 1740
597	1965 1273 741 922
598	2489 1760 2024 125
599	1403 1986 496 1614
600	2409 1467 229 2084
601	316 623 186 2319
602	1175 728 2132 1211
603	2221 157 2498 94
604	801 2452 817 1925
605	384 131 1729 1873
606	1642 1902 954 345
607	1120 656 1484 1917
608	2148 475 801 2197
609	2293 800 810 285
610	1844 1212 1585 1997
611	2383 899 2480 2167
612	1453 351 2401 2167
613	1345 1334 1785 372
614	283 643 370 1850
615	1652 652 854 1098
616	2236 2066 590 394
617	1409 1015 2128 1359
618	696 1425 940 2374
619	1260 1295 156 56
620	1428 1823 500 1993
621	454 268 860 1203
622	1683 867 2271 2385
623	2422 1748 1918 2238
624	227 474 996 2106
625	1536 139 1787 103
626	2235 1089 215 2052
627	355 1332 753 536
628	2182 1635 1691 1092
629	623 19 228 1511
630	2220 1003 100 434
631	1588 484 1271 319
632	389 2424 1300 82
633	839 1108 22 60
634	34 1082 1103 742
635	791 853 1428 641
636	1300 404 873 1162
637	754 1185 768 1457
638	240 1011 1241 1668
639	106 1942 38 494
640	794 895 1036 2081
641	39 1933 837 22
642	2128 999 2439 1229
643	2104 2066 1831 2326
644	1261 1987 531 1004
645	1388 646 2349 163
646	791 603 766 207
647	558 2049 1547 704
648	1584 192 1448 2440
649	755 1294 2412 1214
650	393 2091 49 390
651	1430 688 1689 2096
652	26 289 2183 1129
653	1065 544 568 692
654	2467 949 202 947
655	2012 1636 1664 2388
656	671 1065 2257 1268
657	195 2457 485 1629
658	177 1803 2238 1890
659	1847 1996 1703 1866
660	2161 1752 1287 1603
661	2143 1206 2094 305
662	131 1117 48 1701
663	2156 1028 541 620
664	2120 5 18 922
665	1782 965 1273 1424
666	1182 2157 1832 1113
667	508 1471 2280 1784
668	2261 1838 1904 2340
669	1790 2363 2257 2252
670	508 2307 1408 460
671	1392 2038 1871 457
672	1287 1724 2186 1971
673	552 528 2071 33
674	1392 811 1084 2058
675	2067 709 2258 1061
676	2227 1914 1531 725
677	2366 1878 373 1608
678	1015 1781 648 1106
679	1606 2052 2293 1169
680	1082 175 386 47
681	1384 1429 1176 725
682	591 1944 552 876
683	2054 7 1013 512
684	1095 1419 103 1937
685	1218 2362 157 619
686	178 2366 732 1951
687	1896 2019 28 1126
688	1421 1904 1052 2057
689	475 1807 1446 145
690	2417 70 641 2063
691	1009 2387 1285 2366
692	24 778 730 2355
693	1092 1513 188 34
694	1569 2116 99 761
695	488 1329 541 192
696	1228 1882 521 241
697	1919 212 312 1460
698	2344 375 1153 1263
699	1387 1887 52 733
700	1492 1819 365 1986
701	656 118 41 2254
702	1172 812 1779 2473
703	2034 2404 2079 1261
704	98 955 1232 1129
705	365 606 826 1702
706	637 1766 382 2259
707	1701 451 452 2330
708	2070 2114 922 814
709	2405 262 1004 506
710	987 1293 674 1232
711	1543 2199 551 482
712	1254 2377 1819 2094
713	746 1601 1098 603
714	679 1798 2137 1864
715	1820 1848 1187 1505
716	2131 1508 2393 868
717	782 897 814 155
718	1131 793 1897 947
719	95 1364 7 2407
720	2055 1154 2314 1743
721	1340 1170 903 2180
722	1399 2237 1966 1466
723	650 1390 2140 830
724	1220 2100 1714 241
725	1748 2015 1188 868
726	1671 1047 1433 638
727	1063 2324 2463 1329
728	803 2471 735 386
729	1418 588 1690 306
730	76 1508 1309 1469
731	2460 188 2465 990
732	353 420 1131 335
733	58 1167 1879 909
734	442 892 355 789
735	603 23 817 46
736	1097 435 2306 1856
737	2212 1353 1253 2031
738	1738 279 849 2391
739	604 195 2397 1239
740	2497 556 2329 57
741	494 1095 19 2299
742	603 143 1368 1989
743	1164 1585 1115 2312
744	2488 892 41 410
745	2470 1334 1811 2396
746	1433 1430 1800 1353
747	2380 1300 36 1652
748	2461 1971 48 740
749	1798 2212 997 593
750	1681 966 1403 2098
751	1766 1143 411 209
752	1183 2065 467 1467
753	2336 1394 239 1988
754	606 650 1379 229
755	1287 1705 1846 944
756	2468 776 1464 516
757	2068 1185 2114 528
758	349 524 1533 681
759	1294 1083 1476 215
760	2042 1768 716 2437
761	1818 1251 1715 995
762	1344 1432 1226 1687
763	419 341 629 1085
764	2154 694 62 1905
765	1852 1876 279 1296
766	2189 1116 454 1976
767	1059 950 595 1695
768	637 2437 749 2385
769	77 808 524 997
770	2223 689 7 1886
771	757 86 2221 2479
772	1730 2475 269 1376
773	1199 2382 2482 172
774	695 1595 281 130
775	377 276 2219 1572
776	1592 237 1955 1788
777	1798 716 1764 761
778	2023 1261 1461 1070
779	602 511 2150 952
780	2081 506 1582 2103
781	1919 1928 300 776
782	2262 1277 899 465
783	1422 1571 1707 1435
784	1987 1991 877 1121
785	1902 913 221 2272
786	53 63 1633 817
787	2395 1429 1028 285
788	529 369 954 1202
789	1293 1372 2196 2195
790	906 126 1643 519
791	2081 2232 2412 827
792	1055 1178 1813 2044
793	2317 898 139 763
794	1837 603 1544 1685
795	690 974 2402 1567
796	1022 1097 2176 170
797	989 1051 2335 231
798	1477 1436 1533 2112
799	596 1610 872 463
800	2424 1759 2048 2410
801	2104 473 2161 2482
802	1409 1147 1564 6
803	9 1977 1832 595
804	3 875 1019 2290
805	2437 2239 2199 2006
806	106 783 1823 681
807	706 2010 1333 1630
808	166 1068 959 1378
809	2138 2225 1169 1469
810	1475 2268 1203 88
811	1350 387 937 2086
812	1691 2442 2366 747
813	2402 957 1224 203
814	636 2477 2120 657
815	1070 2336 881 523
816	2388 535 1752 849
817	643 1974 1287 1554
818	179 18 612 558
819	1074 1973 164 1944
820	1551 1937 609 1212
821	20 387 227 662
822	790 2283 1315 597
823	201 670 1412 1255
824	1125 468 2069 2005
825	785 963 1792 2372
826	735 1004 9 1114
827	953 1073 1526 1332
828	1670 2443 2042 134
829	1536 634 1361 2102
830	1833 144 2075 1855
831	665 2005 2198 1302
832	2282 172 2227 669
833	1615 1015 177 606
834	174 579 804 920
835	589 135 60 1306
836	1824 979 500 2496
837	1490 2098 860 1713
838	455 1670 155 2024
839	1306 2400 1801 635
840	1871 2127 2334 268
841	1076 1428 1135 232
842	939 432 2155 2409
843	997 1298 259 1745
844	2458 189 13 285
845	1622 1202 809 359
846	1657 2134 2272 1906
847	1232 801 583 776
848	2305 1500 2030 1125
849	2350 1338 186 506
850	1610 1806 1723 1729
851	562 1259 1220 852
852	843 980 698 422
853	1221 2209 1202 1162
854	1359 1726 1292 2250
855	1818 2275 61 37
856	2480 2219 1603 2341
857	2280 1322 724 445
858	473 605 1858 2092
859	2153 691 1768 1450
860	1658 2352 1668 912
861	182 1412 1036 196
862	6 819 2482 1527
863	485 1410 355 1195
864	416 876 737 17
865	625 469 716 1051
866	711 628 2478 1280
867	121 1941 1795 339
868	744 2180 2175 1447
869	1021 2412 2178 556
870	903 1495 2080 969
871	2482 2137 1985 346
872	2190 2198 1137 561
873	1395 188 313 1536
874	952 1197 1887 2037
875	941 1278 1075 1960
876	780 194 2275 2229
877	1091 1258 2280 1037
878	2038 1581 1926 642
879	1953 209 763 686
880	921 2347 1772 333
881	14 991 1615 778
882	2430 417 1786 1627
883	1249 1928 1796 115
884	140 1901 1724 2254
885	1255 186 463 697
886	143 2442 1407 286
887	1006 2103 2032 2485
888	2052 1282 505 380
889	62 999 1847 285
890	1507 313 216 1780
891	2021 1648 1064 1493
892	1166 2210 895 807
893	2264 1217 2041 525
894	739 1786 466 1191
895	559 1586 497 480
896	1183 453 849 11
897	854 2441 1193 2393
898	1305 116 1196 300
899	143 1094 2130 2257
900	1620 1 2436 926
901	93 851 1030 983
902	419 230 2433 339
903	1703 195 1903 2458
904	699 2060 90 452
905	2090 2365 1538 2464
906	1203 1422 2301 558
907	1122 1734 582 1426
908	554 2391 2430 1068
909	1472 2120 1687 1675
910	118 373 407 577
911	1324 385 313 268
912	1455 1142 53 2343
913	1842 1336 2367 1327
914	438 1489 1424 153
915	1697 2040 1764 2332
916	2363 2452 2313 1249
917	888 242 332 1869
918	617 2127 968 560
919	757 95 2225 2013
920	749 1728 830 1615
921	1366 77 1712 2077
922	923 1483 2460 1084
923	734 659 864 251
924	1616 287 2390 277
925	633 1203 653 1532
926	569 1438 726 1194
927	2474 1291 1678 350
928	819 38 1982 2249
929	1814 1935 2425 1092
930	1992 1818 2335 2118
931	817 502 1782 382
932	540 992 129 178
933	515 97 454 47
934	34 1968 1543 2116
935	2029 2373 2435 827
936	1441 2471 1805 1883
937	2017 964 1526 302
938	1329 18 2217 1035
939	642 1356 1836 443
940	2159 2174 1847 1095
941	383 2044 175 625
942	736 1186 280 1494
943	938 1209 2382 920
944	1014 351 1592 2270
945	1907 466 2244 423
946	771 452 2386 2153
947	779 2408 933 1391
948	692 2107 651 1307
949	1575 1759 1701 1958
950	1639 1654 55 1503
951	1774 909 1464 715
952	1302 1474 858 2155
953	1846 1969 385 478
954	77 726 1610 1185
955	415 1742 122 1119
956	338 1519 74 2388
957	1193 634 1030 2406
958	837 1401 2409 1008
959	402 1555 822 2369
960	1179 383 1615 1492
961	444 323 1992 2327
962	287 2339 1959 954
963	2055 2330 130 1298
964	2428 1266 742 1180
965	629 1507 266 167
966	2201 258 2156 1064
967	286 1650 833 2126
968	968 6 237 239
969	1608 2210 2489 545
970	1464 1772 1500 748
971	756 489 1701 1136
972	2270 2011 246 1972
973	1447 2471 1736 1940
974	2026 2267 755 2183
975	1968 150 1567 2392
976	2106 940 661 484
977	2066 1807 1081 1422
978	1065 771 1164 563
979	1654 568 1500 1822
980	1938 2156 2480 135
981	2364 960 472 1318
982	1949 398 1958 2127
983	1458 360 1940 101
984	879 2089 170 648
985	618 2363 1634 2322
986	1710 2067 1990 1494
987	2032 2096 2318 388
988	266 271 197 958
989	1086 1872 1313 672
990	1867 2335 991 456
991	1290 1905 1288 133
992	2477 1449 1528 522
993	374 2429 1312 148
994	2067 1787 1542 1018
995	1683 657 1334 1739
996	1282 779 2015 2445
997	2250 972 1885 267
998	1618 1073 998 1100
999	501 2067 2132 34
1000	1623 758 189 881
Students	1000
1	1669 1104 818 2072
2	1392 1116 153 1588
3	2309 1403 2167 5
4	2008 2276 1424 2356
5	1374 1808 565 1908
6	1660 692 195 2094
7	672 450 1072 130
8	2441 707 1045 2499
9	2390 2230 2301 2030
10	2100 1244 266 2123
11	1728 2204 1842 443
12	2362 2312 394 1371
13	217 315 1666 6
14	1657 801 854 146
15	380 457 726 13
16	1624 794 748 2356
17	739 671 61 2338
18	2264 123 1672 2444
19	1026 1068 2017 2490
20	2489 1150 2305 328
21	915 1926 2168 536
22	982 2312 2274 348
23	1651 1241 234 1427
24	1832 215 550 1870
25	1038 1393 2196 1208
26	197 167 810 1645
27	969 939 2397 1682
28	480 823 348 863
29	437 2482 1741 1324
30	439 1258 219 595
31	816 929 1104 2107
32	2040 1070 2343 424
33	1641 917 286 414
34	963 1314 1790 1582
35	1610 99 2246 355
36	1690 879 1948 326
37	1124 1457 2495 2097
38	1403 2146 1654 2091
39	1833 281 1820 1257
40	1047 1118 1760 2109
41	412 2425 2072 451
42	908 948 1385 1312
43	597 2477 1938 846
44	828 1204 1417 2267
45	1913 993 93 2370
46	1799 953 2009 1272
47	500 1466 1732 1249
48	1169 1706 2006 1980
49	2001 283 1326 188
50	412 1528 1375 573
51	1093 1448 2005 2251
52	75 1618 268 17
53	1977 2478 195 1939
54	927 1447 413 1389
55	1400 943 585 1011
56	1098 586 973 1030
57	672 245 1171 2287
58	1091 2167 1995 1032
59	571 861 960 1999
60	1987 1984 1448 2119
61	564 1930 1469 268
62	1873 1095 1670 2
63	1353 204 2435 2351
64	1649 886 396 1135
65	2448 1571 2102 606
66	1227 427 238 1581
67	1724 2062 613 994
68	908 1587 1231 852
69	1753 426 1423 994
70	251 294 1198 1131
71	604 631 194 472
72	664 2457 808 1222
73	307 2331 943 871
74	647 553 1757 1407
75	1749 646 159 1068
76	1673 1531 40 101
77	400 829 1315 313
78	545 1189 1712 809
79	504 1215 2064 2428
80	816 1879 1024 903
81	1182 1623 2016 838
82	1327 1932 127 2100
83	1244 1701 272 1000
84	1823 1402 918 1323
85	512 2064 1380 486
86	1278 2313 373 2304
87	1448 382 1101 2270
88	1561 2347 929 336
89	1026 2466 1746 1214
90	2447 1487 2202 39
91	1481 2284 956 2347
92	1111 1446 1930 1360
93	2309 2199 133 2235
94	277 316 172 2243
95	2286 681 1674 1627
96	1492 2207 1296 50
97	1675 1626 465 1076
98	1169 1291 838 319
99	1290 2386 1912 1344
100	2014 1525 1223 844
101	1703 1564 1489 2249
102	1267 18 1791 1390
103	2498 91 1544 1982
104	2343 884 1898 1996
105	769 100 171 1541
106	376 127 1203 951
107	2320 631 1656 613
108	39 575 1001 1952
109	977 2178 964 2084
110	565 1544 2194 1343
111	853 1176 842 2381
112	891 945 1669 565
113	989 543 1975 1447
114	2114 260 1958 1107
115	1416 967 1656 1942
116	44 347 1671 1753
117	1885 2220 2187 2177
118	97 787 1193 879
119	1811 1866 1670 1340
120	17 68 2144 2332
121	2335 348 1999 1271
122	514 659 28 2138
123	1361 1582 1724 1374
124	2337 2153 2405 2404
125	2432 1801 2496 2245
126	519 1956 2245 716
127	929 1585 2096 1684
128	153 1640 446 761
129	1228 1669 1972 1561
130	409 425 233 132
131	1246 2321 414 363
132	2295 389 1861 1940
133	1092 1283 1347 1804
134	661 948 1227 422
135	495 1502 780 2077
136	2393 258 568 2144
137	151 2103 771 2119
138	430 1174 1020 1250
139	203 1826 1692 1743
140	2274 1569 329 1910
141	2204 901 299 2073
142	2069 806 1942 1245
143	1674 139 982 1496
144	2000 864 1684 1496
145	1611 2309 665 678
146	1802 2129 53 1097
147	753 672 1600 1761
148	2024 131 2036 606
149	1301 425 822 498
150	2382 503 2097 1093
151	1886 587 210 388
152	1057 279 2266 2185
153	150 1784 1996 2337
154	1610 1663 899 1884
155	538 1733 1191 1930
156	1393 2258 1370 645
157	1621 133 1177 1657
158	1294 806 1017 423
159	1181 588 1747 2271
160	1527 2378 1231 520
161	1166 1584 66 999
162	1778 1546 2075 1105
163	1154 1537 1971 1935
164	1555 1467 1774 2139
165	544 1823 1117 789
166	360 973 333 291
167	1361 1725 1821 2023
168	2460 657 2382 1573
169	287 199 471 1557
170	4 150 2191 518
171	367 1359 100 2368
172	1007 2216 1046 212
173	2223 1125 659 1204
174	381 27 1400 1309
175	1594 1479 1150 2110
176	102 1940 892 2454
177	2056 1363 1624 1587
178	1419 861 2455 1644
179	1440 1797 601 1014
180	98 281 1813 618
181	133 2370 1684 1817
182	138 1364 691 2257
183	1769 1889 2130 502
184	2148 2483 578 1826
185	1670 38 738 1285
186	2199 1937 278 1558
187	835 2084 331 1459
188	331 1143 921 2201
189	809 2248 1101 1057
190	202 1935 1926 2111
191	2353 1080 400 1534
192	2407 218 714 1879
193	1025 316 1993 413
194	1395 1585 224 207
195	527 392 966 262
196	2186 152 1486 2446
197	15 1016 1842 909
198	594 2264 1171 1719
199	1985 1400 2052 952
200	2103 1891 1139 1525
201	322 1496 661 995
202	2224 1981 1081 517
203	1196 1364 733 1441
204	230 705 1368 2387
205	95 16 420 2325
206	1021 1043 1173 1394
207	1565 416 215 1396
208	1590 1342 1900 2068
209	1473 1093 1919 2017
210	1572 997 270 26
211	29 2142 1167 2018
212	1738 1685 1799 2100
213	2251 1724 2321 774
214	2461 560 1168 660
215	1094 1027 2279 2079
216	1212 175 1195 1594
217	2068 1009 621 2370
218	1466 394 1862 312
219	1900 620 118 2390
220	101 429 2446 546
221	12 1113 1454 651
222	1326 1699 921 1411
223	496 1933 1508 1401
224	57 2075 346 1829
225	1150 635 754 809
226	1250 1702 1956 437
227	160 2195 2269 252
228	1752 2458 1619 1012
229	121 2058 2436 2334
230	2470 2283 241 719
231	699 2217 1775 1252
232	1371 2017 2073 1218
233	541 625 851 1651
234	1730 1072 149 695
235	808 1243 919 1841
236	372 1720 410 894
237	2119 39 1942 597
238	2281 2487 232 2063
239	1193 1289 1700 1760
240	870 1612 802 479
241	482 1095 1597 2484
242	26 1820 866 370
243	1264 1093 2269 1747
244	2119 110 1992 2076
245	350 2397 379 668
246	615 1080 12 1204
247	351 442 1902 221
248	1699 1853 1270 1872
249	821 496 1882 121
250	1400 939 792 801
251	30 1228 972 632
252	2498 2337 657 2149
253	2384 134 654 310
254	1261 167 479 2228
255	2266 1654 472 2292
256	2000 1664 943 1518
257	1404 2056 1064 1779
258	802 1162 2461 958
259	474 689 411 564
260	1035 1094 2274 966
261	767 1641 1592 550
262	2304 1686 243 1111
263	1680 1164 1457 887
264	855 56 1986 1195
265	1996 622 211 2253
266	2329 1142 2328 888
267	2432 914 771 882
268	2466 1389 1763 669
269	1227 1024 1384 302
270	803 1615 1226 66
271	2314 739 1223 436
272	1686 381 977 2
273	1940 639 1570 1782
274	862 1081 291 1914
275	1887 1293 2213 1707
276	2218 2290 930 2276
277	807 559 1353 605
278	234 1699 1548 2223
279	2016 588 118 169
280	2039 1697 2229 538
281	1464 2057 2229 1869
282	983 1851 833 2005
283	959 2220 449 912
284	1502 188 655 1876
285	1661 708 1679 1939
286	103 1251 2139 1062
287	1211 11 1916 56
288	2192 1997 16 572
289	2343 1267 814 1940
290	1549 1550 1251 259
291	1241 428 737 1759
292	1185 338 1094 972
293	352 2481 1959 431
294	923 492 1817 932
295	371 2216 1640 1919
296	1004 304 1420 1330
297	2070 1579 1718 1692
298	2174 804 162 516
299	667 852 144 304
300	1175 2327 1236 514
301	943 1363 649 1655
302	1268 628 779 1580
303	355 1028 1321 951
304	408 811 1646 81
305	2439 914 1316 1652
306	2425 425 32 2098
307	1376 993 868 1331
308	1581 698 1542 2358
309	646 1567 2125 764
310	662 1904 1247 408
311	1849 730 2447 1371
312	2290 312 562 786
313	1311 433 2439 698
314	2460 169 1 1411
315	2301 1545 875 1560
316	1884 1998 938 1912
317	1764 1860 132 214
318	2047 879 1519 1237
319	177 286 1355 2500
320	1518 168 1705 1546
321	1298 370 849 1795
322	1385 2355 233 670
323	256 2031 603 1379
324	1877 1985 1905 706
325	1180 1709 1349 1323
326	78 695 2184 806
327	1719 704 1301 1465
328	1360 1576 8 118
329	1624 1802 2469 2195
330	2057 1578 1551 2493
331	751 204 1975 1354
332	627 1753 2409 153
333	1151 1497 337 918
334	1500 556 745 1771
335	685 1778 2486 1322
336	45 366 2002 1221
337	1910 631 108 1841
338	1093 1779 1607 1616
339	2295 1446 983 2264
340	2196 1530 928 234
341	147 571 2113 1823
342	1353 698 892 948
343	14 1972 1257 819
344	2216 99 2237 1920
345	1632 2500 942 1249
346	341 1926 1331 2471
347	437 1941 83 2410
348	1890 879 832 1866
349	2490 1851 1100 934
350	1265 1585 195 1542
351	121 181 2258 2060
352	1526 2198 2170 1294
353	1499 2414 1001 88
354	1044 1535 419 1389
355	296 1845 1654 948
356	1766 1578 345 1708
357	539 1767 204 1124
358	1065 1082 2446 632
359	1761 632 2261 2324
360	627 1880 276 679
361	512 304 398 232
362	1973 2306 601 2170
363	1317 2225 1272 1002
364	1664 1909 1868 639
365	676 1767 1273 753
366	2478 856 914 642
367	1756 2168 1945 1284
368	2304 1115 2134 708
369	2443 1294 570 2024
370	253 2105 440 1273
371	527 2005 2049 1301
372	2001 1109 1885 2176
373	1846 149 670 1994
374	1160 757 1255 1060
375	330 666 1860 2369
376	495 2390 1726 1410
377	486 1905 2265 2498
378	1151 55 418 1372
379	517 1165 1288 86
380	2087 252 223 2066
381	385 463 1239 1769
382	797 2428 334 1649
383	1305 841 1330 2034
384	2459 2008 214 1614
385	1335 969 533 1818
386	567 1478 2054 2037
387	916 1465 698 50
388	204 776 2402 317
389	2405 235 1887 1503
390	548 892 2202 900
391	1412 1188 1548 681
392	836 1675 930 1415
393	2438 1481 469 1680
394	1481 1438 2307 1277
395	2095 912 1427 548
396	1707 1949 1336 1908
397	2474 1265 1046 1984
398	2060 367 2485 989
399	2462 798 1607 1471
400	1847 2130 1845 1439
401	1164 2151 2455 1924
402	604 643 2005 1710
403	2368 747 161 835
404	1393 978 2127 2425
405	2350 248 264 2045
406	2317 563 2422 463
407	124 1822 1225 800
408	890 73 1753 171
409	2159 2405 659 1614
410	1483 2446 2067 93
411	2419 1191 30 582
412	1378 2055 1202 2388
413	1006 962 1671 2343
414	1067 2202 1326 935
415	570 1312 1406 1664
416	1777 2124 1426 585
417	1614 2078 1035 824
418	316 2203 1253 1482
419	718 2194 90 1408
420	757 552 1052 1505
421	2208 1788 568 475
422	1582 524 1190 1514
423	1230 1196 1792 1178
424	859 2075 995 2337
425	2213 2064 69 1893
426	714 229 1695 1750
427	1179 454 2105 697
428	770 1145 1810 1607
429	895 2290 1905 1180
430	990 512 2205 2229
431	1906 145 952 998
432	2305 190 2293 753
433	2 2153 534 1388
434	1177 2117 968 2232
435	1794 1436 910 1439
436	1737 1094 929 2013
437	2103 130 1870 381
438	1451 106 442 203
439	2499 1066 864 1892
440	762 790 2427 1390
441	1932 2320 494 1535
442	1517 147 1937 235
443	517 161 2072 1839
444	516 2446 2207 1083
445	1186 2042 869 1810
446	899 134 1436 2318
447	1098 487 1836 1209
448	163 1875 2317 1388
449	328 1210 1810 2359
450	1994 2064 1642 1673
451	2118 1990 629 962
452	2224 1900 403 199
453	1596 142 1622 2477
454	2123 2236 926 621
455	1178 1069 1612 1999
456	2426 551 1454 1388
457	530 576 1899 787
458	1400 947 465 2060
459	2289 2185 2136 1645
460	2475 2091 199 1423
461	1449 2299 1146 725
462	1423 999 1511 1732
463	1663 1012 2424 39
464	2297 481 130 1754
465	457 1902 2491 468
466	350 2438 327 2134
467	224 467 2275 1938
468	1391 537 765 94
469	149 332 357 620
470	602 1588 1462 1485
471	1096 1589 2227 2
472	2088 141 393 1852
473	848 1487 1646 1048
474	1032 569 677 1845
475	945 1841 1284 1322
476	623 4 2159 1106
477	1305 2286 50 1432
478	1030 1590 1934 1076
479	2175 1566 1381 2026
480	48 605 1967 1133
481	2423 215 266 669
482	2159 955 1001 1460
483	1106 2423 1948 446
484	2147 1536 2332 111
485	704 16 2012 952
486	1046 850 1347 942
487	393 2262 1011 2445
488	1138 1636 1893 778
489	1222 1781 1858 417
490	373 73 1126 1039
491	2040 1540 2405 648
492	70 1403 972 910
493	573 859 1506 1402
494	435 527 672 1146
495	549 1982 1823 2405
496	1443 2301 1645 2144
497	861 607 1806 1999
498	1862 1906 553 2034
499	1288 1323 13 1995
500	1713 711 1450 273
501	1401 2116 2381 1672
502	735 127 869 2001
503	2365 1098 2091 641
504	2474 2390 463 772
505	473 712 2389 2368
506	422 690 570 2250
507	1366 72 38 1100
508	1702 1433 2105 1444
509	48 2112 1066 2157
510	129 1275 1243 1182
511	1462 1508 1099 1649
512	1620 868 1159 2195
513	2061 1774 2305 1570
514	736 1010 402 431
515	2018 629 401 2467
516	330 103 627 69
517	413 1579 685 924
518	1662 1956 2452 1094
519	1951 1728 1761 511
520	2487 125 2139 809
521	1030 1139 1941 51
522	593 1504 1145 1713
523	2208 7 1243 2107
524	2443 424 292 1319
525	395 1607 1548 2470
526	1040 2484 423 227
527	1886 1374 1190 621
528	1378 2262 1903 550
529	1147 535 652 1676
530	831 915 1229 194
531	592 1527 550 2182
532	583 1048 1782 1932
533	1406 1922 1775 319
534	258 1959 2430 2254
535	325 1277 448 559
536	1174 1166 2263 1121
537	166 1224 2287 1213
538	1715 254 2171 2379
539	733 725 2097 425
540	1154 2267 1859 941
541	1677 734 1793 2200
542	811 1441 1577 1630
543	2257 478 2240 1364
544	1345 1634 1524 1033
545	2385 1353 219 30
546	2037 2308 850 234
547	2297 1259 1957 585
548	2356 371 129 341
549	2124 2404 1458 1574
550	231 111 939 1925
551	132 1366 299 466
552	368 1781 1399 1203
553	1871 1760 628 1252
554	2159 2260 2078 125
555	1992 2077 2318 143
556	139 926 159 1924
557	1001 1693 1058 1742
558	707 658 1116 663
559	764 1694 1705 1005
560	1775 2493 1387 349
561	112 1467 284 631
562	2268 655 194 1356
563	483 2098 1369 1563
564	914 2209 1179 1556
565	1107 821 2442 1287
566	1037 141 2437 1892
567	1334 2233 900 314
568	103 166 1868 953
569	1842 1626 80 1885
570	2085 2478 952 595
571	1557 1154 506 808
572	2295 68 1643 2133
573	793 606 1524 2114
574	651 84 581 263
575	762 1310 1635 1291
576	476 1494 2180 2027
577	290 1660 573 243
578	776 1074 2426 908
579	2260 935 88 1886
580	600 446 871 1466
581	18 1924 915 1322
582	1977 2048 1849 339
583	188 2481 613 430
584	595 1538 2405 2430
585	601 1357 772 454
586	822 681 1218 1664
587	281 2201 23 1177
588	1372 816 50 1351
589	198 1242 1434 660
590	2375 2433 1850 2407
591	1312 1588 1572 1246
592	1352 1347 134 1000
593	186 148 1429 513
594	2091 1315 180 562
595	2316 2000 1406 270
596	1670 1790 1324 1569
597	1613 1469 1242 2332
598	1911 255 1339 1031
599	1350 1952 1046 1857
600	2354 1361 949 2237
601	2239 2351 1582 2346
602	2367 2256 1437 1523
603	2175 2144 482 1096
604	370 136 1226 69
605	2103 1884 1356 2378
606	704 1652 471 101
607	847 1450 2083 458
608	1076 1859 1373 1297
609	1181 2093 2103 707
610	583 386 925 2209
611	2365 202 1164 2067
612	243 1965 2218 580
613	822 883 1290 402
614	2107 2374 205 622
615	603 228 2138 2452
616	1918 1700 550 2036
617	1281 1695 2491 1543
618	1508 2137 733 2397
619	422 1743 2372 1503
620	547 2336 1063 1406
621	785 302 1071 1879
622	465 1997 2120 4
623	1460 293 1411 482
624	1391 1596 1884 1870
625	2195 2243 2175 1068
626	646 286 455 1988
627	1218 98 1435 2080
628	1382 25 300 1654
629	1464 60 882 1813
630	2208 1110 393 1586
631	704 751 377 1107
632	713 692 908 2180
633	183 114 65 1798
634	578 1857 1346 2377
635	1510 2373 2304 54
636	1069 1206 1567 1144
637	186 1872 2085 967
638	1516 247 2180 669
639	1319 2418 250 1882
640	2028 169 619 538
641	1246 696 1099 1807
642	19 875 1998 2439
643	476 483 2336 506
644	294 806 2010 246
645	1078 787 865 941
646	1825 1777 153 775
647	365 574 140 92
648	2037 150 532 974
649	2444 551 1059 933
650	1828 2225 1806 391
651	2485 930 1384 2374
652	1769 267 51 903
653	312 799 761 1841
654	1903 1040 953 1416
655	206 2097 2151 1880
656	1756 1145 713 1063
657	128 1788 867 211
658	1217 363 961 272
659	854 2109 1960 1997
660	1662 486 1738 85
661	1393 779 314 1272
662	260 448 796 1099
663	1356 733 660 529
664	1174 1283 2024 2060
665	1354 2366 1651 761
666	427 1632 735 1787
667	1341 359 1707 1440
668	1543 1157 1451 1924
669	1756 1980 2092 932
670	1642 327 1990 1825
671	683 1755 2049 147
672	53 589 1340 846
673	2216 1109 1805 886
674	1097 1428 290 2276
675	1626 1029 1936 349
676	2098 288 701 2280
677	1905 861 1854 2041
678	1847 226 1602 1337
679	1228 2247 1113 991
680	1122 1051 493 2428
681	1858 1163 2297 142
682	592 2477 1276 2048
683	524 808 980 75
684	2362 133 1269 1992
685	849 988 1576 853
686	2127 1962 1049 1855
687	2381 784 416 208
688	1905 1224 178 1749
689	900 643 1490 1611
690	1044 453 1460 1839
691	694 59 1110 1324
692	720 789 1450 53
693	1596 254 115 510
694	1921 642 331 1565
695	1670 239 1335 1715
696	1457 1636 88 1050
697	550 1743 708 1149
698	2334 718 1138 1131
699	1068 1412 268 1585
700	1419 208 1636 475
701	432 2175 239 482
702	1161 2409 679 90
703	1912 2477 539 1480
704	726 2219 1512 1544
705	1134 2027 1799 2331
706	288 2395 1086 1100
707	286 875 2360 1082
708	357 1874 499 1583
709	1266 2 799 2350
710	916 175 1869 1717
711	2479 1187 664 1957
712	320 546 1160 642
713	1293 1681 462 874
714	1332 1058 780 927
715	2350 194 2367 1002
716	1386 1402 511 1489
717	1255 2410 262 668
718	1111 1076 425 108
719	914 1592 1422 1923
720	1908 2100 2455 988
721	1621 448 1568 2264
722	2339 1273 667 1229
723	777 1730 24 249
724	1878 796 1576 997
725	1495 2012 386 169
726	1580 1903 2 763
727	1172 799 2403 458
728	2021 1337 547 49
729	1458 525 232 1349
730	1942 238 2205 857
731	2477 2094 800 1969
732	1316 1627 1490 193
733	1501 434 1254 559
734	193 1274 161 2474
735	2210 33 1314 1332
736	1991 2291 2297 1515
737	118 1648 2393 144
738	2048 1285 1945 822
739	131 792 462 1109
740	1645 876 2008 2465
741	1233 1228 1456 146
742	1821 2270 2310 1520
743	702 6 1410 1541
744	280 2466 2485 2253
745	1291 2125 1140 97
746	811 975 892 1576
747	1791 128 1937 1739
748	649 692 1753 2202
749	1935 1843 2129 2060
750	1875 1806 1550 2363
751	1601 666 1862 240
752	961 1274 2480 1064
753	1862 2072 45 75
754	800 1052 398 2429
755	1477 118 743 415
756	2089 819 2220 2432
757	2006 927 1139 1806
758	677 484 684 1082
759	321 1590 2315 1833
760	2081 1762 144 509
761	1410 85 2243 1303
762	1137 1506 843 1819
763	2005 2165 242 1802
764	1361 2434 629 1131
765	1681 2198 1126 2413
766	2412 1669 124 303
767	279 1752 389 1955
768	174 1877 2192 525
769	1129 2126 1517 524
770	2324 978 1847 2209
771	1301 240 447 334
772	420 2157 869 2473
773	256 1136 190 911
774	2409 1044 2472 1877
775	2046 2432 861 111
776	2162 1529 288 110
777	921 1337 1635 117
778	40 775 263 858
779	959 830 1648 1640
780	725 2473 1290 1759
781	2115 754 1442 2403
782	1502 396 492 1044
783	366 2008 298 215
784	902 1688 2094 810
785	915 70 187 1431
786	1630 1242 2205 199
787	770 386 1604 5
788	448 2321 594 272
789	302 181 189 475
790	1220 1879 2252 850
791	272 1384 867 274
792	622 1774 1059 764
793	1159 346 677 79
794	1562 1729 359 1597
795	505 1539 48 600
796	2204 1598 565 1324
797	1393 2323 2494 188
798	1064 1509 2172 553
799	1081 1298 2096 2477
800	1005 1590 1164 553
801	737 1528 1615 1945
802	2075 419 330 1220
803	173 1821 1754 237
804	43 832 1899 1224
805	424 1852 1364 2413
806	1602 628 1725 1771
807	1989 270 1818 2436
808	1157 1548 393 2111
809	57 1432 1358 1162
810	295 252 2265 1781
811	16 1149 1922 403
812	1968 2268 1882 1436
813	2101 2253 1810 753
814	2153 1609 1051 1132
815	529 1935 53 1321
816	2228 2426 1676 1934
817	66 2133 2461 1287
818	548 2213 1520 1399
819	1497 1815 127 1316
820	1710 1122 156 665
821	2078 707 1043 2302
822	1800 1530 232 663
823	142 506 2084 2152
824	2418 931 49 2355
825	2138 1727 1772 954
826	631 2212 2098 833
827	516 2239 1579 763
828	1033 748 1338 622
829	2022 2038 37 993
830	2482 82 1466 2169
831	611 625 1973 1486
832	627 2286 2292 2121
833	2383 784 30 234
834	786 328 1628 325
835	1620 733 1955 1452
836	1294 476 733 1728
837	2231 485 227 2281
838	412 451 906 1865
839	103 351 258 260
840	2499 1126 275 26
841	1634 2250 2223 1453
842	1634 1146 1628 2323
843	1942 517 2033 649
844	530 2360 1889 2489
845	546 548 1579 419
846	2085 1934 1409 1498
847	72 1025 2101 28
848	110 1919 1789 351
849	2356 1043 2436 735
850	2308 1458 1796 1318
851	1132 2256 905 838
852	2308 601 2251 1317
853	1321 653 791 2064
854	1105 528 2436 2210
855	1776 281 2119 855
856	1544 188 89 1364
857	1227 2105 1960 1493
858	46 1559 2085 2051
859	1024 346 1495 155
860	93 2371 665 2017
861	683 891 863 2484
862	2099 1251 865 2401
863	656 1929 2152 2104
864	1616 771 908 620
865	1148 642 1899 1145
866	2483 1402 1320 2337
867	1282 1720 2141 1345
868	886 1321 463 1718
869	1846 1080 808 586
870	459 941 1462 833
871	2322 1486 728 2383
872	2484 1870 694 828
873	1418 814 1531 2290
874	1408 352 1082 1764
875	2295 904 497 504
876	1876 2493 1914 2477
877	1720 394 1722 1546
878	1666 284 763 1227
879	1404 1079 459 2380
880	407 1146 2321 11
881	2346 1627 1165 2090
882	1714 1802 1142 2
883	1547 87 1000 1833
884	1363 2397 255 321
885	73 2326 498 768
886	1438 1315 601 2105
887	2013 2494 2137 1863
888	2394 100 2012 2235
889	520 1263 761 1122
890	1813 1378 167 992
891	2227 456 2141 2179
892	196 517 572 468
893	2488 1210 2407 440
894	469 1658 64 631
895	1063 2101 1755 2066
896	1494 498 1238 138
897	1017 1119 543 446
898	1751 13 462 1744
899	329 1032 2313 1593
900	2479 967 780 874
901	1571 1305 2415 2483
902	1733 2086 1686 706
903	1420 1734 2236 1982
904	1584 2341 517 274
905	781 2365 624 280
906	617 498 2013 1484
907	1268 465 1170 1797
908	572 1447 1591 269
909	1551 1227 1192 1887
910	1205 966 950 1127
911	2067 74 1573 683
912	1838 1622 1723 887
913	206 581 1462 2133
914	2095 1473 1084 1277
915	1164 327 1911 1705
916	2117 1210 2485 693
917	1651 595 728 2232
918	892 2037 713 2449
919	1338 1206 329 695
920	1524 1149 1608 2091
921	342 1170 1213 1757
922	1982 1649 439 307
923	131 1943 858 1741
924	1502 1543 1732 311
925	49 311 1343 1777
926	1425 2238 2195 2003
927	2179 2279 1298 1246
928	2276 542 2289 2147
929	955 355 1488 2247
930	1420 2231 1030 228
931	870 1774 760 200
932	76 2116 175 1125
933	736 1978 453 2363
934	2368 359 600 706
935	1283 1132 461 2456
936	2477 2475 454 1423
937	1892 1480 1638 742
938	1245 1028 1433 2026
939	2014 109 2011 2427
940	874 499 1485 985
941	734 2492 907 382
942	573 675 1670 2300
943	1583 2215 533 1223
944	2182 646 1987 2383
945	1552 1388 1340 1517
946	423 141 608 284
947	775 2048 612 886
948	32 2470 660 632
949	121 1265 645 1065
950	1517 1259 978 1707
951	370 1693 1156 2023
952	1323 1473 2145 255
953	1299 49 155 538
954	594 1439 1544 2188
955	1851 796 914 729
956	2110 1656 1192 2053
957	1145 1324 2454 2360
958	2362 683 2219 1241
959	1803 489 1997 1337
960	2471 756 41 629
961	2068 2193 288 217
962	463 1069 2008 6
963	1344 2019 1879 2154
964	581 2280 2177 1876
965	148 536 61 2131
966	496 1892 745 931
967	46 1520 2492 1975
968	1869 1566 1183 219
969	1930 2192 1324 625
970	1304 1747 1174 819
971	1939 517 624 763
972	2243 1248 1604 1070
973	1065 1713 1810 2443
974	1304 1983 1092 1707
975	1801 2368 1995 1048
976	22 2094 1822 2053
977	842 945 665 910
978	2311 1583 863 2229
979	591 464 1980 2195
980	1789 837 2070 2187
981	1751 341 681 2176
982	1410 1633 2252 200
983	1963 2150 1573 321
984	570 2236 1358 1340
985	1354 1015 937 2165
986	2049 688 160 306
987	2471 454 342 2278
988	298 722 183 408
989	1873 1186 1893 1717
990	1164 450 1942 1398
991	1167 1311 1205 222
992	1208 130 1545 756
993	1504 1270 606 510
994	2271 1817 2146 1018
995	2426 2126 27 1446
996	1391 603 893 2140
997	1127 28 1849 985
998	84 1968 1111 414
999	1473 625 1126 1234
1000	386 2433 1264 1405
Students	1000
1	2040 1997 99 1278
2	940 31 133 1106
3	270 1784 2155 2237
4	1407 274 2136 220
5	2098 428 1392 724
6	1492 2357 159 795
7	277 511 535 264
8	586 415 1736 295
9	686 1900 260 502
10	319 1715 392 1714
11	1932 2440 76 1420
12	1238 1719 231 41
13	1061 1929 1713 2285
14	2199 2278 2291 224
15	401 1542 1873 420
16	634 778 1392 2204
17	370 32 1148 725
18	274 734 1119 1973
19	754 2301 1889 902
20	494 763 396 1038
21	212 2330 2041 641
22	1673 1506 1334 1368
23	2452 2299 2206 1077
24	542 2328 2304 2041
25	2201 2349 1733 142
26	1091 1621 2106 1213
27	930 736 855 385
28	1448 721 452 118
29	1279 1203 252 693
30	1003 596 2236 153
31	1673 1635 908 845
32	2499 191 1097 1591
33	123 1739 1096 1585
34	1250 1995 927 1988
35	2030 2002 442 1508
36	485 2177 2419 1094
37	1745 1349 1410 1863
38	243 1739 2121 601
39	161 2023 2075 1902
40	1956 1460 1334 1637
41	731 2399 817 465
42	1994 2009 1484 198
43	1445 1607 1060 1799
44	2285 1489 1335 1050
45	601 1540 2300 2471
46	2408 797 2137 1248
47	2017 2023 81 1801
48	92 99 1948 478
49	722 1141 2116 402
50	943 2381 2490 1866
51	713 2473 547 249
52	950 2470 955 1236
53	1866 1724 1316 154
54	1866 2133 193 2491
55	1288 2016 773 115
56	2406 1297 1213 1940
57	100 2400 2092 1780
58	2461 2200 1801 2355
59	2433 423 2075 118
60	489 2260 1992 964
61	1834 1941 289 931
62	1162 201 920 1848
63	1209 2152 1931 2494
64	997 1031 383 2396
65	968 1230 1031 2437
66	1721 1240 680 519
67	1181 744 1489 397
68	1978 1144 1469 1799
69	2215 973 77 582
70	131 1640 2051 1070
71	2110 1599 304 1103
72	1936 215 1559 1185
73	305 1671 1586 1296
74	1668 913 104 332
75	1237 1678 1854 1775
76	1452 91 1914 776
77	372 980 1161 2090
78	1024 1655 968 1340
79	1772 337 1467 177
80	1476 2173 1032 692
81	496 1717 1104 1183
82	1632 120 361 1229
83	2368 1089 1440 862
84	2246 2232 1662 1404
85	447 1871 503 406
86	920 899 164 329
87	1950 2256 1254 469
88	2342 2203 1861 2336
89	1351 1152 828 2091
90	1340 2237 192 928
91	2416 50 1405 1407
92	558 2056 20 1201
93	1589 1664 912 766
94	156 1629 371 2337
95	2340 799 7 1308
96	1376 453 1923 2215
97	2370 997 740 1123
98	1584 2005 1718 1963
99	445 2107 1931 1272
100	468 1051 1017 2012
101	2067 1579 1672 1830
102	534 1883 103 286
103	718 907 902 1547
104	2249 1899 1193 163
105	1499 815 1284 388
106	280 1051 2412 694
107	1692 1963 551 1408
108	2173 1058 2026 1865
109	489 2123 1680 2386
110	2059 1415 367 809
111	515 1007 1099 630
112	2028 2132 2007 961
113	1637 130 731 1573
114	190 808 360 35
115	578 2339 1427 2187
116	1576 978 2100 397
117	1403 1338 365 1945
118	661 793 1179 2076
119	1308 1954 1039 320
120	243 1046 1455 1131
121	207 1918 962 2030
122	1576 1564 2153 523
123	261 1822 2091 1752
124	2272 933 1045 1983
125	1935 1964 423 2147
126	1458 918 1839 1344
127	2136 2067 869 2260
128	26 1804 2342 2014
129	2442 2133 1146 1742
130	1477 540 2388 1817
131	1513 2025 1279 2208
132	1945 757 461 2164
133	2179 1456 1335 1675
134	792 400 779 2233
135	1074 1894 275 1583
136	763 1285 850 2245
137	2114 2378 664 656
138	1546 445 648 1302
139	2021 2467 2483 1081
140	201 645 1033 1789
141	1571 2468 1955 2427
142	1308 1894 999 1426
143	152 1183 556 40
144	1347 2175 586 688
145	1249 2265 344 2307
146	729 1510 1512 104
147	2408 1786 137 577
148	1259 633 1209 281
149	1843 1992 2299 2339
150	335 2333 1859 1828
151	478 2103 1891 1476
152	1741 2292 1080 1846
153	1806 74 2153 2004
154	1505 1820 679 1975
155	2094 1747 1636 1371
156	208 1624 461 2465
157	63 1347 1822 202
158	2401 1355 1136 28
159	457 2483 2249 1179
160	1218 1751 1256 712
161	1328 2271 1444 912
162	1994 1971 1909 850
163	183 1896 1564 430
164	2138 945 333 1751
165	1951 1765 571 1512
166	2383 636 1125 2474
167	330 898 500 2426
168	1912 1114 1354 2160
169	778 782 1485 223
170	1640 2200 1009 1569
171	935 1219 1069 139
172	1176 1729 535 209
173	2387 2058 2104 764
174	720 1099 2485 575
175	1565 270 69 1563
176	1792 2372 2277 2315
177	2160 1478 2057 1990
178	288 70 990 1326
179	1678 1403 2360 1370
180	1972 200 1252 2062
181	779 632 1174 932
182	1461 1216 375 599
183	685 703 773 1335
184	1302 1747 637 1290
185	1359 787 235 758
186	102 437 2424 1145
187	1235 2082 323 132
188	601 1615 1807 877
189	554 1584 1964 835
190	2378 1802 96 2409
191	2388 572 4 1224
192	2161 1233 1455 1963
193	602 920 859 1652
194	2483 1636 776 732
195	2427 1828 1097 678
196	1566 1472 194 1500
197	2396 615 1103 524
198	1503 154 1412 1992
199	1739 1489 1514 2389
200	381 1050 2345 1621
201	295 529 2398 2116
202	2037 1641 531 243
203	1765 1156 1364 1313
204	2152 769 2236 468
205	4 2005 1702 928
206	1337 2291 305 1534
207	1685 897 521 912
208	2271 1758 449 214
209	1504 2057 1975 1044
210	1322 435 2384 235
211	101 1271 2103 1668
212	386 1532 1604 1169
213	2102 403 2165 1531
214	1960 2027 1914 798
215	2138 1041 1421 643
216	2167 2271 861 1470
217	318 2036 782 1550
218	148 2363 2236 1031
219	462 2320 550 165
220	352 1387 1965 2477
221	1964 1179 1036 2304
222	1821 657 897 1052
223	1889 562 1820 1868
224	640 38 300 625
225	344 560 1157 1134
226	665 2200 746 269
227	1843 2398 1634 445
228	1105 903 2489 2129
229	700 598 1605 1159
230	2435 972 483 290
231	2082 2474 1669 2054
232	1936 2126 2275 7
233	2089 1208 1547 488
234	1983 1187 2189 2363
235	192 1051 111 505
236	445 2484 479 1090
237	545 2047 51 676
238	753 1883 1453 1005
239	26 2263 1226 2427
240	1887 966 2492 1237
241	478 156 634 2196
242	599 1796 1373 1152
243	342 1041 2173 776
244	2285 2031 2376 151
245	1911 2088 859 339
246	439 2381 2303 1765
247	2061 2366 1612 1634
248	59 1006 760 290
249	1753 718 1859 576
250	346 2456 2360 1958
251	142 2097 263 2424
252	1387 2141 1873 10
253	454 66 756 542
254	826 1098 1834 1331
255	1762 1776 1706 228
256	2373 16 635 1669
257	1011 2092 2084 1415
258	655 1007 243 1830
259	535 434 2354 2090
260	1681 591 1405 1101
261	394 39 2432 2118
262	2273 214 435 1574
263	2207 2024 118 2237
264	457 1314 563 434
265	1626 1034 678 349
266	1837 619 2235 1704
267	331 265 1945 1848
268	1962 357 758 1895
269	344 1269 1778 130
270	1699 2457 1283 451
271	1071 785 1015 64
272	1477 635 267 850
273	301 227 1128 1166
274	1941 1807 1741 1932
275	1067 13 607 166
276	2410 1541 1950 407
277	1025 2403 679 2031
278	2447 236 1265 2287
279	1867 21 1462 2192
280	1420 1125 394 1511
281	2084 165 33 1010
282	207 2139 1088 1750
283	1847 184 727 22
284	50 1286 936 1774
285	953 1176 1986 1813
286	1144 652 1984 534
287	325 1462 2348 992
288	2259 1792 370 78
289	1746 2046 180 234
290	1073 125 811 1572
291	1165 862 1085 1288
292	1022 910 2405 85
293	764 1045 981 1237
294	2131 1895 859 2300
295	1444 701 1685 1667
296	242 324 1889 629
297	519 216 1965 166
298	1425 2184 1254 2128
299	1655 575 348 2353
300	1163 1800 1046 1303
301	480 2380 1671 835
302	1003 261 2082 2256
303	2362 303 2209 146
304	1465 1533 957 193
305	999 1638 909 1336
306	1399 628 70 97
307	298 284 1698 1443
308	838 1265 2169 1343
309	2499 1587 1520 1594
310	1592 1104 252 1217
311	63 1295 719 471
312	2455 849 1431 179
313	130 1118 1638 2265
314	1383 1840 2180 2319
315	697 1400 270 167
316	403 110 2187 712
317	2219 758 2094 229
318	294 873 2388 1912
319	1993 760 1712 1250
320	1237 917 2078 1492
321	1468 680 1759 1546
322	227 2 398 950
323	1107 766 2035 685
324	955 1074 1324 409
325	988 2085 228 875
326	2241 349 1234 1336
327	563 2021 591 1331
328	1825 2192 1499 1530
329	366 1838 1878 1960
330	938 136 487 817
331	1963 1358 394 214
332	1610 1893 2314 339
333	101 806 960 1947
334	567 298 1126 919
335	267 1163 201 968
336	860 1279 2167 1818
337	859 2027 511 387
338	82 1698 1886 211
339	1665 2439 1726 1648
340	2075 1731 1337 1476
341	2129 425 982 1918
342	20 823 142 768
343	1192 1138 1952 2200
344	163 765 2321 27
345	489 1426 138 2260
346	2170 1480 362 1394
347	1853 433 1142 1527
348	1740 2224 2441 551
349	802 1458 1357 252
350	1171 625 2313 1732
351	137 2218 267 1443
352	1796 1977 127 1813
353	1435 646 1804 248
354	2069 1335 2039 954
355	1759 2192 1606 1563
356	1900 1697 985 708
357	2453 752 2267 1467
358	2471 1129 1539 626
359	25 1609 963 1912
360	649 1794 1927 1856
361	1054 1421 1822 1479
362	2110 123 1369 2210
363	1378 1778 285 2482
364	218 2345 1338 557
365	2034 450 1655 1882
366	1073 592 1259 535
367	2404 1843 1691 2062
368	546 1057 1245 751
369	2405 827 1767 1424
370	2129 371 2253 2474
371	803 1522 141 1617
372	2471 2171 24 1265
373	726 2361 1922 411
374	2158 70 830 1103
375	1385 677 777 1849
376	2464 1020 1965 817
377	1669 1830 359 810
378	2161 1891 488 496
379	1825 1841 306 2496
380	1813 1879 24 90
381	1298 1317 492 1159
382	1471 1698 2415 1069
383	1483 1927 496 1532
384	1187 2355 1234 2334
385	1655 12 1492 1011
386	2436 1687 35 972
387	2195 2472 2458 574
388	2154 688 2365 2095
389	1388 378 1727 283
390	2454 1579 329 2185
391	579 870 1026 923
392	358 472 1534 2245
393	2283 235 2181 1999
394	868 1898 448 583
395	2025 709 1660 277
396	670 424 2113 171
397	2151 401 113 19
398	1362 1037 1285 2353
399	2151 2421 437 799
400	265 2443 897 2060
401	213 686 1297 1522
402	1107 914 255 2298
403	2152 1089 805 2335
404	1190 1846 614 2370
405	1677 136 2366 2064
406	1057 1662 1217 147
407	80 1396 1406 210
408	2132 1786 2499 1189
409	1375 575 354 1745
410	2389 1420 30 1669
411	709 288 2412 143
412	2195 1956 258 308
413	1946 585 2200 1547
414	2233 408 2422 1952
415	2302 1101 907 962
416	146 2369 2396 1973
417	146 222 71 2119
418	2450 1610 1421 1386
419	1665 967 1528 1413
420	690 1049 492 2383
421	546 2373 1506 349
422	831 990 2275 488
423	2050 1499 1637 493
424	2483 168 1634 150
425	1432 2280 1491 2214
426	2246 827 865 327
427	1574 826 985 1349
428	694 744 1351 549
429	927 2399 1713 1021
430	369 330 2268 957
431	423 714 1411 1918
432	75 1638 1505 2008
433	1899 366 377 775
434	1225 877 1758 863
435	790 615 253 1114
436	98 1759 741 1919
437	2421 993 1546 39
438	474 1297 1119 1068
439	1554 1110 1794 2475
440	1873 2444 681 1985
441	1602 1315 1162 2255
442	1908 1766 1322 667
443	394 2347 1655 326
444	2146 167 1739 1418
445	1295 849 2462 1667
446	328 507 702 1187
447	1610 1197 2209 1633
448	354 309 482 1952
449	2268 2347 1677 2055
450	30 610 911 274
451	1080 1465 183 2337
452	280 887 1149 1757
453	1575 1465 499 1156
454	809 2406 1054 870
455	382 2130 769 108
456	1024 716 2035 937
457	977 1857 2433 1752
458	1480 2468 1025 136
459	259 1718 664 1047
460	107 2166 569 1974
461	1896 368 792 1042
462	1551 917 702 513
463	1711 19 596 1034
464	2156 1726 1564 1540
465	496 112 1683 531
466	2309 1856 2266 943
467	1127 1491 1032 498
468	2236 2294 1214 784
469	2132 2334 1001 1791
470	1700 2375 1059 1890
471	1507 337 356 2049
472	1038 1656 60 1785
473	9 1087 30 1598
474	530 1174 990 931
475	2437 336 458 1010
476	2232 2308 1255 998
477	1040 397 2410 535
478	588 1018 1149 1307
479	2098 649 290 2031
480	449 867 1097 1164
481	2499 1686 829 2314
482	989 2315 909 1453
483	244 1963 1074 584
484	1440 930 1914 1249
485	1195 2361 2441 1664
486	2096 773 1397 1645
487	1671 419 2457 1248
488	1641 1417 520 2120
489	35 2117 123 1790
490	2035 193 1888 2045
491	357 2438 2059 2430
492	489 1069 1296 2436
493	1588 2327 497 1450
494	2090 245 2017 55
495	1656 1463 1164 58
496	821 1779 718 704
497	1154 2375 2218 243
498	1951 2196 1249 258
499	2324 327 304 88
500	618 2128 98 795
501	1216 1319 692 79
502	2343 1313 2082 1629
503	1920 151 54 1177
504	642 255 943 37
505	741 155 1955 582
506	439 1935 1726 1544
507	552 1613 1135 2248
508	1357 2141 1760 131
509	423 994 1591 192
510	2056 1866 2298 1422
511	1379 1366 2348 2396
512	539 1562 2026 1275
513	630 1544 368 1738
514	959 2374 437 685
515	1340 1506 1263 1792
516	1612 625 1280 758
517	1615 1942 2228 205
518	1048 1995 2251 1565
519	2496 1531 485 802
520	2301 1244 1948 1083
521	309 1696 1932 2449
522	1418 1817 1261 16
523	1199 45 1213 716
524	885 2323 1343 210
525	146 691 1014 2251
526	1185 1179 1621 992
527	672 1869 27 1837
528	2027 1611 1461 1715
529	2300 1492 803 528
530	1332 1820 539 2456
531	651 1876 490 298
532	2258 1793 794 764
533	2323 800 1898 1146
534	1514 1601 1944 583
535	926 2453 1752 632
536	834 1042 509 2440
537	1811 1066 108 887
538	304 2080 1556 1749
539	1184 2154 1982 1688
540	2305 1342 489 2080
541	327 1352 1993 272
542	564 2329 1660 36
543	241 1213 83 1684
544	248 1051 1312 407
545	968 2194 1259 42
546	2202 2012 1988 2094
547	811 215 2239 1237
548	2269 1277 1428 1860
549	1055 2311 397 1251
550	212 2363 1264 1820
551	1648 1348 524 1400
552	1974 1278 1857 160
553	78 667 25 1536
554	1835 2062 480 1976
555	2290 1367 1816 1745
556	1211 1411 772 127
557	469 1934 1175 2381
558	1316 2285 952 1273
559	898 2334 2248 803
560	1182 1029 536 2191
561	2376 981 488 783
562	1912 2170 477 576
563	2002 1299 1365 1119
564	1191 1463 392 2309
565	2235 2086 1127 2305
566	1471 1357 1860 2133
567	726 194 2272 1907
568	2162 1655 213 2199
569	1872 461 212 2406
570	1581 1205 1230 2321
571	2389 1173 2432 1528
572	1391 799 418 2103
573	2022 1850 2258 2118
574	2463 625 1077 889
575	2152 1121 1214 1264
576	1379 184 647 1725
577	2145 1135 1805 1823
578	1253 1858 409 209
579	719 1091 1449 1067
580	1612 1546 1396 749
581	2486 1281 658 1013
582	2338 743 2008 1344
583	506 372 2005 468
584	1008 1782 155 1059
585	1874 95 818 72
586	1497 1622 2366 1854
587	2335 489 1492 1015
588	1854 2009 1712 902
589	351 465 2280 726
590	1243 204 536 913
591	826 103 1363 2176
592	1685 2066 384 1875
593	1397 315 530 2427
594	391 766 242 408
595	2278 2378 2279 816
596	199 2195 113 213
597	1584 1674 1658 92
598	1485 2267 201 1321
599	1975 2004 746 2441
600	1391 1744 1431 2003
601	1157 1365 1168 1701
602	362 1019 786 347
603	952 2209 1150 571
604	1761 378 2480 84
605	2166 1448 676 2419
606	228 712 2278 412
607	198 1431 1176 1026
608	403 1846 974 1357
609	681 2290 10 789
610	1216 625 1856 68
611	101 1293 2291 2444
612	1926 1632 840 711
613	1370 1140 1943 1054
614	687 1039 1888 2369
615	618 2438 2004 423
616	702 2290 123 1599
617	1644 2097 224 99
618	1160 237 67 118
619	190 948 1158 1276
620	1663 1388 2060 1674
621	1260 2390 595 664
622	898 836 36 692
623	638 81 244 1051
624	1708 1573 975 1734
625	2216 2420 872 1122
626	2442 1884 403 638
627	847 2346 546 42
628	1003 1155 1831 411
629	1057 220 1346 1944
630	875 1441 993 82
631	192 365 283 1657
632	137 1341 670 188
633	374 626 737 942
634	2480 248 1273 1999
635	2020 1643 2053 1498
636	1107 2273 1165 1334
637	136 840 1879 2169
638	2088 209 1515 2005
639	646 508 1076 597
640	747 657 685 1009
641	116 2205 1904 1506
642	514 2020 370 2490
643	935 1083 1791 2386
644	820 2390 2330 404
645	296 1139 2318 74
646	1645 1926 660 499
647	151 814 1042 1111
648	2129 1719 91 878
649	1757 272 4 2231
650	1821 698 827 1919
651	2425 2150 1687 21
652	629 1591 2351 734
653	1191 1501 798 560
654	2327 1048 86 145
655	1752 664 1083 780
656	1643 475 2109 2349
657	296 751 407 860
658	1387 335 971 514
659	127 955 2046 1190
660	1400 1562 425 25
661	1936 2410 592 772
662	215 1024 1079 2449
663	485 2365 1995 1427
664	768 883 194 2055
665	579 1976 1606 1329
666	794 1998 1437 1844
667	2292 2112 1617 2116
668	1638 1500 503 1102
669	146 1118 71 1303
670	1150 1950 2060 1876
671	719 1611 14 709
672	2088 1552 2428 137
673	527 2472 2053 2377
674	2072 1680 875 1033
675	972 2347 1426 737
676	2024 2061 285 1796
677	2158 2096 1730 1283
678	2285 300 315 295
679	2493 807 1739 1644
680	1688 1041 434 2140
681	1162 657 1696 666
682	2263 911 1523 1999
683	821 97 1114 44
684	975 1061 387 426
685	684 45 1535 1084
686	2471 1991 1712 1082
687	599 1500 2204 1330
688	695 540 1598 2136
689	2197 214 1953 2141
690	2442 1335 875 2482
691	1266 2341 1540 1246
692	2482 2203 2416 616
693	1142 1704 2352 1411
694	238 20 2140 1634
695	154 2176 2316 103
696	2223 197 823 811
697	1930 2396 395 408
698	2462 1983 706 603
699	799 2419 2385 485
700	2474 567 2217 1717
701	427 201 186 13
702	604 444 1927 534
703	2421 167 1948 2386
704	2468 336 576 2275
705	194 1493 1365 850
706	150 507 2200 1707
707	2138 93 1024 375
708	2452 1123 2037 1074
709	1855 713 1999 2278
710	1979 425 1993 635
711	2121 1419 2400 474
712	2196 1321 475 848
713	614 2235 1304 1751
714	1227 2112 927 1738
715	2003 83 1408 101
716	1656 1500 348 1883
717	44 1161 1351 1947
718	1905 2122 472 1788
719	2493 1868 2002 12
720	2397 809 169 1558
721	920 362 18 1174
722	1182 2454 436 896
723	1768 350 1696 337
724	1501 291 594 398
725	1971 1720 608 712
726	383 1143 1068 1993
727	1842 1685 1105 909
728	321 2148 1759 613
729	68 116 1643 837
730	362 731 684 1333
731	226 1357 1908 1720
732	1043 2105 97 1235
733	473 1865 982 438
734	2040 848 1891 700
735	338 1125 201 2446
736	2180 165 509 2099
737	920 2411 1562 739
738	1029 1738 84 124
739	2225 74 333 649
740	2215 653 386 2017
741	1410 1219 1629 1760
742	880 1215 1018 516
743	802 1741 2428 1320
744	1241 599 95 2141
745	2222 2427 513 798
746	122 624 2398 1279
747	1925 2465 2444 1140
748	1095 184 1119 782
749	454 1581 311 1379
750	1050 32 1077 2246
751	1706 1714 1375 71
752	1929 1154 1787 1150
753	375 2149 728 1489
754	1602 2235 534 1925
755	708 1079 1503 1446
756	399 2321 2254 507
757	991 749 1824 2159
758	2260 1793 1325 2395
759	1506 302 1281 686
760	833 1862 2366 152
761	1687 290 1928 1327
762	1865 407 1672 2001
763	1411 1625 2073 1780
764	1981 803 2164 1645
765	2236 1240 2361 1012
766	2478 1188 1442 462
767	1227 1912 1394 1346
768	57 1814 2065 1856
769	382 2130 116 588
770	1963 378 636 1226
771	1055 972 265 2198
772	849 1803 142 1300
773	137 258 2423 2499
774	2249 100 694 1416
775	721 1786 1059 1255
776	2412 436 2471 777
777	1852 1134 2472 598
778	1377 2079 1169 2196
779	2425 1459 1692 2260
780	525 2316 667 1946
781	766 814 1180 1896
782	553 373 2433 489
783	1375 2369 102 1906
784	2171 1198 1346 587
785	1323 886 525 634
786	548 1820 735 1137
787	786 1101 1092 1121
788	475 232 369 1950
789	221 1525 2083 1724
790	2414 985 5 1684
791	738 875 761 1330
792	105 355 359 686
793	1743 1133 47 1220
794	622 2054 483 121
795	1030 1311 1826 1205
796	317 2070 598 1009
797	2061 1717 1104 2117
798	2329 718 2321 1522
799	1267 2486 1311 2493
800	915 1492 1547 832
801	2338 2277 1702 1885
802	2135 2248 480 160
803	2076 885 183 1643
804	2038 2137 1841 1782
805	1048 612 1346 1283
806	2284 43 329 1786
807	1931 439 118 2100
808	1805 2102 1249 80
809	1600 2063 1186 2127
810	1416 2108 1494 1408
811	2241 3 760 240
812	1482 1843 1224 1448
813	1937 1839 290 2290
814	595 993 653 5
815	1423 1740 1395 1038
816	945 957 250 1275
817	939 717 130 1853
818	936 902 2043 1748
819	1861 479 1646 221
820	356 436 1876 1948
821	2060 2003 908 2458
822	335 1255 133 1441
823	1739 2278 1384 230
824	2080 23 1406 2350
825	267 779 1502 16
826	2365 1645 1990 2482
827	1885 1029 677 499
828	4 910 368 154
829	1468 2096 414 1571
830	1086 1252 26 1311
831	866 55 1246 633
832	1534 2158 985 685
833	1750 381 755 228
834	1091 1380 1416 2401
835	2220 1299 1501 719
836	695 2313 1021 1724
837	1860 462 382 192
838	276 443 1116 1004
839	829 315 365 1138
840	1347 861 2481 1770
841	491 1230 1487 2081
842	928 1315 1027 1466
843	1048 896 711 2327
844	185 2240 787 2390
845	574 1098 1999 1805
846	337 1609 981 2052
847	2354 1302 1370 624
848	2313 807 1645 925
849	877 27 1843 1927
850	298 566 343 370
851	1387 2184 2294 1912
852	286 726 993 422
853	863 1018 186 48
854	455 1860 2166 1579
855	2386 1902 572 406
856	661 421 1490 1825
857	2359 2096 428 1877
858	1103 2249 2423 2205
859	1141 591 636 583
860	218 1815 2174 1528
861	2233 444 358 2289
862	1643 1630 20 511
863	727 2423 104 838
864	2124 246 1018 585
865	898 949 463 764
866	1562 682 1368 6
867	379 1170 850 609
868	463 1539 748 2434
869	2068 2070 1551 783
870	1391 394 1438 766
871	2027 2258 498 815
872	2149 854 1410 1653
873	2345 55 951 808
874	1745 930 1365 1415
875	2104 175 169 591
876	895 1069 1294 1896
877	2316 644 2178 170
878	1658 361 756 197
879	1890 680 2449 1424
880	1009 1542 950 1748
881	1482 554 1089 1257
882	571 1968 1008 1713
883	260 397 1642 410
884	1931 1276 669 395
885	2459 1624 2164 61
886	1430 1906 1566 1528
887	842 2028 1521 2500
888	47 1074 2402 622
889	499 1168 1687 234
890	501 2181 1655 1464
891	1220 1501 1410 2197
892	2435 2462 230 2262
893	48 162 211 1460
894	116 1969 678 1528
895	2410 1525 2041 825
896	320 1714 1628 2367
897	633 1563 2334 1046
898	1195 984 1063 43
899	18 1639 785 1081
900	659 505 2387 1482
901	25 1648 2427 779
902	524 1689 495 1557
903	474 1434 1236 2380
904	293 1159 1028 744
905	399 570 1712 871
906	282 1068 1268 61
907	1553 1898 1962 1934
908	672 268 2436 1597
909	89 1103 181 168
910	2017 1048 1639 2242
911	2103 1243 1877 951
912	80 2496 1782 1554
913	1840 1806 1446 1614
914	2041 534 2409 80
915	2458 662 1057 1893
916	344 1719 1820 1414
917	554 2344 524 2146
918	1052 437 1554 324
919	1780 1095 2350 752
920	2183 880 1413 1814
921	1748 1251 359 2400
922	710 2345 318 2064
923	1417 797 976 1449
924	1914 1401 499 1784
925	1938 1345 631 1861
926	1861 2425 2314 589
927	374 1852 1026 2202
928	240 1283 1853 145
929	2339 1587 1119 1065
930	1748 677 920 1439
931	486 170 569 2299
932	2092 2239 1535 203
933	1308 1533 1654 812
934	2027 2453 2151 1636
935	1993 1705 246 778
936	2165 1867 519 1302
937	1520 145 1332 1488
938	4 2303 833 723
939	869 703 801 1695
940	1383 2456 657 1418
941	1061 1344 278 1223
942	1171 802 1042 2370
943	2361 1450 678 1259
944	166 1169 1219 614
945	687 1839 375 2221
946	1698 681 2348 420
947	825 588 399 228
948	2482 1966 409 799
949	163 2366 2003 244
950	209 1665 1599 1365
951	1579 214 1073 620
952	321 250 1855 345
953	2211 1596 1949 330
954	1259 1577 534 908
955	1097 78 31 1383
956	1325 1850 1722 259
957	701 124 778 2488
958	1080 1882 198 327
959	22 360 2170 809
960	434 1071 186 1727
961	378 40 1094 1690
962	1765 1468 1212 1553
963	1583 2078 1253 1609
964	2068 685 1681 463
965	1016 1228 1211 2149
966	711 582 2108 429
967	1115 344 1004 171
968	2435 2334 1399 1426
969	2023 1175 1917 1479
970	237 2482 1045 815
971	540 1312 1486 2162
972	2227 1468 1212 604
973	1655 655 2120 941
974	453 973 1856 251
975	2253 1744 1862 2269
976	573 1550 1235 1170
977	608 830 2280 1139
978	1536 119 998 1090
979	23 801 1267 1461
980	1729 384 1458 1957
981	391 406 179 628
982	2250 561 96 1581
983	96 1746 144 841
984	1648 2071 920 1808
985	5 2093 1702 530
986	2112 3 1919 2036
987	1356 1903 25 1709
988	2141 1171 83 1499
989	75 793 2391 1380
990	285 1005 714 1833
991	1507 2311 363 2152
992	1036 1348 157 543
993	1719 1504 1228 1548
994	2361 2424 989 1136
995	1847 1671 1633 1040
996	2299 1327 1259 1819
997	547 600 1154 2205
998	1855 1393 1932 1821
999	1370 2277 2065 989
1000	752 1659 1922 85
