Course	Room	Teacher	Time	Students
007887	1 / 3	DVR	0470839	1	0171491 
008479	23 / 23	TAYF	0031619	1	0700408 3249725 3331179 3340797 3341634 3350812 3352040 3362442 3378849 3389674 3390102 3395942 3397334 3404732 3415407 3416750 3417791 3418117 3420837 3429733 3435922 3439564 3456994 
003275	4 / 7	TAYSEM	0695890	2	0750570 3437511 3440023 3457808 
003416	11 / 15	PK25	3443571	2	0825970 3404179 3418264 3436212 3437962 3442991 3451551 3458121 3462606 3479054 3485642 
003572	39 / 39	PK100	0897399	3	0825970 3218706 3223454 3250498 3312777 3314570 3316620 3329409 3337037 3339567 3340683 3340716 3342814 3352054 3353145 3354609 3358228 3358378 3396036 3396206 3397856 3402583 3404204 3404341 3404364 3404976 3412261 3412755 3413146 3414395 3414467 3414657 3416073 3417042 3417273 3417284 3417338 3449263 3459109 
013632	14 / 14	PK278	3443571	4	0825970 3314570 3319863 3404364 3412381 3412755 3425219 3426658 3430131 3435397 3438471 3441838 3442335 3457932 
008763	52 / 54	PK278	0428728	3	1086489 3375323 3429810 3430706 3431939 3441004 3448314 3450546 3451168 3455227 3455625 3458136 3458957 3460338 3461197 3462416 3462639 3464279 3465036 3465050 3466962 3468749 3469615 3471745 3475745 3475941 3476899 3478050 3479054 3479085 3479350 3479718 3479885 3480069 3480810 3481557 3481875 3481967 3483003 3483467 3483546 3484243 3485228 3485288 3485537 3485800 3485812 3486311 3486389 3486777 3487276 3487640 
004359	10 / 10	PK100	0847593	4	1089147 3412866 3418058 3435922 3441306 3452964 3461936 3465181 3484334 3486050 
003560	6 / 6	PK100	0031359	5	3093424 3375685 3402583 3416073 3418441 3463879 
007380	26 / 26	PK338	0987494	7	3093424 3094516 3337781 3340879 3343615 3357367 3388485 3396377 3405393 3415619 3417819 3429894 3432027 3432077 3434539 3440116 3442335 3449400 3453262 3454115 3455294 3460820 3461469 3464279 3474216 3483560 
009342	8 / 14	PK338	0031522	6	3093424 3221877 3339567 3389574 3405393 3416997 3432077 3434539 
012895	9 / 13	PK278	0428011	8	3250244 3328955 3344151 3357367 3395299 3398117 3411254 3411258 3440116 
008485	8 / 8	PK338	0031553	5	3094516 3331179 3381424 3390102 3396206 3396837 3397012 3404732 
008488	3 / 8	PK278	0031553	6	3094516 3381424 3397012 
013712	3 / 5	PK278	3474098	9	3094516 3343615 3381824 
007125	16 / 16	PK278	0162976	7	3099420 3227014 3339061 3351895 3374479 3402910 3404473 3406073 3414201 3416658 3417273 3425578 3426654 3437089 3438473 3438589 
007127	26 / 26	PK338	0162976	8	3099420 3198918 3250803 3255727 3330264 3330355 3339061 3341253 3342984 3350670 3351895 3352660 3363977 3396208 3402910 3404473 3405604 3405695 3406073 3411136 3413441 3414201 3415175 3415489 3419570 3425578 
009304	20 / 21	PK338	1137952	9	3103190 3251781 3252368 3342762 3342814 3344218 3350298 3350812 3355412 3362442 3367107 3395624 3397992 3402266 3411005 3412381 3413574 3417314 3437701 3462936 
013625	11 / 11	PK338	0029475	10	3103190 3223454 3329409 3352904 3353511 3355412 3362442 3389022 3404386 3412381 3437701 
013633	9 / 9	PK278	3555173	11	3103190 3255727 3411159 3414068 3415044 3426719 3464985 3481562 3486844 
013646	18 / 21	PK278	3481299	12	3198918 3227014 3250803 3331179 3377851 3397807 3405604 3411136 3414124 3417000 3422964 3431828 3435628 3454210 3458949 3460073 3463143 3463919 
002464	5 / 5	PK278	3208421	10	3146209 3338762 3414016 3415217 3431226 
002472	19 / 19	PK338	3208421	11	3146209 3248623 3261815 3330298 3337390 3338762 3358960 3366138 3396492 3398070 3405829 3411546 3412835 3414016 3414124 3415144 3417075 3418094 3458122 
003441	16 / 23	PK338	0897706	12	3364639 3412881 3413582 3417512 3422414 3423839 3432243 3434130 3437781 3443092 3451551 3451557 3453218 3453467 3459647 3483925 
004283	13 / 13	PK278	1165566	13	3198918 3236337 3340716 3344218 3397565 3406196 3416374 3421044 3423676 3452529 3454433 3456645 3576558 
006038	18 / 18	PK338	0031454	13	3212483 3281059 3331071 3359026 3404179 3405422 3418908 3429199 3432798 3437591 3440175 3440409 3443453 3451553 3457195 3460867 3462356 3464027 
006042	27 / 27	PK338	0554585	15	3212483 3281059 3331071 3341634 3404179 3405422 3412100 3412644 3413193 3413923 3414201 3417717 3420437 3425755 3426719 3430152 3430383 3430978 3433829 3433849 3436260 3436311 3437778 3439670 3441004 3461469 3463587 
009283	16 / 16	PK278	0854975	14	3212483 3331186 3337246 3339029 3396461 3397442 3401311 3404179 3406042 3406295 3418216 3441406 3442432 3457932 3458469 3461936 
010851	17 / 17	PK338	3470402	16	3212483 3281059 3366745 3375120 3412100 3413193 3413598 3417055 3418079 3431629 3436311 3437141 3437778 3438287 3457932 3461936 3462639 
003464	20 / 20	PK338	0599596	14	3218706 3250498 3328955 3331071 3352040 3356374 3381424 3399606 3417002 3426858 3432238 3435628 3437252 3439564 3441894 3456820 3457808 3457935 3459109 3464027 
011321	10 / 10	PK278	0028980	15	3218706 3330264 3340683 3344264 3352040 3377851 3390220 3417512 3426717 3437591 
011531	4 / 4	PK278	3475527	16	3221756 3404386 3404642 3481813 
012731	14 / 14	PK278	0032827	17	3221756 3404243 3405744 3413022 3417166 3425219 3426666 3426735 3429566 3433251 3433539 3436227 3439701 3440508 
013781	12 / 12	PK278	3557107	18	3221756 3319863 3355412 3402556 3432243 3432796 3446670 3455151 3460737 3462297 3462851 3480150 
001546	16 / 16	PK338	0031756	17	3221877 3330906 3339061 3397856 3402910 3405151 3431445 3438472 3441310 3463022 3463071 3464272 3469560 3479712 3483557 3485228 
007076	13 / 13	PK338	0031568	18	3221877 3330264 3339061 3350670 3402910 3405695 3412997 3413441 3416896 3426654 3438442 3439624 3463353 
001764	9 / 9	PK338	1061058	19	3223454 3409210 3413146 3413771 3416073 3443516 3460586 3462246 3466014 
012730	11 / 11	PK278	3554810	20	3223454 3227669 3329409 3396036 3397012 3404341 3404364 3404386 3422414 3434210 3436514 
006059	8 / 8	PK278	0554585	19	3224158 3236337 3358756 3359188 3366745 3413598 3414467 3418079 
007877	13 / 13	PK338	0031386	20	3224158 3438455 3441406 3450069 3452445 3463199 3464954 3476085 3480166 3480401 3481102 3481202 3486838 
008810	8 / 8	PK338	3571449	21	3226945 3416998 3417088 3426666 3431133 3433251 3437341 3438455 
008824	10 / 10	PK338	0031572	22	3226945 3331186 3339029 3358756 3404204 3411254 3412874 3416998 3417088 3417273 
013643	4 / 6	PK278	3470325	21	3227669 3416375 3438287 3463453 
006565	6 / 8	PK278	0031399	22	3231046 3418094 3422146 3438287 3439409 3450069 
006587	8 / 8	PK278	0031478	23	3231046 3340533 3352904 3372100 3384120 3406295 3417359 3418094 
002562	37 / 37	PK338	1168490	24	3236337 3274299 3360165 3372100 3412725 3423676 3424594 3429761 3430978 3431303 3432344 3434210 3437511 3439402 3439528 3444811 3452445 3453467 3455220 3455808 3458037 3462417 3462606 3463439 3464954 3465442 3479382 3480166 3480401 3483084 3483587 3484202 3484894 3485305 3485361 3486852 3576542 
006041	13 / 13	PK338	0213446	23	3236337 3281059 3359188 3375120 3411646 3425150 3426719 3431629 3436260 3441900 3455046 3460399 3482019 
002413	15 / 15	PK338	1051497	25	3248623 3338762 3405427 3405829 3424594 3429602 3437962 3438100 3438878 3442432 3454497 3460369 3460770 3462262 3462882 
012338	3 / 3	PK278	3448653	24	3248623 3396492 3414124 
001767	12 / 12	PK278	3474008	25	3249123 3342984 3358768 3382662 3426717 3431133 3431828 3439206 3453467 3456210 3481967 3487261 
009335	2 / 3	PK278	0031522	26	3250803 3255727 
001213	19 / 19	PK338	0031471	26	3249454 3322886 3339315 3340287 3340838 3341874 3358345 3380465 3396460 3396892 3397066 3398117 3405619 3413283 3417355 3424520 3430944 3431535 3431740 
001248	22 / 22	PK278	0031471	27	3249454 3340838 3341874 3351574 3351809 3354445 3358345 3364639 3380465 3393147 3396313 3396422 3396892 3397066 3405153 3412523 3413255 3414811 3415217 3417073 3417355 3440606 
008420	30 / 30	PK338	0125630	27	3249725 3339315 3347767 3389674 3415407 3417002 3417791 3421604 3431448 3431939 3432782 3433929 3435187 3435628 3435922 3438441 3439588 3441166 3447306 3456290 3462240 3465245 3480423 3481798 3484752 3485812 3486050 3486475 3487041 3487261 
008500	23 / 23	PK338	0132890	28	3249725 3340797 3341634 3347767 3350812 3352040 3352660 3389674 3390102 3390220 3395937 3395942 3396837 3397807 3404732 3405144 3412755 3414298 3416750 3417002 3417791 3435922 3437781 
011045	7 / 7	PK278	3213249	29	3249725 3381424 3417000 3438232 3439820 3455291 3485327 
001453	2 / 2	PK278	3555417	28	3250074 3250395 
001473	10 / 10	PK338	3555417	29	3250074 3250084 3250395 3251757 3255465 3344941 3358339 3366745 3397586 3417553 
002872	4 / 4	PK278	1084458	30	3250074 3254734 3458037 3462512 
001433	6 / 6	PK338	0031632	30	3250084 3340449 3416375 3438254 3441177 3455625 
001442	10 / 10	PK278	3098022	31	3250084 3344941 3358339 3397586 3413283 3429532 3432398 3436216 3454433 3459980 
010872	3 / 5	PK278	3098022	32	3250084 3251757 3255465 
001847	11 / 11	PK338	3483424	31	3250227 3319602 3375120 3380697 3396312 3413728 3415849 3421500 3433760 3434130 3439558 
006519	5 / 5	PK338	0031478	32	3250227 3250803 3418145 3425239 3435931 
010871	8 / 8	PK338	0168763	33	3250227 3343615 3352269 3405604 3411186 3438374 3458451 3462292 
002951	7 / 7	PK278	3421211	33	3250244 3330906 3342969 3380697 3415858 3417001 3459730 
005734	4 / 5	PK278	3556752	34	3250395 3422146 3429732 3442991 
011986	6 / 7	PK338	0004955	35	3417370 3425239 3455148 3461020 3481075 3483965 
003533	13 / 15	PK338	0897706	34	3250498 3312777 3316620 3337037 3342814 3358228 3363977 3417284 3424318 3424363 3426654 3429832 3435380 
011035	30 / 30	PK338	3452853	36	3250498 3316620 3343615 3417908 3428042 3429733 3430944 3434210 3438113 3438206 3441273 3442188 3445680 3455908 3456313 3457039 3458972 3460073 3461020 3461975 3462606 3474620 3475298 3476418 3478506 3482018 3483557 3483965 3559218 3576398 
003277	4 / 4	PK278	0675005	35	3251781 3329449 3342762 3449263 
005156	28 / 28	PK278	0493855	36	3251781 3347767 3352660 3414811 3417073 3418145 3424318 3428820 3429524 3429810 3437365 3441413 3442237 3443092 3443207 3454439 3456053 3456210 3459508 3459584 3460766 3462116 3462414 3462956 3483155 3483385 3486609 3486777 
005290	3 / 6	PK338	3555100	37	3339814 3389574 3454625 
004383	3 / 4	PK278	0989327	37	3375685 3414298 3453663 
005216	10 / 10	PK278	0493856	38	3252368 3366307 3415870 3429810 3435734 3440024 3453218 3455046 3463939 3486782 
011862	2 / 2	PK278	3555097	39	3252368 3415801 
002175	10 / 10	PK338	0168378	38	3253100 3363924 3382205 3396292 3411154 3411531 3413582 3415852 3433663 3440036 
006026	24 / 39	PK338	0431634	39	3254408 3330300 3354445 3364124 3375410 3389676 3395581 3405451 3411154 3411531 3423970 3439409 3441406 3446832 3456053 3459508 3466364 3476927 3478506 3483385 3486050 3576299 3576352 3576509 
013644	1 / 1	PK278	3470325	40	3254734 
004288	3 / 4	PK338	0031577	40	3255465 3340716 3436158 
002428	9 / 9	PK338	3452082	41	3261815 3367107 3396892 3415870 3417075 3420940 3424594 3438100 3463525 
001890	5 / 5	PK278	3312777	41	3274299 3340292 3396461 3405145 3413451 
001897	2 / 2	PK278	3448653	42	3274299 3405145 
006044	24 / 24	PK338	0431634	43	3281059 3358756 3359188 3405422 3411108 3412644 3413923 3415827 3418908 3420437 3425364 3425755 3429761 3431629 3433829 3433849 3436311 3437379 3440175 3441004 3441900 3455046 3459897 3460701 
001547	5 / 9	PK338	1054236	42	3311775 3351809 3440454 3487090 3576536 
002702	1 / 1	PK278	0031578	43	3311775 
005157	14 / 21	PK338	3555100	44	3366307 3395624 3397992 3404642 3429524 3435734 3437589 3438471 3442237 3448679 3460488 3461826 3485053 3486632 
005179	11 / 11	PK278	3461286	45	3314570 3340683 3344218 3355412 3365419 3366307 3411005 3414298 3429706 3433760 3435734 
001769	5 / 10	PK278	3099830	44	3315530 3375685 3431257 3433663 3487243 
002568	10 / 11	PK338	1168490	45	3319602 3364991 3379786 3397334 3416398 3417055 3432301 3435931 3436260 3459888 
006846	46 / 48	PK338	1167884	46	3331180 3375120 3375389 3375544 3382662 3389676 3397565 3404693 3411059 3416536 3419470 3421700 3430152 3430383 3430401 3431294 3431445 3431672 3432223 3432238 3434130 3435039 3435070 3435771 3436311 3437534 3438113 3439670 3441004 3441900 3443421 3455625 3458451 3458972 3460371 3461826 3461936 3462246 3462290 3462514 3463226 3463602 3463675 3463745 3463768 3487087 
004394	4 / 5	PK278	0989327	46	3319863 3417001 3425679 3455562 
004807	12 / 19	PK338	3092667	47	3319863 3340838 3412866 3433760 3438842 3439147 3455151 3457327 3464848 3484334 3484361 3576393 
002382	1 / 1	PK278	3555173	47	3322585 
004036	11 / 12	PK278	3442425	48	3322585 3417359 3423723 3437962 3442237 3453467 3454439 3460399 3463353 3463593 3483560 
012884	6 / 6	PK278	1167922	49	3322585 3406073 3411005 3442432 3448687 3483929 
001151	48 / 49	PK338	0031388	48	3322886 3405619 3417172 3418606 3429761 3430131 3431672 3435187 3439588 3439912 3441016 3447478 3451331 3451496 3451663 3452964 3454182 3456103 3457195 3459505 3459645 3460073 3462297 3462514 3462647 3463453 3463776 3464306 3466011 3476908 3478343 3480264 3480668 3480734 3481520 3481798 3483965 3483996 3484216 3484243 3484272 3484324 3484845 3484898 3485912 3486777 3487090 3487321 
001158	14 / 14	PK338	1020104	49	3322886 3337246 3341079 3351809 3363735 3405153 3413255 3415849 3417003 3430944 3431740 3439588 3461498 3467040 
013648	3 / 4	PK278	0605187	50	3322886 3338762 3405829 
008470	5 / 5	PK338	0695890	50	3329409 3440175 3455341 3461057 3483155 
002469	5 / 6	PK278	1051497	51	3330298 3337390 3358960 3412835 3431226 
002675	3 / 6	PK338	0468281	51	3330300 3354609 3423839 
004292	2 / 2	PK278	3092832	52	3330300 3416598 
004299	4 / 4	PK278	1165566	53	3330300 3369591 3416232 3416598 
010968	2 / 2	PK338	3555097	52	3330906 3342969 
001190	6 / 6	PK338	3556528	53	3331180 3393147 3422414 3455294 3462262 3464263 
011528	9 / 12	PK338	3475527	54	3331180 3339814 3393147 3397012 3412523 3416073 3427633 3439364 3452561 
011818	6 / 6	PK278	3213249	55	3331180 3358345 3417000 3442641 3459647 3462517 
004072	9 / 11	PK278	0031578	54	3331186 3337246 3339029 3351574 3353145 3366307 3397265 3414395 3431672 
011204	18 / 18	PK338	3557246	55	3331686 3337334 3339567 3341874 3343167 3396460 3405145 3412557 3415849 3419470 3430944 3431535 3439283 3439558 3444811 3454100 3462417 3463936 
001839	22 / 27	PK338	0898918	56	3334029 3363924 3378849 3380697 3396292 3404693 3413451 3413728 3416536 3419470 3420437 3421044 3430152 3430383 3431445 3432384 3435771 3439899 3445081 3456228 3458451 3459522 
012288	10 / 10	PK278	0409956	57	3334029 3395299 3405151 3411059 3415044 3415852 3416203 3421044 3438374 3455631 
005141	12 / 23	PK278	0493856	56	3350812 3413574 3451331 3452561 3457932 3462414 3462554 3464666 3475198 3478309 3486617 3576357 
013777	11 / 11	PK338	3556736	57	3337246 3339315 3369702 3380465 3413255 3431750 3438472 3458533 3458949 3461933 3462849 
013296	3 / 3	PK278	3474664	58	3337390 3416424 3458122 
007010	29 / 31	PK338	0162976	59	3337463 3397442 3405144 3417338 3425239 3426654 3427633 3436588 3439624 3443283 3446653 3453856 3454115 3454433 3458932 3458949 3459613 3459980 3461469 3461937 3462290 3462720 3463353 3463919 3463939 3476085 3486571 3576462 3576494 
011044	8 / 8	PK338	3213249	58	3337463 3397807 3419002 3429199 3439588 3452964 3461498 3463226 
013185	11 / 11	PK338	0125630	60	3337463 3415407 3418117 3420837 3421604 3429733 3431448 3438441 3439564 3456994 3483155 
012291	10 / 10	PK278	0409956	59	3337781 3340292 3365824 3389676 3395581 3397265 3397709 3404148 3405604 3435248 
004804	7 / 8	PK278	0348369	60	3338175 3415870 3457777 3458957 3467427 3485642 3485970 
006559	2 / 2	PK278	0031478	61	3338208 3463745 
008778	8 / 8	PK278	3194197	62	3338208 3416891 3418120 3426666 3430196 3442641 3479804 3565637 
013192	17 / 20	PK338	3459335	63	3338208 3341079 3365824 3375389 3378849 3389676 3395581 3396460 3397565 3397709 3404693 3405604 3413521 3416203 3419470 3430383 3431672 
012665	8 / 8	PK338	3332662	61	3339029 3382662 3411629 3412520 3415489 3416658 3417000 3417512 
001161	9 / 12	PK338	0031388	62	3354445 3413283 3417073 3432243 3435692 3439283 3439820 3440606 3463126 
013194	14 / 14	PK278	0058557	63	3339567 3354609 3374040 3397992 3414657 3430697 3432238 3435627 3438342 3449263 3459645 3462356 3463879 3463993 
007375	32 / 33	PK338	3474098	65	3340879 3352269 3363735 3388921 3396377 3417042 3417819 3418264 3420434 3425347 3429894 3430131 3432027 3433881 3436514 3438443 3439147 3439564 3440419 3440454 3441894 3446670 3447681 3449400 3450068 3453262 3457393 3459111 3461962 3463589 3463936 3474216 
007381	25 / 25	PK278	0031611	64	3339814 3340797 3342969 3344151 3396312 3404693 3406073 3417819 3420434 3429733 3435070 3437240 3439283 3440419 3446670 3448679 3455093 3455981 3457393 3458972 3459111 3462019 3462235 3463882 3464279 
006023	93 / 93	PK338	3470402	64	3340287 3429532 3433686 3436588 3437574 3438084 3438232 3439475 3439701 3443731 3445343 3448314 3451551 3451663 3454182 3454226 3455519 3456103 3456660 3457039 3457988 3458533 3459522 3459645 3460235 3460338 3460820 3461057 3461962 3462262 3462512 3462956 3463439 3464850 3464954 3465050 3465103 3465327 3465588 3467781 3468749 3469119 3474207 3474409 3474598 3475327 3475933 3476927 3478050 3478506 3478964 3479350 3479355 3480714 3480734 3481031 3481221 3481518 3481557 3481643 3481943 3481967 3482144 3482739 3483467 3483587 3483651 3483950 3484216 3484243 3484314 3484619 3484750 3484752 3485416 3485504 3485548 3485550 3485636 3485800 3486083 3486311 3486382 3486389 3486787 3486834 3487055 3487090 3487093 3487316 3487321 3487429 3487505 
013778	7 / 8	PK278	3556736	65	3340287 3396208 3413441 3423970 3432243 3440024 3458469 
003454	7 / 9	DAL1	0024092	1	3340292 3420884 3426858 3429732 3430131 3438294 3455519 
013181	1 / 6	DAL6	3469882	1	3396206 
001845	13 / 18	PK25	0031577	1	3340316 3366138 3382205 3396312 3397598 3417359 3421044 3432040 3435248 3439558 3439820 3440023 3456228 
003514	5 / 10	CARP25	0995587	1	3340716 3353145 3414395 3435380 3460766 
012729	0 / 1	SW3	3554810	1	
006524	12 / 15	DAL119	3451414	1	3340533 3396837 3409210 3414278 3430697 3431060 3431750 3432027 3437591 3439283 3481075 3486311 
011838	9 / 10	DAL2	0031619	2	3340797 3395942 3405144 3456290 3456994 3460737 3461057 3462414 3462416 
002992	67 / 72	PK278	3332662	1	3340838 3351895 3396460 3396492 3405427 3405695 3411059 3412725 3412864 3413598 3413980 3419002 3420940 3423970 3425437 3427633 3431535 3433686 3433788 3437329 3438455 3443283 3443453 3450490 3455046 3456660 3457195 3458339 3458469 3460369 3461063 3461937 3462517 3462554 3464100 3464272 3464850 3466962 3469520 3469615 3475745 3478343 3478691 3479945 3479961 3480067 3480836 3482144 3482194 3482263 3483084 3485416 3485727 3485970 3486083 3486133 3486182 3486250 3486501 3486569 3486617 3486834 3486852 3486998 3487035 3487040 3487266 
002160	27 / 38	PK349	0004950	1	3340879 3375544 3426735 3430152 3431445 3432238 3435070 3435384 3435771 3437534 3441900 3445081 3445680 3446832 3455719 3458295 3458451 3459522 3460867 3463526 3463589 3464027 3471745 3481419 3483467 3485288 3487041 
001895	1 / 1	PK264	0056992	1	3341079 
013295	6 / 7	EHIII	3474664	1	3341358 3365419 3374479 3404243 3405744 3417166 
005722	19 / 25	TH104	3556752	1	3341874 3436227 3438842 3440958 3454100 3462512 3464855 3465591 3466014 3467199 3474789 3476418 3476927 3482264 3484361 3484763 3485054 3486740 3486858 
003007	10 / 11	EHI	3473854	1	3363735 3388485 3413774 3417055 3418079 3426719 3431629 3433849 3454625 3455981 
007372	12 / 15	TH111	0603646	1	3342833 3381824 3411018 3412261 3437146 3437365 3454210 3455093 3459032 3464379 3483560 3487243 
001772	3 / 4	CARP17	3473979	1	3342984 3436212 3463126 
008800	4 / 8	BYC239	0031572	2	3343167 3396312 3433251 3435070 
007026	15 / 20	EHLEC	3556055	1	3343577 3358378 3415801 3416891 3423839 3438442 3438443 3439624 3441413 3446653 3456066 3474207 3478102 3480166 3486321 
013622	5 / 9	TAYD	0020093	1	3413283 3462955 3478419 3481031 3486632 
004885	8 / 10	TAYSEM	0672202	1	3344264 3352904 3369702 3401311 3402556 3406042 3413022 3439528 
011322	2 / 2	DAL10	0028980	1	3347767 3433929 
005724	9 / 17	BYC127	3392421	1	3347973 3397265 3426638 3442991 3446645 3455808 3456210 3461962 3477580 
001752	5 / 7	PK259	0416447	1	3350298 3451664 3481102 3481202 3576531 
002383	2 / 2	TH121	3473854	2	3350298 3458452 
010961	6 / 8	PK354	0216539	1	3351574 3382410 3395937 3402266 3405144 3413146 
002657	1 / 2	PK337	0138190	1	3352269 
006500	12 / 17	EHLEC	0031399	2	3352904 3418094 3457917 3463011 3463188 3463524 3478297 3483996 3486844 3576379 3576527 3576569 
006506	3 / 3	PK259	0138190	2	3353511 3414657 3462116 
001838	14 / 19	TH104	0056992	2	3354445 3412261 3415217 3416896 3431303 3453218 3455291 3457039 3462872 3464379 3465245 3479804 3481607 3485803 
004274	28 / 38	CARP21	3092832	1	3354500 3356374 3377851 3412549 3416375 3418058 3418216 3423676 3429834 3430786 3431939 3433539 3435627 3437011 3451724 3459972 3462237 3462298 3476860 3478713 3480382 3482396 3483557 3483996 3485931 3486141 3576325 3576470 
001763	10 / 11	BYC239	3474420	1	3358228 3364124 3412100 3426658 3440687 3443092 3444491 3448868 3462293 3475445 
009299	1 / 7	BYC106	3092667	1	3415627 
002637	4 / 9	EHII	0827051	1	3358345 3418908 3429894 3438374 
003421	9 / 14	DAL119	0024092	2	3358378 3396036 3404204 3424318 3443731 3446645 3457231 3457935 3478951 
013059	1 / 2	ROSTUD	0031582	1	3358768 
004835	13 / 18	PK180	0032827	1	3358960 3397992 3414205 3437089 3439475 3442432 3454226 3454494 3455227 3455631 3459823 3460134 3463587 
011533	3 / 7	PK300	3213249	1	3396208 3411629 3417370 
013621	15 / 28	PK243	0031347	1	3359026 3416598 3417135 3429566 3440508 3441310 3455220 3458087 3459897 3463525 3464398 3480935 3482019 3483929 3487276 
003006	7 / 11	DAL212A	3555173	1	3359188 3404196 3414068 3417001 3423723 3431651 3432796 
003014	18 / 21	CARP21	3332662	2	3363735 3396208 3406196 3412520 3423723 3429834 3430706 3432798 3433961 3438102 3453856 3454226 3454433 3458932 3459613 3459635 3460134 3463851 
013614	5 / 11	TAYG	0375562	1	3404642 3413451 3425150 3439701 3458932 
007909	4 / 5	PK10	0910346	1	3363924 3421700 3432782 3439158 
013660	6 / 12	PK336	3469882	2	3364639 3413146 3429832 3438119 3457393 3476860 
002572	6 / 9	TAYB	0477036	1	3379786 3396313 3411646 3416398 3432301 3576507 
011529	13 / 14	PK336	3475527	1	3364991 3404386 3417042 3417097 3417338 3436514 3443522 3457393 3458441 3462240 3463936 3465181 3467452 
013658	2 / 5	RCCON	3393847	1	3435931 3436260 
002444	1 / 2	TH251	0989327	1	3417075 
013154	7 / 9	CARP15	0468281	1	3365824 3437574 3438206 3460073 3480069 3482018 3576313 
004280	9 / 11	PK229	0031577	2	3369591 3375323 3416598 3426858 3429532 3432384 3435248 3455690 3459523 
012354	4 / 4	PEMSTD	0492321	1	3369591 3404341 3405151 3440175 
004735	7 / 8	RCSEM	3470325	1	3374040 3441838 3442188 3458533 3460757 3461975 3463524 
005286	1 / 3	PK328	0493856	1	3429524 
002151	68 / 135	PK338	0428815	1	3375323 3405451 3417108 3421500 3428042 3428608 3432223 3436216 3436588 3437240 3438113 3438232 3438254 3440419 3441177 3443421 3445738 3448679 3451168 3451663 3453445 3455625 3455690 3455908 3455915 3456089 3457231 3457873 3458176 3458972 3459523 3460235 3460338 3460488 3461826 3462297 3462514 3462647 3462817 3462851 3462896 3463071 3463226 3463602 3464327 3465103 3466364 3474620 3475198 3476797 3477824 3478309 3478747 3479976 3480375 3481203 3481221 3481875 3481943 3482739 3483651 3484314 3484887 3485169 3486379 3486782 3487321 3576572 
004279	2 / 11	DAL25	3447501	1	3416232 3429532 
006029	48 / 59	PK100	0213446	1	3375389 3406196 3414201 3429199 3432798 3433961 3437141 3437341 3438102 3439147 3441016 3441166 3441306 3448687 3452445 3453352 3454059 3455043 3455148 3455341 3456677 3458136 3458250 3460359 3460399 3461936 3462228 3462242 3462246 3462356 3462639 3463011 3463022 3463143 3463188 3463389 3463593 3463675 3463745 3463768 3474140 3479718 3480401 3480710 3482198 3483638 3484990 3487732 
008769	22 / 43	PK20	0428728	1	3433881 3440606 3447681 3451553 3452529 3454115 3456290 3456820 3457777 3458049 3459613 3462270 3462849 3467427 3467983 3475933 3480732 3481354 3481518 3483385 3483925 3487621 
002941	5 / 9	PK227	3421211	1	3452964 3455419 3459730 3474463 3479838 
004011	38 / 42	TH110	0856065	1	3375410 3412881 3417314 3425347 3429832 3433962 3435734 3450068 3451331 3451557 3452988 3453472 3454476 3456016 3456103 3456313 3457327 3460586 3461057 3462458 3464263 3464666 3464848 3467040 3469560 3474409 3474598 3475298 3476908 3477014 3478951 3481607 3484202 3485305 3485548 3485549 3485550 3486787 
004832	8 / 15	DAL300	0053518	1	3393147 3424594 3433251 3435313 3437589 3454497 3455291 3462872 
002567	1 / 5	PK128	0031454	1	3559218 
012300	3 / 5	TH223	3195964	1	3437962 3438342 3459647 
001206	6 / 8	PK200	0254151	1	3380465 3396422 3412523 3417073 3455058 3463776 
002162	11 / 14	TH102	3572496	1	3381050 3388921 3416536 3417172 3430401 3431294 3431449 3432344 3435039 3439328 3459505 
002164	0 / 10	TAYC	0180723	1	
011826	2 / 14	PK229	1083806	1	3405153 3440036 
006557	5 / 5	TH121	0031573	1	3384120 3413521 3416203 3425239 3462116 
013653	1 / 2	CARP17	3195964	2	3395624 
009262	10 / 13	TH224	3555097	1	3396292 3441273 3444811 3453262 3457988 3479712 3481862 3485327 3487505 3576416 
004666	13 / 14	DAL2	0775640	1	3396377 3413193 3417717 3454182 3455562 3461882 3479350 3481798 3576332 3576426 3576501 3576521 3576570 
012848	2 / 2	BYC100	0775195	1	3396461 3402583 
001844	5 / 14	TAYE	3312777	1	3429602 3432384 3435692 3438100 3439899 
004839	2 / 4	DAL212E	1051497	1	3397066 3452183 
013623	4 / 7	TAYC	0020093	2	3397856 3463453 3576378 3576510 
011300	3 / 4	DAL119	0020093	3	3398117 3436710 3463729 
005293	6 / 7	CARP13	1020104	1	3412381 3413574 3416286 3439364 3452561 3462936 
004827	14 / 15	PK180	0031373	2	3402583 3413022 3415627 3415827 3417166 3418058 3425219 3426735 3437379 3440508 3442237 3453472 3454439 3456103 
004844	9 / 12	TH102	0672202	2	3402721 3413014 3439701 3441177 3454100 3455151 3457327 3459508 3462955 
007080	2 / 2	PEMSTD	0031573	2	3402910 3435628 
001562	1 / 2	DAL212E	1168366	2	3404341 
001836	53 / 124	PK278	0898918	2	3405422 3417370 3427674 3435313 3446832 3447681 3448687 3449400 3455719 3456677 3458295 3460235 3462270 3462292 3462293 3462639 3462851 3463022 3463071 3463526 3463589 3463776 3463993 3464279 3464306 3468070 3475573 3475933 3475941 3477014 3477576 3480217 3480423 3480732 3481690 3482263 3482264 3483085 3483298 3483587 3484619 3485290 3485548 3485549 3485550 3486389 3486569 3486571 3486617 3486852 3487034 3487055 3487266 
011343	3 / 5	CARP15	3213249	2	3405427 3415144 3461556 
012301	8 / 9	TH104	3195964	3	3405427 3412835 3412997 3429834 3455294 3456820 3460770 3464193 
012770	22 / 27	PK20	3448653	2	3405451 3405619 3416232 3416374 3433539 3435380 3435397 3435692 3437011 3438842 3456645 3457184 3463883 3478747 3481875 3483950 3485169 3485504 3486141 3486858 3487093 3576442 
002643	3 / 5	PK227	3421211	2	3417001 3431535 3459730 
013190	15 / 22	PK349	1137952	2	3411018 3415801 3437365 3437781 3438589 3439670 3455043 3457979 3459823 3463859 3476899 3480810 3483003 3576420 3576525 
004014	19 / 23	TH110	3460456	2	3411186 3417088 3428820 3429761 3436710 3442335 3443522 3455120 3455808 3458136 3459111 3460770 3461469 3462720 3477004 3481702 3482198 3482989 3486632 
006050	3 / 3	BYC106	0031526	2	3412100 3423676 3459888 
012483	4 / 7	DAL1	3426520	2	3412549 3432398 3475745 3476418 
001423	8 / 14	TH111	0853792	2	3412725 3440958 3480714 3485028 3485361 3486740 3576313 3576357 
011046	2 / 3	PK300	3194197	2	3412874 3437240 
001185	4 / 5	BYC127	0031577	3	3424363 3461933 3462297 3463526 
003031	3 / 3	CARP13	0375562	2	3413193 3417055 3417717 
005741	2 / 2	DVR	3556752	2	3413774 3439409 
004009	32 / 35	PK20	3460456	3	3414201 3414205 3438294 3438999 3440687 3441838 3458121 3458441 3462240 3462647 3463851 3463859 3465244 3465245 3466011 3478297 3480714 3480937 3481520 3483950 3484272 3484845 3485028 3485416 3485642 3485803 3485931 3486501 3486569 3486998 3576535 3576579 
002855	93 / 284	PK338	3571076	2	3414205 3430697 3433686 3433962 3438294 3438999 3444536 3445680 3445738 3446353 3447306 3447322 3447478 3448314 3451168 3451331 3451557 3451724 3452445 3452988 3454182 3454476 3455908 3456089 3456660 3457873 3457988 3458087 3458441 3458957 3460338 3460569 3460586 3460820 3461020 3461197 3461517 3461937 3461975 3462019 3462228 3462237 3462458 3462817 3463199 3463560 3463708 3464327 3464398 3464638 3464666 3464848 3464850 3464855 3464954 3464985 3465036 3465050 3465103 3465181 3465244 3465327 3465442 3465588 3465591 3466011 3466014 3466364 3466962 3467040 3467093 3467199 3467384 3467427 3467452 3467671 3467781 3467932 3467983 3468281 3468504 3468749 3469119 3469520 3469560 3469615 3471745 3474140 3474207 3474463 3474620 3474789 3475198 
003456	10 / 18	TAYF	3318436	2	3418441 3420884 3440687 3454494 3457777 3481520 3483278 3484845 3486382 3487243 
006863	5 / 6	TAYB	0031347	2	3414278 3425755 3430978 3432344 3460701 
002669	1 / 1	TH251	0897706	2	3415615 
005845	2 / 8	DAL212A	3212821	2	3460757 3463439 
002394	4 / 7	TAYD	0020988	2	3415870 3425364 3431750 3438100 
007364	61 / 61	PK338	0031611	3	3415852 3417908 3427674 3430196 3430697 3431448 3437141 3437240 3440409 3441310 3442641 3444536 3447322 3452874 3455519 3455915 3456016 3457777 3457808 3457979 3460569 3460737 3462292 3462516 3462990 3463327 3463560 3463602 3463708 3463993 3464263 3464638 3464855 3464985 3467093 3467199 3467384 3467452 3467932 3467983 3468281 3476797 3476860 3476930 3477004 3478951 3478964 3480217 3480939 3481354 3481643 3481702 3482588 3483085 3484816 3485305 3485549 3486187 3486623 3487621 3576373 
005154	7 / 9	TH224	1020104	2	3416286 3416424 3417791 3426666 3440024 3456053 3480264 
005159	2 / 3	DAL6	1084458	2	3429706 3463675 
004355	10 / 15	BYC127	0989327	2	3416398 3442188 3453445 3455220 3462554 3480150 3480935 3482019 3485636 3487429 
004013	22 / 27	TH110	0031578	3	3416891 3418606 3432223 3440419 3446353 3451724 3455908 3458295 3458934 3459635 3460134 3460359 3461517 3462019 3462290 3462298 3462964 3465442 3479382 3479976 3480382 3559218 
010847	4 / 10	TAYE	1168489	2	3416998 3417003 3431448 3438442 
011508	2 / 2	PK328	3473979	2	3417284 3450069 
013157	1 / 3	PK10	0984701	2	3417908 
012771	7 / 7	PK278	3448653	5	3418117 3420025 3420837 3476908 3481690 3483003 3576558 
013517	2 / 8	TAYG	3392421	2	3429566 3441413 
007008	28 / 28	PK338	3195964	4	3419002 3424520 3439624 3453472 3455297 3456645 3460737 3462516 3463143 3463708 3464855 3465050 3466962 3467199 3468504 3474463 3478297 3479945 3480935 3481102 3482194 3483171 3483567 3485537 3485800 3485803 3486141 3486321 
002367	36 / 40	PK100	0493725	2	3421500 3429602 3448868 3452529 3454497 3455227 3455981 3458049 3458339 3460369 3462262 3462882 3463525 3463729 3463879 3465479 3476082 3477580 3478050 3479355 3481557 3483925 3484361 3484750 3485054 3485417 3485812 3486182 3487276 3487640 3487732 3576305 3576325 3576336 3576364 3576500 
007920	2 / 2	DAL10	0031386	2	3421700 3432782 
012844	0 / 1	BYC100	0470839	2	
002653	6 / 7	PK25	0138190	3	3422146 3454494 3455220 3465181 3478419 3486571 
008773	10 / 13	PK243	1168489	3	3424318 3437701 3439912 3441016 3455297 3458452 3462936 3478343 3483567 3484763 
004882	2 / 2	PK336	1051497	3	3425219 3433539 
012353	4 / 5	PK354	0031333	2	3425347 3451496 3481805 3576586 
011532	2 / 4	PK200	0856198	2	3429732 3440606 
008774	7 / 8	DAL25	0899465	2	3429733 3436588 3453352 3462115 3462956 3463587 3474216 
003407	9 / 13	DAL300	3478658	2	3430527 3482194 3484216 3485288 3485416 3486250 3486609 3486998 3487035 
006865	1 / 4	EHIII	1167884	2	3459505 
013659	3 / 3	RCCON	0254151	2	3431257 3455562 3460371 
005847	7 / 8	TAYF	0031582	3	3431449 3437534 3443421 3462417 3462606 3481075 3485912 
002635	16 / 21	PK243	0827051	2	3431655 3452874 3455419 3478102 3479945 3481643 3482018 3485327 3486475 3576347 3576356 3576370 3576408 3576444 3576545 3576577 
012849	22 / 23	CARP21	3426520	3	3431750 3435187 3443731 3445680 3446653 3451496 3455120 3457873 3463353 3465588 3478747 3480067 3480836 3481031 3482422 3484324 3486083 3576391 3576422 3576462 3576494 3576575 
011861	0 / 2	PK337	3555097	2	
007034	4 / 8	CARP25	3556375	2	3435627 3459584 3484334 3485931 
007881	6 / 6	PK180	0470839	3	3435627 3438206 3457184 3457692 3576463 3576471 
002663	1 / 1	TAYE	0031478	3	3436158 
009239	1 / 1	SW3	0854975	2	3436158 
011024	2 / 2	ROSTUD	0031454	2	3437329 3456313 
013618	2 / 5	RCSEM	3461286	2	3437589 3463919 
003033	1 / 1	PK264	3555173	2	3437778 
012317	5 / 9	EHI	3554385	2	3438084 3475327 3478419 3480375 3485970 
001156	4 / 7	EHII	3208421	2	3461498 3479085 3484763 3576557 
012355	2 / 3	PK128	0683480	2	3438206 3464272 
006555	2 / 3	TH223	3554648	2	3438287 3462990 
012302	2 / 2	PK20	3195964	5	3438878 3463524 
012352	2 / 2	TH102	3420553	3	3438878 3485970 
006024	19 / 26	PK349	0031454	3	3456089 3461020 3464327 3467040 3475298 3477576 3481202 3481203 3481419 3481562 3482989 3483298 3483638 3483929 3484887 3484894 3484898 3485727 3486379 
004369	2 / 2	PK20	0138190	4	3439409 3460569 
006854	5 / 8	EHLEC	3427120	3	3440036 3454059 3462896 3463011 3463188 
001247	1 / 1	PK100	3448653	7	3440606 
011530	2 / 2	PK229	3475527	3	3447306 3462955 
002697	1 / 1	PK349	0031478	4	3449263 
004739	1 / 1	TH224	1084458	3	3453663 
013624	2 / 2	TH110	0020093	4	3454059 3464379 
001430	1 / 1	TH110	0020093	5	3460757 
002420	0 / 1	EHI	0695890	3	
005119	4 / 4	TH111	3400071	3	3461498 3468504 3480264 3486321 
012883	1 / 1	BYC239	3421211	3	3462270 
006525	2 / 2	DAL2	3556375	3	3464100 3487261 
013211	3 / 4	DAL300	0428815	3	3480668 3481805 3487087 
002696	0 / 1	DAL212A	0989327	3	
