Students	3500
1	17 2 4 1
2	1 9 17 2
3	5 13 2 1
4	15 4 18 8
5	4 10 9 11
6	3 20 10 14
7	16 8 17 2
8	17 12 2 3
9	12 4 2 18
10	6 19 8 12
11	11 4 6 19
12	4 1 7 2
13	16 2 1 4
14	19 18 5 9
15	11 1 18 7
16	11 8 4 14
17	4 14 13 16
18	10 1 13 20
19	2 6 17 13
20	2 20 11 16
21	11 9 6 15
22	11 6 1 3
23	8 4 12 5
24	6 14 5 8
25	11 9 17 19
26	20 4 6 1
27	4 14 1 9
28	12 17 19 10
29	4 10 11 14
30	19 4 6 17
31	12 20 11 16
32	16 20 6 12
33	10 2 1 7
34	7 20 12 16
35	14 13 10 8
36	19 14 15 10
37	5 20 4 15
38	16 13 15 17
39	10 19 9 2
40	7 8 14 11
41	17 19 3 11
42	18 4 13 9
43	7 18 4 6
44	9 3 15 2
45	20 1 9 10
46	13 12 1 16
47	6 3 8 13
48	1 3 11 15
49	3 12 13 5
50	14 12 15 7
51	4 17 6 10
52	1 16 4 3
53	8 12 14 2
54	20 3 7 10
55	13 9 19 20
56	15 14 1 18
57	1 7 20 17
58	14 5 20 8
59	16 14 4 15
60	9 5 4 12
61	9 5 15 10
62	10 11 16 8
63	6 12 4 7
64	5 3 17 4
65	16 4 12 11
66	13 9 19 18
67	8 1 6 10
68	10 15 13 17
69	16 12 2 8
70	18 14 2 13
71	12 13 11 4
72	7 18 1 16
73	17 3 2 11
74	18 12 13 4
75	8 3 2 6
76	11 16 18 13
77	6 15 20 3
78	19 5 10 13
79	18 2 10 15
80	20 14 17 13
81	7 8 20 11
82	3 7 16 9
83	18 9 16 13
84	17 15 3 16
85	16 18 19 6
86	10 13 7 12
87	15 12 1 9
88	18 19 4 12
89	9 14 4 5
90	16 3 12 1
91	9 20 16 13
92	15 18 9 17
93	4 2 6 9
94	20 3 1 18
95	7 8 10 19
96	15 10 3 7
97	9 1 3 10
98	10 15 9 17
99	19 20 16 13
100	3 10 20 4
101	5 4 10 9
102	1 3 10 18
103	4 17 18 19
104	8 3 9 12
105	16 3 17 4
106	4 8 9 3
107	12 15 17 18
108	6 9 11 20
109	13 9 17 18
110	18 7 17 8
111	11 3 4 10
112	9 17 19 3
113	16 1 5 8
114	10 20 5 12
115	8 13 18 20
116	9 20 1 10
117	9 8 6 17
118	13 14 10 9
119	12 13 20 17
120	1 19 10 8
121	13 9 4 17
122	12 6 1 5
123	16 1 8 12
124	20 13 16 5
125	9 2 14 6
126	1 16 13 5
127	15 6 12 16
128	18 9 8 12
129	18 5 2 15
130	10 12 4 7
131	16 4 3 7
132	14 18 16 17
133	14 6 9 16
134	20 14 2 1
135	7 17 8 16
136	8 20 9 17
137	10 17 12 11
138	14 2 6 8
139	10 1 9 20
140	10 14 7 11
141	19 2 8 9
142	9 18 3 4
143	9 3 14 18
144	12 17 14 8
145	20 6 12 5
146	14 19 12 13
147	14 17 5 1
148	15 9 13 6
149	7 12 2 18
150	18 19 1 14
151	16 14 3 8
152	3 8 19 18
153	15 12 6 7
154	1 2 4 17
155	7 3 17 14
156	13 1 17 20
157	13 14 4 20
158	20 10 18 17
159	9 20 1 5
160	18 14 20 15
161	16 9 4 19
162	5 6 15 8
163	9 3 4 10
164	9 11 16 1
165	7 17 2 16
166	20 9 7 10
167	8 17 6 20
168	16 11 12 6
169	18 3 5 4
170	19 4 8 5
171	9 8 19 3
172	10 18 20 17
173	18 1 19 12
174	19 1 14 11
175	13 20 4 6
176	13 17 20 4
177	8 17 7 16
178	16 1 10 18
179	4 6 1 19
180	19 15 17 6
181	12 9 19 10
182	9 2 7 16
183	17 1 8 20
184	9 19 3 12
185	8 3 4 15
186	4 13 9 6
187	10 16 17 4
188	8 1 18 5
189	20 10 8 1
190	11 5 8 17
191	9 5 6 10
192	19 4 13 15
193	9 4 18 10
194	2 14 17 11
195	19 4 8 20
196	8 17 13 4
197	13 2 8 16
198	6 5 1 19
199	8 19 17 6
200	16 1 19 3
201	6 7 15 19
202	12 19 2 3
203	11 4 6 2
204	5 1 11 6
205	16 18 20 10
206	19 4 14 5
207	8 5 6 16
208	7 10 11 4
209	10 15 2 1
210	20 15 2 13
211	8 19 11 17
212	15 18 12 17
213	19 6 11 16
214	20 1 14 13
215	4 18 2 11
216	6 16 5 13
217	12 15 2 17
218	1 16 10 4
219	17 1 11 19
220	9 13 10 14
221	15 16 9 20
222	4 15 2 16
223	18 19 3 14
224	9 19 6 1
225	4 14 5 9
226	3 6 17 11
227	17 14 4 9
228	8 14 11 18
229	5 20 15 11
230	1 4 12 14
231	4 16 1 17
232	11 12 5 1
233	17 20 3 10
234	13 18 16 8
235	2 18 11 4
236	15 19 6 5
237	10 18 5 12
238	8 12 11 14
239	6 18 20 17
240	8 18 9 6
241	13 15 20 6
242	17 13 20 5
243	13 9 4 14
244	9 20 2 5
245	5 9 6 8
246	12 16 19 4
247	14 2 4 15
248	5 6 3 1
249	9 1 15 3
250	10 16 7 17
251	5 20 8 14
252	5 14 15 11
253	6 20 9 8
254	18 16 2 6
255	11 2 18 6
256	6 20 5 18
257	9 13 7 2
258	3 16 18 4
259	5 16 8 17
260	8 20 3 17
261	12 20 7 10
262	2 8 13 6
263	11 3 13 7
264	16 6 18 14
265	2 7 19 8
266	8 20 10 5
267	6 16 5 15
268	10 3 9 13
269	10 1 9 15
270	3 16 9 7
271	20 3 4 13
272	5 14 2 6
273	17 4 20 18
274	3 12 7 16
275	17 2 14 11
276	16 17 13 19
277	4 8 16 10
278	19 15 14 11
279	12 17 3 16
280	3 16 9 10
281	6 5 7 19
282	6 12 20 11
283	14 10 16 1
284	18 19 17 4
285	1 9 12 8
286	9 12 14 1
287	2 3 10 9
288	20 11 14 9
289	17 5 6 12
290	6 20 11 5
291	12 17 6 3
292	10 8 20 4
293	7 16 3 15
294	19 12 6 20
295	4 13 5 3
296	18 11 8 3
297	2 4 9 15
298	11 12 19 8
299	16 15 11 17
300	14 13 16 12
301	18 4 5 3
302	15 8 6 10
303	10 5 14 1
304	20 18 8 15
305	11 3 4 15
306	3 4 2 15
307	2 3 14 18
308	9 8 16 10
309	18 20 9 14
310	5 4 8 10
311	4 16 3 12
312	15 16 14 20
313	20 19 8 17
314	20 6 11 15
315	12 18 6 3
316	10 3 13 6
317	16 2 19 13
318	11 14 13 6
319	16 13 18 12
320	3 6 19 9
321	16 13 5 2
322	6 5 19 20
323	5 16 15 4
324	13 17 11 15
325	8 2 11 20
326	11 10 17 4
327	20 11 18 4
328	4 16 15 9
329	20 3 6 12
330	10 17 19 3
331	19 14 17 13
332	8 12 20 17
333	15 8 12 6
334	10 12 6 2
335	3 20 19 16
336	11 5 6 1
337	13 18 19 4
338	7 12 16 8
339	17 9 15 10
340	10 1 15 11
341	1 10 3 17
342	14 2 3 9
343	1 18 16 6
344	14 11 13 7
345	8 20 1 14
346	19 18 7 13
347	10 16 1 6
348	7 3 10 11
349	15 5 10 11
350	2 1 15 13
351	20 14 9 6
352	2 8 13 18
353	6 2 13 11
354	1 8 12 7
355	9 11 15 5
356	2 17 3 11
357	10 5 8 7
358	6 2 4 1
359	12 3 17 20
360	11 13 12 20
361	20 13 4 18
362	13 12 16 19
363	10 8 6 1
364	12 1 4 20
365	4 14 2 5
366	17 9 11 10
367	20 10 9 3
368	18 19 9 14
369	19 13 10 2
370	2 14 1 9
371	19 2 14 17
372	19 14 8 1
373	6 5 8 18
374	6 20 5 12
375	12 20 1 3
376	3 11 2 12
377	2 14 20 12
378	9 16 20 18
379	8 16 7 2
380	17 11 4 9
381	5 1 17 7
382	12 4 19 9
383	3 13 15 4
384	5 16 17 6
385	2 4 17 9
386	8 19 14 16
387	1 17 13 5
388	17 1 16 11
389	4 9 18 11
390	1 10 20 14
391	9 16 17 1
392	9 17 8 12
393	19 6 5 7
394	1 9 15 17
395	3 16 10 13
396	15 16 6 1
397	2 1 10 11
398	20 8 19 7
399	17 2 11 14
400	20 4 6 12
401	14 8 10 5
402	16 20 1 3
403	1 18 8 6
404	1 8 9 13
405	10 19 5 15
406	11 10 16 19
407	1 11 8 19
408	3 7 16 4
409	8 12 9 13
410	13 2 18 17
411	10 2 18 14
412	16 14 18 4
413	4 3 5 9
414	1 10 6 20
415	12 14 15 13
416	19 17 13 14
417	6 7 18 13
418	6 15 7 2
419	6 2 17 7
420	15 16 2 17
421	7 16 19 2
422	14 15 6 1
423	13 4 15 14
424	17 3 7 20
425	2 18 8 5
426	19 6 4 8
427	17 20 11 2
428	8 17 7 15
429	8 19 3 2
430	15 18 2 9
431	7 16 20 6
432	12 14 5 15
433	2 10 11 9
434	17 3 13 1
435	20 3 17 10
436	7 12 5 20
437	4 20 1 18
438	12 10 11 8
439	20 17 8 9
440	1 11 6 10
441	10 15 13 17
442	16 8 12 5
443	1 6 5 18
444	17 10 16 18
445	20 11 7 9
446	8 15 17 7
447	8 9 7 20
448	9 4 14 13
449	6 17 20 8
450	6 20 8 2
451	8 4 9 16
452	20 7 18 17
453	15 12 1 7
454	6 2 1 13
455	15 20 11 13
456	16 15 7 17
457	1 20 11 13
458	9 1 14 10
459	15 11 2 16
460	15 6 10 5
461	11 13 18 6
462	15 4 20 11
463	10 16 5 9
464	15 5 8 12
465	1 5 19 17
466	10 12 4 17
467	20 4 1 15
468	13 5 18 11
469	15 19 18 9
470	8 2 1 9
471	8 7 5 17
472	20 6 10 7
473	8 2 10 16
474	3 5 10 13
475	2 3 16 4
476	1 9 18 16
477	18 8 3 14
478	7 20 8 14
479	20 16 11 2
480	14 11 19 12
481	10 4 7 14
482	4 9 17 8
483	3 6 5 19
484	5 11 13 1
485	16 8 7 13
486	16 8 2 10
487	3 11 7 17
488	14 15 17 7
489	10 12 5 20
490	10 20 5 6
491	12 8 14 9
492	15 3 10 8
493	1 14 10 19
494	17 2 18 15
495	17 9 15 11
496	8 18 9 7
497	7 2 11 16
498	6 20 10 7
499	18 4 2 3
500	11 12 2 14
501	11 20 4 6
502	10 3 17 18
503	6 16 5 10
504	11 13 3 6
505	2 11 16 13
506	17 13 14 8
507	14 6 1 13
508	2 15 17 16
509	10 9 4 18
510	5 17 20 13
511	3 19 17 11
512	6 11 3 9
513	5 3 17 15
514	3 12 6 20
515	6 16 17 12
516	2 3 19 15
517	8 12 16 11
518	1 10 11 13
519	10 13 12 5
520	6 20 10 14
521	7 2 8 11
522	6 7 11 10
523	5 8 7 3
524	13 11 3 9
525	15 11 14 18
526	9 12 1 19
527	11 8 3 16
528	10 18 15 4
529	1 2 16 15
530	15 11 7 5
531	10 3 14 4
532	1 7 11 16
533	5 17 6 19
534	6 20 7 4
535	2 15 13 3
536	5 2 16 4
537	20 6 4 1
538	16 18 6 8
539	12 2 20 3
540	2 4 7 11
541	18 3 2 13
542	20 16 7 17
543	2 14 18 15
544	6 9 8 1
545	10 3 6 11
546	1 15 5 16
547	14 17 12 13
548	17 1 15 20
549	16 10 17 19
550	15 18 6 2
551	1 4 6 2
552	7 14 10 8
553	17 18 10 1
554	7 10 8 16
555	16 13 4 5
556	8 19 16 20
557	1 10 12 3
558	13 16 6 5
559	9 18 15 6
560	1 11 2 13
561	12 20 16 1
562	3 6 8 9
563	10 3 12 1
564	3 19 6 12
565	5 3 12 16
566	6 10 14 11
567	14 2 7 10
568	12 4 5 1
569	17 5 3 8
570	1 6 10 13
571	19 7 13 6
572	12 17 3 7
573	8 11 2 16
574	14 3 11 16
575	16 15 2 20
576	10 18 11 12
577	18 9 6 8
578	13 6 10 12
579	1 4 20 3
580	7 17 19 10
581	14 12 9 18
582	4 3 15 19
583	14 17 13 8
584	11 5 7 15
585	14 8 11 12
586	14 16 8 18
587	5 17 4 3
588	8 18 4 20
589	10 11 6 13
590	20 19 15 14
591	17 6 12 18
592	11 16 12 19
593	18 17 13 3
594	20 10 1 6
595	18 5 12 8
596	1 20 10 7
597	3 16 12 10
598	15 1 13 6
599	4 20 5 2
600	18 17 4 5
601	18 16 9 2
602	8 6 14 13
603	8 19 13 11
604	3 19 10 5
605	12 4 14 15
606	1 8 19 12
607	9 6 7 18
608	14 4 11 16
609	9 10 8 7
610	8 3 4 6
611	2 17 4 8
612	2 7 16 12
613	12 18 14 2
614	9 12 19 18
615	5 8 4 16
616	19 16 4 18
617	14 6 2 5
618	1 11 17 2
619	18 9 11 3
620	18 2 13 15
621	10 12 6 15
622	8 17 13 11
623	3 10 19 8
624	15 6 20 1
625	2 12 13 4
626	10 4 7 9
627	9 12 7 1
628	19 11 18 2
629	11 9 13 19
630	6 19 4 5
631	19 1 7 13
632	8 6 1 10
633	14 3 15 6
634	7 8 12 5
635	16 8 15 6
636	3 7 9 1
637	18 10 17 7
638	18 5 16 6
639	8 12 17 20
640	5 3 16 4
641	6 15 4 1
642	13 18 10 5
643	9 17 5 16
644	19 11 7 10
645	7 17 10 18
646	12 4 18 17
647	10 20 1 9
648	19 20 2 6
649	13 14 2 18
650	17 19 12 10
651	10 7 11 1
652	12 7 18 16
653	12 10 15 16
654	19 8 7 2
655	19 4 3 15
656	6 20 19 16
657	16 20 18 14
658	16 20 14 2
659	2 5 3 14
660	1 13 16 18
661	8 17 16 6
662	13 3 8 19
663	9 20 11 14
664	20 16 12 7
665	17 1 8 18
666	14 4 20 9
667	2 11 15 8
668	9 13 14 2
669	11 8 2 7
670	18 7 2 8
671	18 2 13 4
672	10 5 20 11
673	15 19 7 3
674	3 18 7 12
675	9 19 11 14
676	9 2 18 12
677	20 12 13 11
678	18 6 7 15
679	18 16 11 20
680	10 15 18 14
681	19 18 20 6
682	4 7 10 1
683	10 9 17 5
684	13 12 14 10
685	19 20 12 13
686	12 18 10 16
687	3 5 7 11
688	20 3 13 5
689	8 14 3 20
690	7 11 9 18
691	7 13 20 6
692	16 4 11 10
693	8 15 11 20
694	10 12 15 9
695	18 13 14 6
696	6 18 14 2
697	12 3 6 5
698	2 1 8 4
699	16 14 1 20
700	10 5 1 7
701	6 18 4 3
702	20 7 18 16
703	13 19 4 8
704	13 17 19 12
705	14 12 15 17
706	1 3 7 19
707	18 2 19 9
708	13 12 1 16
709	15 17 12 7
710	11 7 9 2
711	18 14 8 10
712	7 19 14 3
713	16 1 15 14
714	4 6 11 1
715	17 20 7 10
716	1 10 15 8
717	20 4 15 17
718	12 5 18 20
719	20 7 2 15
720	14 5 10 16
721	18 17 14 11
722	11 10 9 4
723	16 1 6 7
724	9 4 5 19
725	4 7 6 5
726	9 2 1 14
727	12 2 15 19
728	3 13 7 14
729	6 3 1 12
730	2 16 1 18
731	15 4 5 19
732	18 10 2 12
733	18 15 10 11
734	18 13 1 10
735	17 8 3 19
736	9 10 4 7
737	1 7 5 9
738	15 11 12 7
739	6 20 3 12
740	16 7 1 2
741	9 10 17 11
742	13 17 11 2
743	19 17 5 1
744	7 16 19 8
745	2 17 7 3
746	8 5 12 1
747	10 4 7 9
748	14 1 4 11
749	20 9 18 2
750	6 19 13 15
751	16 9 1 19
752	15 13 7 14
753	12 5 10 16
754	7 14 13 6
755	17 1 19 14
756	1 13 7 2
757	14 19 12 2
758	3 18 7 8
759	15 14 10 17
760	12 6 16 15
761	7 18 3 8
762	15 5 11 3
763	5 7 15 11
764	13 4 10 2
765	1 15 14 3
766	9 1 11 18
767	15 5 14 17
768	16 11 8 20
769	20 11 14 5
770	20 6 8 3
771	3 2 1 17
772	15 19 20 7
773	14 6 3 17
774	19 2 5 15
775	20 4 11 14
776	3 11 9 10
777	18 13 3 1
778	10 13 7 15
779	7 18 10 19
780	5 13 14 16
781	14 10 8 4
782	5 19 7 11
783	9 16 19 6
784	15 3 10 9
785	20 12 1 4
786	15 17 13 3
787	14 4 20 11
788	8 6 1 10
789	14 9 12 8
790	9 14 8 5
791	19 12 1 11
792	13 5 1 14
793	10 1 15 2
794	11 12 7 13
795	14 20 11 13
796	18 7 16 10
797	5 6 15 4
798	17 20 16 11
799	3 4 2 18
800	7 17 16 4
801	2 7 8 19
802	3 10 16 17
803	13 11 10 3
804	20 1 7 4
805	17 7 5 8
806	13 15 10 14
807	5 7 16 3
808	8 17 20 12
809	20 13 8 3
810	10 17 6 7
811	20 11 5 8
812	13 3 5 16
813	3 17 10 15
814	16 2 6 9
815	4 12 7 10
816	13 17 15 19
817	17 15 11 8
818	9 19 17 11
819	2 6 3 15
820	14 17 6 12
821	1 16 5 7
822	1 14 2 15
823	9 20 7 12
824	11 10 14 20
825	13 5 9 3
826	12 17 4 1
827	13 19 1 17
828	13 1 15 20
829	7 10 12 3
830	14 10 1 17
831	7 3 15 18
832	18 13 19 7
833	17 16 6 20
834	5 17 16 3
835	1 12 11 14
836	19 4 14 9
837	16 13 6 2
838	3 2 16 20
839	20 4 3 6
840	13 5 4 18
841	20 12 8 13
842	10 12 19 20
843	19 20 6 3
844	6 4 19 11
845	6 7 1 15
846	7 19 2 4
847	8 20 7 9
848	12 5 14 18
849	8 7 15 17
850	4 8 5 10
851	5 1 6 12
852	5 2 20 8
853	18 3 11 14
854	17 15 8 20
855	14 8 20 10
856	20 6 18 12
857	12 15 14 19
858	13 10 11 3
859	10 2 8 12
860	11 1 8 18
861	2 5 4 19
862	5 4 18 9
863	8 11 4 1
864	6 5 9 7
865	17 6 9 4
866	16 4 11 5
867	20 13 7 11
868	13 19 3 18
869	7 1 17 16
870	18 6 4 13
871	18 11 3 15
872	9 5 12 11
873	14 5 3 1
874	4 15 11 6
875	8 12 7 16
876	16 5 10 14
877	1 7 15 13
878	6 11 5 14
879	3 20 11 9
880	19 3 15 6
881	20 13 17 10
882	3 4 5 18
883	16 6 15 9
884	14 19 12 16
885	18 16 11 19
886	6 20 11 7
887	2 16 18 8
888	14 1 16 17
889	14 5 12 7
890	14 2 3 16
891	20 2 15 18
892	8 13 4 5
893	9 7 13 15
894	19 8 20 11
895	16 13 12 19
896	18 12 9 13
897	20 2 14 11
898	16 9 6 10
899	1 12 20 19
900	10 20 9 14
901	1 6 14 2
902	19 16 12 6
903	2 11 9 17
904	2 11 13 3
905	16 4 10 1
906	6 18 12 3
907	13 10 19 9
908	16 6 13 1
909	3 20 19 1
910	15 1 3 18
911	16 8 12 17
912	5 7 11 4
913	4 7 6 9
914	2 6 19 14
915	18 13 11 10
916	9 2 8 11
917	15 11 20 4
918	7 12 2 13
919	11 10 12 20
920	20 7 2 13
921	10 18 15 4
922	16 2 7 10
923	20 14 10 7
924	13 4 9 12
925	2 11 8 10
926	10 12 13 16
927	13 15 2 7
928	18 9 15 19
929	6 7 8 2
930	15 12 11 8
931	13 20 16 15
932	14 2 17 19
933	4 10 14 17
934	18 11 7 5
935	14 8 13 15
936	5 7 17 14
937	16 3 20 10
938	18 2 16 3
939	12 9 17 8
940	16 20 14 18
941	17 6 14 1
942	4 15 5 14
943	4 13 18 14
944	18 12 16 11
945	9 2 10 7
946	8 7 10 4
947	14 3 8 11
948	15 6 3 7
949	16 10 17 12
950	20 9 6 11
951	6 15 11 8
952	15 20 13 5
953	11 4 16 8
954	16 5 19 12
955	14 20 6 13
956	17 6 1 16
957	20 8 3 12
958	7 16 13 15
959	1 4 16 3
960	4 11 6 19
961	8 2 18 13
962	8 19 13 2
963	15 6 11 16
964	15 3 1 6
965	1 20 9 14
966	6 2 18 5
967	7 8 19 10
968	20 3 1 13
969	2 7 11 8
970	19 17 20 5
971	13 9 1 11
972	14 4 15 2
973	11 10 1 14
974	15 10 7 18
975	5 15 17 2
976	1 13 19 15
977	14 18 15 9
978	5 3 9 13
979	19 5 20 8
980	2 4 1 9
981	14 3 2 12
982	11 15 6 10
983	10 13 18 17
984	4 14 17 3
985	19 1 6 20
986	8 13 17 6
987	1 20 13 3
988	12 15 8 11
989	18 14 16 7
990	16 15 1 13
991	13 3 1 9
992	17 2 16 4
993	17 9 2 5
994	11 14 5 3
995	14 11 3 20
996	10 16 8 1
997	9 3 10 15
998	14 3 13 7
999	8 13 1 15
1000	14 18 5 1
1001	14 16 6 20
1002	9 5 19 13
1003	15 2 10 20
1004	19 6 20 13
1005	18 20 1 9
1006	2 7 18 5
1007	13 8 5 4
1008	10 7 4 17
1009	16 6 11 8
1010	2 6 5 15
1011	18 1 8 2
1012	13 2 3 10
1013	2 17 14 7
1014	3 10 1 15
1015	3 7 5 6
1016	15 6 4 19
1017	7 11 4 17
1018	12 7 4 16
1019	11 8 12 20
1020	14 17 2 4
1021	3 17 10 5
1022	4 15 7 9
1023	9 12 1 14
1024	16 1 10 12
1025	10 1 15 6
1026	19 18 4 8
1027	7 10 17 9
1028	2 13 8 16
1029	8 9 6 4
1030	2 1 3 18
1031	11 18 8 6
1032	15 3 18 13
1033	3 16 13 11
1034	2 13 6 16
1035	6 16 4 15
1036	8 10 2 5
1037	1 6 2 5
1038	8 13 7 9
1039	20 14 5 7
1040	5 10 3 14
1041	5 3 18 9
1042	8 13 10 3
1043	5 18 15 20
1044	14 7 8 18
1045	19 12 8 5
1046	13 17 11 20
1047	2 4 1 18
1048	6 7 12 15
1049	10 15 1 13
1050	6 5 14 11
1051	15 4 1 11
1052	14 17 6 8
1053	13 11 5 18
1054	6 9 5 14
1055	6 5 1 15
1056	9 12 8 19
1057	10 11 19 6
1058	11 16 5 7
1059	15 18 6 7
1060	20 11 8 6
1061	17 20 19 7
1062	15 10 2 5
1063	2 16 1 18
1064	9 20 18 2
1065	8 18 12 1
1066	17 11 1 13
1067	4 16 5 9
1068	1 12 6 16
1069	14 19 9 10
1070	20 3 6 9
1071	12 1 10 9
1072	9 18 2 1
1073	12 9 11 13
1074	11 16 17 14
1075	1 18 9 13
1076	9 13 15 7
1077	8 17 3 11
1078	5 18 10 14
1079	16 1 17 12
1080	19 12 17 10
1081	7 8 12 11
1082	16 4 5 9
1083	6 8 2 17
1084	1 16 2 18
1085	5 16 4 20
1086	11 8 10 1
1087	4 11 6 18
1088	19 3 15 8
1089	14 15 11 10
1090	2 8 19 16
1091	2 7 14 17
1092	1 6 20 13
1093	4 11 1 9
1094	15 14 9 8
1095	6 13 4 17
1096	4 19 12 2
1097	10 13 6 15
1098	1 8 10 13
1099	7 15 14 19
1100	6 12 1 20
1101	5 19 12 4
1102	20 15 9 2
1103	14 1 5 15
1104	15 7 18 16
1105	11 13 16 3
1106	3 6 16 12
1107	19 9 20 1
1108	4 20 10 17
1109	10 1 3 6
1110	7 2 1 4
1111	14 20 4 7
1112	8 7 12 17
1113	6 11 15 20
1114	7 13 2 19
1115	10 12 6 4
1116	19 10 13 17
1117	7 18 13 12
1118	15 9 17 13
1119	17 6 11 2
1120	12 14 5 6
1121	14 15 20 3
1122	4 17 14 9
1123	16 4 5 13
1124	3 2 9 18
1125	11 8 19 9
1126	9 12 20 19
1127	9 7 8 19
1128	20 7 8 15
1129	12 8 7 4
1130	9 4 18 6
1131	9 18 17 20
1132	8 9 12 15
1133	5 3 11 17
1134	9 14 1 19
1135	4 19 1 15
1136	5 11 20 2
1137	18 19 10 3
1138	18 1 13 20
1139	1 6 12 13
1140	16 8 14 2
1141	17 10 16 19
1142	17 20 11 19
1143	19 11 20 10
1144	10 5 16 18
1145	19 16 20 2
1146	13 7 14 11
1147	4 20 2 8
1148	11 18 14 7
1149	7 6 12 10
1150	2 20 8 19
1151	8 7 17 16
1152	11 16 8 18
1153	9 5 3 13
1154	19 15 14 13
1155	12 17 19 15
1156	7 18 2 10
1157	11 10 12 5
1158	10 7 8 3
1159	12 10 14 6
1160	19 14 11 17
1161	12 16 19 1
1162	2 1 18 3
1163	2 19 9 10
1164	13 5 14 8
1165	20 5 3 8
1166	6 5 17 10
1167	4 10 18 14
1168	15 18 6 16
1169	19 18 2 9
1170	8 3 19 6
1171	3 1 12 2
1172	12 7 13 17
1173	5 17 2 12
1174	13 16 17 1
1175	6 20 4 5
1176	8 7 5 1
1177	12 3 20 17
1178	14 13 11 3
1179	5 16 19 1
1180	10 4 18 5
1181	11 5 10 8
1182	7 11 9 12
1183	2 10 13 3
1184	5 3 1 14
1185	19 9 18 8
1186	14 19 20 2
1187	14 2 19 13
1188	17 14 4 5
1189	10 4 13 8
1190	6 10 9 5
1191	17 2 6 7
1192	14 15 13 5
1193	15 5 18 6
1194	4 7 17 14
1195	15 5 14 3
1196	19 11 8 16
1197	12 20 14 7
1198	20 15 12 5
1199	7 1 15 19
1200	8 19 6 18
1201	10 3 17 9
1202	8 19 4 7
1203	10 20 9 15
1204	4 19 16 14
1205	12 16 10 13
1206	9 7 18 19
1207	9 11 2 1
1208	2 13 10 15
1209	3 10 4 16
1210	16 14 1 18
1211	15 11 6 14
1212	7 12 14 3
1213	6 7 17 9
1214	17 1 15 11
1215	10 17 4 6
1216	8 20 19 13
1217	6 20 16 8
1218	15 5 8 20
1219	6 5 4 9
1220	20 15 3 8
1221	19 15 5 16
1222	6 8 15 20
1223	19 5 17 10
1224	4 7 12 16
1225	6 19 12 15
1226	9 11 14 10
1227	10 7 14 4
1228	14 7 15 6
1229	7 5 4 16
1230	10 9 1 5
1231	2 13 9 8
1232	1 9 18 7
1233	14 11 17 16
1234	10 11 16 2
1235	4 11 15 3
1236	1 19 7 18
1237	3 10 14 19
1238	1 11 10 20
1239	7 1 4 3
1240	17 6 12 3
1241	13 16 1 19
1242	2 1 17 7
1243	20 5 3 19
1244	14 7 11 4
1245	16 15 13 4
1246	10 15 7 6
1247	7 19 15 18
1248	1 2 12 15
1249	1 13 17 4
1250	9 20 2 5
1251	4 14 18 2
1252	8 7 5 16
1253	3 10 2 12
1254	5 3 8 16
1255	13 8 15 4
1256	4 7 11 14
1257	8 5 6 10
1258	9 19 13 1
1259	13 12 11 18
1260	5 11 7 17
1261	8 14 13 6
1262	11 16 18 3
1263	16 19 3 5
1264	1 3 13 10
1265	11 6 17 2
1266	17 2 11 15
1267	15 4 3 13
1268	20 3 2 16
1269	10 17 19 3
1270	11 4 19 20
1271	19 12 14 11
1272	17 12 6 15
1273	9 10 6 5
1274	7 16 3 14
1275	7 12 14 18
1276	5 18 14 9
1277	16 12 1 20
1278	11 17 2 18
1279	8 9 15 11
1280	2 8 19 11
1281	12 11 17 8
1282	5 3 16 13
1283	10 4 1 19
1284	7 3 14 12
1285	2 7 11 13
1286	8 9 14 5
1287	18 7 14 10
1288	4 20 9 13
1289	16 18 7 10
1290	10 20 15 13
1291	13 19 9 15
1292	5 15 12 9
1293	18 1 5 19
1294	5 8 7 2
1295	9 11 13 6
1296	18 5 10 11
1297	3 8 6 11
1298	13 15 10 2
1299	3 14 4 8
1300	9 12 10 4
1301	2 12 3 1
1302	20 15 3 8
1303	19 4 18 11
1304	14 9 2 16
1305	13 4 8 2
1306	20 18 1 2
1307	2 4 15 17
1308	6 9 8 13
1309	10 14 5 3
1310	20 6 14 11
1311	2 6 3 13
1312	20 12 14 6
1313	4 16 5 13
1314	14 18 7 16
1315	12 11 18 10
1316	17 2 12 18
1317	19 16 17 2
1318	17 12 1 16
1319	12 8 19 6
1320	12 8 2 14
1321	6 12 19 10
1322	9 5 7 4
1323	11 19 1 8
1324	11 14 16 1
1325	19 4 9 1
1326	3 11 12 16
1327	15 2 10 9
1328	16 13 17 20
1329	11 5 19 13
1330	16 15 3 19
1331	9 4 2 6
1332	18 14 10 15
1333	10 18 20 3
1334	18 19 10 8
1335	4 11 18 5
1336	12 11 16 8
1337	19 18 6 15
1338	7 18 16 15
1339	6 15 9 2
1340	9 15 6 2
1341	8 7 12 15
1342	5 10 11 2
1343	16 11 13 2
1344	1 8 10 5
1345	8 13 2 12
1346	17 10 13 18
1347	4 16 1 20
1348	10 19 9 13
1349	17 19 12 6
1350	7 16 2 1
1351	17 9 12 7
1352	6 17 14 8
1353	1 12 10 4
1354	11 15 9 10
1355	1 4 7 8
1356	7 6 12 9
1357	4 20 11 10
1358	12 3 2 7
1359	5 4 9 7
1360	1 3 15 13
1361	16 6 10 18
1362	1 5 13 19
1363	2 16 10 6
1364	2 4 15 12
1365	8 4 2 10
1366	13 12 4 19
1367	18 17 12 20
1368	11 1 20 6
1369	14 13 11 3
1370	12 16 9 13
1371	19 2 16 5
1372	15 11 4 14
1373	19 10 20 6
1374	4 19 6 16
1375	15 14 19 9
1376	12 4 16 10
1377	16 4 2 1
1378	3 12 11 13
1379	13 20 7 16
1380	10 8 5 2
1381	8 9 12 1
1382	3 20 10 17
1383	19 13 20 7
1384	5 19 1 11
1385	3 10 8 16
1386	2 1 14 12
1387	9 4 8 16
1388	3 13 2 15
1389	4 10 14 2
1390	19 20 2 18
1391	12 19 15 20
1392	1 20 7 6
1393	16 15 14 18
1394	17 4 20 9
1395	16 17 15 14
1396	11 5 14 19
1397	1 2 11 5
1398	1 20 13 7
1399	5 18 12 6
1400	1 5 2 20
1401	16 13 20 2
1402	11 4 16 9
1403	3 1 5 11
1404	9 8 20 1
1405	15 14 5 7
1406	16 10 8 4
1407	1 16 17 5
1408	7 9 18 19
1409	4 6 10 2
1410	2 1 13 18
1411	5 11 20 19
1412	10 1 18 6
1413	10 17 11 8
1414	15 4 2 11
1415	15 17 7 8
1416	3 20 9 8
1417	10 17 6 2
1418	5 18 16 12
1419	14 10 6 19
1420	2 1 20 11
1421	4 9 6 2
1422	12 19 18 17
1423	3 15 17 5
1424	2 3 18 4
1425	2 12 20 17
1426	16 7 1 20
1427	3 11 9 2
1428	1 14 18 5
1429	4 2 16 8
1430	1 15 6 14
1431	4 17 2 1
1432	7 9 10 6
1433	19 8 9 15
1434	3 16 5 18
1435	2 10 3 17
1436	5 20 15 1
1437	14 6 11 1
1438	12 14 15 1
1439	15 3 11 12
1440	15 3 7 5
1441	3 14 6 1
1442	13 18 1 17
1443	15 8 2 9
1444	13 5 11 2
1445	20 4 3 18
1446	20 3 1 8
1447	20 5 13 16
1448	13 18 3 11
1449	3 10 7 15
1450	18 20 10 5
1451	20 4 3 12
1452	19 9 6 4
1453	15 20 13 3
1454	17 9 2 12
1455	11 6 9 18
1456	2 11 4 20
1457	14 17 12 3
1458	8 16 3 20
1459	19 13 3 14
1460	20 19 17 2
1461	7 8 11 4
1462	20 13 15 12
1463	14 11 7 1
1464	19 8 16 6
1465	13 3 8 20
1466	15 16 5 1
1467	18 6 15 12
1468	15 18 17 2
1469	18 4 2 1
1470	19 1 18 4
1471	4 1 13 17
1472	14 2 17 13
1473	15 20 14 19
1474	16 14 1 20
1475	5 9 11 13
1476	13 5 4 11
1477	13 10 17 15
1478	11 3 14 15
1479	3 17 5 13
1480	14 1 10 3
1481	11 15 5 7
1482	6 17 13 15
1483	15 5 9 10
1484	4 13 20 10
1485	19 17 14 4
1486	3 19 6 10
1487	8 9 14 17
1488	19 11 4 6
1489	18 9 15 12
1490	1 14 4 7
1491	17 13 5 20
1492	19 12 10 7
1493	4 8 2 16
1494	10 14 20 7
1495	6 1 5 9
1496	2 12 18 7
1497	10 9 8 11
1498	3 16 15 6
1499	5 15 17 18
1500	13 5 15 2
1501	7 2 20 8
1502	14 9 17 18
1503	18 15 10 11
1504	19 12 9 10
1505	15 12 6 13
1506	11 5 13 16
1507	5 9 7 16
1508	5 17 1 12
1509	9 3 19 4
1510	8 10 18 2
1511	12 1 9 13
1512	10 17 4 15
1513	7 10 1 9
1514	11 17 9 10
1515	5 7 15 6
1516	1 8 18 13
1517	10 6 3 20
1518	4 10 14 7
1519	6 19 15 12
1520	16 9 12 8
1521	10 7 6 9
1522	16 15 5 3
1523	6 5 8 2
1524	9 1 15 13
1525	5 17 18 12
1526	18 1 10 20
1527	20 2 7 3
1528	11 4 1 19
1529	12 16 2 19
1530	4 8 3 6
1531	5 10 15 20
1532	12 18 4 2
1533	11 12 9 16
1534	4 16 1 18
1535	1 14 6 12
1536	12 18 4 17
1537	16 5 9 18
1538	9 18 3 1
1539	1 17 8 7
1540	17 18 10 6
1541	3 8 18 4
1542	10 15 20 1
1543	19 5 16 4
1544	19 1 7 12
1545	8 20 4 12
1546	14 17 9 18
1547	18 5 3 16
1548	9 5 2 19
1549	6 5 13 19
1550	10 19 13 1
1551	2 13 7 19
1552	12 8 18 9
1553	20 15 1 13
1554	9 17 10 5
1555	10 14 1 16
1556	8 13 7 20
1557	12 16 8 9
1558	10 12 3 2
1559	19 10 11 13
1560	2 19 10 13
1561	8 5 6 17
1562	13 19 16 18
1563	20 17 8 9
1564	13 2 12 16
1565	2 8 7 9
1566	9 20 8 15
1567	9 5 13 6
1568	20 19 2 5
1569	11 15 6 5
1570	4 17 11 7
1571	18 10 1 17
1572	20 1 18 15
1573	20 19 18 9
1574	4 6 10 18
1575	5 3 10 9
1576	4 10 11 12
1577	18 1 4 6
1578	1 6 19 8
1579	12 18 11 20
1580	15 3 1 8
1581	4 6 1 19
1582	17 13 8 12
1583	14 2 1 17
1584	2 12 11 7
1585	7 5 16 11
1586	3 20 11 8
1587	13 12 1 7
1588	12 11 4 13
1589	6 20 5 12
1590	1 16 6 18
1591	8 3 13 5
1592	11 7 16 3
1593	7 10 4 11
1594	17 20 9 18
1595	8 3 2 10
1596	18 14 20 8
1597	20 12 17 13
1598	4 7 13 20
1599	15 9 19 11
1600	3 16 4 1
1601	5 7 17 12
1602	8 16 1 17
1603	20 5 1 14
1604	14 7 13 19
1605	11 4 7 8
1606	13 19 10 6
1607	5 9 8 6
1608	12 17 13 9
1609	16 3 17 5
1610	18 4 15 2
1611	13 1 2 18
1612	16 2 17 1
1613	10 13 12 20
1614	14 20 19 8
1615	11 12 4 5
1616	8 13 14 19
1617	19 13 8 17
1618	5 19 16 18
1619	18 12 1 5
1620	18 4 16 9
1621	17 14 11 15
1622	11 3 18 4
1623	6 2 20 5
1624	10 20 18 14
1625	18 3 10 9
1626	3 18 7 11
1627	7 11 16 12
1628	6 9 13 11
1629	4 12 10 14
1630	2 3 5 17
1631	12 18 14 5
1632	1 4 7 18
1633	17 3 18 19
1634	11 1 18 15
1635	4 18 19 14
1636	13 6 18 16
1637	5 13 19 9
1638	12 9 16 8
1639	17 20 16 14
1640	19 6 18 20
1641	11 2 14 6
1642	4 6 1 18
1643	13 11 19 8
1644	19 1 15 5
1645	17 2 3 4
1646	20 12 2 15
1647	17 4 19 15
1648	4 6 11 9
1649	14 7 3 16
1650	14 3 20 1
1651	13 18 7 1
1652	9 4 15 10
1653	1 18 19 9
1654	7 17 8 4
1655	8 11 6 18
1656	13 20 7 14
1657	5 1 16 15
1658	17 14 18 4
1659	14 3 13 20
1660	17 15 3 19
1661	7 1 4 20
1662	15 19 12 16
1663	15 14 13 19
1664	11 6 19 12
1665	5 2 12 1
1666	2 14 9 19
1667	15 18 3 5
1668	16 2 20 14
1669	9 10 5 11
1670	17 18 12 4
1671	2 4 1 5
1672	6 9 4 11
1673	20 16 1 8
1674	19 5 11 12
1675	3 15 7 14
1676	14 5 2 12
1677	12 3 10 13
1678	4 12 1 18
1679	10 19 2 20
1680	4 10 13 11
1681	4 2 15 10
1682	11 1 7 16
1683	6 9 8 2
1684	9 4 10 20
1685	5 20 18 19
1686	17 3 5 2
1687	3 16 8 18
1688	11 12 2 3
1689	13 12 17 7
1690	20 5 6 17
1691	17 15 12 2
1692	18 6 12 17
1693	18 6 10 12
1694	6 18 2 15
1695	8 19 16 17
1696	9 17 14 4
1697	18 9 10 11
1698	5 18 16 17
1699	7 6 4 13
1700	15 8 13 6
1701	3 17 20 18
1702	13 14 2 19
1703	2 14 10 3
1704	10 1 8 17
1705	14 8 5 6
1706	19 10 17 13
1707	9 15 5 6
1708	5 16 17 6
1709	12 15 5 17
1710	12 11 1 18
1711	16 7 19 13
1712	5 11 16 9
1713	9 7 12 1
1714	3 10 17 14
1715	19 2 20 6
1716	12 2 18 9
1717	11 19 7 12
1718	4 18 20 12
1719	17 4 10 1
1720	15 4 10 6
1721	19 14 11 9
1722	11 1 4 6
1723	11 16 13 20
1724	4 15 2 5
1725	17 18 12 20
1726	16 11 17 4
1727	7 6 4 1
1728	5 20 15 9
1729	6 17 14 19
1730	1 16 4 5
1731	11 2 18 6
1732	7 3 15 9
1733	18 12 15 2
1734	19 16 18 9
1735	11 5 16 4
1736	5 17 6 9
1737	5 15 17 1
1738	7 9 10 16
1739	3 11 13 18
1740	15 20 9 16
1741	19 8 12 10
1742	14 10 2 5
1743	12 4 19 1
1744	5 17 14 20
1745	15 14 17 18
1746	7 2 12 9
1747	2 11 14 15
1748	10 3 20 14
1749	4 16 9 20
1750	6 15 2 16
1751	6 12 2 17
1752	15 10 13 11
1753	1 5 15 7
1754	10 14 12 3
1755	5 9 14 16
1756	16 8 17 6
1757	9 10 3 7
1758	5 9 12 17
1759	16 18 9 12
1760	3 5 2 4
1761	14 18 17 11
1762	20 18 15 6
1763	18 20 4 3
1764	4 2 11 20
1765	7 10 20 13
1766	20 12 1 11
1767	15 19 3 7
1768	17 13 8 6
1769	8 14 11 15
1770	2 6 3 9
1771	12 19 11 7
1772	6 20 13 7
1773	16 3 18 15
1774	16 5 15 12
1775	13 7 11 6
1776	3 12 18 1
1777	9 5 15 11
1778	15 6 8 18
1779	7 11 8 14
1780	14 5 13 9
1781	2 11 9 15
1782	9 8 19 15
1783	12 11 14 10
1784	19 20 11 1
1785	20 19 6 15
1786	17 2 19 11
1787	9 13 15 14
1788	9 6 3 14
1789	6 10 13 3
1790	3 8 2 13
1791	14 8 10 11
1792	6 15 17 7
1793	9 19 14 8
1794	10 18 2 5
1795	6 1 11 12
1796	14 1 9 8
1797	16 5 8 9
1798	16 11 12 17
1799	6 16 9 2
1800	7 16 18 11
1801	19 18 5 6
1802	3 10 2 17
1803	19 15 3 10
1804	10 19 2 11
1805	1 14 5 16
1806	7 6 18 4
1807	13 6 11 8
1808	3 6 12 10
1809	15 16 14 6
1810	15 8 18 19
1811	4 1 7 5
1812	16 10 1 13
1813	4 11 14 13
1814	13 7 14 3
1815	4 9 20 7
1816	8 15 5 13
1817	6 18 12 17
1818	1 6 2 17
1819	11 6 1 17
1820	13 6 5 8
1821	7 20 11 17
1822	8 17 13 12
1823	13 19 11 8
1824	1 10 5 13
1825	10 13 18 5
1826	12 3 7 20
1827	20 15 7 19
1828	18 10 14 9
1829	12 14 6 18
1830	14 15 13 20
1831	16 10 18 12
1832	5 14 19 9
1833	6 5 18 20
1834	19 3 11 9
1835	10 6 9 15
1836	11 4 17 8
1837	15 14 11 7
1838	6 19 4 10
1839	3 1 9 6
1840	13 19 16 5
1841	1 8 5 15
1842	1 5 7 19
1843	12 7 4 1
1844	8 18 10 1
1845	4 19 18 13
1846	13 12 20 2
1847	18 9 12 15
1848	11 8 17 19
1849	11 17 13 16
1850	8 20 18 2
1851	18 6 20 15
1852	2 10 19 16
1853	12 4 2 9
1854	1 7 14 12
1855	1 13 19 11
1856	12 18 9 14
1857	6 1 10 20
1858	3 7 2 18
1859	19 12 5 3
1860	9 14 8 19
1861	7 14 20 19
1862	2 9 15 12
1863	18 16 20 4
1864	3 12 10 17
1865	20 12 16 2
1866	9 15 7 5
1867	18 4 13 3
1868	19 4 2 14
1869	12 16 4 20
1870	15 13 3 4
1871	10 2 6 19
1872	2 12 5 1
1873	2 17 16 12
1874	5 1 17 2
1875	4 10 6 12
1876	2 9 7 1
1877	8 14 20 6
1878	4 3 11 8
1879	13 16 4 6
1880	5 14 19 16
1881	1 20 11 12
1882	13 8 9 11
1883	11 2 19 7
1884	16 10 13 14
1885	10 19 8 2
1886	5 20 4 15
1887	10 18 2 16
1888	11 2 19 8
1889	2 5 17 13
1890	1 3 8 9
1891	4 9 16 14
1892	13 18 17 10
1893	14 11 7 6
1894	12 19 3 20
1895	7 6 15 16
1896	8 16 4 1
1897	4 13 12 17
1898	13 3 15 7
1899	5 8 12 19
1900	10 11 17 12
1901	11 19 16 18
1902	5 1 12 20
1903	10 19 11 12
1904	14 8 11 5
1905	13 15 7 14
1906	20 11 15 12
1907	19 20 3 6
1908	19 6 14 17
1909	5 12 1 11
1910	7 16 3 18
1911	1 4 3 9
1912	4 20 13 17
1913	5 3 16 18
1914	20 12 16 17
1915	5 6 4 9
1916	5 17 13 11
1917	11 1 9 19
1918	13 9 1 16
1919	3 2 6 16
1920	6 7 9 18
1921	18 19 8 12
1922	2 4 3 20
1923	2 4 16 5
1924	14 7 10 6
1925	13 2 16 9
1926	17 7 14 5
1927	4 11 20 19
1928	9 10 15 14
1929	16 11 18 17
1930	14 12 5 17
1931	6 5 10 4
1932	18 9 6 16
1933	3 2 10 4
1934	16 4 7 2
1935	1 10 3 14
1936	4 19 20 12
1937	10 3 18 16
1938	3 4 11 7
1939	11 1 9 12
1940	5 2 3 14
1941	1 19 5 17
1942	4 11 15 13
1943	9 11 5 6
1944	15 16 7 13
1945	5 11 9 7
1946	17 15 5 13
1947	6 17 14 3
1948	14 7 8 2
1949	18 8 4 15
1950	15 17 19 13
1951	3 11 19 5
1952	1 5 13 7
1953	2 15 4 14
1954	2 9 20 1
1955	19 20 15 4
1956	9 20 12 16
1957	6 9 1 7
1958	20 9 7 4
1959	4 17 11 19
1960	2 16 17 1
1961	11 16 2 18
1962	12 17 20 10
1963	18 9 4 20
1964	14 5 6 13
1965	19 12 7 20
1966	18 10 1 2
1967	14 9 8 4
1968	7 13 1 10
1969	11 6 2 8
1970	4 10 7 13
1971	13 6 16 1
1972	8 7 19 3
1973	8 12 19 10
1974	9 3 17 14
1975	3 10 12 8
1976	7 15 5 3
1977	12 11 8 1
1978	15 9 18 11
1979	6 12 9 3
1980	11 7 13 16
1981	9 2 8 18
1982	7 2 3 17
1983	20 1 13 19
1984	13 7 14 6
1985	16 5 20 8
1986	8 20 18 5
1987	19 7 6 14
1988	19 16 15 4
1989	4 3 13 2
1990	12 7 8 11
1991	15 1 13 16
1992	19 5 16 4
1993	16 20 7 2
1994	18 8 3 14
1995	16 3 15 7
1996	18 6 19 16
1997	8 12 5 16
1998	16 17 14 11
1999	4 18 5 8
2000	11 6 4 10
2001	12 16 17 5
2002	16 18 12 10
2003	2 14 7 18
2004	8 15 10 12
2005	4 15 13 10
2006	7 1 2 14
2007	12 1 7 15
2008	17 6 11 14
2009	2 7 20 4
2010	17 16 1 10
2011	15 6 18 2
2012	14 7 12 1
2013	18 7 19 9
2014	18 17 3 13
2015	2 18 10 14
2016	18 1 6 11
2017	18 3 12 4
2018	6 16 15 14
2019	14 9 5 10
2020	18 2 5 7
2021	2 20 5 17
2022	8 3 18 10
2023	5 1 15 4
2024	17 13 8 7
2025	14 1 11 13
2026	1 20 12 7
2027	3 2 19 9
2028	9 17 2 4
2029	2 19 14 1
2030	2 18 12 19
2031	12 8 4 10
2032	18 19 9 2
2033	20 15 19 10
2034	5 16 6 17
2035	5 19 6 10
2036	3 13 15 4
2037	11 6 8 2
2038	17 1 10 12
2039	17 16 18 13
2040	15 4 3 12
2041	16 13 20 12
2042	10 4 18 2
2043	6 1 15 14
2044	4 10 9 20
2045	17 2 9 8
2046	18 10 9 12
2047	15 3 19 8
2048	18 19 14 2
2049	18 1 2 14
2050	14 1 18 19
2051	17 16 12 3
2052	14 18 6 17
2053	16 20 17 15
2054	20 8 15 10
2055	6 15 7 14
2056	10 1 13 16
2057	12 13 11 8
2058	3 20 4 10
2059	2 18 10 17
2060	12 15 6 10
2061	7 8 18 2
2062	1 7 5 15
2063	9 10 1 6
2064	10 9 6 15
2065	14 8 4 18
2066	12 8 5 15
2067	15 10 13 2
2068	18 6 15 14
2069	6 16 9 17
2070	7 18 20 14
2071	20 14 17 5
2072	20 9 17 11
2073	2 4 5 19
2074	2 20 1 5
2075	16 13 4 6
2076	16 12 20 18
2077	14 3 12 8
2078	20 15 17 5
2079	8 15 12 18
2080	17 7 9 14
2081	5 8 18 17
2082	19 1 15 13
2083	18 15 9 13
2084	4 15 9 11
2085	9 20 6 17
2086	16 11 8 9
2087	13 17 14 3
2088	17 20 10 15
2089	15 12 10 17
2090	8 11 5 16
2091	15 16 12 20
2092	8 18 4 17
2093	1 11 17 5
2094	10 16 6 13
2095	9 14 6 11
2096	6 8 7 5
2097	1 13 4 18
2098	14 7 20 3
2099	19 3 9 15
2100	18 11 6 12
2101	17 13 2 7
2102	7 19 3 18
2103	5 13 15 17
2104	14 15 13 2
2105	8 3 11 9
2106	8 10 16 17
2107	14 3 10 8
2108	6 3 7 9
2109	1 14 5 6
2110	17 12 20 15
2111	7 10 19 6
2112	14 12 16 17
2113	5 14 13 15
2114	5 6 2 15
2115	4 16 2 13
2116	2 15 16 9
2117	6 17 11 19
2118	7 18 11 8
2119	18 12 1 6
2120	18 1 19 17
2121	6 10 14 15
2122	1 3 15 6
2123	18 7 1 17
2124	2 19 17 9
2125	3 7 6 9
2126	19 6 2 8
2127	12 6 1 2
2128	17 13 9 7
2129	7 6 17 14
2130	13 12 1 17
2131	17 2 1 11
2132	19 1 15 10
2133	5 3 18 15
2134	11 15 16 14
2135	18 13 2 12
2136	20 16 2 9
2137	20 3 15 14
2138	11 14 19 20
2139	2 3 11 16
2140	13 4 14 2
2141	18 12 6 5
2142	20 4 19 10
2143	20 15 3 16
2144	18 5 13 8
2145	11 15 18 8
2146	5 6 12 9
2147	13 3 20 5
2148	7 20 14 3
2149	14 10 20 12
2150	11 7 4 6
2151	8 13 9 12
2152	12 18 20 1
2153	20 9 15 4
2154	13 7 10 2
2155	3 16 11 2
2156	2 20 18 11
2157	19 17 3 12
2158	11 15 20 7
2159	10 9 7 17
2160	11 10 12 7
2161	6 11 9 7
2162	20 10 8 11
2163	9 12 5 18
2164	16 13 19 15
2165	15 19 17 12
2166	12 15 4 3
2167	14 6 16 15
2168	17 5 13 1
2169	1 19 5 12
2170	17 19 9 10
2171	16 12 15 1
2172	11 20 19 4
2173	15 3 7 2
2174	20 17 1 6
2175	10 19 16 5
2176	7 16 19 13
2177	11 4 17 16
2178	5 2 1 20
2179	1 7 9 5
2180	4 11 8 6
2181	13 6 12 11
2182	9 15 3 19
2183	10 17 15 6
2184	11 17 19 8
2185	10 3 11 9
2186	12 7 11 20
2187	4 11 1 19
2188	13 6 2 14
2189	5 15 9 16
2190	12 2 19 13
2191	10 13 19 4
2192	8 19 18 2
2193	8 4 10 9
2194	9 7 13 5
2195	3 5 2 17
2196	17 14 2 19
2197	9 11 20 12
2198	3 14 18 2
2199	12 7 10 6
2200	2 4 5 9
2201	17 6 12 3
2202	7 5 9 15
2203	4 9 6 10
2204	2 13 19 9
2205	7 20 8 1
2206	18 8 3 13
2207	4 5 11 7
2208	18 15 5 1
2209	1 2 15 13
2210	15 3 4 17
2211	18 20 2 14
2212	16 4 14 12
2213	14 2 5 3
2214	8 4 16 3
2215	9 11 15 4
2216	9 15 1 6
2217	17 5 2 10
2218	11 20 18 1
2219	8 11 13 20
2220	9 20 12 14
2221	11 20 6 17
2222	4 11 1 17
2223	6 2 5 4
2224	12 11 7 13
2225	11 12 20 6
2226	15 13 16 8
2227	14 19 7 18
2228	5 8 12 1
2229	13 7 11 8
2230	16 18 11 5
2231	3 2 9 16
2232	16 7 17 10
2233	19 7 15 20
2234	10 16 11 1
2235	9 2 7 13
2236	2 8 7 9
2237	3 20 7 6
2238	14 18 8 20
2239	17 15 6 19
2240	4 9 3 20
2241	10 16 20 1
2242	4 17 15 16
2243	6 16 20 8
2244	3 9 14 18
2245	5 15 1 18
2246	15 1 13 18
2247	9 15 16 3
2248	7 8 2 10
2249	19 15 9 8
2250	9 10 20 1
2251	15 3 9 4
2252	17 16 20 1
2253	12 14 6 3
2254	15 8 18 19
2255	18 11 9 16
2256	5 14 17 20
2257	3 16 13 1
2258	5 6 14 8
2259	9 2 5 13
2260	16 18 6 11
2261	11 1 12 2
2262	10 14 8 11
2263	11 10 8 9
2264	11 18 14 4
2265	3 12 9 7
2266	16 6 9 2
2267	20 12 7 17
2268	18 19 4 16
2269	5 7 16 19
2270	7 14 17 13
2271	8 1 13 9
2272	19 13 18 1
2273	13 1 6 11
2274	4 5 7 10
2275	8 3 13 11
2276	4 14 20 11
2277	9 2 11 4
2278	7 11 18 3
2279	19 2 8 20
2280	19 3 1 18
2281	2 5 8 17
2282	9 15 16 13
2283	5 8 4 13
2284	6 17 9 2
2285	10 17 1 14
2286	4 1 20 19
2287	10 14 13 17
2288	15 2 12 1
2289	13 7 16 1
2290	4 9 12 18
2291	11 14 8 17
2292	3 17 10 20
2293	10 3 5 8
2294	11 3 19 15
2295	4 8 16 9
2296	19 9 6 16
2297	18 20 9 15
2298	13 16 18 5
2299	18 1 7 12
2300	20 16 13 18
2301	6 11 12 14
2302	15 19 8 13
2303	1 13 11 3
2304	5 16 4 19
2305	6 7 10 3
2306	19 11 18 9
2307	16 6 1 13
2308	2 5 3 12
2309	11 9 19 1
2310	19 3 4 15
2311	15 18 9 1
2312	16 3 1 2
2313	1 12 18 7
2314	5 9 6 18
2315	16 8 4 6
2316	8 4 6 5
2317	10 11 8 18
2318	4 12 18 8
2319	17 20 7 15
2320	11 17 2 8
2321	8 13 10 19
2322	3 6 12 1
2323	8 14 17 16
2324	13 16 2 1
2325	20 12 15 18
2326	7 6 2 20
2327	16 3 4 14
2328	11 12 6 18
2329	11 1 20 8
2330	6 16 15 14
2331	3 8 10 7
2332	14 19 5 17
2333	16 12 17 20
2334	20 4 8 11
2335	6 12 9 1
2336	14 16 7 11
2337	1 18 10 6
2338	3 1 2 16
2339	9 20 12 13
2340	6 20 8 13
2341	1 17 15 3
2342	8 12 15 18
2343	12 16 11 18
2344	15 12 16 2
2345	4 2 8 13
2346	6 2 11 8
2347	8 10 3 15
2348	1 3 9 7
2349	6 4 5 19
2350	10 3 19 7
2351	8 11 5 18
2352	20 16 14 19
2353	16 8 3 19
2354	9 13 3 20
2355	9 15 7 14
2356	17 19 7 16
2357	11 16 13 6
2358	18 5 16 12
2359	6 3 1 7
2360	19 12 2 10
2361	10 9 7 3
2362	12 3 16 18
2363	4 3 19 17
2364	1 14 6 11
2365	13 19 10 11
2366	13 11 14 7
2367	3 7 16 5
2368	16 12 4 13
2369	8 3 10 17
2370	3 9 5 4
2371	12 11 10 17
2372	9 18 17 14
2373	19 7 5 1
2374	12 4 18 9
2375	12 19 14 2
2376	14 18 7 11
2377	17 9 7 18
2378	15 19 3 2
2379	4 19 20 17
2380	10 8 5 20
2381	10 5 3 16
2382	11 6 13 1
2383	9 14 18 20
2384	7 15 13 17
2385	18 9 5 1
2386	11 2 12 13
2387	13 14 6 9
2388	6 20 9 16
2389	7 13 5 14
2390	11 20 10 9
2391	16 9 11 19
2392	1 10 7 12
2393	15 9 2 17
2394	14 20 19 12
2395	18 3 2 5
2396	3 2 11 12
2397	4 17 5 9
2398	3 8 18 4
2399	16 6 13 10
2400	12 15 8 4
2401	11 13 18 7
2402	15 13 19 20
2403	19 15 3 2
2404	2 17 8 15
2405	18 15 16 8
2406	7 17 14 12
2407	17 7 18 10
2408	9 13 16 17
2409	13 3 1 19
2410	17 12 3 9
2411	20 13 9 6
2412	10 15 6 7
2413	14 8 15 11
2414	10 14 9 15
2415	5 10 9 14
2416	1 9 5 18
2417	15 10 17 3
2418	20 15 10 4
2419	14 20 17 19
2420	3 19 18 4
2421	17 13 10 20
2422	16 11 15 12
2423	17 4 19 8
2424	14 1 11 7
2425	20 12 17 15
2426	18 16 4 14
2427	6 12 14 11
2428	12 14 11 8
2429	7 17 20 12
2430	16 17 8 11
2431	2 17 6 5
2432	8 13 17 20
2433	14 3 5 17
2434	18 9 1 7
2435	2 1 10 4
2436	18 2 9 1
2437	14 7 17 9
2438	6 19 10 20
2439	16 7 17 13
2440	12 15 18 8
2441	6 13 2 12
2442	6 20 5 1
2443	13 18 8 1
2444	9 1 7 19
2445	8 1 9 7
2446	20 5 7 18
2447	15 10 12 1
2448	18 5 19 11
2449	20 11 2 13
2450	14 1 11 5
2451	6 16 14 15
2452	20 6 15 16
2453	20 5 12 16
2454	1 9 19 15
2455	1 10 17 7
2456	11 5 4 18
2457	19 14 15 16
2458	9 15 8 1
2459	11 15 5 4
2460	9 1 7 18
2461	1 11 14 4
2462	4 5 11 7
2463	16 12 11 14
2464	13 10 5 14
2465	6 8 2 5
2466	6 19 14 5
2467	17 8 9 1
2468	20 15 3 7
2469	3 19 18 2
2470	6 17 10 8
2471	16 13 19 18
2472	1 2 15 4
2473	17 5 9 20
2474	18 20 16 6
2475	20 14 17 11
2476	3 20 7 16
2477	13 1 17 12
2478	6 17 20 3
2479	5 19 7 17
2480	14 5 16 15
2481	13 16 14 7
2482	18 10 1 3
2483	4 2 3 14
2484	18 15 9 12
2485	1 20 10 6
2486	19 10 12 3
2487	17 19 8 3
2488	1 16 8 5
2489	15 18 8 1
2490	12 3 14 13
2491	18 14 9 16
2492	16 1 4 6
2493	17 3 18 2
2494	14 16 20 7
2495	14 12 7 16
2496	6 14 8 15
2497	6 1 17 2
2498	7 3 10 13
2499	9 15 4 3
2500	12 11 5 14
2501	8 11 7 14
2502	1 4 13 3
2503	14 3 17 8
2504	8 14 20 10
2505	19 18 8 4
2506	12 6 16 9
2507	9 2 14 4
2508	16 20 18 6
2509	7 6 14 13
2510	6 1 20 14
2511	20 7 14 9
2512	13 12 15 8
2513	5 15 7 17
2514	17 19 18 9
2515	11 4 3 17
2516	11 15 5 18
2517	2 18 11 6
2518	10 5 12 9
2519	20 19 1 17
2520	18 13 11 12
2521	5 20 12 9
2522	1 20 19 7
2523	1 15 6 19
2524	6 1 11 17
2525	1 6 16 9
2526	19 18 14 6
2527	1 7 13 12
2528	16 8 1 12
2529	2 18 15 13
2530	11 8 13 7
2531	10 17 3 20
2532	2 15 16 4
2533	14 7 6 15
2534	14 19 16 15
2535	16 17 13 3
2536	5 15 10 8
2537	9 6 5 7
2538	20 7 18 8
2539	9 6 5 3
2540	3 12 9 18
2541	13 11 8 10
2542	6 17 10 1
2543	13 7 19 4
2544	14 17 15 3
2545	2 8 9 13
2546	7 17 2 15
2547	11 20 14 5
2548	14 7 12 18
2549	8 16 12 11
2550	8 9 16 17
2551	10 8 4 16
2552	7 13 4 2
2553	18 1 11 6
2554	6 14 18 7
2555	10 4 15 18
2556	1 4 15 5
2557	19 14 13 9
2558	4 16 7 20
2559	4 13 1 18
2560	9 11 17 5
2561	5 15 13 10
2562	16 1 8 20
2563	9 18 16 7
2564	15 3 17 20
2565	16 15 3 14
2566	13 8 7 1
2567	15 9 14 6
2568	13 2 20 18
2569	11 4 12 1
2570	12 15 20 4
2571	9 10 2 15
2572	1 11 2 12
2573	1 19 11 17
2574	6 7 19 18
2575	3 16 11 9
2576	3 9 17 2
2577	16 18 4 7
2578	14 17 8 4
2579	14 3 2 20
2580	17 2 9 4
2581	1 5 2 12
2582	7 10 17 1
2583	3 7 10 19
2584	15 3 1 8
2585	11 10 12 4
2586	20 7 14 19
2587	4 16 20 13
2588	13 5 12 15
2589	5 1 4 2
2590	8 10 4 19
2591	13 4 18 17
2592	12 20 18 1
2593	12 7 8 13
2594	12 4 5 10
2595	4 9 3 12
2596	5 13 20 12
2597	10 14 12 15
2598	20 15 12 19
2599	10 14 1 18
2600	9 13 4 12
2601	18 1 16 20
2602	17 10 2 7
2603	20 1 6 17
2604	5 15 9 16
2605	13 16 15 18
2606	6 5 7 10
2607	1 12 2 18
2608	17 5 12 9
2609	20 12 16 2
2610	18 7 10 17
2611	2 20 5 17
2612	14 6 11 1
2613	8 4 18 13
2614	1 9 10 2
2615	2 3 4 8
2616	18 14 2 11
2617	10 1 6 9
2618	11 10 4 3
2619	20 18 17 6
2620	15 9 1 18
2621	5 18 4 3
2622	6 16 11 17
2623	10 13 1 14
2624	8 3 7 15
2625	3 6 7 2
2626	17 1 2 12
2627	15 13 3 10
2628	5 15 4 20
2629	4 20 3 6
2630	6 16 13 3
2631	8 19 10 15
2632	6 2 3 9
2633	12 16 6 5
2634	18 10 4 14
2635	10 18 8 4
2636	7 16 3 5
2637	10 15 7 2
2638	14 3 16 6
2639	16 3 12 20
2640	4 14 16 17
2641	1 10 19 5
2642	17 5 6 16
2643	18 14 17 1
2644	10 3 7 14
2645	12 13 4 10
2646	5 4 16 20
2647	11 8 9 15
2648	12 7 20 13
2649	8 7 19 9
2650	8 18 2 3
2651	2 14 1 19
2652	18 1 8 19
2653	6 9 10 13
2654	16 13 11 15
2655	12 14 8 17
2656	4 1 5 13
2657	3 11 16 19
2658	5 1 12 13
2659	12 2 6 3
2660	3 12 9 10
2661	6 1 17 11
2662	13 6 18 1
2663	13 7 19 3
2664	9 18 3 2
2665	1 20 18 3
2666	11 3 17 8
2667	18 19 3 12
2668	12 2 15 1
2669	11 5 14 7
2670	6 1 14 16
2671	19 16 18 2
2672	16 9 10 2
2673	15 3 13 19
2674	13 3 4 10
2675	13 12 9 4
2676	1 5 19 20
2677	9 7 16 10
2678	16 10 18 6
2679	8 10 13 18
2680	12 13 16 20
2681	1 14 4 17
2682	12 7 14 1
2683	8 20 9 3
2684	18 9 20 5
2685	14 18 7 3
2686	13 10 11 1
2687	20 3 8 4
2688	3 5 7 12
2689	17 20 15 13
2690	16 3 15 6
2691	8 4 19 17
2692	12 3 14 17
2693	14 4 8 2
2694	1 5 15 2
2695	8 7 19 5
2696	14 11 4 20
2697	6 10 9 7
2698	14 3 1 13
2699	16 1 20 12
2700	3 9 1 17
2701	18 10 14 5
2702	13 5 4 3
2703	14 18 5 13
2704	17 13 20 7
2705	5 19 2 4
2706	15 5 6 3
2707	5 4 1 6
2708	17 11 12 13
2709	13 3 12 18
2710	7 5 11 4
2711	8 1 13 18
2712	4 1 18 7
2713	9 7 18 8
2714	8 13 9 3
2715	18 11 2 16
2716	12 14 10 16
2717	11 4 9 13
2718	17 10 13 2
2719	10 3 12 14
2720	10 20 1 9
2721	14 16 7 9
2722	14 11 12 20
2723	15 1 4 8
2724	4 14 1 16
2725	8 13 4 18
2726	19 7 17 11
2727	14 3 19 12
2728	18 9 12 17
2729	15 8 19 10
2730	20 7 1 3
2731	15 3 11 16
2732	16 6 1 14
2733	20 17 12 5
2734	8 17 19 9
2735	17 20 15 9
2736	7 16 9 19
2737	10 13 4 17
2738	8 2 16 3
2739	11 19 20 12
2740	9 2 19 8
2741	16 12 6 4
2742	8 13 12 3
2743	8 6 13 9
2744	9 14 10 18
2745	15 1 11 12
2746	6 5 10 7
2747	16 1 5 15
2748	11 19 9 8
2749	2 4 3 20
2750	8 2 14 10
2751	13 7 10 2
2752	14 15 18 9
2753	3 9 6 15
2754	5 2 11 15
2755	17 19 18 2
2756	15 18 7 9
2757	8 19 18 13
2758	10 4 18 2
2759	5 18 20 11
2760	20 16 17 13
2761	10 1 18 19
2762	19 3 10 14
2763	10 19 16 18
2764	5 20 16 15
2765	20 4 15 18
2766	9 7 18 4
2767	3 8 15 13
2768	10 7 11 15
2769	3 17 10 16
2770	20 3 8 4
2771	10 3 14 15
2772	4 5 11 12
2773	4 10 14 1
2774	12 16 5 8
2775	12 16 7 10
2776	6 17 2 19
2777	11 13 6 9
2778	20 17 15 5
2779	12 3 9 14
2780	18 11 3 20
2781	1 2 10 20
2782	12 1 20 2
2783	16 2 15 19
2784	1 3 5 14
2785	19 11 17 7
2786	9 5 7 6
2787	8 17 14 5
2788	5 9 10 3
2789	8 14 3 10
2790	18 16 14 6
2791	2 3 1 8
2792	14 16 20 13
2793	2 8 5 17
2794	17 13 9 8
2795	17 1 13 2
2796	2 14 20 1
2797	2 15 19 5
2798	17 16 6 7
2799	19 16 13 15
2800	18 15 16 7
2801	3 13 20 6
2802	12 18 11 8
2803	16 6 4 13
2804	3 8 16 17
2805	12 2 13 15
2806	5 11 13 10
2807	19 8 13 20
2808	4 13 12 1
2809	15 3 19 14
2810	5 7 15 14
2811	3 13 2 16
2812	20 9 1 16
2813	4 18 14 12
2814	15 14 13 20
2815	1 12 10 16
2816	18 4 15 17
2817	19 7 10 1
2818	4 15 12 13
2819	20 15 3 11
2820	15 20 13 18
2821	15 20 4 5
2822	8 19 9 17
2823	4 6 16 17
2824	13 18 6 20
2825	11 3 19 1
2826	12 7 10 13
2827	13 8 16 12
2828	16 8 15 12
2829	8 10 20 14
2830	17 14 15 18
2831	3 7 1 16
2832	6 10 16 14
2833	20 2 8 3
2834	1 7 16 15
2835	10 8 19 13
2836	16 6 5 9
2837	19 1 17 7
2838	3 2 8 20
2839	6 2 7 5
2840	10 16 12 18
2841	13 18 11 20
2842	7 3 19 6
2843	12 17 15 14
2844	14 16 11 9
2845	1 17 2 15
2846	2 20 10 13
2847	19 12 7 13
2848	12 5 10 6
2849	15 5 18 3
2850	7 11 9 5
2851	19 13 3 14
2852	6 10 1 3
2853	2 16 8 3
2854	8 4 15 16
2855	19 17 2 4
2856	6 9 14 20
2857	8 1 4 2
2858	7 13 2 16
2859	16 8 17 10
2860	20 18 2 6
2861	13 15 10 11
2862	5 20 14 16
2863	11 19 17 12
2864	13 14 6 1
2865	12 14 9 8
2866	19 9 10 7
2867	11 4 9 1
2868	8 1 20 9
2869	16 5 17 19
2870	2 4 7 16
2871	19 2 17 15
2872	6 17 8 1
2873	8 9 13 5
2874	7 16 11 9
2875	10 17 7 9
2876	6 3 14 9
2877	10 18 4 6
2878	18 2 6 13
2879	18 20 11 12
2880	8 10 18 4
2881	20 17 1 16
2882	9 5 14 4
2883	17 16 1 11
2884	6 2 10 7
2885	19 16 15 20
2886	8 13 12 11
2887	18 3 8 4
2888	12 13 16 10
2889	8 3 4 11
2890	7 5 3 1
2891	3 14 8 10
2892	15 1 18 8
2893	19 17 5 15
2894	17 6 5 19
2895	11 8 17 2
2896	5 20 17 19
2897	3 10 6 18
2898	20 15 3 17
2899	1 3 19 4
2900	14 18 7 9
2901	6 11 8 2
2902	16 15 3 12
2903	1 5 8 3
2904	14 11 16 4
2905	12 8 11 14
2906	18 1 15 5
2907	10 15 12 3
2908	11 12 4 19
2909	14 20 5 10
2910	12 10 9 3
2911	6 16 14 15
2912	20 11 2 9
2913	2 18 14 17
2914	5 19 20 18
2915	5 9 1 8
2916	16 9 17 10
2917	15 3 19 20
2918	6 7 19 1
2919	16 6 4 9
2920	9 1 15 4
2921	8 16 3 12
2922	10 20 19 1
2923	11 2 9 3
2924	10 11 14 9
2925	7 16 10 9
2926	12 7 20 8
2927	3 16 17 19
2928	15 11 19 3
2929	18 15 7 5
2930	11 14 16 12
2931	14 2 13 20
2932	1 9 10 19
2933	3 5 7 11
2934	5 8 4 1
2935	11 1 3 20
2936	6 2 16 7
2937	9 17 13 1
2938	3 9 6 2
2939	4 10 18 6
2940	4 10 19 17
2941	16 11 14 12
2942	16 1 6 5
2943	10 2 3 14
2944	2 1 5 19
2945	12 9 2 10
2946	14 9 16 15
2947	11 13 5 9
2948	11 8 20 19
2949	15 17 4 9
2950	16 9 14 10
2951	15 9 1 3
2952	14 1 18 16
2953	2 15 3 5
2954	5 18 7 12
2955	18 16 4 19
2956	17 6 11 7
2957	1 16 7 10
2958	12 10 14 3
2959	9 2 16 1
2960	6 3 13 2
2961	14 15 10 1
2962	3 8 7 10
2963	19 11 16 2
2964	18 12 5 16
2965	4 7 15 18
2966	17 12 9 1
2967	15 6 10 9
2968	7 2 18 19
2969	17 15 1 9
2970	4 10 11 18
2971	3 13 16 4
2972	4 17 13 16
2973	13 15 17 10
2974	9 14 16 7
2975	16 14 13 17
2976	6 13 2 17
2977	1 19 18 14
2978	13 14 9 5
2979	11 5 13 12
2980	13 5 16 14
2981	6 16 5 18
2982	12 1 4 2
2983	19 5 17 16
2984	2 20 15 5
2985	12 19 8 11
2986	16 10 9 13
2987	16 18 7 2
2988	6 1 3 20
2989	5 1 19 4
2990	6 8 14 17
2991	19 4 16 11
2992	12 11 4 20
2993	16 3 14 20
2994	19 14 8 6
2995	17 6 7 8
2996	19 7 6 8
2997	6 8 17 20
2998	5 19 17 7
2999	16 13 2 10
3000	9 14 17 10
3001	1 6 14 13
3002	19 5 2 12
3003	17 4 12 18
3004	18 11 5 1
3005	7 11 19 3
3006	15 10 18 12
3007	14 9 4 5
3008	9 13 14 5
3009	12 15 14 9
3010	5 9 20 13
3011	1 17 9 14
3012	20 17 4 15
3013	11 13 7 8
3014	9 4 20 12
3015	10 14 18 1
3016	11 17 3 13
3017	2 4 20 14
3018	17 15 19 2
3019	9 5 20 4
3020	13 1 16 14
3021	13 16 20 14
3022	7 13 4 10
3023	5 9 10 3
3024	19 11 12 17
3025	1 11 7 13
3026	20 10 17 11
3027	16 10 13 18
3028	6 18 17 13
3029	2 7 9 14
3030	12 10 7 4
3031	8 4 10 5
3032	17 6 10 2
3033	14 17 5 15
3034	4 15 13 6
3035	5 2 11 6
3036	18 4 11 14
3037	7 5 17 13
3038	6 13 9 14
3039	1 5 3 17
3040	3 15 13 4
3041	9 5 2 1
3042	10 7 1 17
3043	2 4 5 16
3044	11 12 2 8
3045	2 19 16 12
3046	1 18 11 14
3047	6 5 19 17
3048	9 18 12 19
3049	8 5 18 13
3050	10 4 1 12
3051	12 2 15 7
3052	4 12 18 13
3053	8 4 14 16
3054	11 6 3 2
3055	19 7 20 10
3056	11 4 19 10
3057	1 17 3 7
3058	8 6 17 12
3059	18 2 4 6
3060	20 18 6 2
3061	8 16 2 3
3062	18 5 4 14
3063	9 17 14 1
3064	9 15 11 5
3065	8 19 6 18
3066	5 12 14 3
3067	7 15 12 5
3068	10 12 3 7
3069	7 18 1 2
3070	16 10 6 8
3071	19 7 8 18
3072	14 17 9 11
3073	4 10 1 20
3074	17 12 7 19
3075	7 12 11 13
3076	1 10 17 11
3077	3 6 7 19
3078	15 10 1 9
3079	11 20 10 6
3080	11 9 2 8
3081	17 13 6 8
3082	19 13 2 1
3083	6 14 13 3
3084	15 4 18 11
3085	4 12 7 3
3086	1 13 5 3
3087	7 11 19 2
3088	7 13 10 3
3089	10 2 16 15
3090	7 11 10 15
3091	5 8 6 19
3092	13 14 5 20
3093	16 6 10 15
3094	14 2 15 10
3095	7 9 6 16
3096	19 4 9 1
3097	1 6 2 5
3098	18 7 10 1
3099	10 4 5 20
3100	6 11 7 3
3101	15 14 17 11
3102	20 2 18 16
3103	8 7 15 3
3104	1 9 17 6
3105	2 10 9 13
3106	18 4 5 7
3107	19 1 11 9
3108	11 14 3 16
3109	8 3 19 15
3110	17 7 5 20
3111	8 20 6 15
3112	4 11 20 13
3113	11 2 6 13
3114	15 7 4 10
3115	8 9 16 13
3116	13 6 1 20
3117	8 1 19 11
3118	7 14 15 6
3119	5 4 15 12
3120	6 17 9 15
3121	7 5 13 20
3122	9 10 15 20
3123	5 16 12 13
3124	10 9 4 11
3125	13 12 8 7
3126	1 5 11 3
3127	2 20 19 12
3128	13 7 16 5
3129	3 11 15 10
3130	20 10 2 3
3131	17 14 2 12
3132	18 10 2 5
3133	15 11 5 12
3134	11 16 6 9
3135	9 18 10 17
3136	12 13 18 20
3137	9 8 12 7
3138	5 17 12 8
3139	12 19 4 10
3140	17 7 10 2
3141	2 6 9 11
3142	18 1 14 10
3143	18 9 8 17
3144	10 13 19 5
3145	19 13 1 7
3146	14 13 10 17
3147	12 17 3 10
3148	17 8 9 4
3149	13 19 15 11
3150	2 14 9 7
3151	15 11 8 20
3152	13 6 17 2
3153	11 12 2 6
3154	4 20 11 19
3155	16 11 9 4
3156	14 3 6 8
3157	15 2 14 5
3158	7 2 4 6
3159	11 4 13 20
3160	18 13 10 9
3161	6 20 12 14
3162	14 7 18 12
3163	16 19 11 13
3164	2 16 9 11
3165	1 2 10 3
3166	3 1 4 2
3167	13 5 10 9
3168	11 10 3 16
3169	12 3 15 9
3170	1 16 10 2
3171	3 7 14 8
3172	5 19 16 18
3173	5 16 10 19
3174	18 13 15 19
3175	12 1 18 19
3176	11 8 13 5
3177	11 13 6 14
3178	16 14 20 12
3179	12 1 17 3
3180	18 14 15 1
3181	14 2 20 5
3182	15 3 10 18
3183	3 1 8 6
3184	17 8 7 4
3185	18 2 20 11
3186	7 3 15 6
3187	13 15 10 7
3188	8 14 5 13
3189	19 5 2 7
3190	13 5 2 9
3191	9 2 18 11
3192	9 5 2 16
3193	16 14 1 8
3194	9 18 6 12
3195	11 16 7 3
3196	1 8 4 10
3197	18 20 12 14
3198	2 19 3 11
3199	7 3 5 15
3200	11 1 9 19
3201	8 3 10 5
3202	2 19 15 6
3203	14 1 9 10
3204	1 18 9 3
3205	10 15 16 7
3206	3 11 6 10
3207	7 20 17 6
3208	15 8 3 18
3209	13 6 16 12
3210	17 8 2 15
3211	9 4 17 16
3212	7 11 9 1
3213	17 16 19 5
3214	11 6 9 8
3215	7 17 18 13
3216	7 16 9 8
3217	20 4 10 5
3218	4 19 14 13
3219	18 9 4 17
3220	11 17 7 20
3221	12 18 14 19
3222	10 1 8 12
3223	9 2 17 11
3224	16 18 15 14
3225	10 2 1 3
3226	4 6 19 3
3227	4 2 3 18
3228	5 2 15 6
3229	11 18 13 16
3230	1 11 20 6
3231	17 14 18 9
3232	10 1 12 6
3233	11 17 18 8
3234	8 15 20 7
3235	20 7 4 14
3236	10 13 9 1
3237	1 17 4 14
3238	11 5 20 18
3239	2 8 5 12
3240	15 2 10 18
3241	10 12 5 4
3242	12 3 19 1
3243	6 5 12 1
3244	11 15 7 18
3245	1 15 17 4
3246	10 14 12 6
3247	9 19 10 2
3248	16 19 15 6
3249	20 4 19 5
3250	14 18 3 20
3251	19 14 5 7
3252	7 2 4 11
3253	20 13 15 4
3254	10 2 9 12
3255	11 12 14 2
3256	15 9 12 17
3257	13 1 19 17
3258	2 19 4 3
3259	2 17 5 11
3260	14 13 10 8
3261	14 15 6 16
3262	16 10 13 8
3263	16 13 3 20
3264	5 18 19 1
3265	2 11 12 6
3266	7 4 18 6
3267	7 11 15 16
3268	14 13 9 8
3269	18 14 8 2
3270	12 14 13 1
3271	7 19 12 15
3272	9 16 13 5
3273	14 5 20 18
3274	8 19 17 6
3275	6 19 8 2
3276	1 8 20 16
3277	19 4 15 8
3278	7 10 17 8
3279	10 16 5 13
3280	4 19 9 13
3281	4 1 18 5
3282	7 5 6 20
3283	2 15 18 5
3284	6 9 11 3
3285	2 5 20 13
3286	20 7 15 1
3287	5 20 19 4
3288	20 18 13 19
3289	20 16 8 4
3290	16 14 1 8
3291	14 15 8 6
3292	20 10 17 16
3293	5 15 10 17
3294	2 15 13 6
3295	2 18 19 13
3296	9 4 12 20
3297	2 14 6 1
3298	17 11 14 3
3299	16 7 15 1
3300	8 18 4 19
3301	12 1 13 16
3302	16 10 1 7
3303	19 12 5 14
3304	3 16 13 10
3305	11 19 20 17
3306	8 12 13 3
3307	19 18 10 15
3308	14 18 20 8
3309	9 16 19 6
3310	5 6 16 13
3311	20 19 10 17
3312	1 12 19 9
3313	4 14 18 17
3314	4 12 18 7
3315	14 18 6 1
3316	2 15 12 11
3317	20 14 16 7
3318	14 20 2 4
3319	16 14 3 15
3320	8 17 2 1
3321	4 17 1 7
3322	2 16 19 14
3323	4 2 8 15
3324	13 5 4 12
3325	4 11 3 18
3326	17 9 14 3
3327	13 11 19 8
3328	20 4 8 19
3329	6 19 13 7
3330	1 14 12 5
3331	18 3 5 13
3332	17 5 18 20
3333	11 6 10 12
3334	8 12 20 15
3335	17 2 12 10
3336	14 3 4 19
3337	5 12 6 7
3338	14 16 8 5
3339	6 11 5 8
3340	2 3 18 19
3341	14 17 12 9
3342	10 8 2 7
3343	5 16 7 17
3344	18 5 4 10
3345	6 8 19 7
3346	8 5 15 18
3347	5 4 13 6
3348	17 8 19 20
3349	6 4 12 5
3350	8 3 12 6
3351	2 13 8 4
3352	7 12 2 9
3353	20 15 13 12
3354	3 19 6 12
3355	18 2 15 14
3356	1 18 11 14
3357	4 18 8 5
3358	5 20 17 7
3359	7 16 12 4
3360	3 13 5 1
3361	10 5 14 17
3362	2 1 11 8
3363	16 9 3 15
3364	11 12 19 17
3365	16 19 4 11
3366	1 11 4 16
3367	6 18 12 11
3368	5 18 20 9
3369	16 6 1 19
3370	16 3 17 13
3371	14 17 8 15
3372	16 19 2 12
3373	20 14 17 18
3374	2 10 7 6
3375	8 19 16 1
3376	1 7 20 10
3377	5 19 10 1
3378	13 7 8 17
3379	15 6 17 19
3380	12 2 15 20
3381	2 11 1 4
3382	6 17 7 20
3383	14 12 18 17
3384	10 4 15 6
3385	19 8 5 12
3386	7 3 20 8
3387	5 4 17 11
3388	10 6 17 18
3389	20 14 16 7
3390	20 18 8 4
3391	7 1 19 2
3392	19 18 9 10
3393	17 9 19 11
3394	14 3 19 8
3395	13 18 10 16
3396	19 2 16 11
3397	10 6 14 8
3398	6 20 12 16
3399	16 18 11 4
3400	1 15 5 6
3401	13 8 19 11
3402	17 19 18 7
3403	3 17 12 14
3404	6 7 15 17
3405	20 3 6 13
3406	2 15 17 6
3407	20 9 1 8
3408	4 16 17 9
3409	3 11 15 14
3410	4 10 8 5
3411	17 19 3 11
3412	19 2 13 7
3413	16 10 18 6
3414	15 7 20 17
3415	8 6 5 19
3416	20 15 17 1
3417	2 4 18 6
3418	8 13 15 3
3419	10 17 2 14
3420	7 15 14 4
3421	11 19 20 14
3422	12 13 19 3
3423	7 20 19 11
3424	4 14 8 11
3425	15 13 4 11
3426	19 20 7 2
3427	20 4 12 2
3428	10 20 8 5
3429	8 12 9 6
3430	7 15 11 17
3431	16 3 20 18
3432	20 19 7 13
3433	10 19 3 2
3434	1 6 15 17
3435	8 11 5 19
3436	16 15 9 14
3437	16 18 20 15
3438	2 9 17 18
3439	5 17 2 19
3440	15 2 3 18
3441	10 9 15 14
3442	1 12 17 18
3443	5 13 4 15
3444	10 13 20 9
3445	12 4 11 6
3446	15 11 7 8
3447	15 20 10 11
3448	7 8 10 12
3449	18 15 11 17
3450	13 5 12 6
3451	16 8 5 13
3452	19 5 7 14
3453	18 9 4 17
3454	17 2 18 14
3455	1 20 7 3
3456	15 7 19 16
3457	19 9 6 5
3458	20 16 12 2
3459	2 1 4 3
3460	15 12 17 11
3461	18 4 5 20
3462	20 12 14 7
3463	2 17 11 12
3464	3 13 1 18
3465	4 5 6 1
3466	19 15 9 6
3467	1 15 12 16
3468	6 9 2 3
3469	14 19 7 18
3470	18 12 3 11
3471	14 17 7 11
3472	13 2 8 12
3473	7 3 16 14
3474	8 5 12 9
3475	3 15 10 6
3476	18 5 14 11
3477	20 13 9 10
3478	15 18 12 16
3479	17 6 8 13
3480	5 17 10 15
3481	14 15 19 7
3482	18 10 2 14
3483	9 5 3 8
3484	20 15 11 7
3485	4 7 16 20
3486	7 18 15 14
3487	18 8 7 9
3488	5 20 18 13
3489	12 1 20 7
3490	6 15 4 5
3491	7 15 6 16
3492	15 5 16 10
3493	7 3 18 6
3494	14 8 17 10
3495	8 6 15 19
3496	19 10 8 2
3497	7 20 11 5
3498	19 2 20 15
3499	11 6 3 9
3500	8 11 5 19
