Students	3500
1	16 1 5 18
2	6 16 14 2
3	20 11 14 12
4	16 10 5 19
5	2 20 4 5
6	8 13 15 1
7	5 18 15 16
8	18 7 16 19
9	20 2 18 1
10	16 15 6 14
11	5 17 11 1
12	14 8 7 16
13	7 5 10 20
14	14 6 5 1
15	14 8 9 3
16	3 2 7 13
17	6 10 16 7
18	16 12 20 10
19	15 4 1 8
20	18 7 6 9
21	17 4 19 15
22	16 3 15 17
23	6 10 13 11
24	1 6 3 10
25	20 11 2 1
26	10 2 14 5
27	4 12 18 7
28	3 11 18 9
29	1 16 17 13
30	14 12 9 15
31	12 10 9 2
32	16 18 9 13
33	4 18 13 5
34	2 11 4 17
35	5 4 7 14
36	13 20 17 18
37	19 13 3 2
38	11 8 19 17
39	4 1 19 5
40	17 19 16 3
41	4 2 7 6
42	2 20 8 15
43	5 2 16 9
44	1 2 18 5
45	10 15 18 20
46	6 17 10 12
47	11 13 2 14
48	8 5 10 2
49	12 14 10 5
50	7 13 17 14
51	1 7 2 19
52	3 16 2 4
53	16 13 19 14
54	18 11 13 5
55	12 2 15 8
56	10 4 3 5
57	6 3 19 9
58	13 1 16 8
59	20 15 18 13
60	19 20 9 16
61	2 3 9 8
62	20 14 11 17
63	14 6 4 5
64	17 11 10 8
65	15 19 6 9
66	7 15 14 5
67	16 12 20 14
68	14 7 19 6
69	2 8 4 14
70	9 10 3 17
71	13 7 2 20
72	17 18 2 4
73	6 2 5 9
74	4 11 15 16
75	12 4 2 9
76	1 9 12 14
77	14 11 17 18
78	1 6 12 9
79	6 5 1 2
80	8 2 20 11
81	2 5 19 4
82	3 13 6 14
83	13 1 5 19
84	10 8 18 17
85	19 15 8 4
86	2 3 19 18
87	18 7 2 14
88	19 8 3 2
89	17 7 2 12
90	3 16 5 9
91	16 6 19 14
92	10 6 8 12
93	9 4 11 6
94	3 15 8 12
95	15 11 8 18
96	9 16 11 18
97	2 20 8 11
98	19 11 5 18
99	14 1 8 10
100	13 16 8 5
101	12 1 5 13
102	1 6 18 4
103	12 14 13 2
104	5 6 8 14
105	18 7 19 12
106	7 10 12 3
107	7 9 8 14
108	16 1 9 2
109	15 3 13 12
110	17 10 8 1
111	4 11 18 19
112	7 9 18 13
113	7 18 14 17
114	17 15 20 14
115	7 14 12 16
116	4 2 19 7
117	2 12 15 6
118	15 4 7 8
119	14 6 2 10
120	3 14 10 13
121	14 1 15 6
122	14 20 10 12
123	17 14 3 18
124	9 2 1 8
125	3 17 2 15
126	14 7 2 13
127	9 11 8 3
128	20 13 14 7
129	17 11 10 15
130	16 7 8 14
131	20 12 11 6
132	8 16 12 14
133	18 4 7 2
134	8 17 6 11
135	8 4 5 6
136	18 8 12 3
137	14 12 6 3
138	14 3 18 9
139	2 1 14 19
140	8 17 1 2
141	3 11 2 16
142	9 18 10 5
143	5 4 3 6
144	4 1 11 17
145	10 7 20 4
146	14 17 18 19
147	3 15 4 19
148	19 11 9 17
149	7 16 6 20
150	11 9 1 7
151	18 3 12 20
152	17 14 4 13
153	8 13 9 14
154	19 18 14 15
155	13 12 10 15
156	5 1 8 13
157	14 8 10 1
158	2 13 6 20
159	17 18 5 15
160	5 20 7 17
161	10 7 19 9
162	8 20 5 9
163	2 17 1 3
164	11 14 10 18
165	8 12 2 9
166	15 1 8 19
167	18 1 17 7
168	17 5 6 13
169	15 16 14 5
170	9 12 5 11
171	4 3 19 7
172	4 2 16 14
173	8 13 5 1
174	12 16 17 10
175	3 20 9 8
176	18 11 1 13
177	12 13 18 11
178	20 14 6 12
179	13 14 10 2
180	5 2 4 8
181	1 12 14 6
182	6 13 4 16
183	12 6 4 14
184	16 7 13 2
185	1 2 16 14
186	19 7 10 14
187	14 13 3 8
188	12 5 11 2
189	14 10 11 1
190	8 20 19 9
191	18 19 17 16
192	16 17 4 1
193	7 14 8 15
194	12 3 10 8
195	8 14 15 2
196	19 8 13 2
197	10 5 9 17
198	11 6 15 5
199	9 3 11 12
200	2 20 15 4
201	3 1 19 16
202	19 16 1 17
203	3 17 9 5
204	20 16 14 9
205	16 2 1 4
206	18 8 14 16
207	3 16 11 12
208	15 16 12 20
209	3 13 17 6
210	15 14 7 19
211	2 16 10 15
212	15 3 12 20
213	8 19 7 20
214	9 10 3 18
215	19 7 17 3
216	2 9 5 14
217	6 18 15 2
218	10 13 4 9
219	19 2 11 9
220	17 12 11 15
221	13 20 16 15
222	6 11 1 2
223	7 13 16 11
224	16 10 5 15
225	18 1 8 16
226	18 4 8 17
227	6 5 20 17
228	3 6 18 2
229	18 16 4 5
230	7 6 5 3
231	6 11 5 1
232	2 15 6 1
233	18 1 8 16
234	1 16 18 14
235	14 2 9 18
236	18 15 6 7
237	8 4 14 3
238	5 9 4 20
239	16 8 17 7
240	8 2 17 16
241	3 20 6 10
242	2 11 20 8
243	15 8 1 11
244	13 16 12 15
245	6 8 11 2
246	11 5 17 3
247	7 9 6 12
248	4 9 3 1
249	17 15 8 20
250	5 18 10 20
251	13 2 4 1
252	17 9 1 5
253	5 1 20 4
254	11 12 7 2
255	13 11 7 18
256	15 20 2 9
257	20 5 1 3
258	15 8 4 6
259	16 18 3 14
260	14 11 13 5
261	13 15 3 18
262	20 3 7 4
263	5 10 6 1
264	6 14 13 7
265	7 20 8 14
266	10 3 11 16
267	16 11 13 8
268	1 5 17 18
269	18 7 5 16
270	15 12 2 11
271	9 13 7 18
272	17 4 16 9
273	16 2 8 11
274	2 1 20 11
275	15 12 1 10
276	2 6 4 1
277	17 12 19 10
278	3 17 18 8
279	4 13 7 12
280	13 18 20 11
281	9 1 7 3
282	8 16 15 7
283	16 17 4 15
284	20 14 12 9
285	8 13 15 9
286	6 9 13 19
287	16 5 1 14
288	16 1 14 4
289	18 14 9 8
290	9 13 7 5
291	3 5 18 20
292	10 16 18 8
293	16 19 4 13
294	11 17 19 14
295	4 3 8 18
296	19 1 16 9
297	16 5 11 15
298	5 9 6 7
299	10 18 2 5
300	11 14 10 19
301	15 1 20 11
302	2 17 10 18
303	1 20 12 4
304	16 19 1 7
305	17 11 1 8
306	9 13 2 14
307	15 20 6 5
308	4 10 1 5
309	16 11 9 1
310	12 11 10 20
311	5 10 3 19
312	10 6 18 11
313	20 15 2 3
314	2 9 3 11
315	17 15 11 13
316	2 18 16 17
317	20 13 19 6
318	7 18 13 17
319	2 5 15 10
320	16 13 7 18
321	12 8 6 18
322	13 9 2 14
323	6 17 14 18
324	9 4 13 15
325	12 17 13 8
326	1 12 14 20
327	10 19 13 12
328	6 2 4 16
329	13 6 16 17
330	19 11 6 9
331	11 10 19 8
332	8 2 11 14
333	17 8 19 18
334	2 17 8 19
335	15 8 3 20
336	1 15 17 16
337	19 15 13 4
338	16 4 5 12
339	18 9 3 10
340	4 1 16 11
341	19 2 8 1
342	12 10 20 7
343	2 5 6 17
344	16 9 19 7
345	8 5 7 19
346	3 17 12 15
347	17 10 4 7
348	6 9 7 2
349	19 3 15 12
350	5 18 8 15
351	1 16 5 3
352	15 3 4 7
353	16 17 1 2
354	8 5 19 15
355	17 11 12 7
356	8 1 20 7
357	17 4 7 11
358	13 17 11 6
359	15 12 19 17
360	2 1 11 18
361	9 7 11 3
362	15 12 18 19
363	13 2 12 5
364	7 4 19 14
365	2 6 7 5
366	9 19 11 4
367	10 12 20 17
368	17 1 13 15
369	10 14 19 13
370	9 11 1 8
371	16 12 9 20
372	15 14 11 16
373	19 11 8 18
374	9 7 19 14
375	12 6 9 8
376	17 8 10 14
377	13 10 18 7
378	15 8 17 3
379	1 8 4 13
380	19 18 7 5
381	2 6 19 1
382	16 3 15 5
383	17 18 19 16
384	11 15 5 6
385	7 9 4 16
386	16 15 18 11
387	9 20 19 13
388	14 9 17 7
389	17 5 9 14
390	1 11 5 9
391	2 20 10 7
392	18 9 4 1
393	16 17 3 20
394	19 2 17 20
395	19 15 12 17
396	11 3 20 19
397	20 10 3 4
398	2 6 7 12
399	10 8 13 9
400	10 13 17 8
401	10 2 19 14
402	18 3 1 10
403	14 11 16 5
404	2 3 8 6
405	19 10 18 15
406	3 20 12 9
407	1 10 14 2
408	19 11 15 2
409	8 1 15 3
410	14 12 6 8
411	5 16 17 11
412	19 18 3 10
413	9 20 5 3
414	18 6 13 2
415	2 3 8 11
416	4 12 9 13
417	19 20 17 8
418	9 3 15 5
419	18 8 2 16
420	18 4 19 20
421	18 13 12 4
422	10 11 4 1
423	8 11 20 1
424	1 5 17 12
425	19 3 13 11
426	4 12 15 16
427	1 17 13 19
428	15 8 13 4
429	12 5 14 10
430	8 19 7 16
431	1 12 19 11
432	18 17 9 19
433	20 8 13 9
434	14 6 8 17
435	12 13 19 7
436	11 17 12 16
437	7 15 18 1
438	10 12 18 8
439	19 16 12 2
440	3 12 15 17
441	6 9 18 11
442	6 16 14 19
443	16 12 19 17
444	5 15 6 14
445	12 4 19 7
446	3 18 2 13
447	1 2 6 3
448	8 16 1 18
449	15 4 18 5
450	1 17 13 3
451	17 13 16 10
452	12 8 9 10
453	12 7 10 3
454	16 1 13 3
455	5 13 14 19
456	20 9 16 5
457	8 5 2 3
458	15 9 2 17
459	7 16 11 10
460	20 18 10 5
461	19 16 17 9
462	19 6 12 2
463	7 19 20 14
464	2 19 15 12
465	4 6 17 3
466	17 19 6 13
467	1 6 12 20
468	6 3 14 20
469	20 9 13 18
470	9 4 20 10
471	5 19 8 17
472	8 3 13 20
473	5 2 4 3
474	9 20 4 5
475	17 3 9 14
476	11 17 9 14
477	14 7 17 20
478	3 2 14 13
479	3 2 16 11
480	3 5 18 6
481	18 4 7 10
482	4 9 8 10
483	4 9 10 14
484	1 5 18 6
485	9 1 3 14
486	10 2 17 19
487	3 17 11 14
488	15 20 10 8
489	7 3 20 16
490	20 12 4 6
491	17 18 19 2
492	1 12 3 15
493	16 1 8 13
494	11 19 12 15
495	11 16 15 13
496	1 15 12 11
497	5 6 3 1
498	12 6 1 20
499	18 8 19 12
500	19 15 4 9
501	12 17 15 18
502	20 12 4 2
503	13 8 3 18
504	8 9 15 18
505	11 4 17 9
506	9 13 15 18
507	19 18 1 12
508	9 13 5 2
509	19 14 20 1
510	16 3 18 9
511	15 8 10 2
512	2 4 16 5
513	12 15 8 19
514	2 14 5 20
515	3 18 9 2
516	10 7 5 4
517	9 4 11 19
518	1 12 6 15
519	1 13 20 4
520	15 9 1 3
521	5 15 18 3
522	4 7 3 10
523	5 11 2 3
524	3 10 6 13
525	3 1 5 7
526	12 20 8 5
527	5 12 19 16
528	16 14 4 5
529	1 3 11 5
530	5 19 10 1
531	3 9 19 2
532	8 3 10 15
533	11 18 12 1
534	14 15 6 8
535	17 13 2 5
536	6 8 11 14
537	3 11 18 6
538	5 15 6 2
539	5 1 7 2
540	11 18 7 15
541	6 11 16 9
542	16 9 13 4
543	17 5 18 15
544	16 15 18 3
545	3 1 5 20
546	2 19 6 15
547	6 14 1 11
548	17 7 6 20
549	4 20 17 13
550	6 13 5 15
551	16 8 15 12
552	1 18 9 2
553	10 15 5 13
554	19 15 14 11
555	19 5 12 16
556	4 8 1 11
557	4 11 5 13
558	13 11 19 17
559	14 9 5 4
560	12 10 5 9
561	2 6 17 7
562	3 19 18 9
563	9 20 7 6
564	16 8 4 18
565	6 8 15 5
566	8 10 20 19
567	3 10 17 13
568	18 3 11 7
569	6 7 15 1
570	19 1 3 8
571	16 3 15 7
572	1 16 19 2
573	18 10 15 8
574	6 14 5 18
575	2 5 8 20
576	3 10 18 13
577	7 11 5 1
578	3 15 2 18
579	7 2 12 20
580	5 8 13 2
581	13 10 20 1
582	6 11 4 8
583	3 5 11 13
584	10 3 6 14
585	3 14 12 10
586	15 18 14 6
587	7 17 19 8
588	1 4 7 2
589	7 16 2 13
590	13 4 19 2
591	16 1 19 11
592	4 15 5 1
593	8 9 5 10
594	10 2 19 18
595	18 16 4 17
596	11 7 5 3
597	6 9 4 13
598	17 19 14 12
599	11 4 10 20
600	4 9 16 15
601	2 13 12 10
602	18 4 17 12
603	10 11 16 15
604	15 10 5 17
605	17 2 4 20
606	7 18 14 5
607	12 15 4 14
608	6 8 11 15
609	15 4 13 10
610	2 12 3 14
611	15 4 11 20
612	12 11 14 20
613	19 8 1 12
614	14 5 11 20
615	6 4 9 17
616	15 3 8 17
617	14 16 3 5
618	16 18 10 11
619	4 17 16 14
620	3 17 15 2
621	6 1 8 20
622	17 9 1 11
623	12 3 6 19
624	15 2 19 3
625	17 16 1 2
626	18 16 6 1
627	8 6 18 4
628	5 9 8 12
629	10 14 17 11
630	14 20 13 5
631	20 16 14 15
632	11 19 1 13
633	19 4 18 20
634	8 18 5 16
635	15 13 10 16
636	4 17 1 12
637	8 1 4 20
638	2 13 7 3
639	17 8 1 19
640	20 17 6 15
641	9 13 17 10
642	1 15 16 5
643	10 6 16 17
644	14 5 3 17
645	15 11 4 5
646	10 4 19 13
647	18 14 3 8
648	16 9 2 8
649	10 13 20 16
650	6 10 20 9
651	7 15 14 1
652	9 12 4 8
653	11 13 10 18
654	18 3 8 7
655	5 16 4 8
656	9 17 15 19
657	19 14 2 13
658	13 14 19 17
659	15 19 9 20
660	8 14 2 6
661	1 17 11 8
662	12 13 2 5
663	3 7 13 11
664	6 15 12 3
665	11 3 19 12
666	11 15 1 10
667	5 9 11 1
668	8 9 5 16
669	13 17 19 11
670	8 12 9 19
671	12 4 10 18
672	16 20 1 11
673	16 18 12 19
674	16 20 17 12
675	2 10 17 18
676	19 16 5 14
677	4 17 3 2
678	20 5 12 3
679	12 5 3 16
680	4 6 9 19
681	20 7 11 14
682	19 3 14 15
683	17 6 9 12
684	9 8 1 2
685	7 1 4 13
686	12 10 13 8
687	4 5 17 2
688	6 9 13 10
689	10 1 19 4
690	11 5 15 18
691	16 7 18 15
692	3 4 11 10
693	3 7 19 10
694	12 2 8 20
695	9 11 10 4
696	1 17 9 3
697	2 11 12 6
698	5 1 12 19
699	4 12 18 10
700	5 15 2 8
701	20 16 14 13
702	20 17 5 4
703	10 13 9 17
704	13 6 10 3
705	3 14 17 15
706	18 4 20 5
707	2 19 6 20
708	14 18 8 16
709	18 15 17 8
710	17 20 11 13
711	13 1 3 4
712	14 10 20 4
713	18 3 15 7
714	14 1 5 15
715	5 10 18 1
716	14 8 11 4
717	5 15 12 2
718	20 18 3 6
719	1 13 9 11
720	16 9 20 17
721	18 1 19 11
722	11 10 4 2
723	20 15 10 14
724	2 7 8 9
725	3 7 2 19
726	1 9 19 20
727	1 6 14 12
728	3 4 12 9
729	3 17 10 9
730	7 13 17 12
731	11 8 1 16
732	3 1 7 11
733	14 11 17 3
734	5 2 3 17
735	13 3 18 6
736	4 9 13 1
737	20 5 10 4
738	19 10 8 11
739	18 13 6 12
740	5 13 8 2
741	6 17 18 3
742	1 20 14 18
743	15 4 7 17
744	14 16 20 8
745	20 5 10 18
746	15 9 7 11
747	15 6 11 10
748	16 4 2 13
749	12 10 2 17
750	5 13 16 20
751	1 18 7 9
752	19 4 20 16
753	20 5 6 14
754	6 18 20 4
755	9 2 11 1
756	6 16 18 20
757	11 20 9 5
758	18 7 3 15
759	8 7 1 15
760	11 17 1 18
761	13 6 19 11
762	8 7 9 3
763	15 20 9 1
764	8 19 5 18
765	10 17 13 5
766	2 12 5 16
767	10 3 17 15
768	10 11 12 13
769	13 14 2 1
770	9 12 11 8
771	6 12 20 5
772	14 18 13 10
773	1 5 7 19
774	5 9 12 15
775	4 14 20 13
776	13 4 11 12
777	2 9 12 6
778	20 19 9 18
779	14 2 17 7
780	7 19 15 8
781	17 6 14 1
782	5 20 8 9
783	9 6 18 16
784	2 17 12 4
785	8 7 17 5
786	6 2 1 12
787	8 20 15 4
788	19 7 14 17
789	14 11 2 7
790	9 8 10 2
791	18 20 5 16
792	16 11 17 14
793	18 12 17 13
794	18 15 5 11
795	11 3 5 13
796	4 18 16 3
797	11 8 17 16
798	11 14 7 9
799	20 3 7 18
800	13 19 20 1
801	10 13 8 1
802	10 4 3 15
803	10 7 1 16
804	14 20 4 9
805	4 16 11 20
806	15 16 8 3
807	8 7 2 9
808	12 16 19 18
809	1 7 10 5
810	10 4 11 12
811	2 6 7 12
812	19 8 1 9
813	2 8 12 11
814	1 13 14 9
815	13 11 9 19
816	6 8 17 14
817	20 16 4 14
818	5 19 7 4
819	3 15 20 8
820	3 7 1 18
821	5 20 13 9
822	5 2 15 13
823	7 15 11 4
824	17 16 1 18
825	7 2 8 17
826	15 19 3 13
827	19 1 7 9
828	14 8 20 2
829	2 16 5 14
830	5 14 18 20
831	10 8 13 9
832	6 5 16 17
833	17 1 18 9
834	7 10 2 8
835	10 8 3 9
836	19 16 12 20
837	9 20 11 6
838	2 6 9 16
839	17 13 7 20
840	15 3 14 1
841	5 10 4 16
842	5 4 3 7
843	20 15 5 2
844	12 19 16 11
845	13 3 12 17
846	7 14 6 4
847	9 8 16 18
848	18 19 4 3
849	2 13 3 20
850	15 18 6 14
851	5 6 10 2
852	16 17 11 13
853	17 3 19 5
854	19 2 14 4
855	20 13 8 14
856	4 11 19 18
857	16 4 9 18
858	2 1 14 10
859	15 4 8 3
860	3 9 15 7
861	11 12 3 1
862	8 5 6 3
863	13 17 4 8
864	4 6 11 18
865	6 2 13 9
866	14 10 9 8
867	11 10 2 3
868	12 11 14 15
869	18 2 19 10
870	8 17 4 6
871	20 3 14 1
872	13 19 9 16
873	20 18 6 1
874	11 9 18 14
875	14 8 13 6
876	18 5 7 3
877	18 20 8 10
878	11 3 2 17
879	7 14 6 1
880	20 16 10 17
881	17 16 5 13
882	3 15 13 2
883	3 4 5 14
884	20 7 9 18
885	17 3 12 19
886	6 2 1 20
887	20 5 14 4
888	4 19 14 20
889	2 15 17 9
890	17 20 19 2
891	9 6 20 10
892	8 1 4 18
893	2 16 15 11
894	10 20 8 17
895	14 17 4 3
896	11 4 15 2
897	20 3 15 5
898	20 15 6 9
899	2 12 3 9
900	17 20 8 16
901	15 19 4 9
902	18 14 4 19
903	11 1 13 19
904	14 20 2 16
905	8 2 13 17
906	15 12 5 18
907	18 1 20 17
908	13 5 20 15
909	3 6 4 19
910	4 6 7 19
911	9 5 7 4
912	8 18 10 19
913	19 8 17 13
914	12 8 18 1
915	12 2 6 9
916	12 13 8 17
917	12 15 14 9
918	7 15 17 13
919	1 3 4 8
920	7 17 14 10
921	6 11 7 16
922	2 5 9 17
923	7 18 10 1
924	12 11 1 18
925	20 14 3 19
926	9 1 4 14
927	16 11 12 8
928	16 12 13 18
929	5 19 17 16
930	7 19 6 2
931	14 4 13 6
932	16 5 4 18
933	17 6 14 20
934	3 2 15 8
935	20 13 17 3
936	13 14 11 7
937	14 6 12 16
938	18 4 15 19
939	19 2 5 20
940	18 13 16 15
941	6 10 12 5
942	20 13 1 5
943	12 20 16 18
944	9 10 2 6
945	12 15 17 20
946	19 14 9 3
947	12 1 2 5
948	1 15 3 17
949	9 10 12 1
950	1 11 13 20
951	16 20 9 12
952	17 12 8 4
953	8 14 16 11
954	2 13 11 9
955	4 20 14 19
956	14 10 16 4
957	6 1 16 17
958	16 11 3 7
959	3 15 1 11
960	12 11 10 3
961	6 16 19 14
962	13 8 6 5
963	7 1 16 8
964	5 1 19 18
965	1 5 15 11
966	1 10 20 12
967	8 19 15 20
968	20 3 6 18
969	13 4 6 16
970	11 4 6 7
971	19 13 10 15
972	14 20 3 11
973	20 7 1 19
974	16 20 19 1
975	7 19 11 10
976	11 15 18 9
977	4 14 5 12
978	19 20 17 4
979	19 4 13 10
980	12 2 4 17
981	2 14 5 11
982	6 13 4 18
983	9 17 13 2
984	6 9 7 18
985	11 14 2 9
986	13 16 18 14
987	4 16 10 9
988	3 1 5 8
989	10 8 3 20
990	17 8 14 5
991	4 12 13 6
992	8 5 6 1
993	15 1 8 17
994	20 14 13 18
995	17 20 6 4
996	5 13 15 14
997	11 16 18 2
998	17 6 14 16
999	13 17 14 19
1000	4 11 18 12
1001	1 9 10 15
1002	12 5 20 3
1003	8 12 17 19
1004	4 16 3 17
1005	5 7 12 10
1006	3 6 8 20
1007	6 10 1 16
1008	3 19 10 5
1009	12 4 2 8
1010	2 15 11 7
1011	16 6 7 8
1012	7 15 6 13
1013	15 1 8 9
1014	12 17 11 4
1015	6 11 2 13
1016	8 1 9 16
1017	3 17 1 11
1018	7 16 3 20
1019	10 18 7 13
1020	5 3 4 2
1021	3 9 15 13
1022	6 13 19 10
1023	17 4 3 16
1024	18 4 2 5
1025	4 18 15 8
1026	4 5 10 18
1027	18 17 3 7
1028	19 11 15 2
1029	15 10 17 12
1030	16 5 14 17
1031	7 14 5 15
1032	15 7 5 12
1033	11 13 20 1
1034	18 14 20 9
1035	11 16 19 4
1036	2 7 8 6
1037	18 8 7 20
1038	19 7 15 8
1039	20 7 11 5
1040	18 16 20 15
1041	9 16 15 20
1042	13 20 11 16
1043	9 6 16 19
1044	15 16 10 19
1045	19 6 5 8
1046	5 13 15 4
1047	14 8 12 2
1048	5 7 4 3
1049	18 20 10 1
1050	16 15 14 11
1051	3 20 18 16
1052	13 20 19 1
1053	17 1 10 2
1054	15 18 3 8
1055	17 3 7 10
1056	14 8 13 16
1057	9 6 8 2
1058	3 8 6 14
1059	3 1 7 15
1060	3 13 2 5
1061	6 7 1 2
1062	20 9 6 11
1063	10 20 9 11
1064	10 16 11 17
1065	8 6 13 3
1066	17 7 11 1
1067	18 4 17 9
1068	7 19 14 4
1069	20 18 4 15
1070	14 2 1 6
1071	15 3 5 9
1072	7 9 1 15
1073	12 6 9 11
1074	6 9 3 7
1075	7 3 14 6
1076	10 3 20 1
1077	14 13 4 2
1078	15 13 9 6
1079	3 7 6 17
1080	5 7 6 18
1081	16 10 1 8
1082	1 14 18 8
1083	4 15 9 7
1084	13 17 4 1
1085	11 2 18 16
1086	11 15 6 4
1087	10 2 5 7
1088	18 3 10 12
1089	2 17 12 4
1090	5 16 4 13
1091	10 13 1 12
1092	7 10 2 20
1093	17 9 10 5
1094	10 3 1 13
1095	14 2 11 3
1096	4 1 18 2
1097	18 5 7 11
1098	16 4 9 17
1099	2 5 16 6
1100	6 2 16 8
1101	10 13 14 19
1102	10 9 8 12
1103	13 7 18 17
1104	14 19 15 18
1105	1 7 8 18
1106	1 7 3 14
1107	2 5 13 1
1108	3 17 12 13
1109	8 19 13 6
1110	2 5 11 10
1111	12 6 15 20
1112	4 20 5 16
1113	11 18 3 17
1114	15 11 18 6
1115	18 5 11 1
1116	15 1 19 20
1117	10 8 20 19
1118	1 20 4 10
1119	16 6 19 3
1120	14 9 4 1
1121	16 10 17 7
1122	8 16 17 15
1123	12 7 4 13
1124	8 3 18 20
1125	4 20 8 12
1126	2 14 16 1
1127	10 1 5 6
1128	9 1 7 4
1129	13 1 17 8
1130	3 1 7 20
1131	16 15 2 8
1132	8 14 16 6
1133	4 5 8 1
1134	17 15 1 4
1135	8 2 5 10
1136	10 8 5 11
1137	4 5 15 16
1138	2 10 1 5
1139	1 20 14 10
1140	4 19 17 12
1141	13 3 19 8
1142	14 11 19 1
1143	2 3 20 11
1144	8 4 6 17
1145	5 8 20 3
1146	19 3 2 20
1147	14 3 4 5
1148	5 1 2 13
1149	13 10 9 6
1150	14 17 6 20
1151	8 16 17 18
1152	5 9 7 3
1153	10 16 7 5
1154	3 4 17 14
1155	7 10 12 5
1156	3 8 14 12
1157	7 14 13 2
1158	8 3 6 14
1159	14 1 12 18
1160	18 3 6 8
1161	11 4 6 18
1162	14 11 12 3
1163	3 8 12 5
1164	14 4 5 17
1165	14 8 6 20
1166	10 15 17 19
1167	7 14 5 18
1168	13 5 4 16
1169	8 20 9 3
1170	9 17 6 15
1171	20 18 16 6
1172	1 11 15 19
1173	4 12 19 15
1174	10 3 14 8
1175	9 15 6 13
1176	9 15 13 16
1177	12 15 6 9
1178	2 8 1 10
1179	19 5 9 8
1180	17 16 12 1
1181	2 13 15 16
1182	17 10 6 20
1183	19 6 14 11
1184	13 17 9 11
1185	12 16 3 19
1186	15 4 7 20
1187	7 19 1 11
1188	1 13 2 7
1189	18 11 4 17
1190	10 1 6 3
1191	20 3 5 4
1192	3 15 7 13
1193	10 19 20 18
1194	2 11 18 19
1195	20 18 3 1
1196	3 4 20 17
1197	13 6 1 4
1198	1 13 10 7
1199	2 19 1 10
1200	11 12 16 6
1201	3 13 20 12
1202	18 3 1 12
1203	8 13 20 9
1204	2 8 1 18
1205	20 12 10 3
1206	3 5 15 7
1207	19 4 2 10
1208	13 6 12 17
1209	19 9 15 1
1210	7 1 8 14
1211	6 8 19 1
1212	10 11 18 8
1213	18 12 7 8
1214	4 20 18 11
1215	10 19 2 4
1216	11 12 19 7
1217	8 13 20 1
1218	18 1 20 19
1219	13 7 4 1
1220	12 9 11 16
1221	20 16 4 8
1222	10 12 17 3
1223	13 14 18 1
1224	6 9 2 8
1225	6 16 3 10
1226	17 2 20 6
1227	1 12 18 13
1228	17 10 15 5
1229	11 15 13 19
1230	3 18 19 8
1231	12 15 20 14
1232	16 2 3 19
1233	7 6 14 12
1234	1 11 19 17
1235	19 17 7 4
1236	15 13 18 7
1237	20 14 18 19
1238	7 15 19 20
1239	6 7 13 11
1240	11 15 14 2
1241	4 12 10 11
1242	10 14 7 1
1243	10 2 19 9
1244	10 19 5 3
1245	11 12 4 18
1246	16 3 8 15
1247	16 12 11 18
1248	15 11 10 9
1249	14 18 15 17
1250	1 17 10 13
1251	17 1 7 3
1252	7 1 20 4
1253	20 12 7 18
1254	15 7 19 3
1255	12 17 10 1
1256	2 20 4 11
1257	14 6 17 12
1258	11 4 16 13
1259	5 8 7 9
1260	8 11 6 1
1261	14 19 17 9
1262	14 17 19 2
1263	11 10 20 18
1264	7 14 5 2
1265	12 4 2 11
1266	12 2 15 11
1267	11 2 15 7
1268	1 15 16 12
1269	4 2 6 14
1270	8 7 11 3
1271	4 15 14 20
1272	4 8 17 10
1273	20 18 8 5
1274	4 18 20 19
1275	7 12 17 14
1276	18 7 15 14
1277	16 17 15 6
1278	2 13 6 14
1279	16 14 7 1
1280	10 20 6 1
1281	9 13 12 17
1282	9 10 4 15
1283	1 20 14 4
1284	9 8 13 6
1285	17 4 11 12
1286	9 13 4 12
1287	15 6 18 4
1288	1 11 2 14
1289	11 9 20 13
1290	18 16 3 12
1291	1 4 10 16
1292	7 11 6 4
1293	8 3 15 17
1294	6 8 18 12
1295	1 3 12 2
1296	15 16 7 19
1297	9 2 17 18
1298	11 6 4 15
1299	12 7 3 18
1300	3 15 8 5
1301	5 14 6 17
1302	10 14 1 8
1303	8 20 4 2
1304	14 8 4 19
1305	7 17 15 4
1306	7 12 8 16
1307	11 20 18 19
1308	7 2 11 5
1309	14 4 15 11
1310	10 2 15 6
1311	13 19 20 12
1312	10 7 15 12
1313	12 10 3 20
1314	13 15 6 4
1315	14 12 20 19
1316	6 11 20 14
1317	17 1 6 2
1318	19 10 17 20
1319	1 8 18 13
1320	6 19 20 9
1321	17 3 14 5
1322	19 2 18 15
1323	1 18 19 16
1324	9 11 3 8
1325	3 14 12 6
1326	5 7 4 8
1327	8 13 18 10
1328	8 13 15 2
1329	16 8 5 17
1330	16 15 9 4
1331	10 1 15 4
1332	3 12 16 9
1333	11 10 20 2
1334	14 4 5 13
1335	7 17 12 15
1336	6 8 4 14
1337	17 12 6 15
1338	2 13 5 20
1339	10 17 7 19
1340	20 16 2 8
1341	9 8 6 2
1342	19 9 7 14
1343	11 5 12 1
1344	14 7 3 18
1345	7 18 8 1
1346	15 7 3 10
1347	18 11 4 12
1348	18 14 3 16
1349	20 18 10 15
1350	3 9 14 20
1351	4 20 3 15
1352	20 1 14 16
1353	5 15 17 2
1354	13 11 9 20
1355	15 18 9 14
1356	5 7 8 4
1357	1 16 2 14
1358	6 17 8 19
1359	17 3 20 1
1360	7 16 5 15
1361	2 6 1 8
1362	10 4 7 18
1363	20 10 4 6
1364	13 4 9 17
1365	19 18 5 20
1366	18 11 1 15
1367	20 18 9 15
1368	20 18 10 9
1369	3 14 7 10
1370	9 20 4 13
1371	3 11 19 8
1372	10 13 5 17
1373	18 3 7 4
1374	7 5 18 2
1375	14 5 12 11
1376	2 15 19 8
1377	15 2 5 16
1378	20 16 14 18
1379	6 11 5 9
1380	6 3 18 12
1381	1 17 5 14
1382	10 19 16 11
1383	9 19 13 1
1384	19 2 6 4
1385	9 14 16 8
1386	19 6 15 18
1387	10 3 15 9
1388	6 20 14 5
1389	19 13 6 17
1390	15 10 7 5
1391	3 10 4 12
1392	17 6 16 5
1393	20 2 17 7
1394	4 12 20 3
1395	1 10 18 17
1396	8 18 12 6
1397	9 16 17 20
1398	6 7 11 15
1399	12 2 10 9
1400	16 3 4 17
1401	13 12 4 2
1402	6 1 20 12
1403	1 11 19 5
1404	14 3 8 19
1405	1 14 16 8
1406	8 3 7 16
1407	14 3 2 1
1408	20 8 7 9
1409	16 7 13 1
1410	5 2 13 8
1411	10 12 18 7
1412	16 17 12 18
1413	8 1 7 12
1414	6 7 9 14
1415	6 10 2 7
1416	9 6 5 14
1417	15 20 3 6
1418	4 6 7 14
1419	6 4 18 11
1420	13 1 8 14
1421	5 12 10 18
1422	20 7 5 18
1423	18 4 16 12
1424	9 19 18 20
1425	17 5 4 20
1426	18 6 12 1
1427	8 15 4 20
1428	18 2 19 6
1429	7 1 6 14
1430	2 18 11 7
1431	1 12 9 16
1432	6 18 14 11
1433	17 11 18 15
1434	15 12 20 14
1435	19 1 14 3
1436	12 19 13 17
1437	4 2 6 3
1438	4 13 19 10
1439	14 3 17 13
1440	18 2 8 13
1441	5 8 18 3
1442	7 12 5 9
1443	12 14 5 16
1444	18 7 19 15
1445	20 10 11 13
1446	16 11 6 3
1447	4 9 15 20
1448	20 19 15 2
1449	8 18 12 20
1450	4 14 5 3
1451	12 16 5 13
1452	12 19 5 16
1453	20 7 6 16
1454	13 1 10 4
1455	5 4 14 11
1456	6 18 19 5
1457	9 6 4 14
1458	3 12 5 14
1459	16 17 2 18
1460	13 10 16 4
1461	19 4 13 18
1462	19 10 8 3
1463	17 5 10 19
1464	3 5 17 1
1465	14 8 3 17
1466	4 7 11 1
1467	15 10 16 14
1468	12 14 15 2
1469	13 11 6 3
1470	11 12 13 16
1471	6 5 14 3
1472	16 7 14 10
1473	4 7 19 15
1474	11 4 1 3
1475	7 4 19 13
1476	4 7 12 8
1477	14 6 13 16
1478	12 4 20 9
1479	15 7 16 11
1480	16 6 14 2
1481	12 11 9 14
1482	12 3 16 5
1483	3 6 4 5
1484	15 20 5 14
1485	15 14 7 16
1486	16 12 1 7
1487	5 1 14 16
1488	1 5 17 4
1489	2 10 4 1
1490	18 11 15 2
1491	10 1 20 15
1492	13 8 3 10
1493	20 8 5 2
1494	13 2 5 11
1495	13 11 1 6
1496	2 15 4 18
1497	9 4 3 14
1498	4 12 17 3
1499	8 13 18 11
1500	13 19 15 7
1501	11 2 9 4
1502	4 8 6 5
1503	15 16 19 11
1504	10 12 8 15
1505	8 16 19 20
1506	4 1 14 5
1507	2 11 13 19
1508	12 8 6 3
1509	4 13 8 12
1510	14 10 19 15
1511	13 1 4 16
1512	12 20 17 1
1513	5 16 19 7
1514	17 1 12 5
1515	16 12 20 5
1516	13 7 2 17
1517	5 20 12 19
1518	2 4 7 16
1519	4 18 13 9
1520	1 8 7 3
1521	19 1 11 4
1522	6 7 5 13
1523	15 7 19 16
1524	1 15 9 14
1525	16 3 8 20
1526	11 13 18 10
1527	2 1 5 14
1528	1 11 2 16
1529	11 7 8 14
1530	18 9 15 14
1531	15 14 4 1
1532	7 2 3 12
1533	10 16 5 7
1534	17 2 19 6
1535	4 14 2 10
1536	9 8 19 2
1537	19 18 15 13
1538	10 8 18 17
1539	6 10 7 1
1540	8 20 18 17
1541	18 8 13 2
1542	17 3 19 8
1543	8 18 6 14
1544	20 5 6 9
1545	15 13 6 17
1546	9 16 2 1
1547	10 8 5 14
1548	2 3 9 16
1549	12 15 7 1
1550	14 10 17 12
1551	20 6 9 18
1552	3 13 1 2
1553	15 17 20 18
1554	8 10 9 16
1555	7 6 10 20
1556	11 1 19 10
1557	14 9 19 12
1558	16 11 17 9
1559	2 20 14 7
1560	12 1 4 14
1561	13 9 14 18
1562	18 11 14 3
1563	19 16 20 10
1564	15 17 1 11
1565	7 16 15 4
1566	8 5 17 10
1567	6 7 9 16
1568	4 14 8 9
1569	14 9 4 11
1570	4 16 11 19
1571	18 4 5 20
1572	16 15 14 2
1573	15 3 14 7
1574	19 18 15 11
1575	8 12 15 3
1576	11 4 15 1
1577	15 3 20 9
1578	4 13 1 10
1579	17 7 12 5
1580	15 11 12 14
1581	5 1 18 3
1582	16 18 6 4
1583	16 17 6 11
1584	1 6 20 5
1585	19 17 16 15
1586	12 19 16 7
1587	18 5 2 19
1588	14 5 9 20
1589	8 13 6 11
1590	14 12 3 20
1591	10 20 3 2
1592	20 14 4 8
1593	20 4 17 12
1594	7 8 18 4
1595	13 15 9 16
1596	14 7 13 3
1597	2 17 8 20
1598	7 3 1 5
1599	16 10 3 4
1600	20 8 15 10
1601	6 14 9 2
1602	1 5 20 7
1603	13 8 1 10
1604	11 13 18 19
1605	17 9 14 7
1606	11 16 4 12
1607	16 6 14 17
1608	14 10 16 18
1609	5 10 4 15
1610	9 2 13 12
1611	2 20 18 4
1612	9 19 18 1
1613	2 15 12 5
1614	1 17 18 11
1615	8 19 13 6
1616	10 8 3 6
1617	3 18 13 7
1618	11 9 13 4
1619	7 13 17 5
1620	13 18 8 5
1621	13 4 19 9
1622	16 14 10 9
1623	19 4 11 12
1624	12 6 3 7
1625	12 8 20 13
1626	9 13 1 3
1627	10 9 7 11
1628	19 1 7 11
1629	5 4 1 8
1630	4 15 6 18
1631	17 19 10 14
1632	5 12 7 11
1633	14 9 13 1
1634	4 9 18 14
1635	9 7 17 18
1636	10 12 8 7
1637	7 10 2 16
1638	19 8 13 9
1639	14 5 3 13
1640	13 20 7 15
1641	11 2 16 19
1642	6 15 16 17
1643	6 5 2 1
1644	2 11 8 19
1645	15 7 10 3
1646	3 2 12 11
1647	15 12 9 3
1648	5 18 15 14
1649	20 14 8 4
1650	14 12 19 13
1651	17 3 7 20
1652	1 8 19 11
1653	14 6 11 12
1654	19 11 15 20
1655	10 7 3 8
1656	9 6 5 17
1657	12 17 18 19
1658	8 2 4 13
1659	12 5 6 8
1660	7 11 9 15
1661	13 19 3 1
1662	1 19 20 8
1663	1 9 11 18
1664	5 12 1 3
1665	4 13 14 6
1666	20 7 10 14
1667	1 17 11 5
1668	2 6 9 4
1669	9 13 18 16
1670	13 17 10 19
1671	10 9 2 5
1672	6 10 19 12
1673	13 20 3 17
1674	14 13 10 18
1675	1 7 18 6
1676	8 18 3 16
1677	17 9 7 15
1678	3 1 7 20
1679	20 13 11 5
1680	7 10 4 9
1681	10 20 2 6
1682	15 5 9 17
1683	8 11 9 7
1684	8 18 20 19
1685	1 20 10 2
1686	12 10 11 14
1687	14 15 11 3
1688	1 14 2 8
1689	3 4 17 16
1690	17 9 7 13
1691	11 6 5 13
1692	18 16 14 4
1693	14 6 2 11
1694	7 17 15 10
1695	5 18 1 19
1696	3 17 15 5
1697	6 13 1 19
1698	6 20 16 3
1699	10 4 6 18
1700	15 3 12 6
1701	3 12 16 2
1702	1 6 4 14
1703	15 5 20 16
1704	19 2 11 9
1705	7 13 19 5
1706	7 20 4 18
1707	14 18 7 16
1708	11 15 13 16
1709	18 3 12 20
1710	9 3 15 12
1711	6 10 20 11
1712	9 4 11 2
1713	10 6 8 19
1714	20 2 6 9
1715	6 10 15 12
1716	4 12 1 7
1717	18 2 17 9
1718	2 4 19 8
1719	1 19 15 7
1720	18 5 4 11
1721	6 7 4 3
1722	6 15 3 10
1723	19 9 8 16
1724	6 8 16 11
1725	20 13 1 16
1726	7 18 4 9
1727	15 4 13 2
1728	9 19 20 3
1729	6 3 1 11
1730	11 19 2 7
1731	17 6 10 11
1732	10 20 17 2
1733	17 4 10 11
1734	16 11 6 12
1735	12 17 15 8
1736	6 13 16 15
1737	10 20 4 14
1738	14 9 4 2
1739	8 9 14 16
1740	18 16 10 8
1741	15 10 14 9
1742	13 5 14 2
1743	16 19 8 3
1744	5 9 7 1
1745	8 2 20 13
1746	13 20 2 8
1747	3 9 5 17
1748	12 18 2 11
1749	15 12 9 13
1750	18 6 4 17
1751	3 19 20 8
1752	16 17 19 13
1753	12 2 1 13
1754	16 11 6 1
1755	14 3 15 1
1756	4 1 5 17
1757	15 5 20 9
1758	13 11 6 20
1759	12 15 3 8
1760	1 14 18 3
1761	1 18 2 9
1762	10 11 20 3
1763	2 16 4 9
1764	11 14 17 4
1765	17 20 1 4
1766	2 18 5 20
1767	10 15 2 1
1768	2 7 5 14
1769	19 4 13 1
1770	8 16 10 9
1771	13 1 12 8
1772	17 14 3 10
1773	20 1 16 14
1774	6 17 10 19
1775	17 18 12 20
1776	9 18 5 6
1777	11 3 13 5
1778	17 6 1 19
1779	5 15 16 14
1780	5 8 3 17
1781	1 6 11 3
1782	18 3 14 10
1783	9 13 4 7
1784	8 5 7 17
1785	1 4 10 3
1786	7 6 15 2
1787	9 12 10 3
1788	19 3 7 18
1789	2 6 19 4
1790	16 5 13 11
1791	6 11 18 8
1792	6 13 9 4
1793	11 13 2 19
1794	5 17 4 11
1795	4 5 3 16
1796	19 1 9 18
1797	14 12 16 7
1798	14 4 13 11
1799	19 2 13 14
1800	1 18 13 17
1801	20 18 19 15
1802	17 14 3 10
1803	3 20 18 17
1804	18 11 4 2
1805	19 7 11 3
1806	3 4 6 9
1807	14 9 4 2
1808	6 18 19 5
1809	19 15 13 6
1810	19 16 20 13
1811	17 9 4 6
1812	19 4 7 3
1813	1 19 3 20
1814	6 7 15 14
1815	12 7 18 20
1816	11 4 13 19
1817	20 17 1 9
1818	15 12 2 13
1819	3 2 19 4
1820	1 16 12 6
1821	15 18 16 5
1822	8 3 12 5
1823	17 7 12 14
1824	16 13 18 10
1825	10 5 3 18
1826	2 4 19 16
1827	2 16 4 14
1828	9 12 11 8
1829	17 20 13 10
1830	9 10 5 11
1831	13 5 12 11
1832	16 18 14 19
1833	11 2 7 6
1834	2 3 5 9
1835	2 1 15 11
1836	8 3 13 14
1837	20 12 19 8
1838	18 7 9 12
1839	20 17 2 14
1840	3 8 18 1
1841	7 17 18 4
1842	12 3 2 6
1843	11 15 13 8
1844	15 13 8 16
1845	9 8 19 15
1846	13 17 12 5
1847	14 2 13 6
1848	12 13 1 4
1849	7 13 18 11
1850	13 1 6 17
1851	17 7 14 20
1852	18 12 5 4
1853	10 1 8 12
1854	10 15 18 12
1855	18 12 20 19
1856	13 18 12 17
1857	1 18 3 12
1858	3 8 6 13
1859	13 10 14 18
1860	8 19 11 3
1861	12 6 18 13
1862	3 6 10 12
1863	8 2 1 17
1864	4 1 2 18
1865	20 7 17 18
1866	16 17 15 1
1867	4 15 13 14
1868	18 10 16 20
1869	11 9 17 6
1870	12 5 15 19
1871	13 3 9 16
1872	15 10 4 9
1873	15 7 19 11
1874	8 11 14 7
1875	7 1 19 4
1876	17 13 10 19
1877	4 18 3 14
1878	17 4 11 1
1879	1 10 8 18
1880	16 12 18 11
1881	15 18 12 7
1882	16 11 13 8
1883	17 13 11 15
1884	17 19 16 4
1885	14 12 7 8
1886	1 10 8 5
1887	5 6 8 19
1888	10 18 6 14
1889	9 6 14 20
1890	12 1 10 20
1891	3 1 7 4
1892	20 15 8 3
1893	3 13 15 9
1894	11 17 9 18
1895	9 20 12 14
1896	7 6 16 11
1897	20 19 8 2
1898	12 14 10 19
1899	2 4 1 19
1900	13 16 9 14
1901	4 19 1 3
1902	13 7 20 3
1903	13 14 19 9
1904	9 20 17 3
1905	18 4 16 13
1906	9 15 8 17
1907	1 8 18 10
1908	6 13 4 20
1909	18 13 5 3
1910	20 4 2 13
1911	9 16 4 18
1912	17 14 9 1
1913	3 14 7 15
1914	12 14 1 4
1915	9 15 17 12
1916	17 3 18 16
1917	6 15 2 13
1918	16 3 7 18
1919	1 4 19 3
1920	17 13 19 9
1921	3 13 14 4
1922	3 2 18 5
1923	7 16 6 5
1924	9 2 18 14
1925	16 3 8 2
1926	12 14 3 9
1927	1 20 18 13
1928	9 17 4 1
1929	15 4 17 7
1930	1 16 12 19
1931	4 2 6 20
1932	2 3 5 8
1933	11 15 6 17
1934	2 11 13 3
1935	2 11 18 7
1936	14 11 13 8
1937	10 6 12 20
1938	19 1 17 18
1939	7 5 6 9
1940	19 9 1 4
1941	13 18 16 4
1942	4 11 7 20
1943	13 3 18 10
1944	11 15 14 7
1945	9 18 20 10
1946	1 10 11 12
1947	18 20 16 15
1948	6 13 5 18
1949	10 14 3 8
1950	10 14 6 3
1951	9 10 5 3
1952	14 6 16 20
1953	4 20 17 3
1954	1 18 4 10
1955	5 6 19 9
1956	15 3 14 20
1957	14 2 5 17
1958	6 9 3 12
1959	8 20 4 2
1960	19 5 16 4
1961	12 3 5 20
1962	6 12 3 1
1963	12 4 6 20
1964	6 20 16 17
1965	6 7 11 2
1966	18 19 6 1
1967	4 16 7 18
1968	19 4 15 11
1969	9 14 16 6
1970	7 1 17 16
1971	15 16 7 6
1972	13 16 10 15
1973	17 3 13 16
1974	8 9 10 15
1975	1 4 9 15
1976	14 2 9 20
1977	6 13 5 3
1978	7 18 11 15
1979	1 12 18 15
1980	4 14 18 6
1981	12 9 8 13
1982	12 19 6 13
1983	11 5 7 2
1984	4 12 19 18
1985	18 3 11 17
1986	4 10 11 5
1987	18 14 2 6
1988	3 6 4 20
1989	4 16 17 18
1990	15 11 3 4
1991	4 3 5 6
1992	16 1 19 13
1993	13 20 14 17
1994	7 1 3 13
1995	3 12 8 20
1996	7 17 14 15
1997	1 19 13 5
1998	2 5 18 19
1999	7 20 5 8
2000	17 7 6 4
2001	19 7 11 17
2002	2 7 14 16
2003	6 1 5 7
2004	19 2 18 5
2005	12 16 14 10
2006	1 9 11 15
2007	17 16 12 7
2008	7 11 17 14
2009	15 4 9 3
2010	4 8 5 9
2011	4 9 15 13
2012	16 10 7 19
2013	11 19 12 7
2014	2 6 18 8
2015	8 5 19 10
2016	16 7 5 13
2017	17 3 15 20
2018	2 9 7 4
2019	16 2 9 20
2020	11 14 20 8
2021	5 19 4 3
2022	20 19 3 14
2023	16 17 5 2
2024	2 20 9 1
2025	8 15 2 14
2026	13 4 9 19
2027	1 14 11 20
2028	10 12 9 8
2029	4 9 13 20
2030	6 10 13 2
2031	1 5 20 16
2032	5 1 4 15
2033	11 18 5 20
2034	11 13 10 6
2035	13 10 1 16
2036	5 6 17 3
2037	20 13 2 9
2038	7 17 5 18
2039	3 2 7 18
2040	16 7 17 12
2041	10 8 9 3
2042	3 7 6 16
2043	9 13 5 11
2044	9 14 19 2
2045	16 14 12 5
2046	1 14 4 8
2047	6 3 20 8
2048	12 16 14 9
2049	9 17 16 5
2050	13 7 10 1
2051	6 2 19 10
2052	14 2 3 20
2053	13 9 12 19
2054	4 3 14 9
2055	18 1 2 12
2056	17 16 10 2
2057	14 9 5 19
2058	14 7 11 13
2059	8 17 10 16
2060	16 9 4 1
2061	1 17 15 18
2062	10 15 11 1
2063	9 14 11 12
2064	14 20 9 8
2065	10 4 6 7
2066	2 13 7 10
2067	13 9 17 18
2068	13 6 3 20
2069	8 12 6 19
2070	14 1 19 16
2071	10 15 11 2
2072	6 4 19 5
2073	12 10 16 15
2074	14 5 1 2
2075	2 19 7 8
2076	3 19 2 17
2077	5 18 3 17
2078	18 15 9 3
2079	5 15 10 2
2080	20 18 2 6
2081	19 8 7 9
2082	15 18 17 6
2083	20 5 18 14
2084	7 5 19 18
2085	2 12 10 18
2086	6 20 17 10
2087	16 11 13 10
2088	8 19 5 13
2089	7 14 9 20
2090	13 5 1 14
2091	19 2 15 4
2092	15 19 5 18
2093	5 18 6 2
2094	4 15 12 20
2095	19 9 8 6
2096	17 1 7 9
2097	13 17 12 1
2098	13 18 8 17
2099	5 2 12 3
2100	11 6 5 17
2101	5 8 7 13
2102	10 18 15 14
2103	7 17 10 12
2104	2 19 17 13
2105	1 16 5 11
2106	13 4 18 8
2107	14 1 11 13
2108	3 12 9 16
2109	7 15 20 10
2110	20 15 5 18
2111	12 15 11 6
2112	10 1 7 14
2113	15 11 13 19
2114	12 19 8 2
2115	11 3 2 1
2116	3 9 10 15
2117	1 8 14 9
2118	13 20 2 3
2119	2 17 6 10
2120	12 16 10 7
2121	16 7 8 15
2122	19 11 12 18
2123	11 12 15 13
2124	14 3 6 20
2125	12 5 8 7
2126	18 8 20 1
2127	9 7 1 16
2128	17 7 8 9
2129	1 13 20 9
2130	4 19 11 17
2131	18 19 14 6
2132	8 10 13 3
2133	4 10 2 11
2134	14 8 13 20
2135	18 16 5 11
2136	17 14 19 15
2137	20 14 11 8
2138	9 10 14 5
2139	12 3 18 16
2140	8 4 18 13
2141	8 5 12 13
2142	6 18 9 17
2143	10 16 5 13
2144	10 1 2 17
2145	5 11 7 2
2146	20 15 11 18
2147	3 5 10 2
2148	9 13 20 5
2149	16 4 1 8
2150	16 14 17 6
2151	17 3 2 11
2152	17 8 10 4
2153	10 18 13 16
2154	15 11 13 4
2155	18 17 1 9
2156	19 10 1 9
2157	11 17 7 10
2158	16 6 2 20
2159	12 16 11 5
2160	8 12 9 19
2161	7 15 11 19
2162	8 20 2 6
2163	11 18 3 13
2164	9 7 20 19
2165	10 18 16 9
2166	9 3 12 5
2167	1 15 14 17
2168	11 4 13 10
2169	3 4 15 9
2170	10 13 12 15
2171	9 18 15 1
2172	9 17 6 10
2173	14 1 12 20
2174	15 8 20 18
2175	6 8 16 18
2176	10 2 3 1
2177	9 4 2 16
2178	4 6 8 10
2179	10 7 15 6
2180	17 18 9 7
2181	5 8 4 10
2182	14 15 13 3
2183	1 10 16 17
2184	1 11 13 6
2185	11 18 6 8
2186	17 15 4 8
2187	15 12 5 2
2188	11 5 19 7
2189	1 11 15 20
2190	4 13 5 16
2191	14 13 10 9
2192	10 9 6 19
2193	9 5 12 11
2194	14 11 15 19
2195	1 2 14 5
2196	11 18 16 12
2197	20 14 6 3
2198	15 13 17 18
2199	11 2 3 14
2200	7 10 3 1
2201	7 14 10 5
2202	4 14 19 18
2203	11 18 12 16
2204	9 16 7 2
2205	4 11 10 14
2206	8 3 1 9
2207	4 18 11 12
2208	4 14 10 9
2209	5 6 8 17
2210	2 11 5 7
2211	3 14 7 9
2212	14 19 16 9
2213	10 6 15 14
2214	20 15 16 9
2215	7 6 1 14
2216	19 17 15 18
2217	4 7 16 10
2218	4 15 12 13
2219	6 18 2 19
2220	8 12 7 9
2221	3 16 4 7
2222	13 12 2 10
2223	12 1 3 4
2224	3 12 5 15
2225	20 8 17 18
2226	1 18 6 9
2227	18 1 4 15
2228	20 1 17 19
2229	20 6 9 18
2230	16 7 19 6
2231	13 18 20 16
2232	14 13 11 10
2233	10 18 1 8
2234	13 5 8 12
2235	1 5 10 14
2236	13 11 1 18
2237	16 10 17 1
2238	2 10 3 1
2239	4 14 16 20
2240	2 16 9 20
2241	11 17 6 20
2242	9 7 14 2
2243	19 14 8 11
2244	1 4 9 3
2245	12 1 2 4
2246	15 4 3 12
2247	16 17 5 14
2248	17 6 20 7
2249	18 19 14 3
2250	1 5 10 12
2251	7 12 10 15
2252	15 8 17 5
2253	12 8 19 2
2254	13 1 2 20
2255	13 4 20 18
2256	12 14 9 11
2257	7 17 18 14
2258	5 7 13 19
2259	13 4 7 2
2260	3 9 1 10
2261	12 9 11 19
2262	15 16 3 20
2263	17 15 19 14
2264	15 9 6 10
2265	19 9 14 18
2266	2 19 17 9
2267	13 18 14 2
2268	18 7 20 10
2269	3 10 9 14
2270	17 5 2 13
2271	3 7 2 11
2272	16 13 11 4
2273	12 1 6 7
2274	19 17 16 3
2275	14 11 20 5
2276	6 4 5 11
2277	16 3 6 18
2278	8 2 1 15
2279	20 11 8 9
2280	1 5 10 12
2281	8 15 14 2
2282	13 19 12 6
2283	12 20 5 13
2284	20 5 17 11
2285	18 11 15 1
2286	9 5 1 6
2287	12 4 17 18
2288	2 19 18 7
2289	1 8 2 7
2290	8 9 6 16
2291	9 17 19 13
2292	19 6 16 7
2293	16 8 2 7
2294	9 20 4 8
2295	17 12 16 4
2296	4 3 13 2
2297	2 1 6 17
2298	10 14 12 16
2299	13 9 2 19
2300	20 18 4 12
2301	13 1 16 8
2302	15 8 3 6
2303	3 2 11 10
2304	10 5 7 6
2305	1 10 15 16
2306	13 15 4 20
2307	6 15 13 2
2308	18 17 1 16
2309	6 9 15 20
2310	3 17 7 4
2311	17 1 10 15
2312	16 7 5 11
2313	20 14 7 10
2314	19 8 18 11
2315	14 11 19 8
2316	3 7 10 20
2317	6 5 9 2
2318	4 17 1 6
2319	8 1 5 9
2320	8 9 15 17
2321	8 4 12 17
2322	17 1 16 12
2323	3 4 1 18
2324	18 13 6 10
2325	11 14 7 13
2326	12 7 20 6
2327	20 4 9 3
2328	15 5 4 8
2329	5 12 4 3
2330	7 14 5 19
2331	10 16 6 14
2332	3 8 17 7
2333	8 12 5 10
2334	16 3 14 15
2335	2 16 10 17
2336	3 2 5 7
2337	2 4 11 17
2338	2 11 20 17
2339	11 14 5 19
2340	4 13 17 12
2341	16 4 10 20
2342	5 2 10 9
2343	9 14 10 18
2344	2 9 14 20
2345	17 20 4 6
2346	12 5 15 14
2347	8 4 3 7
2348	2 5 4 8
2349	7 13 12 18
2350	16 3 19 4
2351	20 18 13 19
2352	9 6 5 14
2353	18 13 16 5
2354	5 14 2 12
2355	5 20 11 7
2356	19 18 5 15
2357	1 5 9 15
2358	18 20 7 14
2359	3 17 1 15
2360	17 7 9 11
2361	17 12 6 16
2362	6 19 12 9
2363	2 8 7 11
2364	2 17 20 9
2365	13 4 19 3
2366	12 7 13 6
2367	6 14 11 16
2368	8 13 2 6
2369	12 20 5 14
2370	6 17 15 16
2371	8 19 16 17
2372	2 4 7 16
2373	6 15 19 3
2374	11 17 9 16
2375	18 9 19 20
2376	20 2 18 11
2377	16 2 14 9
2378	8 16 10 18
2379	11 8 2 15
2380	11 19 3 8
2381	13 1 9 6
2382	11 16 8 2
2383	10 20 3 15
2384	10 18 20 12
2385	7 15 20 2
2386	10 8 11 5
2387	19 20 2 7
2388	18 8 10 3
2389	14 4 8 6
2390	20 19 12 5
2391	8 14 19 3
2392	18 17 11 2
2393	18 4 10 3
2394	7 3 19 16
2395	19 2 4 5
2396	16 12 10 7
2397	5 12 7 2
2398	10 3 4 2
2399	9 5 11 12
2400	9 1 15 3
2401	14 17 19 18
2402	18 6 19 7
2403	12 5 10 13
2404	13 9 11 19
2405	8 12 10 16
2406	17 13 19 4
2407	18 4 13 10
2408	6 19 3 7
2409	5 12 18 13
2410	18 15 14 1
2411	5 2 6 15
2412	6 10 12 20
2413	16 4 2 18
2414	11 2 19 18
2415	16 13 12 15
2416	11 4 18 16
2417	19 13 2 17
2418	3 2 14 4
2419	5 4 17 19
2420	19 8 10 1
2421	2 12 17 19
2422	7 5 17 8
2423	3 9 1 5
2424	12 17 6 14
2425	9 8 12 6
2426	11 6 16 15
2427	12 19 7 17
2428	7 2 14 10
2429	16 19 5 15
2430	19 17 9 18
2431	1 14 8 11
2432	14 13 19 20
2433	6 1 2 11
2434	7 5 19 13
2435	10 15 14 4
2436	2 20 3 4
2437	12 9 19 11
2438	11 5 10 6
2439	20 14 4 10
2440	7 20 17 19
2441	13 19 6 20
2442	6 14 13 18
2443	13 11 6 14
2444	2 13 18 9
2445	8 20 14 9
2446	13 20 14 3
2447	3 11 20 13
2448	14 12 16 1
2449	5 1 18 3
2450	10 14 1 19
2451	5 14 7 20
2452	9 16 8 1
2453	7 17 14 16
2454	8 20 4 19
2455	6 19 2 10
2456	16 11 15 5
2457	14 20 9 11
2458	4 15 10 11
2459	6 13 17 16
2460	7 13 3 18
2461	3 17 20 9
2462	7 8 20 4
2463	8 5 7 2
2464	19 18 16 2
2465	4 14 18 13
2466	11 2 14 17
2467	2 14 9 19
2468	20 12 14 11
2469	1 11 10 18
2470	1 4 18 14
2471	4 7 16 15
2472	2 9 17 11
2473	17 7 3 13
2474	4 1 10 17
2475	8 7 5 14
2476	16 8 10 20
2477	15 17 19 8
2478	15 20 17 11
2479	18 20 3 4
2480	6 12 14 15
2481	18 11 13 15
2482	17 6 16 2
2483	15 12 1 5
2484	19 9 14 2
2485	3 17 8 5
2486	7 6 14 10
2487	2 10 3 11
2488	15 2 3 6
2489	3 16 10 14
2490	16 6 3 4
2491	6 16 7 2
2492	17 5 13 19
2493	7 3 20 13
2494	4 17 12 15
2495	14 15 10 7
2496	2 4 20 8
2497	11 2 10 3
2498	3 19 5 20
2499	17 15 5 11
2500	9 7 13 15
2501	7 12 11 19
2502	9 19 8 15
2503	14 15 13 19
2504	18 17 9 8
2505	17 7 5 13
2506	17 3 13 2
2507	6 17 5 16
2508	16 1 11 15
2509	5 7 3 12
2510	19 8 4 1
2511	20 18 12 10
2512	6 12 1 19
2513	8 2 4 7
2514	13 15 12 4
2515	6 11 17 8
2516	8 9 15 12
2517	13 14 1 4
2518	3 15 4 19
2519	1 14 2 12
2520	11 6 14 2
2521	4 2 1 12
2522	16 7 15 5
2523	14 19 8 18
2524	3 5 17 8
2525	13 11 14 3
2526	7 12 5 16
2527	16 12 6 2
2528	4 9 18 20
2529	14 8 18 5
2530	19 3 15 7
2531	20 1 2 3
2532	20 9 6 15
2533	12 11 2 7
2534	2 10 3 7
2535	7 8 1 13
2536	10 12 9 3
2537	18 12 10 6
2538	13 11 2 12
2539	2 17 10 12
2540	3 5 11 15
2541	16 20 5 10
2542	16 4 3 19
2543	10 20 6 14
2544	13 8 11 18
2545	18 3 11 1
2546	7 17 3 2
2547	13 10 1 18
2548	17 9 18 14
2549	7 20 4 11
2550	14 5 1 17
2551	2 1 5 16
2552	19 6 13 4
2553	6 1 4 8
2554	5 7 10 19
2555	9 11 12 7
2556	17 8 11 1
2557	11 3 14 20
2558	12 9 2 17
2559	15 14 9 11
2560	1 11 15 12
2561	20 8 15 13
2562	13 9 10 7
2563	4 13 16 3
2564	9 2 8 17
2565	7 9 15 11
2566	12 1 6 20
2567	1 2 4 12
2568	10 8 20 1
2569	17 11 12 14
2570	2 6 17 9
2571	11 7 13 5
2572	3 15 11 2
2573	18 10 13 1
2574	7 8 2 19
2575	14 9 8 3
2576	7 20 8 12
2577	5 10 15 1
2578	13 18 15 1
2579	10 4 8 16
2580	3 15 2 9
2581	6 20 12 9
2582	9 18 4 2
2583	2 7 18 15
2584	15 11 12 19
2585	1 8 6 10
2586	2 4 19 13
2587	4 11 15 20
2588	12 11 17 1
2589	5 15 18 8
2590	17 19 8 13
2591	12 18 17 15
2592	10 9 7 11
2593	11 17 12 4
2594	14 4 18 13
2595	11 15 9 2
2596	7 18 15 9
2597	6 19 2 9
2598	8 5 15 4
2599	6 7 19 1
2600	1 16 15 11
2601	8 13 17 9
2602	2 20 5 10
2603	18 8 12 7
2604	11 1 16 2
2605	1 6 7 18
2606	4 5 17 8
2607	10 9 8 17
2608	3 9 12 14
2609	1 17 5 7
2610	7 12 13 16
2611	4 11 17 18
2612	20 11 3 18
2613	18 7 3 10
2614	6 3 8 12
2615	6 10 18 14
2616	17 5 18 13
2617	19 12 14 8
2618	14 8 11 15
2619	14 5 2 8
2620	4 10 6 9
2621	6 10 9 4
2622	7 15 3 17
2623	16 8 3 6
2624	14 9 12 6
2625	10 6 14 19
2626	18 15 19 14
2627	6 16 8 20
2628	2 3 14 10
2629	12 4 16 19
2630	8 6 4 14
2631	4 8 5 7
2632	20 16 15 2
2633	13 16 5 1
2634	7 19 18 5
2635	11 8 20 4
2636	7 19 2 1
2637	3 2 18 5
2638	2 16 18 3
2639	2 7 11 1
2640	18 10 7 15
2641	11 16 6 5
2642	11 18 2 4
2643	9 11 8 18
2644	6 19 9 5
2645	7 14 9 1
2646	16 17 4 11
2647	4 17 7 14
2648	8 10 9 5
2649	15 14 12 4
2650	9 12 11 5
2651	13 2 16 5
2652	8 14 6 13
2653	4 19 18 3
2654	19 11 15 20
2655	4 5 10 11
2656	7 14 8 3
2657	18 12 13 14
2658	1 14 19 7
2659	19 20 11 13
2660	15 18 8 10
2661	18 7 4 10
2662	17 3 10 11
2663	20 5 1 13
2664	1 16 5 19
2665	9 3 13 5
2666	20 18 13 1
2667	9 14 20 6
2668	9 2 1 16
2669	11 3 19 14
2670	10 18 7 2
2671	3 12 14 18
2672	7 3 12 6
2673	10 11 17 6
2674	16 18 9 4
2675	12 8 18 13
2676	3 18 14 9
2677	13 9 7 6
2678	10 20 13 16
2679	7 15 12 16
2680	9 18 10 15
2681	9 15 8 4
2682	5 2 3 20
2683	12 5 13 8
2684	12 13 16 15
2685	9 8 20 3
2686	17 10 4 2
2687	9 14 6 7
2688	11 12 20 17
2689	20 18 9 12
2690	2 13 20 1
2691	6 3 17 19
2692	4 19 3 15
2693	10 17 6 4
2694	14 2 6 16
2695	2 13 18 15
2696	11 6 17 10
2697	19 5 12 3
2698	11 4 19 13
2699	5 11 9 3
2700	19 8 2 5
2701	12 19 9 11
2702	3 17 7 9
2703	13 11 19 10
2704	13 7 5 14
2705	10 12 3 11
2706	4 2 16 14
2707	9 17 10 2
2708	3 1 2 4
2709	9 2 15 14
2710	10 4 18 14
2711	4 10 1 17
2712	7 12 6 5
2713	11 19 18 20
2714	16 15 7 17
2715	16 7 13 11
2716	9 16 13 2
2717	10 4 8 7
2718	17 4 16 13
2719	2 16 12 14
2720	19 1 7 14
2721	5 17 2 9
2722	13 2 5 12
2723	3 4 8 15
2724	2 18 4 19
2725	13 6 16 8
2726	2 17 16 6
2727	7 6 1 18
2728	1 20 3 5
2729	18 14 13 16
2730	12 5 11 14
2731	8 16 11 2
2732	8 13 15 5
2733	1 8 20 7
2734	9 16 6 10
2735	10 5 2 18
2736	14 11 3 10
2737	1 8 7 14
2738	5 19 16 10
2739	6 11 17 13
2740	8 18 3 7
2741	3 14 11 12
2742	16 13 9 8
2743	14 6 7 19
2744	10 1 3 11
2745	20 19 15 8
2746	5 13 16 14
2747	1 3 12 17
2748	1 15 9 8
2749	15 2 14 13
2750	16 14 4 9
2751	8 6 15 20
2752	4 1 10 11
2753	5 10 7 17
2754	20 19 5 10
2755	3 8 18 13
2756	3 4 7 8
2757	17 20 6 12
2758	2 17 6 3
2759	14 5 2 16
2760	3 13 7 17
2761	14 12 10 4
2762	9 8 13 4
2763	12 16 6 5
2764	19 8 5 10
2765	8 15 9 13
2766	5 9 20 8
2767	19 15 5 7
2768	3 15 14 19
2769	9 7 15 4
2770	5 11 9 2
2771	5 17 6 19
2772	19 6 2 13
2773	12 15 16 3
2774	19 15 9 12
2775	20 9 4 8
2776	11 3 5 7
2777	1 9 14 7
2778	19 9 4 20
2779	19 17 11 6
2780	20 19 11 2
2781	20 2 6 3
2782	3 16 9 11
2783	11 13 6 8
2784	17 6 7 3
2785	17 1 2 8
2786	17 6 20 10
2787	2 6 15 14
2788	13 20 8 19
2789	8 7 15 17
2790	13 7 4 18
2791	16 19 15 7
2792	12 9 2 8
2793	20 18 9 13
2794	1 3 14 10
2795	7 14 12 16
2796	4 20 14 13
2797	18 15 12 9
2798	18 14 15 13
2799	16 17 19 2
2800	17 4 1 16
2801	7 4 11 10
2802	11 19 14 2
2803	12 16 4 11
2804	13 11 10 14
2805	9 2 6 19
2806	6 7 5 15
2807	19 18 15 8
2808	6 5 18 17
2809	1 17 14 3
2810	15 6 17 11
2811	3 13 9 14
2812	1 13 17 14
2813	10 9 14 6
2814	3 20 2 15
2815	7 15 11 13
2816	9 2 14 6
2817	11 20 12 7
2818	12 13 18 16
2819	12 15 11 3
2820	12 20 3 7
2821	18 17 5 15
2822	17 9 20 11
2823	15 20 6 2
2824	6 12 7 14
2825	20 12 18 19
2826	15 10 4 19
2827	10 9 20 14
2828	12 3 7 9
2829	11 16 9 12
2830	12 8 1 14
2831	9 5 7 12
2832	15 10 19 6
2833	13 20 19 6
2834	6 15 3 10
2835	19 18 13 12
2836	19 6 12 11
2837	3 13 15 14
2838	9 20 16 6
2839	20 8 18 7
2840	6 4 15 7
2841	7 8 19 5
2842	1 20 12 11
2843	13 11 19 6
2844	5 3 4 10
2845	14 8 4 20
2846	13 4 19 6
2847	15 18 20 4
2848	17 6 19 13
2849	2 6 17 7
2850	6 20 5 4
2851	1 14 9 11
2852	13 16 1 10
2853	11 18 3 15
2854	16 17 15 11
2855	3 18 4 6
2856	10 18 19 17
2857	10 7 8 5
2858	19 6 5 10
2859	18 13 5 7
2860	14 2 5 11
2861	15 5 8 11
2862	10 11 1 20
2863	13 3 9 5
2864	19 18 20 6
2865	10 13 8 14
2866	17 5 19 9
2867	20 2 11 4
2868	19 13 18 16
2869	8 17 19 20
2870	6 3 14 17
2871	11 3 2 16
2872	1 20 7 5
2873	14 13 11 5
2874	17 5 10 13
2875	12 5 6 7
2876	18 10 5 11
2877	5 19 2 17
2878	2 9 20 18
2879	5 7 3 10
2880	14 6 15 19
2881	15 11 14 2
2882	12 19 4 7
2883	5 7 19 9
2884	7 15 18 8
2885	17 16 13 11
2886	9 8 10 3
2887	16 15 14 8
2888	10 6 19 20
2889	10 20 19 5
2890	5 20 16 15
2891	8 1 19 10
2892	19 8 15 17
2893	14 17 7 8
2894	17 3 18 12
2895	19 13 11 1
2896	17 16 6 18
2897	17 15 3 18
2898	8 13 19 3
2899	7 9 14 17
2900	6 8 13 4
2901	1 20 11 5
2902	17 20 10 6
2903	1 15 20 10
2904	15 10 5 14
2905	4 17 6 10
2906	9 6 10 12
2907	20 18 8 15
2908	10 5 6 1
2909	16 17 6 8
2910	6 11 12 2
2911	2 5 7 10
2912	14 2 8 4
2913	9 16 14 1
2914	3 13 9 18
2915	6 8 19 15
2916	6 1 19 7
2917	3 17 18 14
2918	11 16 8 10
2919	6 19 7 3
2920	11 12 19 8
2921	16 3 1 17
2922	17 15 10 18
2923	10 12 7 5
2924	8 17 15 1
2925	8 13 6 10
2926	15 7 2 9
2927	8 14 13 19
2928	2 11 3 20
2929	2 7 9 1
2930	20 8 18 6
2931	3 4 11 12
2932	15 12 5 18
2933	19 20 12 18
2934	9 11 20 8
2935	1 10 14 17
2936	18 7 17 4
2937	17 9 18 2
2938	19 9 2 3
2939	17 4 5 6
2940	5 15 1 10
2941	5 16 12 4
2942	6 7 14 11
2943	12 14 9 20
2944	6 20 12 14
2945	17 9 6 12
2946	1 20 3 11
2947	14 16 8 20
2948	16 9 20 8
2949	7 12 5 4
2950	8 1 5 2
2951	20 3 1 11
2952	13 5 3 12
2953	20 6 13 8
2954	17 16 14 9
2955	7 20 12 9
2956	18 9 10 19
2957	7 17 3 8
2958	1 8 5 9
2959	14 13 15 8
2960	20 12 18 7
2961	3 13 14 2
2962	17 13 14 12
2963	13 1 7 14
2964	6 16 14 3
2965	16 9 6 18
2966	14 6 13 2
2967	13 10 12 16
2968	20 15 13 17
2969	10 19 3 6
2970	3 15 20 10
2971	14 9 16 12
2972	6 12 18 14
2973	19 1 6 8
2974	3 17 14 9
2975	19 15 20 4
2976	10 2 11 20
2977	10 3 7 2
2978	18 16 11 20
2979	5 17 9 3
2980	2 15 14 8
2981	7 15 20 9
2982	13 15 11 16
2983	10 18 1 2
2984	12 10 7 1
2985	4 11 3 14
2986	12 3 9 17
2987	6 13 18 9
2988	14 2 17 1
2989	12 10 2 8
2990	17 6 12 16
2991	6 17 4 16
2992	11 4 20 7
2993	18 17 3 10
2994	1 19 13 15
2995	9 1 4 5
2996	3 16 20 10
2997	8 3 2 9
2998	1 3 6 13
2999	13 2 5 18
3000	1 14 3 13
3001	4 15 1 10
3002	19 9 6 8
3003	16 2 13 7
3004	3 8 7 1
3005	1 11 2 5
3006	16 4 18 17
3007	20 12 18 1
3008	9 8 16 10
3009	11 19 3 10
3010	8 14 20 17
3011	6 16 13 8
3012	18 8 12 4
3013	7 12 9 20
3014	19 6 10 12
3015	13 7 8 15
3016	14 2 11 10
3017	18 14 20 10
3018	3 8 17 1
3019	15 8 14 6
3020	6 1 4 11
3021	11 18 16 13
3022	10 19 13 15
3023	19 10 11 7
3024	4 6 20 2
3025	8 20 11 16
3026	15 2 6 5
3027	13 12 2 15
3028	12 5 3 6
3029	14 6 20 9
3030	3 12 18 16
3031	10 14 18 9
3032	16 5 6 9
3033	14 12 2 9
3034	18 8 1 15
3035	18 8 19 1
3036	12 1 17 19
3037	19 10 13 5
3038	14 13 3 18
3039	2 1 4 6
3040	10 5 12 1
3041	10 7 4 3
3042	14 8 6 10
3043	8 18 7 14
3044	20 15 18 4
3045	13 7 3 8
3046	18 5 15 20
3047	20 10 15 5
3048	6 18 7 10
3049	12 15 8 2
3050	9 20 10 16
3051	9 1 17 12
3052	3 12 14 19
3053	4 20 1 13
3054	7 11 8 2
3055	9 12 20 15
3056	6 11 7 14
3057	6 5 18 15
3058	9 3 20 4
3059	19 20 13 2
3060	2 15 20 14
3061	9 18 20 14
3062	12 8 3 19
3063	7 8 3 5
3064	18 19 14 12
3065	1 16 3 11
3066	4 6 11 17
3067	12 7 14 8
3068	17 2 11 13
3069	13 20 15 9
3070	11 2 18 14
3071	10 14 8 18
3072	13 11 10 9
3073	8 20 2 10
3074	9 1 5 14
3075	7 4 20 18
3076	16 17 10 15
3077	4 20 8 1
3078	20 7 15 4
3079	18 15 12 16
3080	15 10 20 12
3081	14 5 18 19
3082	1 7 11 18
3083	18 11 17 20
3084	20 15 3 4
3085	11 5 7 18
3086	13 1 14 16
3087	4 14 17 12
3088	19 5 3 7
3089	7 12 19 20
3090	17 7 2 8
3091	14 9 19 11
3092	9 10 13 16
3093	6 16 18 8
3094	12 6 10 14
3095	12 1 11 13
3096	10 5 16 20
3097	16 7 9 13
3098	5 14 2 18
3099	8 7 9 18
3100	10 13 12 3
3101	13 17 18 10
3102	13 12 10 8
3103	14 4 12 3
3104	14 10 3 12
3105	6 4 13 15
3106	4 12 20 8
3107	18 9 13 1
3108	3 17 1 4
3109	17 1 19 12
3110	15 11 3 18
3111	10 3 6 8
3112	9 6 2 13
3113	3 6 2 11
3114	9 1 2 11
3115	1 13 9 5
3116	3 2 9 5
3117	4 5 6 3
3118	5 19 8 20
3119	6 5 18 16
3120	12 13 19 14
3121	1 3 18 16
3122	15 14 2 11
3123	2 10 6 7
3124	1 9 13 16
3125	12 5 14 11
3126	12 17 19 11
3127	20 1 17 2
3128	5 6 19 18
3129	12 20 16 6
3130	4 14 17 6
3131	13 7 19 10
3132	11 8 4 20
3133	19 18 6 14
3134	5 14 20 9
3135	3 12 2 15
3136	19 13 20 12
3137	12 8 4 11
3138	13 15 14 6
3139	9 2 4 17
3140	1 3 12 10
3141	10 15 17 11
3142	11 1 3 20
3143	11 1 6 10
3144	12 4 13 9
3145	6 2 18 16
3146	14 7 10 1
3147	16 5 11 20
3148	4 17 2 11
3149	15 20 8 5
3150	13 15 19 6
3151	11 15 10 6
3152	10 15 1 3
3153	4 12 14 17
3154	9 20 4 1
3155	17 8 20 3
3156	11 3 8 1
3157	5 13 18 3
3158	6 17 5 20
3159	7 20 10 8
3160	4 2 8 7
3161	6 13 17 12
3162	5 11 19 1
3163	11 6 13 7
3164	6 3 2 16
3165	7 14 20 15
3166	6 1 9 10
3167	15 4 1 20
3168	13 8 3 6
3169	2 1 6 11
3170	7 2 19 18
3171	15 19 3 14
3172	16 19 9 17
3173	2 7 1 6
3174	13 3 11 19
3175	6 14 12 4
3176	3 5 2 20
3177	4 16 8 1
3178	8 13 3 15
3179	19 4 18 15
3180	12 9 2 19
3181	16 7 13 20
3182	8 3 4 10
3183	16 15 17 7
3184	11 7 1 19
3185	14 7 8 9
3186	14 1 2 12
3187	2 8 9 5
3188	20 5 6 15
3189	10 18 16 9
3190	11 12 16 7
3191	15 9 2 19
3192	18 16 1 2
3193	1 12 11 18
3194	16 11 10 9
3195	6 3 1 15
3196	12 15 8 1
3197	7 15 18 4
3198	14 5 2 7
3199	18 13 17 7
3200	14 2 5 17
3201	15 1 13 6
3202	10 17 14 1
3203	5 4 8 11
3204	2 17 13 1
3205	2 9 14 18
3206	16 12 3 13
3207	12 10 1 18
3208	13 15 20 7
3209	1 8 20 15
3210	9 5 7 1
3211	11 16 13 18
3212	12 16 2 19
3213	20 9 17 15
3214	14 1 11 9
3215	4 5 15 18
3216	18 13 3 10
3217	19 14 20 15
3218	8 12 14 1
3219	15 2 3 19
3220	3 16 2 20
3221	6 4 3 17
3222	11 12 18 20
3223	18 19 20 1
3224	9 17 13 16
3225	15 2 18 3
3226	8 13 14 5
3227	1 7 8 12
3228	14 12 9 10
3229	4 19 13 8
3230	4 3 16 9
3231	11 19 14 12
3232	1 7 20 12
3233	6 14 9 17
3234	18 1 14 20
3235	13 8 11 12
3236	16 9 12 7
3237	20 8 17 2
3238	8 11 20 12
3239	9 3 20 6
3240	7 17 4 2
3241	9 2 17 7
3242	6 7 16 5
3243	11 6 7 12
3244	1 15 3 12
3245	14 1 18 7
3246	10 5 1 8
3247	19 1 8 6
3248	4 17 2 18
3249	13 7 6 19
3250	15 2 8 6
3251	11 20 4 12
3252	5 3 7 13
3253	18 11 7 20
3254	9 8 4 13
3255	10 20 11 13
3256	18 14 13 9
3257	8 1 7 11
3258	16 6 3 18
3259	9 6 20 7
3260	20 11 9 3
3261	14 4 12 10
3262	16 2 11 3
3263	12 6 5 7
3264	18 3 4 7
3265	17 20 11 19
3266	16 7 18 13
3267	18 11 5 7
3268	19 15 11 4
3269	3 19 7 14
3270	8 10 20 5
3271	20 18 16 14
3272	4 17 10 3
3273	12 10 13 19
3274	16 13 12 10
3275	15 19 13 16
3276	15 8 16 11
3277	19 12 9 5
3278	16 19 13 1
3279	4 7 3 1
3280	3 13 6 5
3281	12 17 9 3
3282	9 18 16 14
3283	5 11 18 6
3284	17 6 20 16
3285	4 15 18 6
3286	12 2 3 14
3287	12 11 14 16
3288	18 19 2 14
3289	4 2 1 3
3290	16 14 17 13
3291	19 9 8 5
3292	2 5 13 15
3293	12 9 4 7
3294	5 1 15 9
3295	20 5 9 13
3296	20 7 11 5
3297	12 3 18 10
3298	5 3 9 10
3299	13 6 20 2
3300	1 5 14 12
3301	4 18 17 15
3302	9 11 18 16
3303	6 15 4 5
3304	2 16 1 18
3305	9 4 13 11
3306	12 14 10 2
3307	3 19 9 2
3308	14 12 10 9
3309	18 9 3 8
3310	6 12 15 5
3311	9 19 7 4
3312	15 11 2 4
3313	13 20 9 11
3314	17 9 19 4
3315	4 19 9 18
3316	17 10 1 2
3317	4 18 13 3
3318	7 19 1 5
3319	8 16 13 15
3320	14 18 17 2
3321	4 1 5 2
3322	9 20 5 11
3323	11 6 4 7
3324	4 11 3 7
3325	4 17 6 14
3326	14 19 3 1
3327	10 5 13 14
3328	1 10 8 2
3329	5 9 18 17
3330	16 9 6 4
3331	1 6 9 18
3332	10 9 18 17
3333	12 11 2 9
3334	6 18 15 4
3335	20 11 15 14
3336	17 20 1 14
3337	6 20 13 1
3338	10 1 16 17
3339	6 17 16 18
3340	2 7 11 1
3341	12 10 20 16
3342	4 14 7 15
3343	4 2 15 20
3344	6 3 19 5
3345	18 20 3 8
3346	1 9 16 15
3347	4 14 10 13
3348	6 12 5 17
3349	2 10 11 14
3350	1 10 20 5
3351	2 11 18 1
3352	4 15 20 1
3353	18 13 15 17
3354	10 17 12 9
3355	7 9 11 20
3356	10 13 20 7
3357	5 16 13 19
3358	9 3 11 4
3359	20 3 8 18
3360	1 2 9 6
3361	7 3 8 12
3362	17 15 5 6
3363	2 20 15 19
3364	5 19 3 11
3365	14 15 2 1
3366	20 7 12 18
3367	17 1 14 18
3368	3 4 12 2
3369	10 19 20 18
3370	15 20 5 10
3371	11 1 18 20
3372	8 18 14 3
3373	19 10 1 6
3374	4 11 7 2
3375	15 8 10 4
3376	8 18 5 1
3377	14 19 3 1
3378	12 15 10 9
3379	18 20 9 17
3380	2 10 13 11
3381	19 18 10 8
3382	10 20 13 15
3383	18 11 13 9
3384	4 14 1 9
3385	20 3 1 18
3386	12 13 4 17
3387	15 4 8 7
3388	7 15 20 3
3389	5 15 17 7
3390	6 10 8 15
3391	17 10 19 5
3392	3 8 4 6
3393	17 16 3 20
3394	1 13 14 11
3395	19 16 15 12
3396	20 19 8 1
3397	6 16 19 17
3398	2 1 14 3
3399	19 17 12 5
3400	12 18 14 8
3401	2 7 8 4
3402	7 11 2 12
3403	7 6 17 11
3404	17 11 2 19
3405	4 6 10 1
3406	11 13 9 19
3407	15 7 9 19
3408	10 13 1 8
3409	3 6 5 9
3410	14 18 12 15
3411	14 11 6 9
3412	13 11 19 18
3413	3 5 6 9
3414	12 4 2 7
3415	13 3 18 8
3416	11 12 13 3
3417	18 8 14 9
3418	15 2 14 6
3419	1 2 3 9
3420	19 9 8 10
3421	18 14 6 19
3422	17 16 15 10
3423	7 20 16 12
3424	11 14 13 6
3425	8 7 14 20
3426	6 15 5 19
3427	15 5 11 1
3428	5 10 1 19
3429	18 8 14 4
3430	11 15 18 1
3431	18 13 15 9
3432	15 13 2 4
3433	17 5 13 1
3434	14 5 17 19
3435	2 19 18 14
3436	14 13 12 6
3437	12 3 16 5
3438	11 9 12 14
3439	1 11 3 9
3440	6 7 8 10
3441	14 19 4 7
3442	14 8 13 11
3443	6 18 17 4
3444	18 7 1 5
3445	13 2 3 15
3446	6 17 3 12
3447	2 12 7 9
3448	12 17 2 15
3449	18 20 7 8
3450	6 9 4 10
3451	19 7 3 12
3452	16 1 8 9
3453	14 7 13 10
3454	2 3 5 19
3455	14 16 9 18
3456	20 10 5 16
3457	9 11 7 6
3458	9 13 10 8
3459	17 13 9 20
3460	4 12 2 7
3461	6 4 13 18
3462	4 6 18 12
3463	1 5 9 3
3464	18 19 2 3
3465	17 6 7 5
3466	9 17 5 3
3467	11 14 20 4
3468	8 2 13 18
3469	12 16 17 2
3470	5 17 14 15
3471	13 2 10 17
3472	5 10 14 16
3473	15 7 2 17
3474	5 9 16 1
3475	19 6 11 15
3476	16 19 6 13
3477	10 15 14 9
3478	18 6 12 4
3479	12 6 4 13
3480	11 9 12 1
3481	11 4 14 18
3482	15 4 14 13
3483	7 17 14 13
3484	7 20 10 8
3485	1 20 3 8
3486	13 17 20 7
3487	17 14 18 10
3488	19 11 5 18
3489	13 2 7 20
3490	7 13 19 8
3491	13 1 18 17
3492	10 1 6 5
3493	19 12 5 9
3494	10 7 19 14
3495	12 9 15 5
3496	19 1 15 20
3497	19 17 6 2
3498	12 14 18 17
3499	4 17 10 7
3500	13 7 4 11
