Students	1000
1	1436 4511 1694 4480
2	3959 536 100 4836
3	851 2205 2465 3175
4	2290 3961 727 4631
5	1237 1823 3737 2114
6	545 3230 156 3535
7	2457 3903 466 3029
8	764 2824 1404 2692
9	4078 3690 4115 1616
10	365 233 4215 1227
11	4940 1939 4252 3682
12	4213 4806 4772 527
13	549 4807 368 4321
14	3228 3804 1684 250
15	4876 2235 4032 4019
16	1202 4404 55 1714
17	950 1703 2794 1960
18	2734 1072 796 2080
19	672 4369 3060 2166
20	2343 3561 4805 1868
21	3697 3351 4477 2286
22	2654 1757 1143 3913
23	2820 4396 3256 3018
24	3244 4740 4791 3812
25	4245 2214 1244 3152
26	1148 2715 3171 285
27	343 1550 1502 1185
28	4253 1934 1141 3649
29	4937 442 4595 4297
30	4817 4311 1790 1764
31	1975 4176 2797 4235
32	2115 224 10 409
33	2458 2181 1945 2317
34	798 4895 2457 4030
35	1850 1459 2719 2329
36	4874 809 1240 3194
37	779 4185 4727 562
38	1373 907 4373 1886
39	750 3793 2877 1628
40	2626 4618 3812 1003
41	3767 3205 1179 1952
42	1827 1370 1674 3996
43	182 862 4301 75
44	2967 3938 2056 1654
45	2874 4854 1889 3944
46	3514 1791 4733 416
47	2832 2780 4962 423
48	1236 2670 2892 2488
49	1546 4908 2394 1141
50	362 3752 4968 1200
51	4170 853 3859 1608
52	1902 2119 608 1774
53	4285 244 3427 2282
54	3288 2695 2766 646
55	1249 810 365 852
56	3685 477 1911 994
57	4509 2881 604 4602
58	3240 2682 4424 2977
59	986 2577 3773 89
60	2266 359 276 4433
61	1625 1823 1628 4794
62	4853 3143 218 1511
63	1441 1932 4244 1589
64	688 81 4836 3748
65	3979 3669 329 2073
66	3923 3884 1984 4613
67	908 618 2580 3888
68	3777 530 314 1447
69	584 4186 3104 65
70	3183 872 4843 2989
71	826 2746 2526 394
72	4202 806 759 3447
73	793 4314 4566 525
74	2106 1574 3951 4119
75	4820 1575 541 4269
76	4013 2009 1087 2145
77	2328 306 478 3109
78	2700 4856 3392 877
79	2380 1994 4227 4470
80	1750 4828 1679 2664
81	4323 3949 2291 1701
82	4518 1732 604 2646
83	1987 300 1855 4037
84	1472 2813 2539 1219
85	3285 94 3838 4019
86	3363 4453 964 3471
87	4711 4083 1689 3020
88	1319 4492 4770 761
89	1143 4935 2010 2502
90	4408 2742 3404 3053
91	564 1325 1038 4634
92	429 3712 3372 334
93	798 4751 4488 702
94	1692 2159 4199 2642
95	1146 4028 1232 4516
96	4326 3858 1607 825
97	811 1063 3828 688
98	2234 892 2295 4114
99	3373 2955 967 4202
100	125 2840 3452 1016
101	2171 4426 3482 3184
102	4227 2480 814 1803
103	315 1329 1704 1172
104	4141 1994 1873 4131
105	1282 291 2566 3429
106	29 3238 607 2869
107	1432 1545 71 4095
108	763 3291 1942 1303
109	4582 1670 2436 2014
110	940 4413 2995 3269
111	744 266 3451 3123
112	2682 500 4041 4614
113	1460 4540 4404 1168
114	1969 329 59 2620
115	2726 3442 1200 1352
116	3825 1199 3655 3673
117	3380 3201 4136 3234
118	1082 46 2133 2515
119	1946 4123 194 4818
120	2583 2774 521 866
121	3367 4046 4571 4333
122	3632 1302 3352 4077
123	3752 2115 4635 4628
124	4204 1811 1121 1735
125	1265 2453 421 2441
126	3971 1762 2406 1827
127	4524 839 1315 1110
128	2415 2515 4785 3149
129	1444 3747 3556 376
130	2439 3831 1864 2138
131	1297 2952 2775 1075
132	1654 1052 4895 3190
133	836 445 4860 429
134	2223 566 709 849
135	1768 2581 2056 562
136	2483 3968 2963 2936
137	1488 4240 4362 3635
138	1798 1446 947 825
139	1987 3237 3974 1690
140	4050 66 4567 1567
141	3029 2434 2709 2908
142	4925 3021 437 1522
143	265 1748 4125 3455
144	3685 1399 2412 2461
145	1708 4771 3299 543
146	1434 715 310 3856
147	2079 4800 3041 2615
148	4977 258 3013 4222
149	3926 2881 651 1813
150	3249 4296 1607 4921
151	2010 896 4213 2002
152	1943 318 4758 1794
153	3413 791 1801 2658
154	1407 786 2016 3366
155	11 1845 900 4890
156	3120 1318 1355 4111
157	2452 1211 3828 691
158	1005 4830 4836 2479
159	517 4089 2926 274
160	691 2933 910 935
161	3835 3551 1789 29
162	2332 2792 3557 4270
163	4207 1456 911 173
164	983 4731 2152 2830
165	1436 875 2655 1667
166	2638 3105 1660 4118
167	3436 2182 1616 1330
168	3940 346 545 4427
169	3573 4253 2060 2395
170	4274 1626 3546 1772
171	3632 4269 4350 4907
172	418 285 3307 2425
173	4569 4214 1915 1497
174	1167 2041 3703 763
175	4181 4522 4634 4053
176	2400 3987 3570 989
177	1169 255 3223 713
178	1855 2569 2493 4520
179	3606 2835 2551 449
180	2473 3055 206 3475
181	1726 624 4645 4204
182	3563 1493 3197 3755
183	50 4579 4489 2195
184	175 3782 1054 668
185	2314 818 3653 1520
186	3031 290 1184 901
187	4368 144 3205 1657
188	4053 3384 3569 1937
189	177 519 3306 2788
190	1070 4370 2346 3662
191	4355 2001 2412 3129
192	4523 569 3131 2011
193	1180 4912 4000 1628
194	4078 2707 4161 984
195	4893 834 3321 1432
196	3901 2350 531 2269
197	4167 2600 734 2526
198	1968 3864 4036 978
199	58 3597 1837 3806
200	1177 240 1378 1756
201	1385 3569 2717 649
202	3259 2206 788 1611
203	4469 2571 1348 3716
204	397 219 1441 4316
205	388 1918 3383 3352
206	4274 4291 1398 1218
207	2410 744 2293 1423
208	2744 2130 3167 4544
209	4082 4290 130 3853
210	687 1733 1429 2119
211	4521 112 958 2450
212	3666 387 4891 1470
213	1816 1244 4347 3818
214	888 3046 3715 1913
215	3086 719 1195 1291
216	2654 4144 486 148
217	682 4993 3546 2856
218	1877 3239 1217 3228
219	3195 4530 3984 3986
220	4508 1317 3457 2594
221	2437 3235 3670 4136
222	4681 1177 1175 3996
223	3336 4458 1060 4419
224	2195 2114 734 722
225	2702 27 888 1645
226	2491 996 3917 1550
227	186 132 23 459
228	2647 3950 2671 226
229	349 907 3442 803
230	1019 61 978 78
231	3634 3243 4625 2299
232	3095 906 1992 574
233	1243 726 372 431
234	1773 2272 3391 2262
235	4336 1539 197 1614
236	1788 2121 712 2539
237	1738 3897 176 312
238	237 1704 2283 2125
239	2327 1811 372 1398
240	3187 4758 259 950
241	3598 3013 3720 4833
242	2177 2873 163 2410
243	1470 3447 2579 2590
244	3998 3450 1322 1579
245	3243 3042 1978 4439
246	2542 145 2511 1027
247	795 388 973 4861
248	2626 4355 1169 2348
249	4489 4564 400 2898
250	2685 43 576 2369
251	4993 566 1768 163
252	902 3228 2442 275
253	188 744 2991 4612
254	2874 1487 2484 563
255	2612 3156 2136 3918
256	3185 3147 3678 1842
257	4428 4013 407 2451
258	3319 231 1051 2935
259	1742 231 138 4943
260	4188 3791 3072 706
261	3204 4647 2636 2870
262	3191 20 2927 3259
263	4211 638 4365 1496
264	3109 407 3219 2930
265	2718 4716 3083 1275
266	3340 4223 4942 573
267	593 191 3236 2030
268	2941 1878 855 1156
269	722 2105 2129 1894
270	4709 2982 4801 637
271	4551 3508 135 544
272	37 3516 1837 404
273	2567 557 4464 2627
274	641 2132 4485 3301
275	1311 4071 1846 2627
276	285 1484 2879 4419
277	4850 2958 788 1627
278	2575 1413 1001 369
279	1290 340 3962 4562
280	4496 1999 2788 2733
281	848 1311 665 3585
282	4834 754 355 4726
283	1172 2015 3213 4112
284	1841 4694 2207 4888
285	3123 3108 4624 4973
286	488 4632 1883 2813
287	964 1763 2905 2834
288	1450 796 2122 4472
289	4974 60 4803 3722
290	1521 790 1307 3716
291	1821 3999 3922 1059
292	3504 3011 2630 1910
293	3640 1391 4716 78
294	2753 827 2156 4453
295	664 3558 4958 2872
296	2431 263 4729 1184
297	4411 150 4953 1622
298	266 1428 1427 2227
299	3895 3324 1946 4730
300	1041 1670 4134 1902
301	1072 2253 2875 1695
302	1286 1257 1611 728
303	3723 1173 2862 2566
304	719 423 2361 4390
305	4314 4208 637 1716
306	3752 4785 2472 3762
307	1900 2782 346 3506
308	3993 4439 1601 1750
309	1054 1731 2085 4128
310	51 563 2199 760
311	1903 3166 831 4541
312	2103 1950 1126 4032
313	3796 2709 354 3962
314	626 2721 3814 4986
315	1833 999 133 1794
316	1405 1411 4227 970
317	457 4225 4240 3261
318	4447 703 3962 1470
319	1587 1071 1675 221
320	3702 1387 958 953
321	1322 4587 2639 3846
322	4550 3512 2473 2982
323	4066 1453 4797 4877
324	1870 2284 3161 137
325	1029 2581 2657 167
326	3133 988 2305 3596
327	1475 3198 1846 1098
328	3351 3111 4554 1908
329	4739 2402 3160 225
330	1923 880 762 643
331	3983 1673 2225 383
332	2624 4868 3088 3929
333	3966 1880 3802 4789
334	1739 4118 2101 4287
335	4845 1891 4714 2054
336	530 3289 4583 3425
337	4560 350 3494 815
338	2897 4011 2726 2868
339	103 3843 1769 4521
340	626 2720 390 2630
341	4050 2266 276 2327
342	4056 251 3477 4963
343	2450 4807 2841 2010
344	4022 2600 138 73
345	2078 2074 1591 3573
346	3248 908 31 1548
347	3151 1532 2621 2428
348	1853 4301 1586 1706
349	1987 1856 1208 2040
350	3199 1825 2441 2869
351	4158 4817 4377 2695
352	3106 4343 770 4606
353	2402 832 1327 635
354	2352 3919 4239 4291
355	4911 1379 3762 132
356	4472 1940 3698 3991
357	3694 3036 3669 191
358	3081 2905 531 518
359	4324 4051 443 2519
360	360 3625 4796 2713
361	2778 4996 2557 3028
362	856 2324 890 457
363	2062 206 1178 660
364	2472 3966 3510 3629
365	939 1473 4198 4544
366	4380 2006 4092 1274
367	4427 4639 4189 3545
368	4573 2610 1753 1525
369	672 3580 2678 1052
370	2982 334 3002 1404
371	1436 4316 960 2484
372	4373 4185 1116 2489
373	3714 4849 4402 3339
374	3756 4959 4155 3580
375	2928 3709 2809 1775
376	633 3787 20 4906
377	3741 2054 3957 1667
378	2248 2819 2839 143
379	2775 634 857 4779
380	4923 2078 2238 2469
381	3430 3871 647 4202
382	1687 1618 719 4177
383	1540 3803 4258 500
384	3654 228 4457 887
385	1853 1678 1193 2063
386	2043 1123 4322 1257
387	4150 4517 2788 1993
388	2285 1227 1813 1176
389	4393 3068 316 506
390	1420 3915 2834 428
391	1199 1182 4227 4850
392	302 1568 3719 3660
393	4888 2216 1924 3570
394	1483 3585 3563 2562
395	1712 3807 237 3206
396	3455 1354 3482 1093
397	3876 2164 2667 1527
398	2767 4577 1078 4837
399	4640 4551 657 1631
400	4372 4676 3060 222
401	4204 3710 1884 3652
402	3549 175 3034 2223
403	1987 3033 2995 3684
404	1200 2570 1462 3789
405	2504 3242 1878 4585
406	1321 1699 2426 642
407	1980 4500 3240 4455
408	961 1627 2787 3183
409	2181 4872 674 4900
410	1489 1395 3476 3003
411	1914 2028 3644 2616
412	597 4771 212 4899
413	90 4913 3795 4458
414	2062 4290 1632 1328
415	2237 878 1793 2903
416	4894 2506 1942 4989
417	4890 1403 3457 744
418	203 2296 2453 1562
419	4314 1139 2293 934
420	2802 3525 2042 3683
421	2637 446 4655 4702
422	254 124 421 3891
423	554 1003 3687 3501
424	4902 4875 301 3671
425	1439 2332 3864 2832
426	4135 3807 4969 2652
427	1861 4294 4440 3735
428	1016 3101 1551 1732
429	3238 1691 2339 579
430	1234 3880 2243 1169
431	3573 2122 3094 1782
432	3216 4034 1080 4668
433	2026 2166 2209 3281
434	1170 1517 2408 3096
435	2352 4754 3942 2895
436	752 169 4079 1762
437	4084 2337 4876 2183
438	4057 2184 3517 3097
439	2716 1086 809 1076
440	4619 792 3257 2203
441	2028 885 2403 4307
442	4147 2596 4224 946
443	3130 4323 2805 2670
444	812 1279 42 2198
445	760 252 3892 1182
446	3986 3041 3894 4386
447	2883 3721 2131 550
448	2475 4269 1038 2714
449	4623 4253 60 2706
450	2453 3363 4880 2312
451	2167 3518 290 791
452	2492 1599 2636 70
453	1322 1408 492 3671
454	1326 2160 3007 1131
455	4052 1412 314 4979
456	4235 2212 2942 2829
457	4452 1971 4290 1701
458	1227 4996 3551 3368
459	3316 191 3830 2541
460	4507 2435 1436 4699
461	2662 2883 1091 1641
462	4112 3676 1240 3846
463	3295 2397 3086 3757
464	3909 1328 3017 4399
465	4812 1162 685 2656
466	650 4889 4075 39
467	3216 4113 4271 325
468	1143 8 4354 4696
469	1656 2445 684 560
470	2141 2767 1991 4415
471	4697 261 4730 1649
472	4015 141 1685 4076
473	887 2684 2999 4151
474	2845 1156 2658 2856
475	2353 7 2925 1225
476	1123 3013 496 748
477	3602 2227 1056 565
478	4852 2665 2942 4484
479	4698 2142 1235 3776
480	4500 1869 3720 4943
481	1510 2778 1016 918
482	3869 2772 832 4489
483	2794 1551 2941 42
484	4707 1437 1382 1717
485	437 3971 1436 3769
486	556 3560 3837 2766
487	329 4141 1009 2343
488	1132 4814 845 2701
489	1964 2545 2113 145
490	3295 2865 1173 2464
491	68 3826 2490 337
492	1506 4149 3055 1533
493	1242 3363 4089 184
494	4508 901 3254 3776
495	2872 1445 3667 2602
496	868 2779 1470 3895
497	319 2758 4010 2637
498	3909 2651 3267 4540
499	1717 1725 2271 942
500	1522 2767 1561 4390
501	2534 947 2354 4756
502	3332 588 1892 496
503	4422 645 4377 557
504	1689 3001 53 3701
505	4799 1505 1212 1349
506	3987 3512 2427 4276
507	1 1822 4827 477
508	1911 4286 4319 742
509	838 2124 3620 3005
510	3296 3565 4857 3459
511	4862 1776 1272 4904
512	4413 4104 3584 760
513	4690 2166 2649 4772
514	4680 4720 3675 4270
515	1265 195 3184 2346
516	1967 4974 4853 1598
517	52 3727 4742 2795
518	4923 2297 449 3764
519	1750 2553 3438 709
520	3979 1571 2711 1562
521	2278 4216 2999 2693
522	4995 4304 3467 4566
523	4467 3706 1303 2718
524	3829 3051 3424 3623
525	1089 4681 2405 4699
526	1464 1655 2955 2510
527	608 2318 1957 2328
528	2702 3238 4984 1882
529	3327 4366 206 1809
530	1872 566 1679 3749
531	1366 2239 3849 4009
532	1414 2618 1021 2535
533	1306 3250 920 3492
534	3708 1682 1951 4169
535	3134 3194 1527 3061
536	3003 2301 2731 2767
537	3587 537 1691 3707
538	2858 1733 1340 206
539	869 4395 2773 1339
540	67 1376 4243 2305
541	1226 3358 4971 3250
542	3648 4765 601 1367
543	814 946 135 4048
544	2114 353 3068 3572
545	3843 1157 1749 2713
546	3883 1262 3629 1069
547	37 4143 3218 4487
548	4436 4595 3559 2656
549	1034 2498 4794 3560
550	4485 4691 461 3605
551	1447 3048 4313 4900
552	1243 2931 2528 4549
553	994 2301 2646 1096
554	4627 1287 614 1330
555	4259 930 1234 2824
556	2073 2869 2440 2365
557	4364 3718 1310 4352
558	4486 111 291 2400
559	1081 1459 2444 3570
560	1731 88 3830 1487
561	2670 158 1899 4142
562	3991 1706 3253 634
563	4072 745 816 747
564	255 1131 4876 864
565	1872 4193 3681 1834
566	2195 4880 1367 353
567	3859 2604 3648 2961
568	668 4480 2265 4899
569	2884 1328 3253 2582
570	3161 2422 2148 247
571	1156 645 2751 1091
572	3523 1438 3774 645
573	2091 2879 1829 3050
574	474 2812 1799 1640
575	2277 2064 4727 1778
576	3482 4481 4225 1265
577	1216 3453 3846 4899
578	3773 1215 3552 2697
579	980 4232 2785 4035
580	4452 2031 2724 2958
581	2072 4746 1377 1545
582	1916 4313 2349 1434
583	345 1468 2675 2107
584	1010 4804 345 3819
585	3038 3683 64 1980
586	3675 4774 3126 1597
587	4609 589 1612 3991
588	141 160 3659 4320
589	313 4096 3545 1643
590	3080 2417 1261 1749
591	2168 104 262 1243
592	3530 2154 789 397
593	3269 2469 4598 1645
594	2784 361 4956 4140
595	2175 4178 4168 1988
596	1919 1178 2879 1319
597	4469 4459 2480 3841
598	95 718 587 1208
599	3430 3718 2176 253
600	4275 3399 154 825
601	1167 193 2176 534
602	1542 627 3322 3768
603	505 3189 751 1040
604	784 1407 2967 1215
605	1352 2580 2531 3819
606	3100 685 1519 1244
607	3291 3042 4237 1771
608	4915 3749 4507 1364
609	3658 4124 1499 855
610	4473 4067 4717 518
611	2412 3846 2452 2000
612	1060 2275 3072 855
613	1708 3975 2962 2555
614	2034 889 1227 1219
615	4195 4509 3176 4543
616	512 2471 3055 3704
617	4696 3210 864 4501
618	1334 3625 2629 1550
619	140 3176 3408 2411
620	4772 3215 82 1371
621	2290 2579 2611 61
622	1275 609 3700 4973
623	2082 691 4478 2201
624	1448 3610 1932 1012
625	3160 3205 4979 2025
626	3362 942 2564 4340
627	478 2726 2362 834
628	4251 845 3168 1195
629	2706 1976 1987 228
630	625 342 2090 1298
631	4523 2932 796 3780
632	4829 4238 2631 3521
633	1790 4620 469 3981
634	2125 3744 4835 55
635	4026 747 1048 4174
636	460 1906 4211 4864
637	4560 700 309 4286
638	145 1700 58 835
639	4249 3697 3427 3467
640	2852 2719 2551 1185
641	4653 1013 2572 2131
642	3465 3879 2597 4605
643	1129 328 1892 489
644	4540 2479 1602 131
645	374 4136 4987 377
646	1335 4213 4633 1906
647	604 1119 4356 2098
648	659 4492 178 870
649	644 109 529 3005
650	4039 3501 2642 4869
651	1960 990 2523 4785
652	77 963 4932 873
653	4796 485 1044 1742
654	2163 1511 3059 2757
655	1400 3267 1368 2888
656	1150 2880 2402 604
657	528 248 4166 1339
658	2962 1889 1441 2594
659	3278 1233 4605 311
660	3601 2331 3051 3307
661	591 3322 2979 1018
662	3442 4416 1164 2739
663	2684 4601 3726 3894
664	4278 2409 1449 3378
665	10 4674 4162 862
666	1044 424 3946 3471
667	4332 4548 4486 2824
668	796 1149 3009 2996
669	1924 3235 1574 3154
670	4054 3417 718 4914
671	3920 2155 909 4728
672	3311 2156 3950 2995
673	1345 1145 3517 4958
674	124 3197 2642 3896
675	4435 1379 3164 360
676	940 867 2375 167
677	2418 1040 3139 4435
678	2521 3045 3303 2574
679	1068 3912 1928 4999
680	571 1608 4643 4467
681	981 4386 2703 4684
682	3 769 4357 2889
683	4693 4543 3061 983
684	2068 1880 2438 818
685	507 87 3698 120
686	2425 644 3186 2206
687	94 1891 2701 1996
688	140 1549 2194 1472
689	738 3864 1009 1654
690	479 4577 2321 1705
691	1395 611 4129 1024
692	4350 859 4787 1140
693	4569 138 622 3200
694	4177 2027 1693 365
695	3368 2446 3993 110
696	47 2459 4655 3351
697	22 4404 1583 3283
698	971 4480 979 3613
699	3567 4740 1754 1310
700	4201 3849 3761 2727
701	343 338 4196 1756
702	627 1544 588 1982
703	1487 1262 2427 4494
704	1418 2939 2045 4164
705	1574 2128 2657 2902
706	245 1951 1066 1349
707	2177 1470 3994 3882
708	1610 638 2292 1092
709	3135 3757 1633 2445
710	4033 4025 1960 2595
711	3004 567 2059 1463
712	2108 648 3564 1294
713	3255 3235 2469 2228
714	3742 1413 2426 4755
715	3513 3969 618 1695
716	3189 2896 3615 4984
717	2306 1021 1028 2590
718	1864 1130 2108 2009
719	4565 1044 4019 3125
720	2297 3267 1936 1098
721	3363 3108 371 3701
722	994 2222 2090 1079
723	4209 4241 1476 3818
724	3446 3583 1363 4008
725	548 528 2751 3384
726	3964 4591 1932 1874
727	3959 959 1723 3761
728	4565 1979 2378 4116
729	1989 3251 1640 183
730	648 3793 105 463
731	440 1792 1671 3609
732	1786 128 542 2038
733	442 2731 783 1710
734	3553 3847 1329 4700
735	3576 4985 4143 437
736	937 4968 3699 2325
737	908 3565 3463 4524
738	579 1369 623 4102
739	3772 3245 1058 2388
740	2728 3874 1876 3942
741	803 1025 1495 3077
742	4582 572 92 1787
743	1777 240 4649 353
744	4403 3439 4028 947
745	4502 2447 4630 1486
746	607 4937 735 2578
747	1172 424 557 1093
748	1846 3297 2043 3095
749	313 1697 2369 3159
750	2935 2604 2814 2587
751	4673 2033 2920 2433
752	2404 2658 3673 2304
753	4220 2232 1405 4533
754	308 3787 4566 1872
755	1684 4383 2777 2430
756	4932 3488 2284 2206
757	930 467 3153 459
758	3974 4760 294 2992
759	813 1812 2414 656
760	4800 506 2607 4231
761	4074 2455 2103 4985
762	4421 4217 122 4550
763	2258 2901 4465 1001
764	2889 4416 2886 4934
765	3595 3110 1967 2578
766	3937 4053 4950 44
767	1288 4821 910 1618
768	3804 1066 81 529
769	4669 3456 2840 1033
770	3362 2878 1390 3624
771	241 3929 3265 3932
772	4835 445 1054 814
773	3710 2660 3845 3604
774	2682 1797 2729 571
775	2736 4969 1614 3837
776	3392 709 3870 981
777	3270 2809 1992 4120
778	1321 3273 3188 1593
779	36 2498 1293 4483
780	1941 3636 4656 977
781	3917 696 4219 106
782	278 114 4030 1258
783	764 4397 2335 1299
784	682 4221 1644 3409
785	2398 2087 836 181
786	4472 2890 1282 2157
787	1405 3578 3036 1146
788	4479 3305 4345 2173
789	1647 208 4848 3249
790	4944 327 1128 2626
791	1279 257 219 3736
792	1790 3435 1972 286
793	4470 1456 2883 3254
794	1769 3485 239 2103
795	1949 3400 59 4731
796	4607 4364 1566 1601
797	3962 2546 4682 4520
798	4835 757 4594 4457
799	2227 1203 4559 1144
800	4656 886 2449 2399
801	4971 4608 4402 3944
802	843 2010 1550 875
803	1239 1734 31 948
804	2365 1916 4937 26
805	2186 955 3171 2563
806	1176 1403 1232 129
807	3242 1078 169 44
808	1345 992 2461 2063
809	1655 1518 3644 260
810	1502 4684 4494 314
811	4108 2619 2572 964
812	2402 4637 2512 712
813	3808 3185 3519 3635
814	248 3029 1009 2384
815	710 2313 3816 3974
816	2317 1242 3068 3381
817	2291 1534 1242 3307
818	4322 1706 2266 2072
819	604 1059 4406 2458
820	3916 4410 2417 1644
821	4186 689 3370 3167
822	1710 3135 499 3020
823	738 1543 1232 729
824	170 918 1525 2064
825	3435 4306 4316 350
826	1834 120 854 210
827	104 3165 1344 3666
828	1330 4744 4376 3558
829	522 1901 447 948
830	784 1330 316 4014
831	2535 4908 2182 3825
832	363 4823 2927 2291
833	2746 1038 1763 2732
834	4822 2314 3171 1464
835	2087 2264 4570 2902
836	3176 452 4603 1269
837	635 2092 622 2409
838	1776 1597 4068 2557
839	4701 584 1104 715
840	1399 4538 1483 3129
841	2332 3581 3240 1163
842	1201 2675 936 689
843	1070 3460 3755 1081
844	1714 1100 1584 798
845	4008 2318 934 3533
846	447 3947 1306 2535
847	1932 1007 810 239
848	1995 4698 3921 2000
849	627 3849 4337 865
850	1 4880 1821 3980
851	3198 4154 4477 4723
852	764 734 230 4806
853	2625 4938 46 1875
854	2738 2979 1972 4913
855	4630 2309 1763 1807
856	2710 1778 2525 2694
857	315 1071 444 4091
858	2957 2334 4338 1970
859	1999 3016 2468 1946
860	4272 1363 1911 3819
861	4098 3224 3644 1188
862	2335 824 4865 4567
863	3922 3457 4405 3827
864	4558 2911 288 445
865	4777 4381 1807 2494
866	1177 4254 2988 798
867	802 4922 2167 3950
868	3082 2725 2876 765
869	4567 2546 2277 2172
870	4584 1991 2597 1025
871	4595 2606 2070 3868
872	2087 2218 712 1543
873	581 3227 2278 1869
874	4427 4896 1166 3258
875	4305 4344 2096 4485
876	2450 811 3537 1302
877	3900 643 4136 1829
878	4255 2600 559 640
879	3436 3154 1948 3062
880	3431 2161 4721 8
881	3503 3127 4250 1755
882	503 3427 4309 2626
883	1813 4693 4553 4812
884	2764 2667 1148 2455
885	663 4478 281 3937
886	4653 1516 2395 2693
887	485 2002 1623 2245
888	4839 2409 2213 3812
889	586 4242 2294 2402
890	2202 1941 812 1654
891	4634 1130 2114 1646
892	998 4961 3351 2043
893	4391 1164 4805 3133
894	579 877 4468 1913
895	697 2530 3678 2334
896	2171 3737 738 3146
897	731 294 2979 1596
898	4393 4122 3185 4246
899	130 4318 3463 597
900	384 3821 108 1423
901	2627 490 2434 114
902	2631 3513 1846 4929
903	3512 4768 859 1446
904	1869 4428 3802 3248
905	1327 308 3384 3854
906	3686 2048 1975 2312
907	4933 2650 1026 2589
908	803 3443 1508 4018
909	262 1512 1083 442
910	360 4759 3276 3149
911	2842 285 4317 1253
912	3903 1706 1304 4270
913	3413 691 808 4479
914	3193 3640 4931 291
915	4822 416 2932 773
916	2408 967 3956 2153
917	3651 734 1837 4474
918	1774 1171 2673 4555
919	4959 4276 2406 71
920	4184 687 4600 710
921	2877 136 1161 976
922	4895 3258 3935 4856
923	3757 4442 1781 428
924	4962 122 2237 4697
925	2014 4375 3885 899
926	1685 3622 4606 1940
927	1800 2365 2551 197
928	3960 3344 3694 2877
929	187 4866 3558 4339
930	2101 2942 2175 2290
931	4574 1672 2737 4348
932	400 1147 4961 2998
933	3629 2206 1891 1384
934	1405 2310 1297 52
935	2180 4606 3685 1980
936	3668 4997 4065 2926
937	1163 1709 3594 2691
938	4505 1792 4080 1041
939	3840 222 3433 1219
940	1117 4469 891 2620
941	4300 481 3303 3848
942	2292 1145 3610 4181
943	3417 4197 1751 2120
944	3778 821 613 2927
945	1280 1497 2817 4796
946	3344 998 507 1949
947	3370 1377 3192 4485
948	1474 665 3640 3384
949	622 1444 3115 1828
950	641 4039 3557 2658
951	858 3401 766 3728
952	94 4873 1241 2497
953	1003 305 1890 928
954	4150 2014 1680 3657
955	902 54 4065 4199
956	31 4182 2258 206
957	521 1920 3553 2480
958	1425 590 800 790
959	2832 4169 1957 597
960	1037 4138 2565 3476
961	4669 1023 4946 3608
962	4600 374 381 687
963	2432 1223 1185 4367
964	4999 3333 190 2242
965	3584 3484 1221 676
966	3383 3655 664 3716
967	3496 976 3465 3237
968	4395 95 249 4154
969	386 2751 2630 702
970	4967 2652 2907 1698
971	3714 4772 4943 3277
972	418 4061 115 2825
973	3672 1721 4173 1726
974	2951 1328 1143 687
975	1104 3359 3104 4129
976	1050 307 1471 553
977	3486 539 1341 3383
978	3668 4072 261 423
979	3411 1348 2469 4313
980	554 4969 2167 2709
981	1324 2057 1434 208
982	4550 798 1421 3277
983	4176 669 1701 4727
984	3175 2520 2025 2258
985	1001 2943 1154 1452
986	401 4257 2115 1771
987	414 1642 941 4769
988	23 1128 3030 4113
989	3436 4679 2466 2407
990	4712 1618 4390 14
991	3087 1521 4495 1696
992	4407 3791 537 293
993	4677 4930 4942 3532
994	4394 3624 1020 616
995	2821 1632 203 137
996	2131 4144 3418 3065
997	2734 1036 4062 4881
998	2562 855 677 4942
999	4556 457 3098 4887
1000	4483 2136 2322 4559
Students	1000
1	391 2478 2114 3165
2	4483 3060 269 1167
3	4971 3933 4844 2036
4	4702 1148 2462 2907
5	1706 198 3148 2676
6	791 3892 3823 3199
7	2969 1828 1633 4598
8	1507 4646 415 2061
9	681 570 2822 3346
10	1987 1980 627 4360
11	2101 2001 4430 2838
12	3935 4589 4399 3854
13	1296 4410 47 2109
14	3259 3649 1278 2029
15	1151 2047 756 2344
16	965 1942 4796 241
17	2085 4383 3624 4260
18	3856 2997 1631 3880
19	78 3616 2752 3434
20	4998 1969 3823 3306
21	3222 250 4762 1897
22	4969 2937 1110 3051
23	2787 1205 3153 3370
24	3612 4873 3082 3369
25	1693 1592 4992 1884
26	3416 551 2431 1563
27	352 4971 3761 4069
28	4632 4279 1044 4614
29	2107 2650 4000 4358
30	3963 432 80 4589
31	2839 320 1599 4480
32	2971 426 3430 3957
33	1890 153 3196 4076
34	4362 967 1179 4420
35	4134 3255 4160 3036
36	3951 1087 769 135
37	893 1266 2071 3129
38	3436 4747 3584 4218
39	400 1763 1440 1832
40	4049 4571 3574 1222
41	1683 31 636 4819
42	3801 540 2347 2922
43	4077 4727 3671 450
44	1298 357 1919 58
45	3033 1938 2492 4722
46	2048 533 1887 3886
47	1557 1123 4935 3586
48	3774 4164 2371 3313
49	382 2505 4339 1227
50	471 2769 2498 1103
51	3937 3508 4078 2888
52	896 559 1534 1152
53	3289 1984 3974 4093
54	674 4979 1055 3118
55	1485 1050 613 4671
56	3487 2379 1687 728
57	1144 4588 76 798
58	635 2254 2016 972
59	3728 3599 4524 1412
60	4803 2560 255 2974
61	4655 1857 3321 1717
62	3067 2231 1109 2775
63	3285 4571 152 1188
64	986 184 1104 3421
65	1890 1040 4648 1427
66	4147 2760 293 3754
67	2867 1618 595 472
68	661 3798 1892 4006
69	3882 640 2707 4656
70	2955 3218 3873 1884
71	1058 377 281 1937
72	4612 1345 2972 4102
73	1075 1471 3797 1672
74	3200 1932 1874 433
75	3802 2762 4663 188
76	2759 2246 4575 236
77	3125 2890 3856 4144
78	64 3388 3036 35
79	4715 2584 2191 4577
80	1895 3472 281 223
81	828 51 3273 3767
82	1250 174 1055 4124
83	3632 2490 4999 4510
84	3879 2659 982 3684
85	196 4334 1618 2167
86	2562 853 3917 2841
87	4028 2467 978 3911
88	249 2591 4873 2169
89	4949 315 541 1900
90	4605 1190 2447 1751
91	1211 1433 1162 2752
92	462 2606 153 3367
93	4938 3907 4435 4550
94	3429 2448 441 2969
95	4421 4660 2600 4802
96	2214 3760 3483 121
97	4278 2561 4632 3235
98	4205 1679 4984 2551
99	2249 1021 3148 2017
100	3556 788 3385 1206
101	4204 4640 4201 3046
102	3262 199 1820 4233
103	1996 342 849 2220
104	2750 215 4112 2127
105	1918 1356 1643 4196
106	68 2702 1898 886
107	4891 2334 1820 2990
108	3082 140 1707 371
109	2954 898 3024 3935
110	1991 695 1440 1257
111	294 4882 1851 913
112	1087 3553 235 860
113	825 626 3376 4496
114	912 194 4152 877
115	3290 679 3096 1612
116	2888 3218 2444 3573
117	3968 4461 4372 618
118	2034 4879 455 2201
119	1307 2467 3580 2210
120	4618 2451 332 1556
121	1266 3856 1625 1429
122	1458 2146 4819 354
123	1670 3388 3412 4138
124	4111 2372 2353 3794
125	3664 1959 1121 2722
126	369 746 3594 2058
127	3213 194 2894 454
128	2347 2417 266 3666
129	634 1880 608 1911
130	4903 4950 1930 1615
131	1369 3333 3958 3068
132	4332 2208 4848 4960
133	1538 1147 2995 4204
134	2037 1446 4663 4012
135	2357 4142 2589 1559
136	388 4077 978 3674
137	3126 773 39 4773
138	3075 1389 2272 1517
139	3381 677 1178 1460
140	47 1823 3805 54
141	713 3532 901 2962
142	2570 1307 4270 1364
143	1972 4912 972 1205
144	2016 2504 4023 1627
145	1791 2337 1349 814
146	1757 2807 3649 3362
147	3878 330 1041 3122
148	4919 4344 1450 4168
149	2100 849 661 4452
150	1839 2260 2238 2531
151	135 141 1456 149
152	4762 69 2438 3845
153	431 4688 4551 3104
154	3691 2923 3089 3121
155	226 2645 4580 1179
156	1345 1230 2825 5
157	4673 2882 3631 1801
158	1838 3175 2246 1600
159	4461 1490 4673 4179
160	2066 340 4434 4326
161	2879 436 3248 39
162	1759 815 3524 2462
163	4983 4825 2208 2526
164	2822 3881 4343 3312
165	4365 4133 1721 4932
166	885 4613 1156 1957
167	1035 3605 607 1184
168	1979 509 2432 2343
169	2124 4971 288 3653
170	4834 558 1411 1091
171	392 555 4292 655
172	4604 14 3921 763
173	4060 1839 4312 1188
174	1753 1483 565 480
175	88 2543 3247 2862
176	416 4855 4919 3728
177	1815 2336 1557 687
178	3814 27 2821 925
179	857 361 507 4360
180	176 2337 190 2777
181	2219 2838 4559 4964
182	1226 1108 3054 4795
183	901 1184 255 3554
184	1456 1745 3647 3356
185	2617 1210 426 3903
186	324 1358 483 4564
187	911 188 450 4822
188	1011 2001 3300 3778
189	2604 1781 2592 3838
190	3579 4207 646 1106
191	3458 4105 161 3705
192	2196 1666 3655 1311
193	935 3472 337 1160
194	603 566 4278 591
195	1171 698 3036 3579
196	2144 4340 4793 2405
197	2621 3190 3120 3711
198	489 1282 2969 83
199	4330 4429 4575 459
200	4658 3796 3628 248
201	2499 2882 3032 4739
202	2059 3830 2700 3183
203	4780 4800 2148 3862
204	1033 4393 4068 4149
205	2774 4869 4913 447
206	4863 1915 2635 3323
207	4300 152 2912 2872
208	2243 3607 4087 1449
209	3318 1344 4932 3427
210	1 2933 2769 3543
211	1837 891 1071 2825
212	2233 4719 3923 3948
213	4740 157 4693 516
214	1102 4481 312 2872
215	227 2433 2147 4272
216	3236 4008 912 2064
217	491 275 4154 4848
218	2052 2362 900 639
219	4320 4328 3186 2140
220	359 2986 2679 1204
221	543 1533 2915 3149
222	4283 3765 2017 1320
223	3644 3366 4081 4228
224	3863 2516 1692 1049
225	382 4569 680 554
226	2731 574 2230 3774
227	3992 4620 1436 4480
228	3863 1855 392 4761
229	358 3064 3937 1484
230	769 3991 1103 4954
231	3601 720 2635 2663
232	3401 1966 2416 1293
233	1660 1661 2162 1366
234	716 2913 905 4457
235	795 840 4065 3381
236	2096 3640 1635 312
237	1413 4207 3093 231
238	2747 4762 2468 2485
239	1244 2153 3650 3585
240	3832 2260 1989 434
241	704 3182 2880 474
242	1281 3695 3820 101
243	4239 2767 4123 3974
244	3185 2266 2379 2750
245	515 2451 3157 2324
246	4190 2409 1452 1838
247	3624 1393 4725 959
248	1556 644 2080 2873
249	1869 1720 3339 1782
250	1404 4950 319 2037
251	271 241 240 2106
252	204 4998 3437 963
253	2683 2315 2698 2094
254	743 4252 4963 2505
255	4260 3906 2556 4195
256	3650 3026 4807 473
257	113 176 3010 1017
258	62 4322 349 333
259	1139 3249 1169 4335
260	3146 1464 3007 2568
261	3399 3185 3836 2433
262	1038 3270 2290 975
263	2926 4519 308 772
264	1178 3821 748 4453
265	3493 1212 3722 2083
266	1188 4635 3572 2946
267	736 229 1607 1306
268	4197 2458 786 1084
269	1970 3506 1887 3466
270	1935 680 3135 1718
271	2183 4528 2501 3491
272	2051 1844 4791 971
273	3018 4307 1189 1178
274	1819 2615 1937 1679
275	2946 2095 1772 2003
276	3809 1038 1167 3057
277	3499 3817 4410 233
278	182 3927 350 1242
279	3150 775 4915 4857
280	943 4728 2308 2900
281	2371 2899 2191 1155
282	2902 4269 3208 2457
283	460 4494 3260 1380
284	78 3391 3030 2612
285	1979 1138 2134 1863
286	3012 2586 4877 2718
287	3010 4193 2015 1085
288	3752 4378 3170 297
289	4991 4138 4894 3647
290	293 4433 2943 2421
291	1598 774 3667 3877
292	3917 2006 3593 954
293	1993 2197 4299 4762
294	158 4670 400 3665
295	1756 335 4400 3239
296	4112 966 1082 2059
297	1018 3721 4814 1434
298	3423 2973 2438 1338
299	2609 3179 2482 307
300	2536 3611 3868 3313
301	1527 3016 876 2300
302	4791 856 201 4207
303	673 4363 3764 3004
304	4462 2952 766 1272
305	1603 3339 3929 3579
306	4135 148 125 4826
307	2960 4774 748 628
308	3715 4410 3184 826
309	3400 2332 4186 3504
310	896 4109 3723 3395
311	66 3017 2879 575
312	4156 654 461 1758
313	3081 3214 433 802
314	3211 3633 3925 1894
315	1115 4579 1994 87
316	3387 95 299 4858
317	2806 1376 2419 3254
318	4560 2227 343 1096
319	3713 1058 3105 2190
320	2134 835 2262 3301
321	3505 2234 1637 3622
322	2060 4705 2064 4307
323	3305 3436 1938 1250
324	4014 3153 3588 1274
325	3470 2494 2541 1481
326	1694 793 2849 2942
327	2572 4673 1908 4777
328	1637 4842 2793 3074
329	4046 3187 2509 740
330	2093 1085 4836 255
331	2781 3096 4454 4410
332	1266 4951 2821 2140
333	4913 4118 94 3876
334	4678 4034 3123 858
335	211 4370 2905 240
336	4473 2771 1707 755
337	2758 596 2367 188
338	4265 3940 4834 4846
339	2061 1027 1314 3868
340	1507 105 16 2377
341	3336 4585 3402 1590
342	436 1094 2537 1645
343	2487 4827 924 1874
344	2339 1166 522 4834
345	3199 3644 2209 724
346	1299 1553 3129 4917
347	656 3444 3199 2598
348	2571 642 1881 3847
349	3613 2297 4656 2452
350	2427 214 4547 1133
351	3960 4230 4591 399
352	2687 1764 4285 2609
353	424 1701 191 982
354	86 2140 3916 653
355	796 4070 4476 2792
356	343 2438 1328 4387
357	4902 4744 405 1185
358	4073 3326 2005 1405
359	3543 571 3926 2137
360	1647 3757 3574 1379
361	1832 4954 2749 3878
362	1752 3341 102 1532
363	3638 1104 4248 4778
364	3651 1451 578 4283
365	2363 3853 3939 1118
366	1106 3553 1666 3578
367	1895 2427 466 1804
368	1496 2109 4326 3322
369	390 2621 3867 3771
370	1912 858 2371 4081
371	3460 4927 1171 1824
372	4937 2227 3348 2679
373	2494 209 2060 4919
374	342 3123 3413 3660
375	3047 1705 2408 2442
376	179 4394 2998 1571
377	2701 1278 4985 3871
378	3596 3767 4184 3948
379	2349 4024 4543 3316
380	4254 1203 3612 1440
381	4581 3599 3760 1817
382	2383 4191 1681 3968
383	2770 869 2265 4976
384	383 3675 4566 4974
385	4457 773 3059 1412
386	345 3977 257 4795
387	2872 1625 4163 3814
388	4041 2289 3449 3942
389	754 2426 3279 3832
390	741 69 1593 2613
391	1179 2128 4549 4893
392	661 4917 848 4052
393	735 240 4255 3067
394	1991 2356 980 1500
395	1240 579 1453 494
396	2216 2235 2479 1317
397	2167 4454 72 3514
398	4892 4371 2300 3552
399	2081 1105 967 3564
400	1103 2435 1664 646
401	3672 1716 798 3126
402	609 4020 301 184
403	3458 3937 4359 1463
404	1060 3285 1370 3629
405	3784 1411 3157 680
406	4752 566 32 4710
407	1548 2479 643 1683
408	1063 879 1326 3752
409	4993 3849 3464 1924
410	4143 274 4565 2548
411	1962 3771 3515 2449
412	4406 616 1932 3496
413	277 4933 2368 658
414	4082 4440 3347 1657
415	3247 90 2852 2340
416	1433 2250 2961 4056
417	908 3203 2204 2021
418	213 4720 4812 2029
419	246 706 2178 4381
420	623 2059 1295 4653
421	544 1360 3996 1531
422	315 1969 3102 4367
423	2990 4032 4784 1221
424	3973 1456 3167 4650
425	1872 671 2432 4644
426	2594 1020 28 4270
427	2978 1683 2434 4342
428	3913 2613 2669 2957
429	3335 2877 3331 2892
430	3316 102 4614 4532
431	35 2201 1814 1439
432	182 2901 4497 445
433	4701 473 4443 3868
434	2866 4826 3856 4412
435	4100 3433 172 2394
436	1394 1233 180 2332
437	1495 2506 1589 3596
438	554 2955 4543 948
439	2620 3833 2804 492
440	2232 606 3279 3779
441	4566 4258 3481 1072
442	4754 2363 2265 3697
443	425 4186 1329 1798
444	3495 2416 295 3155
445	2313 442 4742 1018
446	1218 914 4970 462
447	236 2503 2917 1853
448	3442 4371 268 3706
449	4331 2803 2951 2125
450	3629 3173 4672 2888
451	3210 1097 1902 96
452	145 57 2324 586
453	1496 4236 1742 4318
454	1745 151 2192 1993
455	138 1097 1454 3681
456	811 4471 1627 1488
457	3773 2812 3277 4846
458	3693 4529 1025 8
459	231 892 4232 3584
460	268 1105 510 337
461	3246 332 4631 4206
462	276 44 2716 1111
463	595 1267 2207 2175
464	2094 2379 2743 4770
465	1154 1304 3898 4209
466	336 4991 2341 4896
467	832 1241 2057 2657
468	2072 1496 196 4383
469	3952 4445 3058 1711
470	2544 1014 3967 2692
471	3376 4844 3838 2039
472	4940 38 2374 2951
473	4656 113 919 2797
474	171 4643 2202 3070
475	1478 354 1833 538
476	1647 1870 572 4116
477	2002 3288 679 3457
478	1684 266 2195 4130
479	2982 4737 2769 1592
480	565 158 4626 1243
481	1187 2970 2899 4025
482	1247 4470 1706 1425
483	4280 2297 2826 2879
484	2359 581 1511 3437
485	1202 149 961 941
486	4463 2949 98 1619
487	102 2794 1101 4999
488	4491 48 1266 924
489	43 2694 2284 597
490	929 2415 379 3224
491	1019 528 3476 749
492	2543 1481 1985 4292
493	307 1817 4873 1314
494	1446 1214 1644 2007
495	1823 2144 2042 4129
496	1829 1491 1866 3284
497	3940 975 4987 736
498	3964 3575 540 4929
499	159 2165 1522 4498
500	4001 2556 2150 1172
501	4346 2978 2169 3585
502	3692 1607 2704 1069
503	1506 362 2549 4607
504	4146 4274 4754 4897
505	3257 612 4657 3220
506	2078 2623 2328 4338
507	469 410 994 3800
508	3007 4459 3921 3011
509	183 4411 2828 2724
510	2881 2303 2171 2778
511	3975 370 4139 3664
512	4992 2925 741 2499
513	1219 822 3792 592
514	2105 3964 3493 860
515	3047 4454 1746 1867
516	948 2761 814 269
517	4126 263 4636 3547
518	2934 40 3463 4323
519	2775 3899 3845 2579
520	1297 2476 638 2012
521	352 3351 281 601
522	580 3530 1046 2666
523	3290 283 4409 1890
524	4785 1104 3639 1611
525	643 3851 2762 4433
526	372 3769 3345 2664
527	1490 821 3050 1159
528	4638 4284 1539 4861
529	132 4162 4200 4148
530	4013 120 1246 2297
531	2520 2046 152 3018
532	211 530 3052 2523
533	30 382 1998 4757
534	194 3449 4474 747
535	1267 4580 2084 979
536	3438 3200 3133 3980
537	4297 248 1061 4965
538	2016 1514 2390 1346
539	367 2891 4427 4858
540	645 4884 2234 4021
541	925 3518 4062 1094
542	4906 608 3145 632
543	2487 239 2356 465
544	1552 2211 1306 1513
545	3714 577 2049 1222
546	4964 2084 29 2896
547	869 213 3598 3278
548	3524 309 4519 4985
549	1661 1331 3914 4872
550	3951 3624 106 869
551	3414 2553 619 2039
552	384 2406 2913 1393
553	4351 2686 4528 4828
554	3326 1358 1506 4447
555	1789 2172 4958 4508
556	1372 1313 3462 592
557	2972 4155 2563 3930
558	1061 204 1938 599
559	3316 1558 2861 3802
560	2035 773 4263 4269
561	2839 2413 288 892
562	1151 1041 2305 3835
563	4662 2980 2626 45
564	156 920 2844 4373
565	4546 1827 3886 518
566	2012 4573 498 2909
567	2556 3178 327 3281
568	992 3331 779 2306
569	2138 4279 4054 4868
570	1222 3001 1719 629
571	3062 4456 1816 4853
572	2430 2409 4124 1382
573	2923 2830 2951 3214
574	284 1871 2938 4916
575	2154 2359 170 713
576	1847 1095 357 1348
577	4799 12 4747 4878
578	4357 700 331 531
579	1587 1356 3992 1366
580	2759 129 3829 4968
581	3244 2825 3340 268
582	3145 2254 4781 2086
583	331 1212 3228 4395
584	559 1370 2917 2940
585	1320 2712 1997 1705
586	386 1589 1818 253
587	3070 2963 401 1799
588	2932 1895 3385 4678
589	2346 82 978 1872
590	633 2207 3566 4304
591	3513 4682 1436 570
592	1740 1877 3641 3715
593	1104 4172 412 3962
594	3271 2962 1566 385
595	1520 3456 1476 1247
596	4461 473 3894 2756
597	707 302 1968 3861
598	4953 557 563 1165
599	4317 1241 2356 374
600	4487 216 2408 4645
601	3516 2829 4102 944
602	2904 3761 4602 3752
603	3271 3544 4633 4096
604	859 1643 3346 1767
605	731 3334 1923 327
606	2784 1701 3047 4023
607	4009 1085 3350 1329
608	4242 1155 1912 2656
609	1530 4869 3951 643
610	1049 4844 343 1763
611	3866 871 2932 1226
612	2213 1339 3775 827
613	3892 4287 4312 2677
614	2997 3535 4649 2260
615	1926 4369 2871 887
616	3187 4251 1984 2104
617	481 976 151 455
618	3955 201 1663 1241
619	3156 1686 2128 523
620	4530 4382 862 2953
621	4216 1538 301 2599
622	2280 2590 1262 1305
623	4383 1949 1387 4531
624	1685 4312 2592 3615
625	4413 1219 2485 3048
626	4127 1643 777 4244
627	1127 1293 3595 3186
628	1381 2283 3469 1020
629	619 4134 2603 1464
630	1176 3883 24 4887
631	541 1150 4433 914
632	3236 2178 3042 2791
633	2524 593 864 4915
634	3751 4426 4433 3380
635	1949 755 631 3336
636	320 2641 620 4833
637	581 1083 829 3654
638	3031 2964 3857 4026
639	2760 4046 295 1563
640	492 3344 4864 1276
641	3204 2695 3618 97
642	2289 1357 935 101
643	3741 2385 641 3427
644	1593 2610 3428 1816
645	2682 53 846 1308
646	3351 2677 4081 265
647	3912 772 4817 2623
648	4785 1912 896 2685
649	3182 4052 1045 1589
650	723 2833 1468 3492
651	1567 1491 698 2957
652	1631 3957 4454 3810
653	476 2947 635 3003
654	2068 2125 3588 636
655	4174 342 842 1160
656	1707 2371 3053 898
657	4260 1591 1706 2912
658	4974 354 3249 2047
659	1152 1903 3988 2980
660	3831 2197 2012 2486
661	212 889 158 3856
662	1220 345 3091 1869
663	4794 1494 4781 3504
664	215 1717 1291 3219
665	147 750 3983 2370
666	962 990 1991 927
667	818 2760 4624 3917
668	4114 2317 1917 872
669	4911 1098 2722 4551
670	539 2189 2929 1334
671	1326 1057 2808 3157
672	2776 4399 1263 894
673	895 1742 383 2476
674	3845 292 1182 2219
675	4147 4071 3352 4173
676	3778 3570 4176 3488
677	2283 3152 354 1793
678	3447 3907 2942 2228
679	3841 2329 4187 741
680	4046 2596 3162 4495
681	2430 1450 2101 2061
682	3905 1184 684 672
683	860 3547 1623 2049
684	2133 863 2108 2606
685	3992 2154 677 2692
686	966 947 2919 493
687	1608 980 4227 3500
688	582 4333 4260 1668
689	3678 3485 1337 3549
690	1599 1285 2144 2423
691	3429 2198 1555 3455
692	1415 224 1425 3108
693	3774 1289 2787 563
694	1035 453 1105 981
695	4749 976 4366 1852
696	4093 1923 2637 4739
697	3793 3869 3859 2917
698	4274 1212 3724 4219
699	1901 1205 4263 2930
700	1492 844 1736 3471
701	1900 1277 4638 4663
702	741 971 3273 343
703	366 3020 1883 496
704	724 3242 4602 694
705	1980 4878 4333 4825
706	2033 1324 1652 616
707	4451 2556 4079 456
708	1858 1208 3005 358
709	3482 4219 4429 1344
710	3954 1872 4870 4177
711	643 3011 1738 1561
712	3874 3337 3302 1010
713	2417 4521 1896 426
714	269 4428 1076 1679
715	1156 953 1143 1574
716	3399 1809 4445 4321
717	3135 4335 3499 4140
718	1879 4967 3725 891
719	416 3025 3048 2318
720	3053 3867 1029 3856
721	1772 4165 3489 345
722	1355 1945 3751 3653
723	3491 4495 4874 3308
724	2461 1939 3352 4122
725	3479 3107 3215 271
726	4015 840 820 4827
727	1721 2316 2679 4930
728	1267 2876 2708 1156
729	1824 1809 2437 345
730	2998 1031 30 145
731	2050 1620 824 3374
732	4688 3065 1385 2168
733	4995 1300 3378 1085
734	2020 2384 1637 1101
735	2812 834 3481 764
736	3450 2390 3092 3020
737	4673 3492 4796 2157
738	749 150 2676 1270
739	4984 1824 3408 212
740	1157 1286 786 3552
741	4723 395 4623 3910
742	3998 3044 558 4704
743	4148 2765 4641 1742
744	3417 1364 128 2026
745	3055 362 938 1991
746	2174 614 4994 3307
747	4672 2645 2012 1294
748	4288 1372 3034 1213
749	1313 903 2326 2848
750	1678 2270 848 1321
751	3863 2589 1669 1257
752	1862 1441 2038 4879
753	3249 3872 4899 4228
754	188 1573 770 1326
755	100 423 2981 2255
756	1051 4889 2457 4710
757	3919 80 4516 981
758	3026 670 2687 2400
759	194 1159 3517 2126
760	2892 3055 568 3924
761	3086 1632 3985 2773
762	3047 960 3534 2317
763	2480 2322 4986 4311
764	944 4897 2267 106
765	2444 1537 1289 1514
766	2743 2379 1782 1957
767	3398 4297 4317 4104
768	1583 4363 2946 1027
769	2556 1401 1117 2605
770	3499 4901 2642 1294
771	1573 2124 272 2479
772	1269 4740 547 3467
773	1630 4240 3227 332
774	3194 2129 1035 2619
775	4627 1412 2262 3441
776	93 510 23 1318
777	4507 727 2447 3980
778	4597 3077 3663 2900
779	253 2298 4280 2108
780	2185 3411 3679 475
781	1499 3411 1321 2499
782	3232 4527 2791 3404
783	4285 1637 3098 1997
784	4785 724 3108 4296
785	2947 4725 2716 1827
786	4673 2543 592 994
787	4779 4829 1151 1196
788	4049 2 4708 4649
789	1637 815 897 164
790	2442 3042 4134 1739
791	2354 4983 761 3402
792	1909 744 1990 4800
793	1442 4507 873 2813
794	3969 2502 2378 3724
795	3298 3322 2612 1018
796	4545 4739 4155 1690
797	1830 1952 2046 4405
798	3289 1197 2767 2219
799	3194 1018 2637 3771
800	4300 3082 1662 1340
801	4110 3753 3440 2584
802	431 2546 1267 1591
803	68 3879 2732 2555
804	3089 4090 764 2428
805	1547 2633 4059 3500
806	3681 3470 947 4604
807	2314 2561 1946 4464
808	1626 2612 223 4293
809	1719 925 3141 680
810	2164 1839 457 1007
811	2902 2237 1068 1214
812	33 2465 4694 1889
813	766 2460 1366 112
814	2438 3399 4990 3551
815	2617 1894 4764 4407
816	1656 4996 482 1464
817	373 4628 278 630
818	4040 1770 3581 828
819	1340 4683 1680 2362
820	3139 2991 655 1973
821	4656 2691 3478 4915
822	172 1397 2845 2585
823	2618 2002 4165 4450
824	81 441 2744 3506
825	301 4616 4360 2722
826	976 4554 3493 4389
827	3037 233 531 151
828	3851 4876 3478 245
829	4598 1010 1430 4132
830	3081 4773 2230 4813
831	4134 319 4000 1289
832	1354 286 1302 1710
833	2246 938 3492 1943
834	368 299 2880 4517
835	877 1585 3764 2148
836	845 4844 3635 2341
837	3059 681 3236 3507
838	2148 2458 1837 2873
839	1944 2509 4798 3430
840	3075 3924 2101 649
841	3949 3736 4014 3606
842	1182 20 4187 4040
843	3313 2340 4358 2262
844	3365 165 193 486
845	4815 1606 840 1202
846	253 1945 3103 616
847	2927 3756 4303 1706
848	1405 3552 4109 3191
849	4226 1182 2893 4138
850	2209 2117 1356 4277
851	421 2989 4665 4481
852	1848 760 3716 626
853	2011 769 1072 2117
854	4694 925 45 4037
855	2171 74 129 1850
856	23 4256 1875 381
857	2152 3058 369 4558
858	1979 4810 886 4026
859	3184 3176 2319 4896
860	3326 2885 1601 670
861	588 4584 3114 1138
862	2619 1139 4668 3937
863	3551 2141 2060 1609
864	108 1930 1772 3671
865	3836 2489 361 4124
866	2837 2024 4709 1527
867	3499 2726 2032 4538
868	4124 1903 3365 2351
869	535 625 4964 2809
870	1868 1934 431 2824
871	2281 4153 1461 4918
872	3866 1521 4443 2029
873	4297 3309 1117 1652
874	1673 241 2376 1927
875	2401 3944 768 512
876	2336 1640 3363 4199
877	2508 1266 1402 4932
878	4726 1027 1285 3554
879	1945 189 333 616
880	4085 3111 927 1399
881	1933 582 3624 2020
882	4823 3802 69 2722
883	4011 2684 3787 2924
884	2584 2811 3453 3119
885	3283 1699 970 3589
886	2084 4970 3778 2209
887	3491 608 2485 3224
888	2229 3329 4983 4037
889	3094 1761 275 341
890	4617 1169 3920 4695
891	2715 682 4080 123
892	571 3044 3105 2096
893	2567 4861 4442 2097
894	508 1837 4717 2716
895	3705 955 4347 3263
896	2564 4597 4108 194
897	4246 993 1280 1314
898	99 4640 154 840
899	1050 1672 2678 4733
900	4911 973 4446 1501
901	3648 748 2313 1380
902	4729 3597 1913 699
903	651 890 2900 4630
904	4824 4704 1735 4679
905	4243 4073 1339 1250
906	4400 1031 4546 773
907	832 3755 2333 2988
908	3750 1918 4748 1520
909	399 2623 3776 4272
910	3030 713 477 4076
911	3594 641 3240 1517
912	2907 4219 3137 774
913	4181 1531 4069 274
914	1272 800 3690 3130
915	4988 550 2090 4871
916	3664 2651 3858 3188
917	3125 2621 4718 1246
918	3049 1438 2190 2885
919	4883 2470 3277 2392
920	2110 4225 2509 4017
921	2366 2381 1680 2205
922	3285 3143 592 3458
923	2621 3606 230 2550
924	3354 2738 4070 541
925	760 4249 2209 65
926	494 3319 437 861
927	1315 4661 3050 3521
928	2396 1898 3752 3344
929	1865 996 2405 4608
930	4184 4534 2073 91
931	4799 3593 3096 4620
932	4615 4963 4939 1382
933	1915 4279 3000 1865
934	3266 4409 3211 1240
935	2472 528 1183 4545
936	200 1407 2442 2105
937	3171 4641 3192 1524
938	2901 3236 493 514
939	3559 2751 2291 3637
940	3096 2339 533 4157
941	2267 1535 3525 1156
942	3489 1692 1677 4306
943	3523 4944 960 3608
944	1266 2656 1492 1426
945	4446 4144 140 1377
946	1731 2256 2286 717
947	1643 1119 2765 4460
948	1347 4197 1630 3446
949	796 78 3901 2255
950	4959 4200 1810 4176
951	9 886 3542 4531
952	2020 347 3009 3451
953	1880 216 4196 2553
954	1173 3261 820 38
955	445 4026 4274 893
956	1642 3861 353 1568
957	2380 4279 3444 4642
958	3491 3355 1590 2324
959	2093 3501 794 3548
960	1982 884 3835 1940
961	2638 2907 4599 4157
962	3921 3958 1064 3987
963	3693 3358 3718 3129
964	1100 398 4752 3795
965	4223 3297 174 4742
966	2688 3004 1276 342
967	784 4192 261 3077
968	4710 4604 2285 2725
969	2902 1719 2586 4449
970	522 1422 3574 2572
971	4347 87 861 3483
972	1578 1956 821 4691
973	3642 2437 1838 1636
974	2614 1670 4232 4438
975	3637 2225 4756 58
976	4777 846 3575 1542
977	3522 3853 2846 4447
978	4191 3884 305 1599
979	2216 576 4930 2947
980	1863 3183 4459 3045
981	4695 3916 924 4191
982	3874 4502 832 4177
983	2423 1353 4091 1329
984	3289 3342 1444 1713
985	753 3105 229 4218
986	2291 3477 4721 4470
987	4810 4153 4588 1024
988	4633 4229 875 2937
989	1160 4519 1190 2121
990	4613 2443 2924 2954
991	271 3961 1425 3557
992	4432 3450 3461 4203
993	4594 1906 4213 4333
994	1967 2442 3741 1965
995	3898 4447 3791 1381
996	720 3823 3928 3405
997	3361 2644 3191 3473
998	2918 1091 1363 2712
999	785 226 1751 227
1000	558 3714 2530 2230
Students	1000
1	573 4375 2604 1260
2	4744 4354 2372 431
3	3866 1762 3845 4206
4	2359 1676 1802 141
5	1818 697 3703 1531
6	620 1981 4303 3019
7	3058 2602 721 1895
8	2113 1699 2797 60
9	197 3295 1198 3108
10	1939 2192 2032 3621
11	2620 3443 4257 3708
12	3038 225 3356 2088
13	2967 3324 1700 1443
14	2767 3305 1461 4302
15	4099 3832 2523 2762
16	1793 2810 4471 2888
17	4063 355 3789 565
18	2139 1034 3829 2976
19	3710 4105 4062 133
20	908 2262 589 2064
21	90 1704 2757 396
22	4810 2695 137 3179
23	3730 3353 3571 4393
24	3139 4632 2810 1850
25	4189 2721 2624 4117
26	3229 1574 3607 2804
27	1061 2747 2061 682
28	2763 3066 4979 4803
29	1698 927 2648 1127
30	2505 914 2680 1432
31	2533 287 4323 3017
32	1191 2116 791 2245
33	2783 3181 1766 2423
34	1315 3259 3331 2141
35	2725 4238 2779 4761
36	503 1358 1316 2466
37	3473 1280 695 1468
38	3031 2122 719 4913
39	1380 3804 3065 3462
40	4770 3409 3588 3931
41	2768 2645 2630 4857
42	2523 4191 1436 25
43	3684 1808 2903 2491
44	282 2701 2151 14
45	4745 4012 4764 3351
46	396 1563 3880 1055
47	2995 435 2123 3176
48	2040 2599 1703 2990
49	840 2285 4070 94
50	2639 4715 526 3368
51	1792 2296 2895 2375
52	119 4718 239 1307
53	3738 2963 2068 4086
54	4927 3187 2105 231
55	2912 378 510 1667
56	787 532 3334 381
57	532 2795 4519 3219
58	2070 2207 4957 4921
59	4371 1643 1292 627
60	3461 1627 1460 3424
61	4092 4582 3269 2443
62	4337 4720 4100 3458
63	2321 313 485 2846
64	900 1192 3485 56
65	2808 3283 3680 3888
66	3650 4549 760 3845
67	2942 3149 4167 4662
68	1210 594 740 1707
69	143 3825 2379 2000
70	3884 2668 4387 3946
71	318 218 557 2783
72	1561 1146 2315 4057
73	1667 2296 1262 3006
74	766 4791 445 1370
75	3608 979 2275 3241
76	4699 2396 3455 3029
77	3488 3420 4965 4287
78	3101 4771 1465 2
79	3043 1687 2395 374
80	638 4557 224 2075
81	2279 3468 274 453
82	3324 4513 160 4057
83	576 1423 3373 779
84	2131 3907 4819 4777
85	3304 4029 2152 4215
86	1612 2390 4597 1776
87	2210 264 4178 3417
88	3791 1266 2174 2993
89	4129 3296 2369 1341
90	4043 3371 1716 2160
91	326 4409 2216 3320
92	973 4898 4767 2073
93	2946 2770 2927 286
94	1538 342 1700 4356
95	543 4261 2865 2596
96	780 433 3752 891
97	1683 3553 2733 3303
98	2584 2340 1973 579
99	3928 2776 725 3658
100	3806 1654 827 697
101	316 2634 2246 2091
102	3968 1672 849 4709
103	1594 2599 2888 883
104	1482 2255 1473 3035
105	81 824 2030 2323
106	8 3143 2090 4917
107	4994 1789 837 3134
108	133 4907 1470 3252
109	4490 269 2442 2590
110	2029 4868 2904 4977
111	1460 4140 3780 840
112	4116 239 4816 2328
113	3339 669 2897 4599
114	1066 1380 4143 128
115	784 1421 2527 2577
116	1646 4581 2463 1042
117	1128 4650 427 2683
118	3028 1021 2734 4610
119	4900 1031 4218 2335
120	3175 1553 2501 1738
121	2577 3919 3486 1938
122	1826 834 2596 4271
123	3955 3883 4504 4920
124	3445 3866 3695 4171
125	4148 4126 3206 559
126	2181 3417 1572 3854
127	3337 3544 4999 3174
128	4561 2929 507 3205
129	1768 2600 567 3188
130	127 1484 3147 4856
131	2446 3904 89 1967
132	3719 93 4008 2369
133	1165 4345 4182 3337
134	419 2082 2967 1084
135	2262 3929 3439 135
136	433 4651 4322 3506
137	3498 2987 4664 4210
138	1364 3703 1429 287
139	20 4270 761 2823
140	4384 4934 1497 4042
141	207 4556 2766 3486
142	3781 759 4863 1487
143	529 1765 1699 2913
144	1257 91 2938 4608
145	2255 3282 4763 3877
146	2111 1141 4077 3905
147	4944 4121 4887 1482
148	171 1419 1816 1038
149	196 4798 4788 2535
150	1888 3832 281 4586
151	4045 3315 1536 3482
152	2568 3324 2078 982
153	2732 3428 54 3615
154	4073 4810 4660 3129
155	4311 2489 4118 1082
156	3680 267 1963 1643
157	2701 1457 1208 4566
158	2994 689 4121 3124
159	1355 2386 2980 3362
160	3932 2302 4168 1399
161	653 4546 1231 2972
162	864 854 1973 1197
163	1511 4602 4973 2308
164	3889 3031 2054 4296
165	2459 3709 2628 1992
166	3129 27 3574 780
167	3623 195 4433 1291
168	2625 101 2542 2690
169	3614 502 3841 3733
170	129 4515 3195 3993
171	4346 3437 3085 3470
172	613 4566 2586 4523
173	4165 3341 2104 1117
174	1813 1598 4647 1248
175	1502 1736 1706 3822
176	4507 1729 2384 2987
177	4447 4108 1190 55
178	3489 2782 4408 4488
179	1289 4026 2637 4728
180	2427 2306 4691 2603
181	3034 450 3761 4994
182	1860 2896 2304 1151
183	1407 1150 3465 1314
184	4613 4002 916 1929
185	4606 444 4284 2156
186	1820 3243 981 2268
187	3385 3021 3461 3984
188	550 4863 871 4449
189	1630 2518 4704 1047
190	761 3291 1717 4310
191	3675 3606 613 1842
192	4948 985 4319 346
193	62 4814 1343 1020
194	3367 1619 317 662
195	4301 1004 3321 1935
196	1171 2439 3733 3214
197	464 4374 2736 1000
198	1148 3092 3133 4862
199	125 1172 2100 518
200	1987 2505 3889 1913
201	2234 2833 4345 1651
202	2185 492 4463 3970
203	1018 60 2868 3780
204	3749 1560 201 4119
205	4868 1523 2374 575
206	2841 65 2855 1716
207	3506 209 4648 1716
208	1380 3225 3939 4278
209	1423 135 134 2353
210	4415 1728 84 2282
211	2667 4097 773 95
212	2758 1615 3721 6
213	626 4368 1663 1485
214	3980 884 2827 1869
215	1349 2750 3915 1712
216	2376 4784 3933 2161
217	276 4216 3571 2557
218	4896 87 3296 1407
219	8 4427 1536 4363
220	395 724 1955 110
221	890 798 2295 3203
222	3734 25 1351 61
223	1703 4395 4574 4235
224	4436 3506 2361 4930
225	4764 906 244 1666
226	1600 528 1872 385
227	3063 3093 3466 4663
228	2744 3415 2462 4558
229	1854 4662 526 2030
230	4094 3604 2396 2279
231	3274 1207 1822 1423
232	3570 1177 4856 1141
233	187 2967 1220 1451
234	404 1698 2299 4107
235	4379 1455 4344 2026
236	1897 2621 3868 2085
237	4698 2623 1398 4932
238	3252 655 1035 615
239	2454 3108 1817 2692
240	868 1383 4036 2563
241	4687 3322 2355 4475
242	2700 3124 4208 3530
243	447 1531 2255 2944
244	1528 3489 22 3480
245	1311 1882 3755 674
246	3051 4347 2491 1961
247	4746 1287 3536 4019
248	747 3921 3605 161
249	2793 412 648 1052
250	3322 3587 4664 987
251	3760 2585 4101 3540
252	3432 1511 4647 3247
253	1273 1296 3565 733
254	3035 644 2293 3060
255	3081 2102 4563 127
256	1400 4767 4172 4567
257	1474 3181 151 2241
258	1320 3193 4816 3098
259	3016 477 4288 2905
260	2514 2467 3966 1993
261	2611 3357 3040 2502
262	3560 1911 52 4403
263	538 4994 3301 2088
264	4956 4125 3320 3511
265	1221 3195 4929 1377
266	1061 1628 1417 3778
267	3971 2262 1085 3088
268	2739 1685 4834 2039
269	3829 4565 3061 2270
270	505 2953 4343 472
271	4944 1901 109 2832
272	4839 24 2412 3729
273	4643 1378 1571 1641
274	1154 117 699 4839
275	3427 3544 3167 3245
276	1536 123 844 3754
277	4693 1672 1400 495
278	4053 2000 1203 3829
279	2884 675 4866 3065
280	2849 5000 2630 4851
281	85 1895 3745 2151
282	3722 4559 2120 1697
283	3871 1088 3827 457
284	163 4756 3925 106
285	3308 1307 4238 1863
286	4063 4136 3748 559
287	593 10 3460 101
288	3429 3328 2761 2747
289	2763 645 1317 109
290	1493 2367 4470 1669
291	1259 3174 364 4699
292	2524 794 3934 1943
293	1940 478 3499 2622
294	4514 4664 394 4553
295	4252 3362 705 2102
296	2661 1335 1209 4860
297	920 897 1508 1462
298	231 492 1837 2372
299	3442 221 1150 476
300	4947 3200 3727 1491
301	4127 459 2467 2714
302	4541 4915 4195 3145
303	2172 4381 2179 229
304	4454 3266 4761 4999
305	4506 3547 4609 2615
306	3994 2138 1942 2718
307	1735 3153 2873 2612
308	4421 42 2228 1582
309	551 1546 2217 184
310	3548 3000 800 1593
311	1375 1351 2494 1202
312	1444 226 1577 119
313	3866 4507 1745 668
314	728 4673 4335 4010
315	3134 2024 452 3705
316	2779 144 2977 3094
317	1176 1200 1337 375
318	2902 2000 2510 3907
319	1072 3121 2485 2768
320	3102 4686 923 1558
321	963 1723 2188 4696
322	689 1229 953 3630
323	679 2394 2131 742
324	4356 2570 674 3124
325	1166 3069 1462 2411
326	1712 3098 965 2530
327	528 4050 2832 4588
328	3546 3051 2150 3259
329	604 4321 2724 557
330	203 3491 1544 3827
331	4455 1963 2246 3371
332	4584 408 3205 1375
333	3062 4381 1094 464
334	4189 1156 929 4358
335	3833 454 1600 2023
336	1564 3804 397 4460
337	4201 1383 1570 1742
338	3250 3182 1452 3106
339	741 4955 4171 1332
340	2062 1386 1663 2274
341	2736 4224 241 2306
342	1087 231 2699 618
343	4057 1056 3215 335
344	341 3702 1545 4351
345	3540 2847 4338 3752
346	3387 4735 4266 2712
347	1808 1758 940 3557
348	1568 2793 849 307
349	1610 202 3336 2642
350	2727 1531 621 3084
351	4302 3936 1351 1803
352	4395 4555 3901 1218
353	2073 45 4555 4522
354	3499 1662 1834 708
355	3855 1317 1039 1419
356	542 3220 2771 1075
357	2646 972 2977 3738
358	1103 1312 221 4147
359	3157 2496 3261 3239
360	1217 3057 4128 3545
361	1237 3365 1231 3367
362	885 4105 4136 1158
363	590 3782 1881 3645
364	1512 3623 619 581
365	2608 2151 1952 825
366	3570 1222 1455 3229
367	2031 2913 3015 1426
368	120 1194 4902 595
369	4278 4536 977 973
370	172 91 1522 902
371	4960 908 3452 397
372	2991 189 744 230
373	3087 3118 1076 4790
374	615 3581 558 2048
375	1901 614 1182 3952
376	799 4711 1820 4965
377	106 1054 2179 2918
378	1566 2967 1821 1431
379	1523 1712 4634 3998
380	1318 1534 110 61
381	2804 2177 318 4658
382	206 4101 3025 1229
383	1933 3236 3421 2967
384	4088 2150 2036 4611
385	4667 228 3714 4229
386	1932 2534 4798 3359
387	1964 877 4708 3834
388	966 2708 1742 2689
389	3676 2614 743 2351
390	1230 4555 187 760
391	2517 2608 511 4347
392	2437 1954 2144 1848
393	2333 355 724 2477
394	1204 2367 1488 993
395	1254 2424 2523 2903
396	800 3516 666 486
397	3154 2123 4738 2236
398	3504 2879 1915 1800
399	184 3222 2296 4761
400	2582 131 2790 1818
401	4810 1534 4938 1902
402	1633 831 886 4500
403	1959 1118 852 3533
404	3799 3661 2826 3470
405	331 3115 2052 2960
406	1879 3224 2931 2335
407	1919 4717 3069 4155
408	2934 996 2531 2937
409	69 3591 2045 1080
410	2360 3286 1505 2173
411	4188 4147 3415 4757
412	2728 2198 4498 426
413	3319 1407 4133 4069
414	1914 3438 226 4173
415	1377 864 865 1149
416	3170 3470 3426 1812
417	3797 3652 3621 1617
418	1829 2983 291 295
419	3689 543 2083 3846
420	4273 3811 4694 744
421	392 786 4262 4906
422	4644 2499 4107 3800
423	4482 2556 3196 3833
424	3529 448 869 125
425	862 833 1098 386
426	522 3151 1405 3096
427	586 860 1755 4507
428	4126 4395 3045 4485
429	2409 954 991 3305
430	2919 390 341 4575
431	1927 2297 1700 3486
432	1318 3734 159 1001
433	4305 559 4295 2792
434	1539 2780 2372 314
435	1264 4610 415 4236
436	537 3468 679 3162
437	3992 1356 2383 1565
438	1833 2905 921 2771
439	1071 2705 3220 3694
440	2127 2044 2306 2339
441	4343 1020 1989 4581
442	1495 3591 87 4850
443	898 2944 1856 3337
444	3811 891 1587 3755
445	986 3376 3552 2202
446	732 3909 946 4971
447	4722 1506 4815 2387
448	3243 4573 1582 4622
449	4901 4250 2048 4673
450	4262 694 4185 3020
451	4125 4096 3592 3094
452	4274 404 1978 3435
453	1681 3424 4997 1001
454	4304 2530 4109 4306
455	4323 545 183 4281
456	1783 2626 2301 692
457	158 4330 3605 1539
458	35 4448 279 4909
459	1361 4077 2431 609
460	1189 2485 114 2522
461	4307 4398 4253 4841
462	252 2796 4304 3044
463	26 1290 23 1231
464	19 1823 2346 7
465	3609 234 3787 611
466	2235 1003 558 2319
467	3264 121 243 2798
468	126 4016 4148 3161
469	3296 3018 3321 1809
470	1044 3218 840 4022
471	169 4345 3813 2995
472	429 2364 927 4864
473	2156 791 1497 225
474	4739 4037 4246 1811
475	837 4387 2382 2048
476	1299 2277 436 1218
477	1819 547 4422 1101
478	2257 3803 4774 3433
479	2635 472 523 908
480	2935 4861 3083 1099
481	2711 4279 739 3601
482	1948 184 430 357
483	3684 419 1300 1031
484	1354 744 4844 3905
485	3085 4393 1529 207
486	4988 3020 3855 2452
487	618 601 747 1968
488	1862 4240 3421 753
489	3822 155 1006 4356
490	4181 652 745 1075
491	3902 4850 2833 4184
492	1109 4211 4548 624
493	2913 3077 219 1879
494	4860 2201 3580 217
495	276 2363 2760 825
496	99 4205 1587 4220
497	4814 401 2205 3058
498	907 1537 4430 1571
499	3120 1870 2655 3342
500	1764 731 2807 4531
501	1078 2095 3314 3385
502	100 4887 1866 655
503	2783 616 7 2192
504	2968 4771 1987 4360
505	4960 3014 1645 2307
506	4302 324 3236 2376
507	189 2940 420 38
508	2055 2862 4246 2328
509	3915 3150 4827 555
510	1207 3607 4832 653
511	3267 4475 2515 1153
512	4298 365 236 88
513	156 111 568 2855
514	647 1079 3711 2982
515	2002 4268 4070 1958
516	3873 744 3104 4775
517	708 4263 4710 4097
518	4695 1616 1199 2080
519	4158 3348 4725 3893
520	2210 988 3849 1934
521	4630 3170 2730 3266
522	2047 836 4337 2971
523	4978 4529 1825 1061
524	3839 4479 1990 426
525	1334 3268 1898 717
526	3426 2050 2798 157
527	413 4479 2259 1330
528	2103 3949 4672 2080
529	165 2904 2544 601
530	994 4670 36 747
531	4671 349 4343 851
532	3330 3337 3616 82
533	2686 2182 3158 1507
534	1015 2048 3694 671
535	4149 4487 109 3160
536	4354 3664 549 1362
537	334 1251 257 4645
538	250 1972 1536 2365
539	1038 2034 4562 322
540	4472 4272 3020 4477
541	1362 4954 241 128
542	2828 4294 423 3543
543	1163 2419 4749 4812
544	4222 2016 3728 753
545	2270 3006 1692 3172
546	576 1401 2105 2954
547	1846 2062 2714 2050
548	4581 2263 2780 2678
549	122 1094 2824 3280
550	1054 3515 844 233
551	1851 1797 2676 4815
552	1455 1792 3503 4812
553	3443 4577 33 735
554	3776 2037 4144 3241
555	1718 3819 4014 1950
556	1567 4956 3715 3709
557	618 2682 4767 947
558	1360 410 4101 2507
559	4016 4175 2877 71
560	2113 675 601 4609
561	961 2366 2164 3500
562	3590 3224 3145 3672
563	4337 3097 1528 3202
564	2792 4142 3575 3902
565	4893 2251 1162 3935
566	3634 532 4198 38
567	76 1700 720 1544
568	86 3312 798 2622
569	891 3286 2056 2612
570	1905 605 1509 3629
571	283 4842 1717 1818
572	4885 1536 1215 2468
573	3147 4057 3683 1196
574	4301 598 4692 4363
575	1166 1173 771 2852
576	834 3939 283 2109
577	98 4899 3711 3598
578	2810 842 4736 3247
579	3017 2657 149 1389
580	2016 1378 3765 2786
581	273 1220 1739 4431
582	2729 4749 1998 1687
583	631 2116 1037 4274
584	4819 2085 250 3446
585	3105 2694 1147 4298
586	1972 2536 2468 328
587	512 3558 4900 4481
588	125 2352 4279 1927
589	3666 1247 1929 2483
590	4213 3254 4799 2027
591	4416 1347 1138 4668
592	3155 3829 3237 4945
593	1470 1978 2942 3846
594	3853 836 1900 4851
595	30 485 117 3192
596	4611 1318 2384 884
597	4797 2438 3295 3015
598	2041 1144 2083 2219
599	849 1549 1899 3793
600	2959 1129 3699 641
601	3188 1916 3826 166
602	4253 3232 1058 3582
603	3535 66 2268 1371
604	3973 1365 403 3039
605	2061 3662 876 3970
606	1144 4298 2282 254
607	2322 1354 3870 2553
608	4911 1724 321 2552
609	4604 4179 822 3523
610	689 4052 4431 2280
611	1262 3135 1560 999
612	1913 1673 2478 3347
613	2388 21 65 2319
614	826 467 1029 3475
615	1362 4423 2277 3633
616	521 2088 2566 4911
617	2356 3738 1443 3595
618	3105 142 3476 3001
619	922 506 1039 228
620	393 1701 4180 740
621	4134 1887 4266 2594
622	4076 2739 30 3120
623	3602 32 887 64
624	1607 966 3968 2875
625	2827 4273 1433 2588
626	2408 236 4479 4001
627	55 1498 857 576
628	1151 2180 96 1259
629	3729 4818 3347 2703
630	966 2943 4545 2705
631	137 2667 2314 4188
632	4468 963 4654 3199
633	1624 727 4563 1881
634	4351 527 1283 4734
635	4028 2714 229 792
636	3171 437 1920 4404
637	3604 2860 403 4535
638	3625 2501 1986 2764
639	1788 3113 2237 4533
640	1280 711 611 4389
641	574 1470 1976 4713
642	1228 3916 380 3451
643	2174 4577 4549 4873
644	3615 2518 4522 211
645	3882 2716 4313 1847
646	299 3213 4123 4429
647	2747 3557 52 3100
648	1186 91 2194 3826
649	4737 2608 3586 2394
650	3920 466 864 4892
651	4581 3116 192 1742
652	4708 4644 2510 4546
653	345 1305 598 2937
654	992 491 411 4366
655	1127 4187 3447 563
656	3600 1033 4361 4362
657	1946 1911 4024 1565
658	1759 1535 1745 582
659	2021 4511 4496 4093
660	4080 1471 4775 130
661	1162 4194 3084 601
662	2190 1529 4925 3548
663	3902 3799 4402 1876
664	1218 1370 1156 2887
665	2356 4875 636 4982
666	2733 113 4135 4220
667	1525 4883 3402 3884
668	1067 3675 4530 778
669	4894 2410 3861 1877
670	3163 921 4409 2387
671	3738 1910 4118 4786
672	230 4273 1931 3373
673	523 412 1032 3339
674	1518 4838 787 4664
675	103 2850 4293 2004
676	1470 2346 2337 1363
677	2261 133 4045 74
678	1357 1208 4938 4703
679	229 4867 4368 3767
680	247 738 1794 1888
681	2493 3665 2686 630
682	2842 210 504 4021
683	4109 2325 1490 4587
684	3266 2707 4617 1010
685	4189 762 2841 1584
686	4359 881 4697 3052
687	3014 3470 2777 1856
688	1429 2647 3815 1080
689	421 3458 2088 538
690	2688 500 4908 3327
691	1746 3077 1931 3500
692	781 4638 152 2000
693	3615 3869 2407 4984
694	949 2318 364 2888
695	4299 4590 4523 2897
696	1325 3899 450 1640
697	2197 1871 941 1368
698	4817 4841 75 3329
699	1226 1542 3531 3476
700	4819 2529 2077 1908
701	3571 524 1020 4913
702	3736 2159 4622 3087
703	3271 4297 2972 1707
704	3913 2095 1718 3232
705	3603 3444 1918 2009
706	134 1018 530 2864
707	2061 4387 3705 3419
708	1246 1941 2858 1456
709	4031 4500 2035 3250
710	868 1633 2265 307
711	4904 4989 1730 4635
712	3357 3303 2606 2400
713	484 1513 1463 1430
714	1382 445 3108 2332
715	2009 2327 580 4365
716	534 585 4755 595
717	31 1864 1156 59
718	4335 4313 2436 4704
719	660 4025 625 3051
720	4958 2382 2224 4942
721	3438 4170 2143 4220
722	666 1838 3178 4775
723	2161 1705 4375 1602
724	757 1118 3281 302
725	3557 1438 4503 1836
726	2346 3824 4462 4488
727	3588 1364 3116 2223
728	828 1372 2184 264
729	2527 2357 2056 4655
730	2308 1072 727 2043
731	2669 1310 1458 3452
732	1553 3259 1142 2607
733	1704 3642 4976 4529
734	3286 3989 4815 1835
735	313 3703 2627 3128
736	2756 3455 1731 199
737	4509 2583 3783 1799
738	3546 4740 3814 3566
739	1625 1967 3582 4210
740	1532 2714 171 1340
741	3604 219 4424 3848
742	3768 3909 2678 2639
743	2423 2629 300 4650
744	4791 4977 2101 4806
745	87 1780 395 3149
746	545 4893 1879 223
747	4583 1362 4790 3751
748	1650 4422 3745 1097
749	3620 2334 4115 363
750	3250 498 1628 2619
751	4749 4259 1688 3709
752	3025 3042 2625 2636
753	3676 1772 1010 4309
754	2258 2475 1421 800
755	2217 1639 3504 1285
756	2035 2619 2195 1936
757	3318 4557 1006 1878
758	2750 946 4933 2263
759	3038 2902 4858 781
760	91 1167 1067 2973
761	3198 892 3401 2194
762	4610 1957 1538 3558
763	3640 2239 2285 784
764	4773 215 3699 2287
765	4698 2219 2312 602
766	128 2633 1959 3136
767	3527 1210 2435 3346
768	1861 507 704 2547
769	2384 209 1155 4285
770	2516 4647 1832 389
771	2849 496 2769 563
772	146 4987 3171 2595
773	2203 4651 877 2596
774	4464 2980 3193 3016
775	1899 4342 57 4731
776	3854 4145 1640 4221
777	3105 1900 2879 1400
778	2231 3204 169 1077
779	829 2489 3280 4521
780	3836 93 1630 2174
781	994 1802 3849 2009
782	2006 1742 1378 2394
783	4149 626 3764 873
784	4849 1950 3861 151
785	219 2242 963 1516
786	1530 4843 2817 147
787	796 1644 1618 2543
788	2576 1398 3563 1794
789	3993 1736 2150 2599
790	1210 3242 1261 4814
791	1833 1231 3818 2490
792	212 3497 4526 1914
793	1441 1731 2390 2115
794	226 721 4431 3825
795	4080 2594 521 2564
796	766 4116 4773 4483
797	199 1503 3248 4038
798	4356 1048 459 3562
799	4216 1338 2433 157
800	2416 1561 2003 114
801	4725 4840 4097 3574
802	3514 4024 415 4584
803	4165 2792 3311 1791
804	541 1273 3216 2059
805	1771 3896 4738 504
806	3245 2591 3926 2202
807	4813 317 2948 4802
808	1287 3669 4132 960
809	672 1895 386 1083
810	648 4247 4138 791
811	1356 4375 2202 4588
812	2796 1485 330 4874
813	2384 2582 1209 4054
814	1486 1223 4553 1459
815	4826 3405 2914 1099
816	1438 4223 3235 2311
817	2456 587 4892 2600
818	1454 154 1516 3957
819	608 3783 1795 4514
820	1677 3544 346 2295
821	4347 3113 1927 291
822	855 3215 2357 4955
823	979 2396 3611 1288
824	4425 4693 363 1704
825	771 4607 4589 348
826	3168 3940 464 1075
827	4990 1637 247 3031
828	10 335 92 1392
829	2000 2319 1805 3802
830	4243 2204 4808 1285
831	234 2823 3492 1886
832	3099 4365 1280 3843
833	1291 1920 3362 3335
834	116 4083 2695 4565
835	2291 361 610 2364
836	3211 4559 1782 1364
837	3874 3576 3186 899
838	2683 3572 748 4946
839	3921 154 3050 824
840	673 4167 1683 71
841	2160 154 2619 3418
842	3715 4380 404 2313
843	2282 2071 4852 29
844	4133 3776 1297 1173
845	1122 452 921 2128
846	3960 1271 439 3609
847	3747 2487 3612 2488
848	1993 1060 4164 2306
849	3991 1629 1455 2400
850	314 1684 295 302
851	2107 4202 3052 2510
852	1380 2260 4452 2915
853	4723 1236 3243 2074
854	303 4591 4215 4249
855	2208 2249 2561 3167
856	4513 483 4409 3956
857	4892 511 3874 2662
858	4363 4828 2482 351
859	2335 404 267 608
860	3578 2179 3749 3399
861	3949 1847 952 3948
862	2658 2365 2250 605
863	4887 4403 2478 4415
864	1484 4384 4134 305
865	3009 4595 554 3830
866	4417 2237 1757 446
867	1142 4182 3582 3943
868	2099 1585 3124 1463
869	3607 4613 2394 1457
870	4044 2117 2940 4506
871	2161 3651 1719 1827
872	4843 2300 3263 867
873	4086 4215 2664 2977
874	4468 738 3707 166
875	4147 2796 1831 2119
876	4742 1720 3177 3501
877	2548 438 1741 466
878	4493 1656 2399 3533
879	2786 3150 3904 1715
880	312 3015 3840 1222
881	1549 786 236 858
882	3115 3059 3209 3715
883	2391 3908 492 46
884	2879 1143 4395 4719
885	948 1847 3075 2934
886	67 605 2567 2534
887	1888 2226 3849 3201
888	2208 4277 3180 1815
889	1608 2475 2584 1689
890	3058 1513 2780 3042
891	954 2491 4264 4929
892	4546 4169 855 3613
893	3854 4404 2772 648
894	3461 4372 428 1482
895	844 593 2409 3222
896	449 3085 3761 1234
897	877 4498 3276 3946
898	3432 389 3294 3563
899	726 486 4812 2406
900	1000 1125 1928 2166
901	3504 4012 2680 1230
902	3689 3068 849 2185
903	1557 1577 2753 1940
904	2282 4046 2353 1457
905	4013 1547 2152 4714
906	2467 4515 4558 4986
907	816 1716 1196 4359
908	4230 2928 4460 4275
909	2915 2597 1613 3938
910	2347 2862 525 1346
911	2630 1843 567 1063
912	1205 3286 882 2576
913	3880 4850 1901 63
914	2986 1526 3255 4724
915	4109 4552 471 875
916	2924 2468 2947 4891
917	3239 4662 2626 2750
918	3961 2275 541 2460
919	4927 127 678 2581
920	601 443 1538 4487
921	1724 1351 1681 3962
922	3226 322 753 1411
923	3464 4832 960 3873
924	4398 323 194 2391
925	2390 2227 3609 4230
926	2920 923 48 4069
927	4038 2471 2607 404
928	4582 1217 3617 3060
929	4875 2527 295 3224
930	504 3208 3268 1015
931	1060 1539 711 4886
932	4971 2272 969 1665
933	2443 644 3670 2680
934	4487 3195 3548 1862
935	2127 1461 2545 2420
936	3538 2985 4605 3276
937	4466 333 1413 996
938	201 4239 1900 3049
939	3385 2729 3622 4513
940	1311 1144 1140 430
941	3295 2792 2824 84
942	2391 4371 4297 2121
943	1687 1969 4260 454
944	1888 992 2993 1841
945	669 2772 3353 1270
946	2586 1246 24 4379
947	4370 4209 746 1016
948	229 465 4799 1267
949	108 4150 2480 3326
950	506 1692 1318 4015
951	3681 904 1420 642
952	545 2595 340 1768
953	2955 1594 901 1941
954	4976 4057 555 3130
955	4167 3481 4270 592
956	4432 2435 1882 1878
957	2004 1254 4233 1202
958	1107 2857 2530 3242
959	2577 3460 3857 1714
960	1586 2089 69 1435
961	2869 4630 1691 3896
962	1714 1411 563 187
963	1071 1423 1673 1797
964	1733 2715 3767 1069
965	4548 1024 4449 3712
966	2213 4475 1488 4519
967	788 3369 240 3690
968	2625 3582 498 617
969	1829 248 4633 3637
970	4496 4061 762 802
971	4088 4241 2552 1631
972	219 4533 4368 2950
973	3488 3478 2163 1141
974	1506 2945 238 420
975	4992 4663 4683 4479
976	3401 4454 4618 983
977	1440 1441 2892 1940
978	516 1566 2357 3785
979	3647 3163 635 784
980	1875 4601 4215 1863
981	2270 318 2763 422
982	4337 292 783 4061
983	1855 2434 4781 1897
984	2067 1868 4102 3580
985	3832 2045 3917 1049
986	953 285 3755 806
987	2957 4393 3459 546
988	2168 3359 22 533
989	821 1904 4988 1288
990	3313 2430 2664 3132
991	650 103 3566 3588
992	3683 4855 53 771
993	4516 2583 4019 2909
994	2281 48 4641 3288
995	2505 1815 2230 3866
996	3081 2022 2242 3937
997	3101 96 3719 4700
998	1963 2377 4157 2778
999	265 686 2889 2361
1000	3429 4464 2996 161
