Students	1000
1	49 3 47 45
2	50 37 48 14
3	4 14 33 41
4	22 26 4 46
5	19 18 49 26
6	3 50 27 31
7	22 15 20 36
8	50 25 17 43
9	1 32 2 31
10	46 18 25 47
11	11 15 44 25
12	1 33 27 42
13	19 34 43 31
14	31 21 45 10
15	7 6 31 29
16	18 21 15 31
17	50 34 2 14
18	11 39 38 46
19	36 47 30 39
20	32 49 27 47
21	38 48 14 7
22	19 46 41 3
23	38 31 28 45
24	7 27 44 15
25	32 34 16 35
26	36 37 11 35
27	31 25 9 18
28	47 7 19 9
29	14 29 30 40
30	16 31 2 33
31	17 28 32 10
32	42 18 27 39
33	36 30 35 50
34	4 10 32 46
35	30 48 1 41
36	44 36 14 38
37	23 41 35 36
38	18 27 6 14
39	21 1 14 12
40	3 37 16 14
41	11 19 38 41
42	44 17 41 2
43	39 40 37 28
44	19 40 11 29
45	3 17 35 6
46	15 16 38 33
47	5 46 43 7
48	9 3 49 36
49	34 27 3 50
50	28 13 23 25
51	5 8 42 45
52	24 40 27 21
53	29 10 33 8
54	43 34 21 32
55	22 45 20 32
56	42 36 49 9
57	46 18 39 1
58	32 35 2 45
59	25 9 37 24
60	39 21 44 50
61	43 39 16 30
62	11 35 46 30
63	31 1 16 40
64	43 14 19 23
65	42 45 37 28
66	32 11 46 7
67	12 45 15 4
68	46 36 4 39
69	6 37 20 44
70	14 25 9 40
71	23 22 30 36
72	8 50 10 25
73	30 41 47 25
74	45 12 4 41
75	43 18 45 36
76	48 31 11 27
77	28 47 27 37
78	16 7 1 24
79	45 30 4 33
80	42 39 44 48
81	44 11 8 1
82	18 6 30 10
83	47 26 12 38
84	32 9 29 38
85	25 12 3 1
86	37 2 8 7
87	23 37 20 30
88	23 16 29 42
89	14 24 41 38
90	36 31 47 28
91	3 44 26 2
92	23 3 42 39
93	16 26 48 40
94	10 40 28 17
95	25 3 20 40
96	44 47 32 34
97	16 4 44 45
98	38 1 30 43
99	37 5 3 10
100	49 41 31 39
101	36 48 44 37
102	26 28 45 18
103	38 46 32 43
104	37 45 18 31
105	39 21 4 38
106	2 18 50 3
107	26 5 16 17
108	36 12 33 3
109	27 3 5 1
110	42 30 24 43
111	8 20 3 32
112	45 18 24 43
113	15 10 6 22
114	37 3 12 41
115	19 49 48 10
116	10 9 31 16
117	46 45 32 31
118	17 47 20 9
119	26 5 22 7
120	48 2 42 21
121	43 16 24 7
122	42 6 50 9
123	43 9 23 33
124	8 20 31 19
125	41 10 39 23
126	14 23 20 27
127	34 5 16 3
128	35 40 46 10
129	19 46 36 34
130	6 46 43 20
131	40 43 14 42
132	17 37 26 10
133	16 22 13 19
134	16 47 13 14
135	20 11 45 9
136	31 18 33 5
137	41 34 27 18
138	10 15 32 38
139	16 36 28 33
140	26 46 1 34
141	32 42 40 34
142	31 6 30 26
143	13 21 7 2
144	43 16 14 44
145	29 9 48 23
146	46 1 30 11
147	46 34 23 1
148	11 4 27 39
149	1 33 37 12
150	40 31 16 10
151	15 32 41 10
152	4 12 1 11
153	33 49 44 15
154	24 47 1 26
155	15 49 3 35
156	2 1 43 31
157	49 6 45 31
158	14 17 18 38
159	8 34 12 15
160	21 46 41 26
161	45 15 31 14
162	34 5 49 48
163	27 7 45 13
164	35 39 11 46
165	41 34 17 22
166	28 43 10 9
167	5 26 48 47
168	48 37 40 14
169	18 33 14 49
170	25 45 39 30
171	31 18 16 25
172	16 21 35 12
173	6 39 35 48
174	42 23 15 25
175	50 22 43 12
176	3 9 12 48
177	11 40 29 24
178	42 43 15 32
179	37 43 47 45
180	31 5 3 29
181	15 41 42 24
182	8 13 42 21
183	32 26 4 35
184	46 12 24 19
185	31 27 10 19
186	35 17 47 29
187	38 36 29 49
188	27 50 28 18
189	34 13 33 16
190	30 20 7 32
191	29 46 6 37
192	3 33 39 32
193	28 48 2 29
194	5 25 27 50
195	6 15 20 47
196	34 43 27 32
197	11 25 7 16
198	48 22 28 31
199	14 4 24 46
200	32 43 34 13
201	37 5 1 35
202	48 46 26 39
203	30 39 29 44
204	20 24 8 43
205	20 24 26 8
206	38 36 16 49
207	9 3 14 33
208	6 19 12 15
209	37 6 44 13
210	47 30 6 22
211	18 3 28 1
212	6 7 27 32
213	36 35 5 49
214	16 21 43 48
215	31 12 30 49
216	15 7 17 42
217	2 38 40 9
218	34 16 45 22
219	43 6 23 41
220	13 11 34 33
221	2 48 25 43
222	8 36 6 39
223	15 28 39 45
224	15 32 41 18
225	9 44 27 35
226	4 14 30 45
227	10 18 45 20
228	42 30 13 34
229	26 43 15 41
230	26 9 45 34
231	47 14 36 40
232	47 33 42 45
233	24 32 12 37
234	38 33 50 30
235	20 5 3 43
236	26 22 24 7
237	16 17 27 31
238	41 15 25 13
239	24 18 14 33
240	42 30 32 8
241	25 34 23 18
242	10 33 17 4
243	23 24 13 45
244	12 4 15 20
245	43 14 45 5
246	38 12 37 11
247	18 13 25 6
248	40 50 47 45
249	12 24 9 50
250	7 49 39 12
251	35 3 45 23
252	12 38 29 33
253	10 42 38 33
254	25 33 9 4
255	13 4 12 3
256	15 43 31 23
257	34 14 20 41
258	30 11 42 32
259	34 30 5 29
260	27 50 28 22
261	25 17 9 49
262	49 37 46 3
263	48 20 50 9
264	21 36 43 41
265	3 5 37 8
266	11 12 20 17
267	19 24 28 50
268	13 32 47 41
269	31 42 14 12
270	18 23 36 9
271	2 26 44 3
272	33 8 9 41
273	15 45 17 35
274	3 1 38 19
275	23 41 29 31
276	21 28 29 2
277	47 27 22 40
278	25 19 45 13
279	40 26 30 4
280	6 44 31 34
281	49 7 29 35
282	7 10 31 24
283	44 48 6 17
284	36 12 44 25
285	32 12 20 8
286	35 6 44 3
287	35 3 15 7
288	36 43 22 10
289	20 10 2 4
290	19 31 26 23
291	34 9 39 6
292	18 37 9 16
293	46 24 30 16
294	25 50 11 40
295	32 6 40 33
296	3 1 40 2
297	33 30 22 1
298	25 2 46 10
299	35 36 28 24
300	49 13 17 5
301	11 24 43 42
302	9 30 31 38
303	23 1 43 7
304	13 45 22 31
305	42 26 41 20
306	35 29 8 32
307	19 46 31 10
308	35 9 13 11
309	20 17 46 32
310	1 6 11 9
311	20 34 15 5
312	45 40 27 48
313	36 11 41 49
314	24 43 22 12
315	26 25 40 20
316	13 44 20 24
317	42 3 7 12
318	19 27 20 14
319	36 33 32 39
320	43 41 35 47
321	47 25 8 5
322	38 27 44 50
323	27 29 50 39
324	50 41 4 47
325	37 22 46 31
326	30 17 15 10
327	45 44 28 22
328	48 7 22 33
329	27 26 40 34
330	38 22 26 32
331	20 44 11 17
332	34 14 19 31
333	41 37 15 49
334	2 37 35 14
335	24 11 16 36
336	50 23 16 48
337	19 21 3 20
338	27 33 6 34
339	6 29 11 21
340	45 18 47 12
341	24 41 29 16
342	4 40 14 43
343	38 15 10 49
344	31 19 34 6
345	13 17 42 11
346	28 2 12 48
347	27 15 13 8
348	43 42 21 24
349	28 44 11 1
350	23 2 43 5
351	27 32 39 29
352	26 16 8 39
353	28 43 4 13
354	28 15 8 27
355	28 26 30 2
356	5 35 20 4
357	31 3 10 33
358	2 35 21 34
359	42 20 7 2
360	23 36 50 4
361	32 10 27 3
362	3 26 47 46
363	32 13 36 30
364	34 48 32 38
365	4 35 13 30
366	19 23 17 40
367	39 41 43 7
368	14 39 13 17
369	9 29 10 40
370	14 19 38 48
371	24 27 2 37
372	7 28 16 21
373	49 9 34 10
374	20 48 12 13
375	14 3 32 33
376	22 11 10 6
377	46 24 23 13
378	43 33 31 24
379	8 45 22 33
380	45 31 14 5
381	45 8 40 7
382	2 15 5 26
383	2 4 25 7
384	24 48 18 33
385	7 28 21 23
386	11 50 4 36
387	16 10 34 45
388	44 40 18 25
389	28 40 47 1
390	24 26 34 45
391	21 10 26 30
392	35 8 43 9
393	8 37 4 31
394	36 8 32 37
395	17 12 1 3
396	31 50 15 16
397	44 35 18 47
398	24 21 7 13
399	20 3 30 18
400	40 15 7 10
401	36 6 35 16
402	3 8 17 6
403	43 27 45 13
404	50 12 46 34
405	30 20 27 9
406	28 19 24 50
407	40 26 6 2
408	48 24 30 8
409	22 46 25 3
410	48 26 35 14
411	13 10 37 22
412	47 45 23 36
413	12 23 7 42
414	21 44 9 4
415	7 24 6 46
416	41 42 49 8
417	43 13 5 12
418	23 36 34 12
419	2 32 38 4
420	22 35 10 13
421	5 20 9 41
422	6 5 43 50
423	44 19 12 1
424	13 19 1 10
425	28 42 5 46
426	5 42 25 17
427	34 30 41 26
428	42 11 49 23
429	32 45 22 50
430	8 20 7 27
431	11 46 5 30
432	5 28 33 17
433	31 46 30 9
434	10 16 49 34
435	27 3 38 31
436	9 2 45 37
437	11 1 25 2
438	9 38 49 26
439	27 44 46 41
440	35 45 14 12
441	30 19 44 31
442	15 4 2 23
443	1 45 6 21
444	37 49 14 15
445	2 45 47 34
446	16 1 42 15
447	14 2 16 8
448	28 3 14 21
449	21 49 31 6
450	4 15 25 9
451	11 17 50 1
452	26 8 39 25
453	26 35 38 7
454	33 10 1 32
455	4 45 12 35
456	31 38 35 47
457	47 27 20 50
458	7 39 28 11
459	22 38 28 39
460	1 44 32 27
461	7 13 26 15
462	42 5 6 49
463	6 39 9 5
464	34 32 1 31
465	16 13 48 22
466	37 30 17 32
467	8 30 43 7
468	27 32 14 25
469	17 20 6 29
470	32 10 1 27
471	9 41 24 5
472	45 39 24 17
473	30 5 6 39
474	13 21 37 27
475	29 9 40 41
476	30 25 4 35
477	40 43 8 50
478	10 9 24 36
479	32 15 9 40
480	15 28 37 16
481	23 25 45 37
482	15 27 42 17
483	26 37 7 46
484	14 26 24 42
485	15 7 31 8
486	48 3 49 27
487	35 6 4 8
488	1 42 23 34
489	1 20 40 27
490	30 13 33 22
491	32 2 18 26
492	12 23 17 47
493	31 42 50 23
494	27 4 48 42
495	31 3 46 39
496	4 27 44 15
497	4 6 7 19
498	1 23 42 13
499	47 33 44 25
500	24 3 10 1
501	27 26 42 16
502	46 7 22 11
503	29 20 13 32
504	2 15 27 48
505	49 8 37 48
506	33 20 3 30
507	32 30 9 23
508	36 18 38 48
509	33 15 19 31
510	12 30 47 4
511	11 19 32 7
512	32 25 39 17
513	18 31 39 50
514	43 6 13 48
515	23 4 45 13
516	44 22 36 34
517	1 17 9 22
518	4 34 22 41
519	13 9 22 28
520	9 11 16 28
521	12 34 9 47
522	28 30 2 41
523	37 14 34 28
524	45 29 50 44
525	38 35 47 25
526	40 43 14 18
527	34 22 5 27
528	31 47 38 4
529	19 35 6 36
530	37 2 9 5
531	25 1 18 19
532	22 13 32 34
533	10 13 23 31
534	9 20 30 27
535	23 37 3 50
536	27 29 26 49
537	9 7 35 42
538	6 2 13 45
539	6 24 42 13
540	10 7 47 1
541	10 19 16 11
542	17 21 8 33
543	40 43 28 25
544	50 36 6 19
545	23 6 46 2
546	1 6 31 28
547	28 16 9 21
548	26 22 31 37
549	50 34 12 10
550	21 32 14 42
551	16 33 14 12
552	30 37 13 16
553	30 17 3 38
554	3 17 6 9
555	33 46 40 20
556	4 11 39 45
557	20 41 18 45
558	2 17 28 38
559	31 10 47 34
560	43 31 33 26
561	3 48 15 14
562	8 25 3 42
563	37 45 30 47
564	29 32 3 23
565	9 38 24 41
566	46 9 24 16
567	3 22 49 32
568	34 13 39 30
569	16 25 36 20
570	14 15 26 9
571	31 1 27 2
572	2 43 18 3
573	19 8 38 15
574	9 8 48 17
575	26 50 28 37
576	29 20 4 22
577	30 19 8 29
578	25 38 27 29
579	48 26 4 28
580	5 26 50 33
581	33 37 2 6
582	34 5 1 30
583	6 48 49 47
584	23 31 24 41
585	40 7 13 11
586	40 22 49 50
587	4 30 50 12
588	10 36 44 30
589	19 31 49 36
590	10 2 35 48
591	13 37 27 4
592	13 40 6 34
593	4 5 35 3
594	18 33 17 26
595	27 36 30 31
596	42 40 15 6
597	5 47 13 34
598	35 39 29 33
599	13 18 36 37
600	37 30 12 46
601	48 43 8 20
602	44 17 24 34
603	18 10 39 16
604	32 34 40 28
605	48 1 20 50
606	20 9 7 5
607	32 26 46 47
608	48 24 17 42
609	17 24 38 14
610	2 50 39 33
611	45 2 47 18
612	39 25 15 34
613	34 7 42 19
614	18 27 38 33
615	16 40 10 50
616	46 11 17 42
617	40 34 39 47
618	33 24 19 30
619	8 50 4 27
620	7 9 10 20
621	12 38 42 21
622	47 24 37 14
623	31 50 40 48
624	29 21 19 49
625	26 50 7 18
626	27 34 10 43
627	39 45 30 17
628	22 41 48 46
629	37 39 6 4
630	2 4 25 46
631	36 40 10 27
632	25 13 35 39
633	38 32 7 28
634	40 29 35 47
635	34 4 35 23
636	19 16 47 17
637	3 17 38 36
638	33 17 46 42
639	23 22 26 2
640	48 50 37 24
641	29 11 34 44
642	10 12 14 21
643	18 44 47 43
644	9 21 16 27
645	37 44 33 10
646	39 44 47 21
647	20 49 32 13
648	6 40 30 31
649	33 41 42 18
650	25 10 43 38
651	47 49 15 23
652	31 18 46 21
653	41 44 33 10
654	50 43 17 44
655	20 9 3 40
656	43 2 24 33
657	11 31 32 21
658	21 31 47 45
659	15 20 27 6
660	42 30 6 3
661	27 9 8 28
662	47 4 25 24
663	22 25 6 21
664	29 40 8 49
665	35 37 49 15
666	17 3 9 20
667	13 37 29 44
668	9 46 29 13
669	28 23 6 44
670	41 45 3 14
671	49 25 4 48
672	28 27 48 26
673	19 45 41 33
674	38 49 22 10
675	38 44 31 13
676	45 30 48 49
677	26 32 14 50
678	44 36 2 47
679	3 21 4 43
680	12 29 13 47
681	7 49 12 9
682	24 17 28 48
683	10 17 49 6
684	24 33 18 28
685	30 11 17 2
686	33 17 38 25
687	24 42 40 8
688	41 44 32 45
689	24 17 31 40
690	9 40 28 12
691	27 37 3 36
692	41 15 43 26
693	31 39 48 37
694	26 10 15 44
695	19 27 24 35
696	3 28 43 38
697	28 5 49 43
698	14 49 3 34
699	25 45 50 48
700	16 20 47 21
701	32 14 40 24
702	7 2 37 42
703	39 29 33 32
704	20 31 1 39
705	44 11 1 36
706	18 11 43 45
707	22 45 11 16
708	7 38 19 44
709	7 18 8 11
710	1 19 48 26
711	35 18 38 22
712	45 37 50 30
713	29 17 18 33
714	29 31 48 35
715	43 37 47 35
716	30 42 17 13
717	39 17 7 31
718	36 38 50 19
719	49 43 5 11
720	14 45 3 40
721	14 50 30 36
722	27 23 35 18
723	38 35 18 41
724	10 27 31 22
725	20 42 22 27
726	50 47 31 38
727	27 12 6 17
728	7 18 40 21
729	45 26 49 31
730	29 24 15 41
731	15 27 4 9
732	11 46 24 36
733	3 48 47 25
734	22 7 8 1
735	33 40 39 48
736	28 23 16 4
737	36 23 10 7
738	26 9 1 28
739	6 49 4 38
740	39 4 10 5
741	26 39 4 34
742	26 12 5 44
743	35 8 13 25
744	47 36 5 48
745	31 26 32 21
746	39 42 32 1
747	5 12 50 46
748	3 8 48 22
749	47 19 48 12
750	3 14 23 2
751	34 13 29 21
752	40 30 19 25
753	35 48 24 45
754	11 10 23 12
755	34 47 26 37
756	50 16 42 13
757	45 1 10 7
758	44 7 3 49
759	27 15 38 32
760	25 21 9 20
761	22 25 26 2
762	48 49 12 36
763	42 34 18 33
764	32 28 17 5
765	23 47 4 15
766	44 46 49 29
767	43 21 19 25
768	27 20 43 8
769	17 46 39 19
770	34 44 10 39
771	26 47 6 18
772	6 42 17 37
773	18 47 14 27
774	4 39 22 2
775	16 24 20 36
776	40 26 18 9
777	18 43 44 5
778	32 28 12 46
779	3 17 36 13
780	20 16 10 31
781	9 50 4 11
782	49 32 45 13
783	5 31 26 35
784	12 48 34 36
785	34 13 18 50
786	45 48 29 3
787	31 9 1 26
788	17 49 36 21
789	24 43 26 49
790	20 22 35 13
791	14 48 22 31
792	32 27 17 42
793	41 5 37 10
794	13 16 11 31
795	23 8 35 46
796	48 46 42 41
797	3 22 28 39
798	33 35 47 40
799	24 15 9 19
800	18 6 11 8
801	9 20 39 3
802	10 8 31 28
803	16 33 32 11
804	14 1 46 30
805	46 22 26 36
806	22 49 26 3
807	1 15 47 5
808	12 48 38 44
809	41 27 40 32
810	39 22 21 41
811	50 28 18 7
812	47 12 11 26
813	12 23 21 14
814	13 14 47 44
815	13 38 44 18
816	22 31 36 33
817	16 31 34 21
818	15 40 9 45
819	4 17 37 43
820	22 44 24 29
821	45 39 4 26
822	18 36 16 50
823	5 42 33 48
824	40 11 28 44
825	12 40 5 4
826	36 19 44 3
827	8 21 43 19
828	34 7 2 29
829	39 26 23 6
830	38 30 24 31
831	19 17 9 7
832	40 6 3 26
833	46 23 37 42
834	39 4 40 10
835	33 18 47 40
836	18 10 27 28
837	14 12 23 27
838	49 32 5 7
839	1 28 9 24
840	31 21 15 23
841	14 6 32 17
842	47 42 30 29
843	2 24 40 22
844	8 15 38 6
845	35 4 46 11
846	3 42 4 31
847	9 42 5 23
848	15 17 22 24
849	49 35 11 45
850	15 35 27 37
851	45 10 8 19
852	16 37 8 26
853	37 15 17 23
854	22 14 12 1
855	46 34 44 15
856	50 11 4 27
857	33 28 41 40
858	16 31 45 4
859	21 28 23 26
860	35 28 4 6
861	40 6 1 4
862	32 37 31 50
863	41 6 24 7
864	38 35 3 13
865	6 46 43 15
866	41 49 45 3
867	22 14 31 23
868	17 21 19 10
869	5 12 17 13
870	23 1 6 33
871	19 34 46 14
872	12 21 10 17
873	25 7 6 33
874	39 35 43 29
875	23 27 4 18
876	32 24 22 25
877	48 22 21 14
878	20 40 17 46
879	40 15 5 13
880	29 37 25 31
881	24 11 38 3
882	21 41 27 29
883	5 32 50 16
884	46 24 18 5
885	41 3 40 12
886	15 33 13 48
887	21 7 35 46
888	39 15 50 7
889	29 2 47 30
890	40 18 47 41
891	34 5 28 26
892	5 48 49 35
893	39 14 36 20
894	11 1 31 5
895	8 18 10 20
896	33 10 41 8
897	19 17 22 46
898	12 25 46 21
899	6 7 17 39
900	16 36 44 50
901	9 14 10 16
902	39 15 5 31
903	23 37 11 20
904	30 27 24 44
905	28 21 2 44
906	39 8 9 49
907	44 48 8 10
908	47 28 23 10
909	45 22 8 9
910	15 3 44 31
911	6 14 46 12
912	9 13 30 41
913	12 40 1 32
914	5 43 29 46
915	33 12 13 50
916	27 43 20 23
917	29 36 27 17
918	22 25 6 30
919	28 13 32 47
920	25 45 23 12
921	35 21 42 49
922	5 25 32 47
923	25 26 7 17
924	30 35 33 14
925	6 37 25 36
926	6 50 19 5
927	7 32 14 4
928	29 48 44 37
929	49 25 38 47
930	28 25 30 23
931	39 12 22 3
932	29 35 48 2
933	44 48 4 3
934	1 18 44 19
935	40 49 5 32
936	4 11 22 26
937	48 13 7 21
938	49 25 29 31
939	19 7 20 31
940	2 47 7 25
941	27 33 44 31
942	45 1 36 19
943	1 35 43 32
944	28 21 31 49
945	21 44 15 19
946	9 2 49 32
947	17 46 41 25
948	21 47 12 29
949	11 37 33 2
950	4 11 5 40
951	42 43 13 14
952	8 39 31 16
953	31 14 41 32
954	36 9 35 14
955	10 23 39 24
956	45 50 11 44
957	47 15 2 10
958	19 45 48 13
959	17 37 9 22
960	14 13 32 45
961	19 12 4 50
962	28 50 4 16
963	8 5 35 40
964	40 31 4 6
965	18 30 40 37
966	30 33 22 13
967	41 10 30 32
968	38 40 20 4
969	30 21 39 17
970	24 6 14 21
971	17 24 43 7
972	27 41 22 18
973	3 39 46 21
974	21 7 36 43
975	32 23 5 48
976	36 19 10 3
977	44 45 35 8
978	44 31 18 21
979	10 3 39 29
980	20 16 45 8
981	26 47 7 41
982	35 5 33 31
983	20 45 41 22
984	29 49 31 11
985	48 30 43 16
986	11 28 35 22
987	6 11 3 5
988	2 47 10 35
989	12 6 35 31
990	26 38 10 1
991	14 26 6 17
992	5 2 20 28
993	13 20 11 31
994	10 22 23 11
995	12 32 42 34
996	9 36 15 2
997	30 41 35 18
998	22 29 6 21
999	47 23 25 40
1000	16 22 29 37
Students	1000
1	3 37 45 5
2	17 11 46 1
3	18 49 16 27
4	32 15 21 28
5	19 22 34 14
6	7 47 15 49
7	25 27 1 50
8	33 26 27 11
9	10 4 8 28
10	46 13 30 3
11	19 41 30 45
12	34 18 26 46
13	10 25 9 28
14	32 36 25 33
15	50 43 37 27
16	40 47 15 43
17	41 30 50 27
18	9 41 3 22
19	44 26 12 15
20	4 37 9 50
21	47 22 10 24
22	30 43 18 10
23	25 17 24 23
24	15 1 20 32
25	23 27 16 15
26	33 8 49 5
27	18 21 42 22
28	17 5 4 38
29	7 39 20 17
30	20 10 39 22
31	39 33 20 7
32	13 48 35 5
33	43 6 2 19
34	18 20 4 37
35	9 31 35 18
36	41 38 22 46
37	37 38 4 17
38	28 13 43 11
39	7 26 40 4
40	30 26 11 10
41	47 2 15 26
42	29 13 34 36
43	26 31 14 46
44	25 49 27 46
45	35 47 23 50
46	33 30 18 41
47	49 13 25 35
48	7 15 13 28
49	39 8 25 20
50	8 40 14 7
51	41 28 44 33
52	15 2 1 36
53	40 24 44 33
54	30 15 21 46
55	9 12 40 18
56	3 4 25 28
57	45 4 41 11
58	36 1 17 15
59	8 16 28 18
60	35 24 37 9
61	35 11 4 24
62	2 9 31 7
63	6 1 43 31
64	18 36 33 1
65	31 8 41 42
66	7 9 10 46
67	15 24 40 4
68	31 17 33 30
69	17 42 30 3
70	37 38 26 21
71	24 25 42 3
72	6 45 29 37
73	11 32 35 2
74	49 4 42 20
75	31 2 33 42
76	23 22 6 8
77	32 16 5 33
78	30 26 47 31
79	45 35 8 31
80	8 38 41 39
81	16 20 27 23
82	39 21 23 49
83	26 34 24 19
84	40 10 8 28
85	48 23 8 47
86	46 14 21 4
87	5 2 26 40
88	27 12 37 47
89	40 19 50 31
90	28 30 49 14
91	14 17 29 34
92	20 22 43 7
93	20 14 6 39
94	19 23 7 18
95	1 22 15 49
96	1 10 3 34
97	47 4 35 6
98	26 38 33 19
99	32 39 15 38
100	41 39 45 11
101	27 17 26 25
102	28 31 36 27
103	10 36 28 50
104	19 22 37 15
105	45 17 24 22
106	28 16 11 49
107	44 9 20 16
108	5 6 9 34
109	29 23 40 5
110	1 44 36 22
111	35 32 36 23
112	33 16 30 22
113	25 34 19 41
114	17 19 45 39
115	22 4 6 8
116	39 6 46 12
117	3 29 5 47
118	16 36 15 1
119	20 33 15 6
120	43 17 8 46
121	23 12 13 44
122	48 30 18 14
123	22 18 47 16
124	32 16 22 42
125	34 29 41 1
126	43 38 41 47
127	8 17 49 25
128	40 2 33 9
129	28 4 46 16
130	29 7 32 14
131	18 16 42 48
132	48 25 18 33
133	40 9 38 15
134	50 17 34 10
135	19 30 25 27
136	2 50 43 35
137	26 33 27 36
138	12 10 22 15
139	4 47 2 20
140	41 48 7 8
141	35 16 9 25
142	29 19 48 39
143	38 29 14 1
144	37 38 28 24
145	3 37 47 21
146	44 29 40 48
147	27 13 8 49
148	21 43 31 36
149	26 32 5 6
150	45 37 33 44
151	39 46 35 41
152	17 8 14 31
153	6 50 19 21
154	4 18 41 33
155	6 33 36 17
156	18 20 19 3
157	39 15 37 25
158	46 37 40 27
159	11 44 41 24
160	25 1 23 7
161	37 17 40 9
162	45 43 41 35
163	29 38 6 47
164	45 37 39 4
165	20 29 39 45
166	36 5 46 8
167	28 30 47 34
168	46 26 23 29
169	38 6 46 2
170	9 34 37 46
171	23 3 44 39
172	16 12 27 48
173	24 39 25 22
174	42 10 23 19
175	20 35 43 13
176	37 19 44 41
177	50 2 32 41
178	7 31 3 35
179	8 10 9 11
180	2 7 3 21
181	9 21 24 30
182	33 12 29 38
183	44 41 40 9
184	3 50 37 45
185	33 38 44 35
186	35 9 49 18
187	21 16 6 34
188	50 49 3 17
189	47 32 43 14
190	8 26 35 20
191	20 15 8 11
192	12 34 39 7
193	18 5 36 37
194	33 1 50 41
195	41 3 36 15
196	15 33 46 20
197	23 21 6 8
198	32 30 17 6
199	2 44 34 29
200	35 26 38 7
201	49 34 10 29
202	35 15 7 46
203	27 23 19 36
204	22 30 20 32
205	18 22 10 16
206	5 27 20 30
207	16 31 9 10
208	6 14 42 36
209	38 37 25 24
210	17 38 47 45
211	6 15 36 10
212	26 45 20 18
213	30 14 33 22
214	42 15 14 45
215	12 46 11 33
216	25 35 45 10
217	25 26 5 6
218	13 25 23 50
219	23 33 5 2
220	13 30 33 31
221	6 46 16 7
222	21 31 27 3
223	44 19 25 24
224	44 50 11 27
225	3 23 36 9
226	27 48 11 28
227	46 41 14 18
228	23 22 27 10
229	9 16 46 22
230	44 21 43 3
231	39 8 31 47
232	12 39 21 33
233	50 30 26 19
234	11 47 7 28
235	17 21 50 47
236	16 4 12 41
237	40 24 23 13
238	35 26 3 24
239	1 40 25 35
240	1 49 31 50
241	36 29 9 32
242	5 50 38 15
243	16 47 19 26
244	45 4 20 38
245	16 1 27 7
246	20 4 48 11
247	10 47 19 8
248	14 43 41 45
249	44 36 8 24
250	22 3 17 38
251	34 47 41 28
252	7 19 11 30
253	21 42 6 14
254	6 15 33 3
255	9 42 11 16
256	20 48 9 29
257	25 30 26 36
258	38 37 8 19
259	28 29 33 10
260	12 43 49 34
261	28 31 50 8
262	10 19 15 12
263	36 43 24 49
264	16 3 42 18
265	32 15 42 5
266	46 41 6 45
267	3 2 16 39
268	24 14 47 48
269	1 47 37 40
270	47 6 33 26
271	20 2 12 10
272	48 37 3 42
273	9 12 3 1
274	45 38 48 3
275	25 47 11 16
276	44 20 30 12
277	24 22 44 9
278	30 20 26 12
279	4 36 13 10
280	48 47 3 4
281	29 16 38 9
282	13 7 15 1
283	36 28 1 29
284	48 24 13 26
285	38 22 8 28
286	3 49 24 40
287	26 3 36 45
288	48 13 43 25
289	21 36 7 43
290	46 3 50 36
291	1 30 38 16
292	36 26 11 6
293	40 23 12 18
294	40 6 29 16
295	16 2 49 14
296	5 9 31 42
297	35 29 31 43
298	11 21 42 38
299	9 2 1 45
300	39 33 14 48
301	28 10 46 38
302	46 39 47 36
303	17 31 42 11
304	20 18 31 17
305	8 34 30 50
306	10 8 40 11
307	27 26 9 48
308	3 33 17 7
309	22 2 16 28
310	39 47 49 3
311	43 13 49 11
312	9 50 46 15
313	26 23 41 47
314	21 37 42 46
315	17 15 25 36
316	6 37 3 24
317	13 28 50 7
318	47 46 18 44
319	26 31 21 47
320	3 35 45 38
321	14 36 6 12
322	5 11 46 41
323	49 31 19 11
324	4 44 42 39
325	18 19 15 36
326	2 25 4 47
327	14 22 16 8
328	48 40 26 11
329	28 23 44 4
330	35 44 3 33
331	33 34 48 43
332	44 30 22 28
333	41 38 37 6
334	6 29 30 49
335	27 22 28 38
336	23 26 42 24
337	49 18 43 6
338	4 48 22 11
339	38 50 13 5
340	33 14 42 15
341	7 11 3 20
342	39 13 15 33
343	26 23 6 17
344	5 24 8 34
345	10 36 12 15
346	37 10 20 14
347	40 30 24 6
348	45 41 27 49
349	22 33 21 31
350	11 38 8 14
351	41 18 16 36
352	12 50 14 31
353	42 39 45 47
354	3 34 18 35
355	3 7 49 50
356	15 41 46 5
357	41 19 40 7
358	42 7 31 46
359	49 31 4 36
360	26 9 5 44
361	12 24 32 15
362	14 45 13 6
363	42 12 14 11
364	8 27 25 23
365	22 6 24 34
366	11 24 8 27
367	18 47 43 11
368	30 14 6 8
369	42 3 30 22
370	33 39 26 41
371	1 47 15 22
372	13 26 30 17
373	5 7 16 48
374	4 13 50 38
375	23 3 11 47
376	15 13 17 16
377	6 29 12 24
378	32 45 29 27
379	21 32 14 29
380	46 34 27 11
381	2 41 50 27
382	37 26 29 47
383	9 13 45 21
384	31 22 48 35
385	24 8 16 32
386	1 34 31 8
387	48 34 2 8
388	40 22 17 12
389	43 32 41 23
390	50 4 28 9
391	9 29 25 2
392	34 40 28 14
393	47 25 13 17
394	22 11 24 45
395	12 32 48 40
396	50 22 1 24
397	38 12 5 30
398	27 38 23 3
399	27 13 19 42
400	46 15 26 44
401	21 17 42 44
402	17 44 23 12
403	3 43 15 24
404	19 23 33 4
405	28 16 5 13
406	41 49 24 17
407	25 24 13 37
408	3 38 37 43
409	5 31 4 12
410	45 37 46 16
411	21 29 5 50
412	35 16 26 37
413	3 5 21 16
414	35 38 3 5
415	14 28 24 13
416	28 11 46 6
417	32 6 16 25
418	10 26 15 7
419	50 47 6 22
420	20 2 44 10
421	34 2 14 46
422	50 47 23 31
423	36 31 9 13
424	7 16 22 31
425	34 36 7 23
426	49 30 24 35
427	19 12 25 29
428	36 3 43 14
429	41 44 19 27
430	19 3 18 12
431	39 32 15 3
432	16 22 11 32
433	50 35 5 48
434	6 1 27 26
435	33 36 5 38
436	48 1 3 19
437	27 31 39 50
438	9 10 4 2
439	41 8 40 16
440	50 37 30 18
441	35 17 7 13
442	22 20 31 43
443	12 48 32 23
444	26 4 15 31
445	40 24 29 3
446	24 17 41 35
447	32 4 50 28
448	42 13 23 10
449	32 31 27 4
450	6 5 49 19
451	18 24 9 47
452	41 23 7 6
453	13 15 37 41
454	10 32 39 35
455	20 26 17 1
456	9 6 28 2
457	13 30 37 23
458	40 24 46 27
459	7 27 41 3
460	15 39 19 36
461	35 4 18 7
462	27 14 22 23
463	28 16 42 41
464	34 44 36 32
465	14 33 26 37
466	46 15 21 30
467	48 50 15 21
468	4 9 12 27
469	25 28 36 40
470	36 17 13 45
471	4 2 10 22
472	7 3 33 40
473	16 5 39 19
474	6 17 40 43
475	14 44 31 4
476	27 44 28 18
477	4 5 23 46
478	4 15 34 31
479	3 26 50 11
480	43 24 22 17
481	50 29 20 2
482	29 45 40 15
483	12 35 7 23
484	5 37 1 17
485	5 10 25 4
486	41 6 42 4
487	11 24 49 18
488	24 1 45 37
489	8 35 32 24
490	35 31 13 49
491	35 13 44 41
492	19 38 7 11
493	16 42 1 49
494	46 39 43 50
495	32 40 39 7
496	23 39 35 32
497	9 1 27 20
498	38 14 31 8
499	43 40 3 26
500	12 1 33 42
501	3 41 47 43
502	11 46 31 4
503	31 8 15 32
504	10 18 5 14
505	38 44 9 35
506	44 35 5 30
507	18 40 41 23
508	49 27 23 14
509	17 21 48 12
510	23 36 17 46
511	41 39 40 38
512	36 3 41 13
513	4 40 35 23
514	5 37 25 29
515	35 27 14 47
516	34 15 37 36
517	38 41 46 8
518	17 32 1 5
519	4 38 20 39
520	3 7 14 46
521	42 32 15 39
522	3 39 24 36
523	50 1 34 44
524	47 2 32 43
525	3 30 25 43
526	47 24 14 21
527	30 46 27 43
528	27 47 10 39
529	4 41 14 49
530	47 1 3 25
531	17 23 13 38
532	18 38 15 36
533	45 6 33 19
534	36 28 45 20
535	32 39 40 30
536	3 50 12 41
537	50 39 13 35
538	33 7 11 42
539	30 27 34 32
540	35 1 7 40
541	50 25 9 7
542	14 27 36 46
543	12 23 42 25
544	28 27 19 46
545	34 10 18 17
546	25 27 11 23
547	28 48 21 44
548	25 42 13 12
549	8 15 19 33
550	42 36 44 12
551	17 50 23 15
552	27 23 15 6
553	42 35 3 19
554	49 10 16 48
555	34 41 35 44
556	16 48 10 38
557	16 49 12 36
558	17 20 31 6
559	45 17 24 2
560	42 26 50 11
561	41 33 27 36
562	32 33 27 10
563	40 15 45 27
564	29 8 46 27
565	43 15 7 25
566	12 27 42 22
567	25 26 6 33
568	3 39 43 21
569	23 31 10 48
570	9 46 41 43
571	29 12 35 13
572	11 21 22 9
573	16 27 24 6
574	11 4 37 8
575	44 43 30 47
576	23 2 31 43
577	27 49 21 24
578	12 35 1 38
579	45 42 28 40
580	13 6 15 33
581	9 41 17 24
582	29 23 15 14
583	4 26 11 8
584	39 8 25 14
585	41 26 16 30
586	12 10 24 3
587	22 44 50 30
588	31 9 11 30
589	38 42 39 13
590	5 13 18 23
591	4 45 33 43
592	4 29 43 3
593	24 9 49 20
594	18 44 38 10
595	42 36 7 35
596	8 22 50 28
597	45 10 43 3
598	9 34 49 38
599	34 49 46 27
600	12 30 32 8
601	32 6 36 1
602	17 1 46 5
603	44 9 33 26
604	42 17 19 50
605	43 15 13 50
606	23 1 33 22
607	37 19 17 8
608	32 23 10 1
609	9 8 14 34
610	40 38 2 29
611	28 4 43 3
612	47 5 34 33
613	8 44 38 40
614	31 7 4 44
615	19 12 34 31
616	18 15 37 23
617	39 4 48 40
618	9 16 7 29
619	4 45 35 5
620	13 9 43 25
621	28 10 36 38
622	42 41 30 16
623	50 3 27 5
624	11 49 29 43
625	25 3 26 1
626	1 17 29 20
627	36 49 26 20
628	34 45 47 19
629	35 42 31 49
630	40 5 14 43
631	2 50 19 46
632	48 50 2 36
633	12 42 37 6
634	42 43 30 39
635	27 3 23 1
636	18 39 11 6
637	14 27 38 6
638	41 26 23 4
639	21 1 29 12
640	35 9 24 42
641	38 10 22 46
642	48 39 40 37
643	40 36 12 16
644	31 40 7 4
645	16 40 15 36
646	38 17 40 6
647	21 4 5 23
648	40 46 8 11
649	37 28 46 24
650	44 19 38 41
651	38 14 9 40
652	43 14 29 12
653	48 11 49 36
654	9 1 33 17
655	7 6 37 19
656	30 50 45 34
657	46 6 49 18
658	38 23 15 5
659	26 38 13 1
660	17 50 26 25
661	10 21 26 13
662	3 29 1 32
663	21 49 13 26
664	21 28 14 39
665	19 11 12 28
666	34 16 25 49
667	19 23 44 21
668	41 35 20 15
669	29 46 36 37
670	23 15 44 49
671	49 32 31 14
672	14 50 43 3
673	32 14 7 39
674	11 9 38 6
675	18 12 49 6
676	23 22 49 50
677	20 23 19 9
678	3 27 25 38
679	34 11 5 18
680	44 19 7 50
681	38 6 43 34
682	8 16 28 33
683	45 41 5 6
684	17 7 48 13
685	40 4 49 28
686	42 17 35 31
687	34 47 30 49
688	50 18 16 15
689	8 32 19 9
690	44 3 21 18
691	12 24 32 38
692	38 5 4 42
693	7 37 21 25
694	48 8 32 15
695	36 6 1 17
696	40 26 48 1
697	50 33 22 7
698	28 25 23 10
699	9 1 16 38
700	21 7 6 29
701	5 8 36 11
702	6 36 46 23
703	5 8 12 40
704	49 37 35 39
705	41 29 22 50
706	6 46 21 19
707	43 5 17 49
708	9 38 47 46
709	22 27 17 24
710	42 26 8 1
711	40 46 25 7
712	45 23 37 41
713	16 46 41 40
714	45 12 6 34
715	23 46 6 36
716	8 30 35 33
717	4 25 20 31
718	22 34 48 20
719	40 3 7 46
720	26 18 48 1
721	33 1 7 15
722	49 32 33 38
723	8 26 4 49
724	43 23 11 47
725	30 41 31 3
726	19 13 20 33
727	28 29 22 6
728	3 5 34 37
729	18 20 8 17
730	19 38 3 10
731	41 5 3 7
732	30 38 28 6
733	14 38 28 21
734	5 4 2 50
735	29 18 8 25
736	50 45 5 27
737	24 20 31 18
738	38 31 45 25
739	9 5 45 48
740	9 35 23 2
741	11 44 38 50
742	44 23 33 1
743	19 5 12 8
744	42 36 50 24
745	3 13 29 30
746	9 40 50 31
747	45 48 44 5
748	8 27 7 12
749	28 29 13 35
750	35 3 49 7
751	33 20 15 22
752	40 38 7 50
753	34 32 30 48
754	29 2 36 37
755	43 27 38 34
756	8 25 5 19
757	2 22 42 34
758	20 41 8 46
759	4 36 14 30
760	13 1 49 21
761	25 46 32 10
762	45 40 1 6
763	8 21 33 45
764	15 4 27 11
765	43 29 25 33
766	35 18 1 16
767	15 10 49 37
768	34 16 9 1
769	17 8 49 31
770	13 24 8 38
771	41 14 1 31
772	21 42 43 13
773	7 38 3 2
774	33 2 42 35
775	1 41 2 35
776	22 14 19 10
777	11 32 30 16
778	24 45 50 27
779	37 49 38 50
780	2 29 17 34
781	30 17 32 25
782	9 19 11 44
783	20 47 31 46
784	39 2 17 22
785	1 50 47 15
786	12 33 8 4
787	17 13 42 11
788	35 12 10 36
789	42 22 48 21
790	31 2 1 21
791	15 45 20 36
792	11 13 23 24
793	40 29 48 49
794	9 50 40 17
795	19 21 38 30
796	18 30 43 1
797	4 29 5 8
798	41 35 22 14
799	16 5 15 31
800	20 39 24 11
801	12 8 11 17
802	25 8 18 33
803	24 10 21 36
804	25 9 19 38
805	27 6 33 25
806	3 11 20 34
807	27 46 41 34
808	28 3 23 18
809	19 21 34 10
810	31 2 45 20
811	33 2 27 8
812	32 36 20 37
813	46 50 20 22
814	5 13 29 41
815	20 34 26 4
816	29 40 45 28
817	17 22 25 9
818	8 19 41 13
819	23 31 48 19
820	30 17 44 43
821	3 25 8 42
822	14 3 36 22
823	21 26 31 49
824	22 43 6 18
825	29 15 8 14
826	21 40 26 29
827	43 5 45 34
828	24 13 16 9
829	35 44 26 9
830	34 28 47 13
831	22 3 28 40
832	21 18 9 46
833	47 27 42 10
834	6 42 39 40
835	25 4 29 39
836	30 35 23 28
837	8 13 28 30
838	1 30 10 34
839	48 19 43 27
840	29 11 49 22
841	6 26 13 5
842	19 17 3 39
843	28 15 13 48
844	41 44 47 31
845	7 35 15 16
846	6 39 42 27
847	2 27 4 35
848	4 50 24 18
849	18 50 22 15
850	21 6 23 25
851	9 18 4 22
852	2 50 22 19
853	33 46 1 10
854	10 43 42 47
855	44 10 20 45
856	2 32 50 4
857	23 36 34 12
858	26 20 47 48
859	44 25 3 27
860	7 50 44 37
861	41 10 46 9
862	14 20 27 48
863	12 32 20 13
864	17 20 48 3
865	30 6 4 35
866	3 5 27 28
867	12 3 43 7
868	36 1 50 17
869	37 49 13 26
870	47 2 29 1
871	32 11 7 6
872	9 35 46 31
873	7 4 17 34
874	27 23 41 39
875	22 33 17 20
876	16 28 8 38
877	23 43 50 1
878	47 20 39 46
879	43 36 13 11
880	28 9 38 48
881	19 37 1 33
882	26 30 27 15
883	18 42 35 9
884	12 10 35 8
885	5 25 12 24
886	22 24 47 18
887	14 1 20 3
888	33 8 49 50
889	13 35 18 14
890	20 45 47 4
891	48 21 17 11
892	5 41 8 42
893	34 25 36 29
894	19 16 25 40
895	43 50 10 41
896	20 13 18 29
897	47 37 15 36
898	22 50 49 32
899	31 22 41 36
900	10 14 35 7
901	20 24 25 17
902	8 46 38 9
903	25 30 9 40
904	26 42 2 28
905	35 14 30 5
906	41 35 48 10
907	33 19 6 36
908	42 47 15 10
909	2 45 14 39
910	47 20 2 26
911	35 29 4 20
912	11 10 3 4
913	10 8 25 34
914	6 34 5 9
915	48 41 16 10
916	6 35 16 10
917	39 40 7 32
918	27 20 35 50
919	19 28 34 23
920	22 15 19 34
921	23 45 49 35
922	49 31 40 10
923	37 27 32 47
924	22 38 24 28
925	45 17 4 42
926	10 35 46 8
927	32 47 17 14
928	30 7 17 46
929	46 37 50 49
930	45 21 4 8
931	45 12 24 17
932	16 11 13 9
933	37 33 13 6
934	9 25 8 1
935	46 13 6 45
936	8 38 19 42
937	23 36 43 50
938	4 48 6 25
939	32 44 26 34
940	33 20 28 24
941	39 35 1 26
942	17 45 10 16
943	50 24 1 14
944	33 7 5 31
945	36 3 25 38
946	44 3 19 32
947	12 17 16 44
948	41 37 43 40
949	23 25 4 34
950	3 35 24 27
951	37 48 38 18
952	12 15 29 1
953	11 25 27 18
954	6 23 18 41
955	14 30 23 48
956	14 24 40 9
957	15 4 14 43
958	4 22 37 43
959	3 35 38 10
960	32 18 20 34
961	22 26 39 1
962	37 36 14 34
963	34 13 36 19
964	16 34 35 48
965	37 30 11 48
966	19 17 5 43
967	40 43 32 48
968	16 32 41 40
969	36 3 26 27
970	9 24 36 46
971	47 41 34 22
972	38 45 37 5
973	36 31 45 35
974	15 31 41 44
975	17 45 39 46
976	25 30 29 39
977	11 37 15 17
978	4 28 43 42
979	45 43 20 2
980	30 48 8 21
981	36 8 38 30
982	42 19 13 14
983	16 34 1 18
984	49 28 38 4
985	20 25 47 23
986	23 7 16 14
987	10 25 24 6
988	48 43 49 27
989	36 6 49 20
990	32 1 16 46
991	26 28 4 29
992	1 16 36 10
993	45 9 1 47
994	14 45 26 47
995	4 46 30 47
996	20 13 5 28
997	40 32 47 2
998	42 40 28 49
999	25 30 42 10
1000	38 17 47 50
Students	1000
1	46 36 35 11
2	42 30 16 3
3	10 17 33 36
4	13 49 25 5
5	36 40 31 28
6	21 41 18 10
7	10 20 24 29
8	49 39 6 35
9	36 35 38 42
10	49 13 15 40
11	30 50 34 37
12	24 29 11 14
13	15 23 45 9
14	39 16 36 26
15	3 32 38 45
16	9 30 44 34
17	12 16 45 9
18	50 11 16 35
19	36 49 27 26
20	5 15 39 25
21	26 21 10 29
22	31 48 7 32
23	15 12 7 18
24	12 26 37 23
25	40 45 36 39
26	2 26 27 16
27	42 17 25 33
28	39 16 28 21
29	49 12 27 14
30	33 4 24 30
31	18 36 41 42
32	37 30 18 6
33	41 17 24 12
34	46 9 40 5
35	16 11 10 14
36	10 34 6 28
37	13 24 14 21
38	33 34 46 20
39	16 5 41 14
40	17 28 27 49
41	18 4 27 19
42	17 8 44 22
43	42 17 35 3
44	24 3 9 30
45	11 39 14 28
46	17 12 2 23
47	27 11 26 41
48	37 26 34 8
49	44 17 30 25
50	33 45 28 1
51	49 18 9 36
52	8 38 42 15
53	13 36 15 7
54	1 49 35 22
55	30 18 38 43
56	36 43 20 14
57	49 17 37 2
58	47 26 40 7
59	14 48 30 31
60	37 6 32 44
61	35 8 33 46
62	13 40 38 39
63	6 44 2 43
64	44 11 37 29
65	49 13 30 18
66	40 34 44 16
67	39 14 13 10
68	13 21 2 44
69	14 8 9 6
70	42 17 22 18
71	34 7 46 37
72	19 8 9 30
73	7 40 47 37
74	15 39 24 7
75	1 30 9 16
76	22 34 14 4
77	21 31 18 41
78	19 8 23 10
79	50 25 8 30
80	39 36 4 45
81	18 20 42 14
82	39 30 3 36
83	40 34 10 30
84	32 29 12 13
85	17 30 26 43
86	18 29 35 28
87	4 17 25 31
88	10 6 39 28
89	11 14 39 4
90	16 13 37 30
91	42 2 45 28
92	30 50 42 11
93	36 12 19 38
94	29 16 49 24
95	41 17 36 26
96	7 14 41 33
97	17 37 2 38
98	11 50 16 38
99	7 27 24 23
100	30 7 11 41
101	32 25 10 43
102	35 11 24 44
103	15 38 16 36
104	45 3 28 29
105	2 45 21 38
106	34 41 46 40
107	49 44 31 45
108	13 49 7 45
109	37 23 41 47
110	20 26 15 33
111	37 35 41 13
112	36 11 25 49
113	31 41 19 1
114	11 15 8 44
115	41 45 13 21
116	10 40 32 42
117	26 14 6 7
118	41 10 1 4
119	42 11 28 13
120	26 20 7 47
121	31 3 35 2
122	36 29 37 50
123	15 23 7 27
124	17 12 22 26
125	16 49 11 45
126	14 50 24 1
127	3 42 4 14
128	26 7 42 45
129	48 46 20 28
130	24 27 33 22
131	46 18 29 21
132	23 38 21 49
133	22 23 4 42
134	18 12 50 27
135	42 12 20 32
136	11 44 13 20
137	2 50 48 44
138	45 11 17 10
139	9 7 18 11
140	15 50 36 26
141	30 25 46 45
142	33 37 23 38
143	45 21 46 2
144	27 44 45 46
145	12 34 30 46
146	14 42 45 10
147	13 31 7 23
148	32 33 21 49
149	29 25 46 49
150	13 34 48 40
151	25 22 20 6
152	15 43 12 31
153	4 32 3 30
154	23 44 42 29
155	8 21 22 40
156	24 34 49 6
157	32 49 12 44
158	21 15 18 24
159	38 43 41 4
160	34 14 15 49
161	47 45 30 14
162	47 19 44 39
163	45 14 1 18
164	2 30 50 5
165	21 42 13 37
166	7 29 39 49
167	27 45 48 35
168	19 43 5 32
169	8 3 24 12
170	33 34 29 19
171	27 15 14 39
172	28 47 15 20
173	7 40 1 28
174	10 12 31 22
175	38 42 32 33
176	40 33 49 31
177	5 43 28 35
178	49 27 25 12
179	28 33 19 11
180	44 12 43 34
181	1 6 4 11
182	36 25 15 35
183	36 37 26 41
184	27 46 44 14
185	39 8 35 16
186	9 28 39 31
187	19 14 5 15
188	42 11 39 3
189	2 4 39 19
190	24 18 50 22
191	11 36 47 12
192	43 50 7 12
193	20 34 44 21
194	9 37 46 35
195	38 37 7 1
196	16 40 5 41
197	24 38 42 3
198	35 8 39 1
199	24 3 23 15
200	16 8 41 34
201	32 40 15 9
202	38 11 42 48
203	9 19 1 4
204	9 27 13 44
205	32 5 8 34
206	3 35 29 21
207	33 27 43 9
208	30 34 16 5
209	17 23 19 18
210	6 14 7 4
211	34 18 44 37
212	30 11 1 27
213	18 34 38 36
214	34 21 14 43
215	26 29 21 10
216	48 3 47 30
217	20 8 36 35
218	45 15 10 31
219	49 22 12 38
220	14 30 41 39
221	31 23 20 6
222	33 49 30 39
223	19 4 20 25
224	11 43 28 22
225	12 49 45 23
226	23 43 46 50
227	40 18 13 3
228	3 9 25 44
229	16 3 4 48
230	39 24 43 27
231	50 10 46 3
232	29 1 22 25
233	4 19 6 34
234	22 40 26 28
235	6 43 48 22
236	49 32 26 36
237	3 41 44 25
238	22 37 36 12
239	28 29 32 39
240	33 36 26 50
241	44 10 38 40
242	13 3 9 14
243	47 41 31 24
244	1 34 2 31
245	8 47 25 6
246	8 37 4 25
247	24 46 13 33
248	19 34 30 20
249	11 5 33 32
250	25 29 34 30
251	50 7 40 33
252	20 29 4 5
253	40 25 8 10
254	48 46 33 50
255	35 37 43 46
256	50 36 16 39
257	23 29 10 39
258	34 5 6 2
259	3 11 36 27
260	46 39 23 45
261	10 1 9 16
262	23 45 21 48
263	10 13 22 17
264	42 32 47 30
265	48 28 49 42
266	35 16 6 34
267	29 23 44 1
268	19 46 8 24
269	42 47 24 19
270	43 11 12 39
271	47 26 50 7
272	39 4 34 28
273	37 8 29 31
274	10 47 22 28
275	35 22 28 33
276	39 7 16 34
277	39 28 49 41
278	2 36 8 20
279	14 19 6 10
280	37 13 4 27
281	19 22 32 3
282	45 39 20 10
283	44 27 22 5
284	10 2 23 8
285	24 41 8 22
286	34 47 36 13
287	11 35 45 1
288	30 31 43 26
289	20 37 24 44
290	16 19 9 12
291	35 18 41 10
292	38 41 36 17
293	2 9 17 33
294	30 32 20 3
295	23 47 18 13
296	47 39 25 27
297	33 32 18 9
298	46 28 25 30
299	11 34 17 21
300	38 39 22 43
301	35 50 46 19
302	11 30 8 49
303	3 23 49 1
304	24 36 13 23
305	37 20 12 9
306	32 3 33 47
307	20 23 13 41
308	19 30 34 47
309	11 9 22 33
310	18 6 11 35
311	22 29 45 46
312	19 12 13 23
313	20 42 49 38
314	37 36 23 38
315	46 27 28 20
316	21 26 40 43
317	16 18 43 15
318	22 17 45 32
319	40 3 19 39
320	38 11 7 41
321	22 11 20 16
322	10 12 40 8
323	34 42 17 8
324	33 34 48 25
325	47 35 32 31
326	2 38 28 32
327	5 44 6 30
328	11 42 26 33
329	31 37 36 9
330	50 9 37 44
331	50 4 30 15
332	50 30 39 21
333	28 18 43 13
334	41 20 27 23
335	43 50 6 42
336	1 44 8 45
337	45 2 6 11
338	17 47 16 10
339	31 15 45 23
340	26 19 34 5
341	24 5 1 32
342	44 27 8 29
343	48 10 2 17
344	42 4 3 49
345	46 28 16 22
346	43 5 8 29
347	2 1 30 31
348	2 37 15 43
349	40 28 6 44
350	17 4 15 7
351	37 33 23 30
352	6 21 3 18
353	9 50 14 19
354	10 4 27 29
355	50 3 15 39
356	36 6 35 50
357	25 33 27 19
358	33 9 17 31
359	36 14 10 38
360	16 5 36 47
361	24 42 7 8
362	46 31 8 2
363	12 2 22 28
364	31 44 48 24
365	37 18 19 35
366	46 26 30 4
367	3 35 5 34
368	26 47 32 12
369	20 22 6 1
370	50 32 42 19
371	26 38 16 33
372	45 50 8 34
373	34 35 21 30
374	24 12 5 25
375	37 10 39 22
376	32 27 47 1
377	16 23 39 24
378	2 45 13 37
379	17 15 21 25
380	42 5 43 46
381	27 40 47 34
382	4 15 22 5
383	5 3 6 38
384	49 7 15 23
385	46 23 3 22
386	30 46 25 14
387	15 36 28 14
388	5 36 23 31
389	28 29 45 4
390	18 14 29 21
391	33 1 24 49
392	41 35 28 1
393	18 11 37 24
394	47 39 36 31
395	5 33 34 24
396	18 17 24 5
397	16 42 14 33
398	40 11 45 12
399	17 47 6 19
400	9 46 48 34
401	39 31 34 27
402	37 10 13 36
403	15 13 12 31
404	29 36 45 31
405	23 28 18 42
406	44 6 37 26
407	19 31 42 18
408	19 2 42 29
409	43 45 20 24
410	39 42 19 32
411	10 30 33 7
412	33 50 3 26
413	1 5 13 15
414	23 24 28 8
415	13 40 15 4
416	5 39 25 47
417	37 36 25 23
418	24 50 48 14
419	17 26 36 9
420	18 27 5 20
421	4 33 29 46
422	29 45 19 42
423	20 6 43 37
424	13 27 38 8
425	37 39 29 45
426	21 27 33 30
427	32 25 49 36
428	3 34 21 22
429	35 41 14 20
430	36 19 47 16
431	30 21 37 19
432	14 25 47 4
433	10 18 41 9
434	16 15 7 17
435	47 29 31 19
436	5 15 11 29
437	22 28 19 17
438	50 25 20 15
439	32 2 23 24
440	22 26 20 1
441	2 23 21 36
442	43 35 2 8
443	29 2 25 44
444	12 39 26 32
445	6 46 26 49
446	1 20 21 6
447	25 46 43 47
448	13 45 2 38
449	12 6 47 15
450	5 49 2 9
451	46 20 49 6
452	19 45 2 49
453	16 23 47 21
454	36 4 44 30
455	17 21 32 37
456	34 25 14 38
457	32 45 25 3
458	14 46 25 8
459	41 14 37 36
460	26 49 48 41
461	13 42 37 3
462	4 30 48 44
463	6 25 2 9
464	31 29 4 41
465	34 2 10 50
466	46 25 20 32
467	22 6 13 21
468	38 44 13 46
469	38 45 20 5
470	37 48 47 42
471	23 28 22 20
472	43 31 10 48
473	10 6 26 31
474	29 16 50 2
475	37 12 33 48
476	26 34 9 50
477	35 28 10 32
478	12 26 42 19
479	40 31 14 25
480	23 15 3 19
481	33 4 6 16
482	30 38 48 21
483	37 32 6 16
484	12 5 50 42
485	15 35 46 32
486	34 46 50 6
487	27 38 8 5
488	18 8 25 17
489	15 11 21 3
490	40 3 18 9
491	41 29 17 25
492	14 6 46 34
493	43 38 40 19
494	10 43 20 27
495	25 13 6 14
496	24 44 26 17
497	33 28 46 14
498	10 15 47 1
499	34 37 21 38
500	38 18 26 4
501	42 50 35 48
502	35 19 45 11
503	26 22 32 25
504	10 36 17 27
505	27 23 20 12
506	14 27 34 19
507	23 50 45 21
508	10 50 29 17
509	31 26 28 6
510	46 2 1 10
511	4 20 21 38
512	37 23 6 44
513	42 40 48 47
514	27 24 1 31
515	50 20 44 37
516	46 11 33 49
517	42 10 2 6
518	33 13 7 12
519	18 11 4 34
520	35 14 5 18
521	17 9 44 40
522	47 29 24 48
523	29 26 22 48
524	36 7 6 5
525	37 25 21 15
526	13 37 27 48
527	33 32 8 26
528	32 10 41 20
529	25 36 20 31
530	10 37 35 2
531	14 38 27 30
532	43 28 26 44
533	35 13 29 27
534	33 1 32 11
535	46 21 15 17
536	24 19 10 34
537	45 36 8 33
538	37 5 22 2
539	19 41 11 26
540	15 29 3 4
541	2 12 4 27
542	16 26 22 2
543	36 22 32 44
544	25 28 47 26
545	6 37 21 30
546	14 48 4 39
547	20 19 6 50
548	39 40 44 12
549	32 39 14 50
550	11 3 32 39
551	23 17 30 16
552	8 5 41 43
553	4 3 15 50
554	27 35 45 40
555	25 28 35 42
556	2 46 44 9
557	12 34 23 14
558	8 17 44 5
559	13 3 40 23
560	39 44 13 1
561	37 9 15 43
562	31 26 35 19
563	45 12 24 47
564	26 20 36 48
565	7 49 28 42
566	17 18 40 21
567	8 29 13 3
568	3 15 43 1
569	19 38 40 7
570	36 17 43 37
571	44 46 21 10
572	43 37 1 39
573	41 44 40 17
574	12 5 38 21
575	12 19 13 39
576	29 36 43 23
577	17 9 7 13
578	28 22 6 32
579	23 16 31 12
580	41 23 4 18
581	50 28 6 39
582	36 15 3 9
583	36 28 38 15
584	49 50 5 36
585	22 26 12 25
586	4 39 47 17
587	26 2 30 5
588	48 43 17 16
589	9 28 3 2
590	38 49 3 47
591	2 37 14 17
592	47 12 48 3
593	39 27 2 26
594	38 10 25 12
595	38 35 30 20
596	21 8 18 27
597	50 19 14 47
598	29 36 1 47
599	1 32 12 34
600	25 33 34 12
601	46 47 35 40
602	2 13 39 38
603	28 41 38 8
604	13 7 39 19
605	27 2 31 39
606	50 43 27 29
607	43 26 27 9
608	15 49 34 28
609	30 50 25 44
610	34 42 14 7
611	14 13 41 24
612	12 48 3 33
613	23 17 18 28
614	31 39 5 26
615	16 43 5 7
616	46 31 39 36
617	37 25 36 11
618	24 33 5 22
619	32 37 23 47
620	25 49 13 44
621	30 34 5 39
622	1 41 19 26
623	33 45 21 15
624	14 18 11 30
625	25 26 16 36
626	16 33 5 38
627	37 49 44 4
628	9 13 10 27
629	20 34 19 30
630	28 17 46 7
631	14 4 37 21
632	19 4 9 39
633	4 25 23 10
634	18 32 14 30
635	20 28 1 16
636	38 31 16 29
637	49 40 50 41
638	10 48 31 38
639	1 9 44 45
640	29 19 33 24
641	15 8 34 25
642	10 22 34 3
643	26 31 37 30
644	9 44 25 37
645	18 16 26 45
646	6 33 40 34
647	18 31 8 47
648	16 26 31 42
649	5 43 33 15
650	37 34 48 46
651	7 42 11 32
652	23 25 13 37
653	32 36 24 13
654	19 44 42 16
655	17 25 44 3
656	42 20 41 13
657	19 38 25 24
658	19 28 31 26
659	8 9 10 32
660	20 11 48 46
661	3 33 9 4
662	24 39 11 40
663	32 34 15 7
664	31 11 19 34
665	23 31 47 16
666	24 48 32 36
667	26 15 50 7
668	29 35 9 31
669	33 9 44 37
670	9 19 28 1
671	34 26 2 17
672	9 18 37 43
673	25 2 47 29
674	33 38 31 29
675	20 31 15 38
676	20 28 8 49
677	3 32 11 22
678	19 4 42 38
679	8 50 39 5
680	26 8 25 2
681	17 19 14 33
682	29 19 3 25
683	17 48 38 9
684	44 34 37 4
685	26 35 32 45
686	34 1 47 48
687	13 9 5 21
688	13 31 44 20
689	21 45 31 48
690	33 19 41 9
691	6 28 36 11
692	7 28 49 20
693	34 48 44 38
694	19 17 27 45
695	4 11 39 27
696	34 45 28 18
697	2 37 24 31
698	30 16 7 27
699	42 26 17 10
700	7 31 42 34
701	5 26 17 25
702	46 8 20 35
703	26 35 4 8
704	16 24 15 48
705	5 42 6 7
706	48 35 46 36
707	11 4 29 33
708	42 49 17 46
709	13 5 39 15
710	46 19 5 8
711	22 24 26 4
712	4 42 34 47
713	14 3 37 43
714	11 25 4 28
715	47 22 37 1
716	50 44 14 45
717	31 43 8 33
718	42 11 2 12
719	14 33 18 49
720	14 2 33 16
721	18 26 5 2
722	10 2 1 40
723	38 50 37 30
724	41 28 37 27
725	42 15 45 34
726	43 20 3 18
727	46 44 41 38
728	28 35 24 47
729	21 42 4 9
730	46 9 16 13
731	50 4 11 7
732	27 47 1 12
733	40 45 48 16
734	7 48 9 11
735	7 8 20 27
736	10 17 14 49
737	5 11 39 40
738	16 11 41 42
739	30 15 23 37
740	37 1 6 29
741	36 24 40 38
742	36 26 21 42
743	4 41 13 15
744	49 7 40 6
745	7 14 19 15
746	45 8 3 37
747	40 48 44 20
748	29 22 25 26
749	17 23 6 14
750	5 19 26 4
751	39 37 49 43
752	48 45 47 16
753	39 17 24 32
754	27 6 35 42
755	23 6 19 24
756	10 44 36 15
757	25 10 17 30
758	33 29 20 46
759	3 25 39 50
760	31 46 7 49
761	43 14 8 9
762	1 5 9 41
763	26 39 49 22
764	9 3 37 18
765	47 21 14 32
766	12 29 35 37
767	16 43 1 45
768	2 24 38 50
769	30 21 42 43
770	2 1 6 26
771	24 12 49 38
772	45 20 34 26
773	45 37 9 13
774	43 25 14 23
775	27 26 36 35
776	4 22 18 12
777	4 27 38 41
778	28 24 27 20
779	6 16 13 17
780	19 14 34 29
781	6 33 4 50
782	50 34 35 37
783	33 34 47 43
784	4 11 44 1
785	17 30 33 23
786	9 38 3 7
787	24 36 19 9
788	24 29 1 21
789	40 27 35 18
790	20 42 25 32
791	38 28 32 46
792	49 31 6 30
793	39 15 44 2
794	19 21 36 44
795	12 45 41 47
796	37 45 14 22
797	20 18 28 34
798	31 4 48 14
799	34 10 21 38
800	18 33 8 17
801	42 26 47 39
802	18 39 23 49
803	48 26 1 38
804	24 29 20 31
805	5 47 23 1
806	2 7 19 22
807	14 30 7 25
808	40 16 14 36
809	42 11 37 47
810	36 24 34 44
811	2 39 48 42
812	9 15 34 30
813	22 15 12 34
814	3 22 15 45
815	50 24 18 10
816	36 17 6 40
817	40 42 24 19
818	32 2 28 12
819	27 6 40 35
820	40 5 12 39
821	41 23 5 44
822	44 32 3 39
823	30 42 17 2
824	9 11 32 44
825	6 38 40 32
826	11 14 3 19
827	25 18 33 1
828	35 23 25 33
829	5 38 49 40
830	8 41 13 43
831	19 35 11 15
832	25 20 49 43
833	37 11 3 32
834	46 30 36 19
835	32 48 6 38
836	48 49 11 4
837	12 33 48 5
838	29 17 31 2
839	33 24 21 12
840	20 47 21 25
841	30 34 33 46
842	48 47 7 11
843	17 6 11 19
844	40 39 22 47
845	49 15 32 26
846	22 41 43 42
847	28 29 27 39
848	45 26 29 12
849	22 24 29 42
850	30 20 9 24
851	39 2 5 12
852	36 49 32 26
853	47 9 29 41
854	14 24 49 42
855	7 48 20 6
856	10 46 29 26
857	11 7 4 23
858	22 41 11 44
859	20 22 45 21
860	43 30 42 16
861	5 13 15 35
862	19 3 31 15
863	40 16 9 1
864	23 4 35 30
865	11 40 31 44
866	44 23 12 16
867	36 7 13 33
868	41 33 15 22
869	19 2 9 47
870	39 29 20 31
871	33 8 19 48
872	25 42 18 8
873	13 49 9 42
874	4 29 28 18
875	21 4 33 11
876	41 22 25 20
877	13 4 45 9
878	9 36 38 34
879	33 47 3 35
880	44 27 42 5
881	50 17 16 37
882	1 11 16 4
883	11 26 49 18
884	50 12 15 26
885	10 14 43 4
886	23 13 15 48
887	42 23 44 49
888	2 13 45 1
889	27 28 31 2
890	32 27 9 20
891	31 38 7 23
892	40 7 9 49
893	32 20 24 10
894	44 40 50 25
895	39 2 47 37
896	33 49 42 1
897	14 21 29 7
898	9 49 36 24
899	1 2 49 36
900	16 14 19 7
901	31 29 12 35
902	38 50 9 13
903	17 38 41 40
904	42 11 1 22
905	46 50 5 21
906	37 26 14 29
907	35 45 14 25
908	20 38 26 17
909	37 38 31 44
910	30 50 43 5
911	17 47 49 45
912	15 21 49 42
913	39 46 24 14
914	32 28 27 7
915	23 9 4 43
916	34 37 11 19
917	10 25 46 18
918	9 32 42 48
919	10 25 11 23
920	28 50 33 12
921	22 1 50 17
922	39 20 23 40
923	27 26 21 40
924	14 40 39 10
925	5 35 1 10
926	28 46 43 41
927	13 19 27 50
928	45 43 34 8
929	22 40 6 31
930	45 13 15 8
931	8 47 1 7
932	4 1 7 39
933	24 45 6 50
934	37 42 18 33
935	30 16 9 6
936	10 16 40 20
937	1 16 10 20
938	34 23 15 13
939	12 10 32 26
940	26 40 39 36
941	10 25 18 16
942	45 3 40 29
943	14 47 41 30
944	29 50 41 40
945	41 49 12 39
946	17 22 47 14
947	9 49 48 46
948	14 17 50 32
949	24 45 34 3
950	9 40 25 31
951	21 8 12 1
952	21 3 13 37
953	37 46 19 39
954	16 34 45 22
955	47 34 13 8
956	47 25 10 16
957	1 28 19 11
958	30 7 21 31
959	24 49 11 7
960	33 28 31 30
961	45 11 31 12
962	41 49 5 24
963	50 14 38 31
964	38 29 25 2
965	47 20 6 41
966	30 31 4 18
967	4 7 34 12
968	28 24 43 45
969	44 6 37 12
970	48 49 34 3
971	13 33 8 20
972	23 50 47 48
973	32 11 24 23
974	50 28 30 14
975	37 32 17 28
976	39 10 20 21
977	47 40 38 50
978	17 14 2 6
979	7 28 11 25
980	13 40 24 44
981	50 5 22 38
982	9 48 3 28
983	46 26 5 16
984	13 48 3 8
985	46 34 39 35
986	32 28 6 45
987	26 28 35 5
988	27 26 23 10
989	5 44 12 18
990	26 43 34 50
991	35 36 48 23
992	26 5 13 43
993	29 32 33 50
994	9 25 38 1
995	34 50 13 32
996	48 47 9 49
997	12 46 48 15
998	4 29 44 21
999	4 38 14 25
1000	11 26 14 4
