Students	1000
1	95 2080 960 676
2	634 2617 1395 3482
3	2286 982 813 2926
4	568 3141 133 1310
5	2431 226 3246 2258
6	2071 456 2547 2901
7	370 1823 1176 659
8	302 695 3426 1283
9	1356 1807 1927 3437
10	941 249 2400 3347
11	1553 2754 1460 2193
12	3050 1119 2609 2598
13	3415 2260 2078 1965
14	2520 3447 3209 1932
15	441 2538 3476 1974
16	162 3110 1710 2427
17	2533 2320 71 1914
18	589 919 3045 3386
19	965 2415 3118 3178
20	2893 3443 2305 1932
21	2778 466 2027 2361
22	1284 2367 292 3159
23	2328 3389 2192 3316
24	1817 1517 3438 392
25	94 2367 411 2467
26	2587 3255 2207 754
27	1825 2898 2216 2960
28	3323 914 2828 2786
29	3161 80 3024 1647
30	172 3230 1605 2958
31	2353 74 3131 2744
32	2592 3396 654 928
33	2870 647 2998 2383
34	222 1891 2143 1994
35	2820 2174 2707 98
36	1859 2120 1048 1116
37	294 2598 3288 3115
38	3169 129 2032 2003
39	3010 1131 337 1627
40	1616 2771 322 632
41	928 1748 36 1029
42	237 1170 884 128
43	2837 2047 2769 1354
44	1780 620 836 1830
45	2806 63 1520 922
46	982 2772 784 860
47	1335 829 2194 1966
48	1763 3459 2761 2875
49	18 2721 2837 2700
50	2446 960 1538 3173
51	1550 1556 3011 3055
52	3207 2192 400 3122
53	3003 3382 1788 454
54	398 2018 1440 2358
55	411 509 2923 230
56	2565 1751 71 2470
57	863 571 2332 2419
58	511 1845 1758 323
59	3035 1208 2939 1343
60	51 1894 473 2905
61	1852 1417 1862 1502
62	2190 1166 30 1523
63	267 3149 2697 458
64	3380 285 3275 322
65	2023 1400 1403 1940
66	2168 3444 124 551
67	3154 2309 1417 1560
68	2079 180 103 1107
69	2425 3117 1734 2025
70	2826 2735 1399 3288
71	1433 394 1150 2871
72	1040 2351 1934 800
73	106 1451 1789 1703
74	607 1092 180 1888
75	956 3129 2896 529
76	3341 333 2785 3073
77	1550 3416 2589 3234
78	729 1493 2613 3267
79	1886 2806 1002 1251
80	1250 2382 1493 605
81	3053 1306 3306 1983
82	304 160 3390 1610
83	855 670 3144 2970
84	212 2954 3200 1325
85	2422 670 1463 254
86	1847 2992 1145 3308
87	3142 3077 2581 1334
88	3461 2381 98 2362
89	2255 2495 3130 1005
90	1008 732 3255 104
91	330 3269 1727 300
92	1307 2764 1800 425
93	923 868 849 2110
94	1765 2837 1611 599
95	2745 3457 1462 2460
96	3004 35 1136 2196
97	3269 2250 414 2241
98	1172 3416 3338 152
99	3387 3289 1004 1080
100	2998 3460 3495 2706
101	3403 3375 3492 2293
102	2133 1967 1777 1070
103	2903 656 1495 246
104	1696 2760 254 2043
105	1347 2171 952 1176
106	1558 3022 1454 3383
107	2058 2662 375 2846
108	2312 3397 2184 2096
109	665 1454 1134 3148
110	128 177 1615 2835
111	2022 3457 2960 1519
112	695 2938 1097 1570
113	1044 2685 2261 260
114	3369 1276 2146 1158
115	2015 1530 1578 3427
116	2810 1896 1811 1415
117	2814 945 1340 1743
118	1136 2144 429 2385
119	797 2606 758 1846
120	83 2028 2045 1296
121	1557 2251 1327 1920
122	2456 593 53 568
123	642 1962 2061 2049
124	2865 2768 1651 917
125	1942 400 2649 1105
126	2661 2801 1099 727
127	1066 316 306 1763
128	1696 1064 2155 3211
129	1184 3376 1697 863
130	2267 3491 3443 3294
131	2067 2980 2883 1895
132	1758 2633 2154 2107
133	462 3354 1333 1113
134	1978 2612 2374 1955
135	871 163 2594 1404
136	1057 3293 433 1196
137	457 816 2745 2907
138	2939 2188 3013 2039
139	2450 2479 3318 2044
140	131 1953 2856 3418
141	275 2052 2830 116
142	246 3384 2699 1768
143	519 579 627 1385
144	199 1015 133 294
145	2407 1127 1166 109
146	560 287 3371 2055
147	2079 2218 2355 2401
148	47 3349 3411 563
149	2723 339 520 2409
150	1059 2701 1345 2925
151	1464 3427 3485 2285
152	2821 1852 1556 2500
153	1399 1501 3183 1681
154	836 2189 762 1507
155	3213 3353 2111 1031
156	2774 489 2316 527
157	1539 2812 2831 1762
158	1219 2941 3377 401
159	1474 1684 589 1192
160	3382 1593 1982 2140
161	1626 1918 471 341
162	1386 1913 1704 1122
163	3011 2472 3382 2603
164	131 65 1994 518
165	2823 3161 405 2770
166	3487 3095 3416 197
167	3264 19 2973 235
168	2137 1501 2843 3082
169	506 3371 2520 1836
170	401 1089 306 2842
171	800 393 2085 1204
172	3147 1629 987 127
173	298 1459 1100 1245
174	593 3111 2434 47
175	3340 3492 2336 865
176	2350 1854 1369 33
177	1735 904 1204 394
178	1937 1851 3500 2765
179	445 961 2337 2264
180	1273 23 3003 2945
181	2093 3143 1565 2416
182	2242 1534 3361 266
183	1321 642 87 3115
184	1952 1460 3475 2664
185	241 1222 2302 3354
186	2074 902 941 1099
187	2550 1606 2427 1346
188	913 1658 2571 2394
189	2311 1440 2144 1675
190	1869 2176 1224 996
191	3469 2199 3171 1108
192	2379 1389 126 2833
193	296 121 3219 1728
194	3197 486 329 2885
195	2255 1902 917 2058
196	1512 398 1557 2513
197	618 981 349 3134
198	388 77 1088 1605
199	1186 682 2399 1055
200	1345 688 3432 2123
201	2029 1978 2656 432
202	2157 3022 403 750
203	1379 389 144 1324
204	1954 2292 2279 1621
205	365 3168 732 1190
206	1005 2536 472 3235
207	3125 1544 489 2801
208	3318 733 3478 94
209	2572 1985 1453 3050
210	1653 1355 925 1646
211	2391 1850 3269 520
212	2898 3492 2433 2766
213	1913 443 639 2646
214	2737 1453 428 920
215	2183 954 492 336
216	3064 3411 170 3247
217	3462 75 1188 366
218	3455 1907 3285 1760
219	2099 209 474 658
220	2966 969 1402 520
221	1366 2578 2723 350
222	2884 341 585 984
223	2874 421 162 2252
224	670 3182 2346 3071
225	187 814 215 773
226	3057 2315 165 70
227	155 1985 1345 3314
228	1219 1444 2162 2586
229	1277 819 2310 861
230	3497 945 819 1979
231	1693 2072 3072 2084
232	2450 2128 1412 2104
233	2041 88 2738 1255
234	2926 1043 2689 1075
235	2494 2085 344 1573
236	979 2665 1204 2386
237	843 2365 2 3196
238	216 1912 3147 3350
239	370 1022 2463 1302
240	2123 2704 2 1634
241	1152 2959 465 2396
242	1562 852 1883 3024
243	2188 247 1343 360
244	897 798 3494 1588
245	2435 2052 299 2323
246	3198 3250 1246 3480
247	3491 532 2937 1947
248	122 1484 777 3378
249	1147 2792 2156 2515
250	359 1564 2796 3351
251	2051 1120 1329 3449
252	3029 2446 975 1899
253	1572 863 769 2394
254	593 1831 1876 2463
255	1771 943 3380 2458
256	2630 2382 1314 2339
257	2120 1090 2104 2442
258	2868 2243 402 2712
259	2750 2977 2742 1041
260	1516 1016 24 2895
261	579 3017 1521 2982
262	2799 688 2942 832
263	2186 2618 2382 1926
264	2086 2114 323 542
265	3177 3269 1297 1652
266	1236 542 519 2357
267	162 1324 164 1642
268	2612 3207 1622 630
269	2202 380 1740 2070
270	1255 2358 3461 3015
271	1754 145 3395 543
272	419 2134 2951 1448
273	3295 2648 2496 1537
274	547 1484 3499 93
275	753 2140 2630 1508
276	806 2340 2481 2769
277	2403 1957 2511 25
278	1022 2021 1666 2749
279	1188 1057 384 1480
280	3257 3308 2419 756
281	2256 3375 2007 35
282	2329 2393 1447 592
283	698 1014 2306 1900
284	305 1807 1377 2507
285	1612 1706 203 2834
286	2905 3182 513 1215
287	678 819 1711 1951
288	859 2571 2746 3364
289	3389 69 863 399
290	1472 1263 1200 3291
291	514 3412 3272 2398
292	3104 2871 1946 512
293	1159 1929 160 1831
294	3356 1646 1335 139
295	562 3318 3017 3217
296	523 310 301 1740
297	2391 3401 2200 823
298	1807 2287 1333 1132
299	951 339 185 26
300	417 577 3189 3151
301	659 2994 3433 1673
302	3419 2546 1385 3109
303	1618 1130 1840 2771
304	215 2735 2945 1437
305	2457 1384 49 1703
306	3103 2805 1941 2395
307	2883 2638 3043 2936
308	698 18 433 2244
309	1584 3124 3328 311
310	455 2154 537 2361
311	3247 1291 3226 1961
312	3178 3482 1004 1020
313	1487 1613 3312 764
314	3216 1928 3435 369
315	2458 2676 1327 907
316	1519 2213 2005 1094
317	1285 3020 496 3217
318	2915 2747 1370 1779
319	1278 334 578 2796
320	1764 2200 323 1645
321	2104 2200 2165 2314
322	3160 1082 3114 1122
323	753 1670 2247 2901
324	1542 3332 358 1054
325	200 3059 3331 102
326	3392 2765 913 864
327	1159 1344 3493 2691
328	2236 2360 165 2545
329	745 1668 1134 370
330	2836 1711 1755 2607
331	1687 2904 1361 3430
332	1847 2042 917 2865
333	3011 1813 1420 386
334	2710 2510 272 917
335	2779 1269 2347 2896
336	1299 564 1677 1660
337	3070 543 1606 404
338	3169 1916 979 361
339	3437 577 2805 1980
340	1850 2701 1871 29
341	1493 1151 1296 3161
342	2805 2645 2416 195
343	665 2751 863 858
344	109 568 3208 3187
345	934 3397 2011 969
346	2417 750 135 548
347	2610 1052 3390 259
348	2082 2161 187 958
349	303 2163 243 1408
350	1639 736 3351 776
351	1319 3220 2920 3275
352	1495 1302 1696 2271
353	186 2092 3440 2379
354	1441 1455 90 2424
355	1229 1816 3485 1558
356	433 1072 1153 3467
357	660 1403 1211 2404
358	1588 2946 892 3428
359	1496 855 2077 2672
360	2616 1899 1109 3032
361	1474 1428 2631 1781
362	1284 737 2145 2142
363	2821 3246 3003 2003
364	1952 1150 1666 1807
365	1503 1937 1714 260
366	1128 2149 2489 2210
367	2663 2008 2599 2662
368	2505 204 2201 2713
369	1775 679 2041 3057
370	1449 287 2170 1011
371	1258 3500 1452 3170
372	2207 3096 2084 1566
373	1007 1491 581 863
374	1582 2359 738 2136
375	1951 746 690 1700
376	1575 775 1512 2756
377	2453 1959 2964 2806
378	3462 397 2333 962
379	3485 114 1745 1515
380	3472 483 1302 1468
381	2168 1208 2204 2428
382	193 1683 2773 1289
383	1881 2740 1499 1363
384	2484 2779 784 3043
385	1248 1419 724 2656
386	1107 2583 10 2807
387	2896 509 113 970
388	1900 1077 811 481
389	1472 2049 2407 2582
390	2242 351 399 1598
391	1432 1725 1209 171
392	2620 2453 2254 3447
393	678 599 292 285
394	994 1852 1130 1204
395	659 1035 2453 2557
396	219 2859 1782 3018
397	1526 665 397 248
398	609 3019 3500 1207
399	957 1501 3447 415
400	2757 1247 1526 2288
401	2743 857 512 863
402	50 1235 609 1113
403	1680 1618 2744 2616
404	2291 1485 1171 2327
405	2263 2072 1216 1325
406	627 2220 2938 2221
407	128 928 2133 3458
408	1950 810 1347 1851
409	577 1471 1208 1652
410	2182 1345 1624 1524
411	951 1784 2266 1372
412	1773 2973 2597 3340
413	483 1874 3442 1897
414	984 716 1145 587
415	1135 3156 2515 2261
416	1406 551 2538 1735
417	299 3183 3419 517
418	2352 1704 1979 677
419	544 788 1386 2606
420	1638 1337 1762 2693
421	2958 2800 1881 3234
422	2421 994 199 1854
423	1404 1847 1636 885
424	1590 3039 1828 2758
425	1322 1401 994 2097
426	2830 1598 1820 47
427	2984 117 651 2673
428	3307 3437 642 1210
429	2371 777 19 827
430	473 2153 1610 1564
431	2072 2142 3496 3216
432	1314 990 1842 2185
433	3357 2348 321 2400
434	365 2190 2931 1828
435	273 3104 2443 2120
436	2129 1286 3211 1568
437	1829 1826 2456 1715
438	2502 2447 2070 2020
439	2483 1109 635 665
440	556 80 3500 3026
441	3369 875 3425 2542
442	2021 1170 1378 1680
443	2292 2903 942 3159
444	1482 2062 1440 3410
445	2200 1492 3105 1841
446	782 2219 926 694
447	3444 2941 915 2591
448	1768 2347 58 653
449	1740 2207 1687 913
450	1440 2668 3246 2975
451	1345 2590 653 1732
452	1714 2085 2331 1149
453	3033 2086 2376 2205
454	1373 1980 116 1007
455	3496 636 3230 2706
456	906 927 2561 978
457	1872 1869 2942 498
458	1272 2186 2212 1807
459	596 2620 2244 429
460	709 1000 3226 219
461	1293 2984 2618 2543
462	2040 891 1822 1743
463	445 2925 903 2190
464	1451 1873 456 1960
465	1504 2533 2694 1613
466	3022 808 1215 495
467	3136 2900 2938 2007
468	801 1919 1147 1013
469	185 716 1047 2305
470	1475 881 2093 1846
471	3414 3180 521 299
472	659 1308 2593 3171
473	1970 3052 2705 2800
474	1070 1432 2970 2357
475	1949 235 2724 2756
476	2793 2774 2913 1274
477	1793 620 2937 162
478	3050 676 3177 1346
479	1149 575 1950 3182
480	2294 162 2897 3186
481	2163 3412 1714 1139
482	112 2764 2561 3481
483	507 379 622 1465
484	2841 1625 2794 1170
485	2801 3289 795 800
486	879 2458 833 163
487	351 1725 796 180
488	1592 2242 1934 540
489	3451 2868 2016 714
490	1770 3344 1394 749
491	2761 956 264 1240
492	941 178 2932 2316
493	2043 2583 1794 2756
494	2413 1436 843 47
495	2757 1076 1037 350
496	212 891 2135 5
497	2789 8 2179 3002
498	618 3338 2227 378
499	2266 3000 2030 2420
500	1774 270 1301 2493
501	619 426 201 540
502	1840 2050 6 896
503	3246 1276 1102 1460
504	411 1470 2924 1426
505	291 3488 2120 1915
506	1884 2352 1047 704
507	198 354 1001 2341
508	2660 2049 1444 1801
509	3348 1677 1548 2787
510	525 3083 3341 205
511	207 1790 634 1712
512	1214 940 1001 894
513	1992 2705 1316 2757
514	3068 2020 2043 3484
515	1503 1185 2963 202
516	1863 2124 236 1017
517	2292 1283 2309 1707
518	2743 2411 2257 899
519	2413 3010 1682 3438
520	1800 3262 1027 2465
521	2069 1640 2380 347
522	730 1112 1415 2943
523	1450 2869 734 1778
524	1017 419 931 888
525	104 500 322 567
526	2458 2152 2941 1289
527	2671 3097 2585 20
528	3387 2389 3465 216
529	2265 2129 762 2046
530	3203 2409 1275 3335
531	2799 2488 41 1240
532	3391 3488 736 619
533	1460 1410 2705 2955
534	1405 1967 1714 418
535	473 3317 290 286
536	837 1094 2825 2361
537	253 1316 828 2955
538	1968 1609 2893 255
539	2384 2687 2211 1312
540	2781 1539 162 807
541	2305 2489 1527 591
542	703 3247 103 3032
543	1920 2618 2855 1131
544	753 879 1563 1181
545	1216 1532 551 2518
546	1452 1997 2034 957
547	1312 660 1426 38
548	3242 1413 910 2068
549	3192 487 2972 3418
550	2773 1456 1878 1434
551	2157 698 1387 1109
552	1297 3212 2887 2534
553	1864 2849 2590 1291
554	500 636 2134 1434
555	2066 486 1783 1895
556	1439 1780 1029 1100
557	2927 346 3255 1732
558	798 3363 807 2471
559	1066 810 1164 756
560	2003 2862 1711 1174
561	1166 1066 976 623
562	764 337 1574 2496
563	1238 1590 3421 2507
564	3352 3283 3112 3453
565	2310 3436 528 2102
566	2976 929 2881 3393
567	1485 58 1701 1880
568	3316 3055 20 1640
569	1018 3369 1185 3496
570	1757 143 2285 106
571	657 67 1448 1205
572	84 2905 2263 2229
573	2184 333 2547 2320
574	2324 1581 749 2357
575	2177 435 987 582
576	1110 1719 2885 2467
577	2126 421 1827 782
578	1838 1086 2958 726
579	147 1117 2942 1190
580	2537 2281 1098 1485
581	1079 1406 325 1648
582	2268 1141 125 3299
583	1322 354 1172 249
584	2446 3066 384 1464
585	332 1631 2704 658
586	3352 969 3086 414
587	1686 2354 751 2544
588	181 225 1024 2074
589	1162 1952 539 2591
590	1786 2644 1913 2945
591	1770 3408 3431 769
592	1307 251 178 2805
593	2646 2344 2505 1432
594	2707 916 2101 2928
595	2192 2221 363 345
596	3196 2722 3047 678
597	3282 2636 2935 2469
598	1339 2309 1292 196
599	2306 635 766 729
600	69 872 489 3196
601	1723 221 1856 540
602	2107 944 2355 1588
603	1202 274 76 121
604	1709 3117 2363 291
605	3325 2985 1479 1013
606	3355 400 2025 1652
607	1180 1513 1994 324
608	1449 2549 3236 859
609	1547 3031 3009 2943
610	2712 308 186 144
611	695 1583 3240 3417
612	1391 771 2969 2393
613	2159 1185 506 1263
614	2000 243 2231 510
615	3151 3447 1168 3257
616	695 839 2569 1075
617	1562 1636 895 2694
618	1967 866 1838 892
619	2292 2500 1300 203
620	671 426 1566 58
621	2896 1925 2121 1987
622	2499 626 2372 595
623	297 3001 2688 1847
624	747 3237 3065 2562
625	512 892 2300 2416
626	345 1216 2958 310
627	107 1530 2907 1380
628	2294 1026 1977 1773
629	733 2551 1592 902
630	1748 858 2215 3276
631	1829 1614 2344 3126
632	3139 2005 2822 1407
633	719 1737 1420 2437
634	1772 854 3446 936
635	2480 2086 2332 1144
636	1492 245 2362 183
637	2119 1268 2997 3421
638	1976 2721 2501 1004
639	2685 561 3045 3153
640	877 2093 2713 320
641	573 2697 1035 3348
642	2461 2107 3390 2760
643	346 1842 950 446
644	1518 2481 2441 3042
645	1499 1149 862 195
646	3199 560 2585 239
647	1121 899 486 2301
648	3057 885 1536 465
649	1471 1580 553 2710
650	1420 1079 2851 371
651	3002 1964 3022 2293
652	2277 555 1018 2099
653	1385 1191 3057 2685
654	716 3283 2796 2005
655	577 3161 3496 274
656	1960 2040 3329 2092
657	2955 2589 1685 1682
658	2880 879 227 1606
659	3003 2947 1552 1665
660	2322 2867 3015 683
661	498 678 2179 2028
662	3405 2500 2755 1324
663	1049 1533 3327 595
664	3379 2153 81 1758
665	1798 2620 1984 2309
666	1893 3362 1474 2960
667	1454 2823 1442 3266
668	1955 2761 2800 227
669	744 1098 2191 3433
670	1063 554 923 285
671	2734 2275 2122 1824
672	2929 1016 1598 1849
673	303 480 2518 721
674	350 2149 3403 495
675	933 2982 1217 2386
676	2184 358 1537 3489
677	3260 354 557 1371
678	1537 2213 600 1488
679	2678 1628 828 1739
680	1096 2197 2281 2679
681	1039 2790 3402 2494
682	2666 3158 1835 3015
683	2811 2358 1551 605
684	1291 1583 815 1215
685	2288 2043 1122 2301
686	2905 3240 3156 1127
687	195 1971 783 2255
688	2755 2217 2046 3409
689	287 312 2966 2425
690	3390 919 1834 236
691	208 2732 365 2101
692	1256 3165 2309 3492
693	3125 3020 3495 2176
694	449 2126 718 945
695	2297 1454 3250 2809
696	2936 1550 2659 3024
697	2935 456 2289 469
698	3483 3402 287 3220
699	3331 2397 726 2806
700	1282 335 1220 2052
701	2902 3030 2175 992
702	2172 1708 1577 2324
703	2888 886 1625 1473
704	2559 716 2222 3143
705	1073 2209 2859 3082
706	1012 2118 2082 1310
707	961 944 1808 2159
708	1191 1494 3245 1763
709	2435 3133 680 129
710	2114 2441 2565 1760
711	472 1600 3091 2040
712	3410 699 59 386
713	2041 2748 2603 1239
714	20 1244 1615 1822
715	3322 2905 2671 719
716	2414 2576 320 563
717	1903 1686 421 1717
718	709 3061 1145 3461
719	124 3070 953 838
720	1597 2457 3262 1564
721	2677 2482 2542 349
722	811 2516 1403 246
723	90 1018 3091 2859
724	1347 3385 1402 92
725	3107 126 1072 1299
726	437 3396 3467 1831
727	1475 2007 904 512
728	2234 261 1640 433
729	2516 3263 1320 2344
730	1408 147 3024 1698
731	3294 356 3206 1832
732	1309 1130 1024 3266
733	2546 2807 195 26
734	3026 580 2148 2081
735	2463 1705 1487 38
736	1116 2122 318 1777
737	1691 1533 357 1174
738	1432 1514 161 880
739	1847 1068 221 1416
740	2863 1425 2879 539
741	1578 2141 857 3142
742	2941 1398 2507 229
743	3090 1872 484 1207
744	1621 2046 3247 45
745	2785 2644 368 464
746	3145 1868 3485 2798
747	979 989 1423 2422
748	2238 2993 2189 2618
749	403 3286 994 3006
750	3425 49 1029 1220
751	456 2201 993 1834
752	2091 378 1864 1820
753	883 2111 1513 2588
754	919 2313 1122 1982
755	1295 2363 2760 1300
756	3113 3334 2095 2360
757	2122 2644 1281 896
758	830 33 1785 3432
759	1291 436 1440 1945
760	958 481 2157 2843
761	2078 2036 1918 2400
762	2873 2809 3473 2465
763	3232 3432 1222 2586
764	1509 2600 2833 625
765	623 2406 1741 2859
766	1997 1453 2579 317
767	1263 669 2781 184
768	333 992 884 1869
769	2173 1464 3317 1378
770	2428 3449 2619 3265
771	148 1139 797 1458
772	1533 427 439 3311
773	3045 3406 2857 1840
774	2926 950 1553 914
775	2795 2138 3132 3196
776	2850 2921 200 580
777	843 916 1067 1934
778	3035 1748 2068 125
779	302 3202 3220 1140
780	735 1481 226 1837
781	1064 2518 2432 353
782	496 2545 1515 1003
783	3142 1760 2588 739
784	3471 1826 2929 1823
785	486 1850 2291 1129
786	3322 1714 3097 1761
787	2477 2292 2798 400
788	2821 3456 1300 1824
789	1259 3367 444 1934
790	478 2619 3230 1129
791	3492 1650 2485 2763
792	2540 1829 752 914
793	2037 2796 385 3058
794	407 1436 1934 2859
795	482 1586 1036 1903
796	3471 785 2849 209
797	802 84 3154 1143
798	2590 3297 3429 3264
799	2318 2391 829 219
800	3311 708 2545 3260
801	2975 928 2159 2642
802	2639 2943 3030 3082
803	800 2435 826 1165
804	20 2314 2466 61
805	1223 2371 206 1833
806	2854 3469 2785 1851
807	2752 1282 3185 1842
808	2709 331 3112 52
809	2786 803 840 2084
810	1001 584 1177 339
811	2626 1389 2950 3349
812	2235 1677 2242 1840
813	2508 2108 480 2477
814	987 720 1107 2472
815	723 837 1727 1657
816	1575 2170 2588 1773
817	125 532 1708 2233
818	2437 2182 714 2045
819	1538 1846 3138 3168
820	466 132 3403 840
821	263 2276 2441 2771
822	599 2394 2499 3404
823	1100 1266 1242 1460
824	1144 148 1238 1774
825	928 2634 598 2121
826	847 707 74 153
827	1057 61 1940 3134
828	1391 3113 1711 3090
829	1711 1425 2237 1771
830	430 2062 734 1302
831	613 3203 2813 2523
832	1503 573 2905 1177
833	729 2307 1029 1398
834	3008 3224 2931 2679
835	2352 3273 1159 1910
836	120 2733 2906 1936
837	2767 1944 2792 3329
838	2877 137 2602 1762
839	2273 1416 2932 3279
840	284 902 876 2329
841	2422 387 1701 439
842	2652 3358 1676 994
843	1829 1198 2590 3
844	2418 496 420 1071
845	1429 1884 1150 2556
846	3076 378 3463 1517
847	63 2768 2809 1222
848	340 2596 389 594
849	1234 727 1625 3359
850	2477 531 1496 608
851	1856 1130 327 72
852	766 1974 1125 1760
853	257 93 1321 573
854	2274 1551 783 15
855	2146 158 1610 789
856	146 299 2552 700
857	1639 761 114 1193
858	1823 1228 2790 1728
859	1383 2420 3373 67
860	550 2691 2856 1507
861	3173 2389 1863 307
862	1743 3478 1867 127
863	3328 2207 3380 965
864	196 1609 414 3410
865	1476 1488 406 3484
866	765 520 3174 1303
867	3198 3056 2816 1984
868	90 1960 2468 2413
869	1332 2544 1975 2563
870	3495 1234 3078 3230
871	3041 1436 905 2861
872	2616 2181 2942 2759
873	1024 142 1153 1037
874	1381 1626 3334 840
875	1068 1622 813 2956
876	3290 936 1167 2979
877	2333 2824 3331 642
878	2036 747 1759 431
879	588 1682 1260 518
880	2278 1912 1147 2611
881	272 2278 2043 1582
882	937 1730 967 714
883	1025 3358 1635 1959
884	136 625 1877 3107
885	2988 2323 2411 3243
886	420 1535 629 164
887	901 1501 285 2186
888	2625 961 620 1782
889	139 2552 783 102
890	3239 1832 2566 246
891	1535 600 1521 2850
892	803 1606 379 3036
893	1935 355 3087 3401
894	3344 846 2894 2924
895	1065 1818 2258 3325
896	1999 1856 3223 1986
897	2403 2413 714 1070
898	914 362 2290 1775
899	813 2822 96 1519
900	2628 201 3482 1476
901	1313 2649 2202 209
902	3042 3442 3323 1871
903	1351 1062 2494 584
904	1190 1928 2677 1844
905	3071 3482 2795 3352
906	353 322 3189 2992
907	1517 2552 99 881
908	176 371 2480 1686
909	2771 597 2393 1590
910	1718 280 1543 584
911	515 544 1136 3003
912	2465 2336 2812 3217
913	1960 2857 1212 2019
914	75 194 2006 283
915	585 1402 666 2977
916	1678 1052 1624 2744
917	3054 2300 1423 2839
918	2281 1839 800 672
919	1617 823 874 189
920	1840 425 717 97
921	2222 2595 1856 1820
922	1262 1874 2333 1319
923	968 3456 3432 913
924	1063 2718 1890 2261
925	1409 1671 1751 2215
926	618 1844 938 3037
927	2092 1315 861 1218
928	828 2162 3045 833
929	1574 118 2431 2074
930	3216 2374 1848 3158
931	1489 2286 1686 409
932	1860 3387 1261 1786
933	3070 2841 106 2812
934	2168 2639 1342 4
935	1342 1388 2552 2510
936	913 413 226 1409
937	1476 3306 2431 213
938	2984 2547 906 605
939	1596 1820 3343 2694
940	197 3349 2798 2658
941	3073 117 804 2475
942	1538 2449 1601 2090
943	3092 1205 1236 1930
944	24 1299 1826 2547
945	1015 2008 2737 1748
946	900 3083 2710 2068
947	1761 2834 1969 2995
948	2164 2846 740 1049
949	1141 2740 2069 1494
950	411 2298 1633 3148
951	256 547 4 1364
952	3223 2392 1820 2386
953	1734 2737 92 3390
954	3304 29 3329 2184
955	1253 2308 2626 2887
956	282 1461 2377 1450
957	402 1201 2598 1843
958	2507 2815 3035 1145
959	69 882 2399 3016
960	384 1488 1513 1462
961	667 2290 2696 89
962	3172 2576 1313 436
963	2064 392 2771 3232
964	1825 967 3456 1355
965	2172 2853 2125 3202
966	1328 3195 2893 2823
967	233 1928 3003 1187
968	107 2717 866 772
969	1327 46 2181 227
970	3426 1371 637 1039
971	3212 2744 3463 473
972	2258 2889 2870 1380
973	2081 2083 1233 1016
974	960 545 2809 3484
975	1826 1448 2208 2769
976	2611 738 1978 1652
977	2384 1694 1730 654
978	1098 1750 2823 1192
979	2480 141 2028 22
980	2518 2371 583 3257
981	2283 2164 2342 1659
982	1891 3396 3164 1224
983	38 1428 1221 853
984	770 1974 2217 808
985	2132 371 842 1006
986	86 3459 1872 1812
987	2987 201 3030 1939
988	2137 61 3223 2851
989	370 1878 1736 991
990	1570 3495 1431 1286
991	2162 1488 268 1145
992	2698 1540 2628 708
993	1806 2421 303 11
994	2677 3404 1678 3163
995	2858 2642 3169 3460
996	3211 421 214 2626
997	2117 108 2922 1759
998	2769 2348 569 1555
999	1164 2458 1571 1987
1000	25 2872 3423 1615
Students	1000
1	3476 3485 1871 2074
2	64 1333 2224 323
3	3071 874 2270 3196
4	1816 3204 3223 2152
5	869 50 2304 551
6	3150 2079 2505 172
7	3210 409 388 1080
8	740 2535 317 3073
9	2825 1336 3446 1820
10	1016 3270 1622 216
11	1577 2288 778 1008
12	553 3117 658 3347
13	316 3444 1832 2604
14	92 1833 1908 1413
15	2861 1560 87 2262
16	397 2411 2304 306
17	1333 1242 77 3078
18	2202 1405 1656 14
19	2297 109 2845 2770
20	299 1871 1484 1497
21	976 2160 274 1728
22	2003 462 2931 210
23	2136 3105 3320 1149
24	2596 1074 1519 542
25	129 1478 188 235
26	129 64 1788 974
27	2023 44 1441 184
28	446 3164 1835 99
29	3214 2254 3344 1422
30	2132 2560 2867 1638
31	970 3442 3065 2241
32	2691 3385 713 898
33	3402 2903 2519 1723
34	2185 1498 3178 1591
35	501 2146 1276 1983
36	1749 3380 794 2681
37	3048 2313 1991 1465
38	428 2326 2807 1901
39	2904 2073 2772 147
40	2073 303 251 782
41	2474 3269 1292 1167
42	2135 2395 3108 3489
43	2922 2598 3259 3496
44	76 2170 2373 1415
45	3105 2813 574 1891
46	348 3095 2858 909
47	57 2647 2167 1443
48	3326 2719 239 2659
49	1842 1067 1083 616
50	424 1875 191 3116
51	71 1960 849 1734
52	2659 484 2474 967
53	3425 1391 3108 407
54	2345 246 2033 1519
55	3125 2349 2829 1916
56	751 602 2507 3420
57	1422 154 1134 96
58	1038 1746 1620 2468
59	1365 639 527 1736
60	2075 1780 1082 2325
61	1841 255 1332 2517
62	2777 2736 1048 696
63	2656 887 253 1449
64	3000 3217 189 2609
65	3255 2897 3356 738
66	659 746 2704 2128
67	39 817 1659 1927
68	728 664 2920 865
69	2191 3015 1334 598
70	2 494 2777 2345
71	3334 2805 2690 2295
72	2082 1135 2152 1260
73	2417 612 275 2237
74	3378 2041 3436 2831
75	1732 2606 480 2244
76	65 2728 1336 396
77	623 2653 3011 675
78	2397 1956 1630 1065
79	47 908 1474 2988
80	2482 2318 3023 93
81	2397 1519 678 3383
82	3205 718 855 3334
83	2715 3161 2467 1772
84	1779 313 3165 2936
85	726 913 580 647
86	1552 3458 2081 1568
87	2469 2007 3115 144
88	140 509 2073 2305
89	677 3487 193 420
90	2644 2029 940 3333
91	16 513 2834 1647
92	1759 463 1814 473
93	3246 1327 2419 2215
94	3398 762 1617 2026
95	1414 2278 2399 3400
96	556 185 2690 1740
97	2270 801 72 2481
98	2555 2130 2794 2667
99	197 374 3418 967
100	3030 1811 1818 1957
101	141 2166 1976 2263
102	9 2448 2844 2574
103	1220 1442 3236 2241
104	749 1814 1211 141
105	3474 2208 2406 2848
106	80 3066 2365 2070
107	518 3147 1190 1476
108	425 2654 2129 2778
109	2714 1527 2987 436
110	2827 1434 509 2250
111	890 1556 1524 1969
112	3336 1683 1847 2786
113	79 2503 1044 2292
114	3369 759 3450 223
115	257 915 2644 1751
116	1760 3460 2869 3471
117	583 2332 2773 173
118	2578 867 1180 92
119	2765 2626 1757 1055
120	1480 1027 3463 1206
121	783 377 1453 2232
122	1855 246 2742 2844
123	1919 140 2826 161
124	3237 2065 2320 2405
125	236 1488 1850 1439
126	1099 1637 340 2161
127	1468 333 2650 2636
128	2948 1724 1952 780
129	2072 1308 1263 977
130	2335 402 3163 76
131	597 1829 735 1334
132	1341 801 3376 2707
133	1416 3436 3109 908
134	1358 2265 2646 1233
135	365 1582 2516 2395
136	535 800 2962 427
137	3305 229 3267 1793
138	3109 2430 1228 1421
139	1726 421 359 3391
140	988 2811 3229 168
141	595 370 2311 1349
142	2892 2412 3094 906
143	1299 153 1641 84
144	2603 2990 1225 3159
145	754 1719 3108 3042
146	2405 1831 2705 464
147	2485 3135 2590 2697
148	642 2805 3025 2877
149	2277 1346 3157 463
150	925 1262 853 1890
151	848 1693 3432 1432
152	2990 617 1729 3240
153	867 2480 2409 150
154	881 635 1805 650
155	1596 1539 276 364
156	1692 1988 745 343
157	1390 58 2670 2920
158	1416 3032 2004 1197
159	1850 1799 2051 1697
160	529 3027 495 702
161	1971 840 100 1155
162	3405 3124 2662 2349
163	766 2085 2642 1779
164	1812 3440 565 2846
165	1507 2012 1148 1345
166	1282 3348 2447 2522
167	3456 2939 321 1598
168	3430 1832 204 2974
169	2201 34 2185 1573
170	906 305 854 1966
171	3031 1859 3354 395
172	2053 171 1932 2272
173	655 853 3435 1510
174	2051 248 1718 1028
175	2948 1969 129 1396
176	2788 3222 2915 1357
177	375 22 2703 846
178	519 876 201 1355
179	2742 2300 2455 25
180	1442 3113 1620 3180
181	2457 97 2762 2476
182	2692 59 465 310
183	580 2493 2089 2855
184	943 3077 2648 1121
185	2088 575 635 2617
186	785 1953 111 1263
187	450 3137 3438 415
188	1806 2299 17 3351
189	1855 1522 1403 3432
190	1369 2395 844 274
191	2195 1311 2206 3349
192	1965 1148 550 1945
193	1259 3397 2001 575
194	1154 2776 706 1583
195	2436 2786 1197 316
196	95 2981 2871 2569
197	3172 460 3403 490
198	881 1028 1068 3186
199	357 3209 1302 1350
200	999 45 2424 475
201	1887 1030 1901 631
202	2039 182 2987 3142
203	3138 3472 1109 2333
204	1442 1923 2774 2885
205	2252 239 2121 3178
206	2021 2384 3372 1149
207	2259 2845 942 1061
208	2230 1285 347 2735
209	1272 3276 750 673
210	675 2564 2291 2292
211	1224 1814 995 277
212	2212 146 1616 2117
213	942 2037 2844 2390
214	618 409 2144 2739
215	1152 1971 1624 432
216	706 153 3147 2645
217	2934 1413 459 3137
218	2028 1080 1273 1039
219	2063 1626 718 3283
220	799 1339 2262 3324
221	3149 3386 1719 25
222	507 563 2964 2562
223	1540 752 1462 2825
224	3282 2119 1974 1899
225	1505 1426 3305 2667
226	1011 1365 2191 2968
227	1342 1686 2653 450
228	2898 1221 2708 21
229	1238 81 3249 593
230	2171 179 799 495
231	1908 3425 639 1553
232	2929 3073 2218 2948
233	817 2032 1244 3089
234	749 1985 1212 221
235	577 2222 1297 732
236	2036 1085 1454 1871
237	9 243 1116 1506
238	318 456 3126 2325
239	3208 1546 2857 2068
240	2655 1612 1038 1340
241	455 3221 2924 2473
242	2147 1894 521 2255
243	275 367 2253 2854
244	78 1770 1863 1113
245	3014 3285 1065 1337
246	2633 2812 1703 77
247	2877 3086 1544 3037
248	3295 3145 3224 171
249	1522 1585 2131 507
250	1513 133 1453 3163
251	487 822 2347 1981
252	2979 828 3231 468
253	1450 1539 109 3263
254	1453 1874 3255 250
255	621 613 1570 1053
256	2413 53 175 2891
257	1858 2172 1442 1965
258	1481 37 1420 1271
259	13 1500 2630 3412
260	529 1622 1345 2782
261	2393 2776 800 1475
262	1629 1328 1829 230
263	222 2816 1214 3236
264	2572 3161 1216 216
265	3467 3121 1804 481
266	1991 2176 3374 2796
267	3000 1372 3500 3026
268	1834 1111 255 2650
269	112 1891 2824 1274
270	1309 1904 3053 2118
271	2115 1627 2645 471
272	2714 275 17 1898
273	2408 326 1826 420
274	1063 1808 1057 791
275	3186 791 1221 2753
276	2289 66 2027 2771
277	719 1486 1660 1135
278	899 1722 559 2731
279	2491 2678 148 1042
280	2415 1021 366 3108
281	1392 3379 1496 1555
282	137 3072 1285 1133
283	46 3027 1554 3301
284	2791 2482 719 785
285	401 2609 3056 1453
286	3453 272 824 22
287	668 1850 363 396
288	3245 1756 1535 2667
289	1338 1544 1603 839
290	1702 2682 1024 2814
291	3075 1270 3288 396
292	2440 2413 3327 848
293	2988 2399 2578 3261
294	1244 760 164 168
295	2479 669 2783 796
296	1999 1774 997 1393
297	1639 505 601 2486
298	988 864 1501 768
299	1476 1850 2385 295
300	1488 2001 2465 2679
301	1606 381 1974 2127
302	2758 2080 3145 2583
303	443 2789 1745 2123
304	2040 2591 2249 3297
305	386 2152 1159 3141
306	1454 2799 1599 2498
307	2492 1426 1019 300
308	2265 2939 513 1353
309	3159 1171 1106 24
310	364 3157 161 3095
311	2446 321 1191 553
312	2512 2522 1479 397
313	3302 2637 166 2872
314	3335 1811 295 748
315	132 385 2235 2544
316	2860 1115 2987 3062
317	2898 1328 2206 1884
318	2923 418 409 3047
319	2202 747 1929 381
320	2164 2336 329 2379
321	1133 3468 2418 1733
322	1984 2048 2881 1969
323	2045 1720 2500 3293
324	2781 200 395 2619
325	1828 622 188 2114
326	2058 1129 3047 1565
327	1728 1685 1646 2232
328	2040 2708 1018 870
329	1251 2375 256 1164
330	1274 1919 1224 327
331	793 608 1372 1499
332	1358 412 3300 1442
333	2192 941 2796 1305
334	3368 1857 2743 750
335	97 2737 2433 912
336	1785 2236 3053 3073
337	3213 708 1395 1454
338	1799 3022 3309 511
339	3266 1471 2065 381
340	1144 2725 2880 1268
341	292 1614 1803 2401
342	1805 312 3405 1034
343	2709 185 3063 1642
344	1814 1274 3301 3498
345	531 1116 1693 545
346	627 826 1827 86
347	999 1245 1128 263
348	543 2252 2188 3347
349	2895 3385 2040 2059
350	994 302 3305 2462
351	334 1274 2278 437
352	2604 2815 1151 565
353	3401 754 2621 2897
354	860 848 2543 3131
355	2127 117 520 1922
356	1938 578 910 882
357	2473 1790 1489 3472
358	1218 1069 2384 3141
359	178 344 822 375
360	2837 1696 32 297
361	138 2769 1669 1690
362	1242 2578 2203 437
363	748 2980 1808 1212
364	2057 266 1827 1428
365	524 3187 1192 3382
366	3334 741 1952 108
367	2218 2544 497 2492
368	1675 2354 24 1890
369	2576 2315 2949 2599
370	2570 1899 1732 1988
371	919 2851 1744 1184
372	1327 804 2270 551
373	229 2197 1237 551
374	2374 1662 2061 1368
375	3057 2395 1955 1083
376	3385 396 830 1874
377	2170 1348 739 3395
378	1164 3266 461 993
379	2564 518 1481 1486
380	2470 1239 283 2944
381	1697 2790 2049 2929
382	562 1848 1785 1857
383	1061 2944 3015 2631
384	1592 3233 2832 1139
385	3060 1448 727 1119
386	2632 1370 1151 712
387	13 2632 3160 1769
388	89 741 3274 1794
389	1533 782 2263 280
390	3019 2304 666 2066
391	1001 257 2719 125
392	886 521 1011 2569
393	849 929 184 589
394	1689 554 3045 823
395	1949 42 2637 3356
396	1496 2359 2383 2121
397	2005 2987 1908 1998
398	1389 477 3067 1093
399	2481 1505 2405 2521
400	553 1660 1460 1031
401	3327 1463 2352 1475
402	3285 235 2214 1088
403	995 1572 1085 425
404	25 709 1826 2353
405	30 763 2156 1886
406	3146 3079 2693 862
407	1878 1391 2034 2088
408	1667 2110 2742 2472
409	422 1498 251 710
410	2779 563 936 3068
411	3201 2534 2228 962
412	593 849 3465 2386
413	3255 1230 3400 1130
414	3330 525 1520 2258
415	2561 2676 516 396
416	797 2762 3361 372
417	592 2696 1699 1466
418	417 2083 3363 1120
419	174 1696 457 2218
420	1243 85 852 1369
421	1466 2373 3393 223
422	1953 2752 1884 1941
423	123 2031 1805 188
424	85 123 2068 2309
425	2439 3158 2765 2468
426	2867 1148 2727 2951
427	1111 1973 75 2936
428	2431 970 1999 978
429	86 1314 702 91
430	2345 1663 1492 2069
431	393 2499 482 3395
432	424 1560 3275 3377
433	1275 168 2420 871
434	3049 321 330 963
435	468 80 928 1589
436	309 1233 2115 1923
437	1999 2480 1741 177
438	2668 1935 82 3201
439	1964 1787 1112 3039
440	526 853 1317 2711
441	899 725 627 3476
442	3028 537 2073 1143
443	2038 1909 1159 3387
444	736 896 2583 2429
445	2467 2932 1614 2215
446	3359 2957 2003 3112
447	992 150 3097 2271
448	77 3313 1314 1876
449	835 3102 2625 2513
450	1197 1254 1274 2743
451	3162 2361 1347 2786
452	3290 326 895 461
453	2375 2087 27 464
454	757 141 2461 3285
455	2525 1626 1782 2805
456	1782 709 1379 853
457	2775 185 3167 1754
458	1526 3355 2018 517
459	351 1411 1279 2774
460	2513 1472 2321 1422
461	3062 2610 1522 2137
462	149 352 1165 312
463	1588 3352 576 2979
464	9 2748 932 392
465	2984 2835 1431 206
466	1104 2547 799 737
467	542 2124 1599 2662
468	1153 38 2551 1589
469	1986 697 1780 2787
470	1002 713 3143 2483
471	2307 2728 824 221
472	3304 879 1857 1968
473	416 1040 2894 1617
474	3240 3012 1696 271
475	1256 2895 1591 1642
476	2139 1840 2563 1529
477	1474 2518 232 2389
478	1615 2534 1472 3273
479	3289 3172 2683 3134
480	1522 2647 766 92
481	1278 1087 2888 2577
482	1860 551 337 439
483	904 3160 1838 2359
484	2051 2104 1459 2247
485	802 2064 2256 877
486	457 2615 3166 1018
487	37 2715 1256 2491
488	1823 1862 2102 236
489	821 519 2605 2927
490	1962 3477 1403 1427
491	2487 3316 3019 2243
492	1832 2942 534 3318
493	1366 2647 2175 2879
494	2922 2169 1976 3498
495	2625 2188 735 847
496	2282 1826 1354 1112
497	73 617 3288 1757
498	875 2011 1413 3493
499	1942 610 2581 2362
500	1482 768 2815 1250
501	2178 3307 1334 1907
502	275 119 1354 1697
503	400 3255 2793 1061
504	2861 2377 3110 2555
505	3290 2167 1377 1726
506	2067 3419 1553 2709
507	1384 248 1542 527
508	1502 1399 2827 334
509	1453 870 3493 1742
510	3014 518 1827 1982
511	1459 1529 2485 936
512	3005 1482 2221 2267
513	1366 249 336 2455
514	252 1652 3285 511
515	3500 1467 2181 1925
516	2320 1593 3328 2715
517	2530 2412 3285 3279
518	916 844 39 2946
519	1638 1043 412 2767
520	1596 2651 3305 673
521	2447 811 2431 2250
522	2564 2229 2500 786
523	2833 2327 1853 4
524	3464 1767 1279 462
525	1371 878 997 565
526	2010 1418 1194 2682
527	283 2796 1376 1011
528	1025 1909 3353 1623
529	3008 1272 3202 2899
530	16 2627 1453 3255
531	215 467 2183 2878
532	722 2656 776 2854
533	2899 3101 3418 1791
534	1724 2689 1174 3213
535	1532 657 1304 2358
536	3125 1575 2190 211
537	2639 3399 872 1800
538	3023 3410 1739 1903
539	96 2080 400 1994
540	539 1659 2217 2659
541	1420 3484 2001 3488
542	2968 2653 3058 3357
543	2878 350 2671 2934
544	2228 104 530 1449
545	1289 721 1454 1158
546	2725 2859 1052 702
547	3020 2352 3041 308
548	912 1111 940 2145
549	375 3075 102 170
550	1383 3131 3312 2748
551	750 287 681 1395
552	1580 1741 1381 1546
553	1716 1714 303 1011
554	3363 1351 2485 2878
555	1998 2121 794 235
556	20 2255 581 2564
557	3183 2307 29 3181
558	529 2186 1883 1288
559	861 2485 1457 657
560	2371 2233 2550 48
561	1402 3024 1355 2336
562	1458 3237 3113 3477
563	2028 3001 719 2106
564	2841 633 916 882
565	1408 635 663 490
566	2744 2400 2964 2761
567	83 2838 479 21
568	2137 1351 3002 2582
569	174 1962 2316 974
570	1038 465 2119 973
571	1508 224 2098 883
572	3019 2178 419 2480
573	521 1331 399 2694
574	1933 1777 1161 3372
575	1092 966 32 428
576	767 1978 314 1960
577	781 1033 40 2141
578	176 2704 2200 1670
579	298 2946 1668 403
580	1213 2231 1301 2594
581	986 2182 153 1960
582	1035 527 332 1953
583	2038 3414 916 112
584	1888 1001 1974 2388
585	687 2740 355 1252
586	3075 214 2516 1151
587	1180 3274 1986 1371
588	2189 2747 1265 1234
589	2939 1839 1184 3184
590	3414 963 329 2090
591	1474 946 1651 3381
592	852 1766 3296 1035
593	1313 3422 2575 2834
594	3456 1215 2424 521
595	2961 756 172 3374
596	2901 2940 1750 839
597	1193 2581 2995 3086
598	934 2275 2413 920
599	2824 2171 3444 2299
600	3098 843 161 2210
601	1500 1870 2460 2256
602	502 2001 247 3195
603	976 90 784 1657
604	1316 105 2882 2411
605	332 719 3041 3016
606	2460 2429 66 1348
607	2609 2765 1663 2994
608	1122 3355 3383 2890
609	1421 3469 1373 2043
610	103 61 2833 980
611	235 1298 2073 1413
612	3223 2387 914 1882
613	2640 1414 10 1210
614	3030 1934 2483 433
615	2701 544 562 365
616	2822 2114 403 366
617	1209 621 2374 1506
618	3148 2936 2151 207
619	965 1621 2875 2336
620	790 2723 384 2463
621	2104 148 2424 1239
622	464 740 1459 1197
623	2846 2110 514 923
624	947 2818 2594 2735
625	3036 1201 2009 3461
626	135 3083 1173 2147
627	306 375 371 689
628	1604 3232 748 2732
629	269 2594 2305 3424
630	1646 499 2454 598
631	3211 1858 1507 1020
632	917 2555 1416 2009
633	909 1789 542 1261
634	1813 984 3290 2486
635	1392 1525 1493 134
636	1453 780 1239 693
637	158 650 3163 1937
638	2734 3458 2553 928
639	1195 1560 128 2717
640	260 380 3165 2575
641	1924 1928 886 416
642	2645 1251 2025 1083
643	90 1734 697 1576
644	605 1985 1198 1574
645	1039 864 2548 3361
646	1048 2719 1105 882
647	1777 2303 2827 2545
648	1911 3187 575 1767
649	220 1669 1467 3029
650	1315 983 771 2777
651	125 614 2878 1774
652	2315 2912 1135 3111
653	2769 2028 927 1953
654	1889 627 2763 3038
655	1115 2006 1162 399
656	124 649 2022 1290
657	3405 1639 2294 2315
658	3037 118 1323 495
659	2364 3456 2161 2459
660	2335 1694 2758 2056
661	476 666 117 852
662	1026 1024 691 1020
663	1184 292 1821 2321
664	257 1973 1068 2259
665	1183 390 1457 2946
666	1920 536 1449 1892
667	1480 676 2319 221
668	2652 347 2732 2674
669	2825 1677 54 494
670	625 1636 1177 572
671	1179 1940 1135 1429
672	666 3206 118 3085
673	440 1282 1335 2465
674	1135 2655 3239 3301
675	2279 2716 81 909
676	2230 1014 2909 967
677	2110 888 2614 1472
678	844 2322 420 2800
679	2433 3188 357 1722
680	1462 2357 2419 1982
681	2541 2633 1735 2036
682	2634 1283 2502 214
683	1412 2678 3060 792
684	1476 1902 283 2388
685	2945 759 3263 2605
686	358 2957 2717 345
687	619 1124 437 2538
688	3394 1080 2154 2319
689	1589 915 2727 2764
690	3171 3458 2943 1067
691	2741 1416 75 2739
692	1213 1646 425 1280
693	2775 1486 268 2950
694	570 3179 1318 2212
695	1965 3414 2565 1388
696	2083 1667 2398 1583
697	1884 1716 1430 3343
698	1877 44 881 568
699	1593 2341 1089 2653
700	1380 3366 133 799
701	2977 769 2232 2520
702	1238 2261 691 1532
703	2239 1633 2207 2939
704	385 1098 3162 706
705	353 1735 1979 778
706	142 1324 1749 1817
707	2672 2202 1541 434
708	1227 2653 563 1573
709	3297 475 699 3455
710	3287 864 1452 3484
711	266 926 2905 877
712	2109 1406 3296 490
713	2176 3061 1944 2936
714	2536 1837 138 1473
715	3356 580 2300 2185
716	2755 3250 87 2843
717	2363 962 564 2888
718	3046 2900 2205 3139
719	2204 2771 2586 915
720	2852 3102 482 896
721	1384 1975 2442 2176
722	3052 2215 2121 2718
723	146 1845 3004 1454
724	1639 2653 117 329
725	2544 2303 1570 266
726	664 1779 2543 2483
727	848 2074 3111 2684
728	707 906 1583 1436
729	1655 3035 1688 2795
730	383 2272 622 1763
731	2514 837 2030 723
732	2393 1918 1163 89
733	3381 166 2612 3374
734	3455 1774 1964 1844
735	1707 366 2852 1772
736	576 1048 3093 925
737	2074 686 1742 2561
738	2018 2085 64 2149
739	3392 3007 1341 1417
740	27 2882 1358 1103
741	2861 2598 2607 3305
742	1415 2758 3446 2502
743	3098 1830 2005 3141
744	3354 2367 2931 1842
745	2106 158 2199 65
746	1376 2324 1061 2594
747	2561 276 468 2676
748	3448 1589 2713 842
749	1268 2962 3195 637
750	677 2567 2437 1214
751	2012 933 1424 2185
752	2727 2481 3337 43
753	3017 2385 75 1655
754	3257 2086 2890 2133
755	686 2371 2375 145
756	837 636 2342 1071
757	2375 1783 992 554
758	1131 1238 1507 2910
759	3007 1890 196 1688
760	1835 2764 3122 87
761	514 202 1130 1690
762	1333 2969 1007 3308
763	745 2857 1446 517
764	1787 217 1919 1630
765	3212 2241 2677 3177
766	481 1862 3406 805
767	364 1722 740 3400
768	2550 3379 2008 1917
769	1843 1583 2391 875
770	448 152 2348 1147
771	1106 658 859 1102
772	413 1089 2096 1451
773	2176 2077 1635 1339
774	1978 2817 1795 2687
775	1773 1659 2142 523
776	621 633 1327 2646
777	2588 1146 114 1420
778	1476 713 665 1691
779	3007 1782 1594 2650
780	1210 241 1165 1559
781	2719 1143 1927 1566
782	3078 624 2879 121
783	784 3131 1014 822
784	2429 2376 2815 1208
785	1937 3190 441 1775
786	2967 956 1149 1814
787	2667 3013 3315 1193
788	906 1980 3176 1300
789	373 1865 323 1
790	1782 1673 2709 1325
791	1281 604 1596 1626
792	2117 230 256 605
793	2157 20 3002 3194
794	361 1477 1593 2094
795	1311 1325 1385 2650
796	1544 718 2290 53
797	359 858 1654 2544
798	1397 2570 2390 3464
799	1232 1002 1869 2476
800	1325 1859 727 2524
801	1021 1787 1207 1868
802	1996 2237 1842 1965
803	3330 2760 2766 2444
804	561 183 1104 2681
805	1027 1440 2736 3428
806	1483 366 3459 615
807	454 1481 2923 1152
808	3295 2566 192 3052
809	3451 620 982 3395
810	672 373 1276 3432
811	838 1024 3041 1884
812	1610 823 1702 2456
813	883 3312 2610 1002
814	1220 2899 2667 1151
815	2652 785 1336 2843
816	593 2941 2691 1750
817	1617 280 203 1817
818	514 3013 86 569
819	2385 1047 3328 59
820	2366 2644 2678 2718
821	2952 2628 2349 3469
822	2960 2516 1926 297
823	2981 446 1295 2209
824	190 819 890 1340
825	2246 1096 566 1986
826	2894 842 2580 2062
827	2555 1761 2318 1498
828	3075 729 384 2021
829	718 729 3182 1823
830	202 2412 173 604
831	1380 1083 2740 3071
832	167 1306 217 3245
833	1388 1428 1155 3010
834	2150 2158 3284 1054
835	2716 2849 192 2844
836	2593 3199 3156 508
837	3404 2279 1196 2729
838	744 2849 388 1594
839	1421 2530 2254 504
840	278 1111 859 733
841	2893 3415 3453 515
842	3363 3179 3075 2528
843	666 2204 2175 2287
844	1167 3358 761 1268
845	834 1056 1343 619
846	2765 1492 2031 2322
847	3441 2569 1455 556
848	2629 1436 2349 2927
849	1846 243 1547 2499
850	928 1357 1099 1489
851	3427 3360 2466 2017
852	1202 2268 2818 1425
853	2630 643 23 2725
854	2588 2624 1634 1116
855	681 2994 159 2365
856	727 2179 1014 413
857	1213 2702 1273 996
858	190 923 2735 1188
859	1932 3137 2803 1936
860	773 3015 948 2714
861	2989 1779 988 324
862	861 1976 3314 1224
863	1211 277 531 407
864	641 201 3007 217
865	442 1767 57 2826
866	3370 1945 3337 3144
867	359 3253 903 384
868	2623 2913 3397 1285
869	2302 110 3304 3427
870	1928 1437 2441 3143
871	367 1064 3005 1640
872	2526 399 2207 2376
873	3277 1956 2699 2169
874	56 2627 2018 2212
875	366 2155 3040 133
876	1906 2885 377 488
877	3348 3100 1645 674
878	1117 2884 219 2863
879	3461 1272 2701 3281
880	267 2839 1700 376
881	1028 1226 1351 1713
882	2487 2606 1717 2435
883	1468 314 2999 391
884	3415 787 1894 2897
885	1326 1337 640 175
886	213 388 1933 1279
887	2515 528 2109 2973
888	983 2703 127 195
889	3053 3136 1936 132
890	1391 2002 811 2959
891	1809 3239 2660 1068
892	54 1915 2788 811
893	975 1001 3054 2557
894	352 538 605 2025
895	3267 1191 3263 1092
896	3155 1296 619 200
897	694 54 765 135
898	1635 1458 2505 1227
899	1087 2956 2467 59
900	1799 2945 2760 1985
901	3018 235 1526 2462
902	2103 2642 313 2982
903	2693 725 2186 444
904	1604 1861 2085 159
905	2931 2627 590 346
906	2916 1436 1761 1226
907	372 2704 2028 2792
908	1399 66 2608 1354
909	202 2170 130 2740
910	467 47 419 695
911	2807 160 1333 1595
912	105 2454 2603 2602
913	1981 1796 1357 760
914	758 2508 525 527
915	563 2601 2089 284
916	1066 2037 2957 1977
917	2162 3350 1002 1101
918	1057 842 1967 2473
919	2977 2393 3288 2599
920	1843 1637 2659 1293
921	123 1578 2401 2521
922	2569 1391 472 3369
923	1260 523 2645 1465
924	409 943 194 2975
925	3374 1317 3292 3466
926	3213 3170 2984 2398
927	520 2087 1476 1352
928	507 1223 2982 562
929	1467 1886 331 277
930	990 1986 3054 2042
931	1762 2949 2433 2516
932	3356 373 2393 1687
933	943 2099 2172 2765
934	782 422 1951 13
935	1308 402 1121 2347
936	1729 833 2232 741
937	1940 3121 1864 368
938	806 1165 1081 1808
939	2472 2028 1551 3468
940	315 1297 456 1327
941	968 1349 176 1938
942	2336 553 676 421
943	154 830 2214 1561
944	3155 18 3289 458
945	230 2798 844 82
946	3150 50 2081 121
947	1453 1106 1961 316
948	823 3365 1232 1353
949	1251 396 1099 2395
950	2563 1772 1344 1061
951	2716 1859 2239 230
952	1368 2689 1889 37
953	3438 3453 1716 3239
954	1270 545 1210 2395
955	1866 2978 619 3397
956	2947 2404 1859 340
957	1083 2937 2216 1662
958	1089 3346 2962 1903
959	3174 2239 2902 270
960	2935 1103 1358 763
961	1188 2071 180 355
962	93 2865 3442 2560
963	571 1098 1496 3283
964	2660 3342 1580 2563
965	1365 1147 575 1994
966	471 793 2481 2305
967	3426 3086 1614 574
968	2817 672 2700 1743
969	947 1306 3301 2627
970	1842 2317 2294 170
971	1611 14 2713 1431
972	2965 1319 288 2082
973	313 1939 1101 177
974	2628 2184 2321 305
975	2057 1574 985 2961
976	1891 3315 3282 3131
977	307 2215 3302 1999
978	1456 1066 841 3298
979	350 262 2575 2358
980	11 2740 3041 2047
981	503 621 271 2289
982	1939 824 1561 3066
983	332 2477 3073 1508
984	2341 136 2371 3462
985	2968 1285 1309 2551
986	564 1668 3274 1482
987	3007 1981 1723 569
988	445 502 803 991
989	989 1718 3111 2157
990	1278 556 541 1254
991	2456 296 632 2514
992	161 3158 1263 3340
993	3191 483 2281 2464
994	3261 1583 3232 1468
995	2831 999 3172 2506
996	1754 3169 2659 354
997	762 1192 1755 2269
998	219 938 3127 79
999	1358 229 2123 3367
1000	1031 2358 3275 3233
Students	1000
1	2134 878 2508 2585
2	1044 2567 1513 1827
3	695 1774 463 3354
4	62 17 540 2553
5	1096 2625 564 1456
6	701 2099 1836 2343
7	1719 2854 1124 291
8	1101 1362 1517 299
9	1463 1563 1595 2204
10	3481 310 2968 3312
11	571 2163 1166 2594
12	2716 228 2379 1869
13	1311 665 1461 823
14	442 1943 1438 3100
15	3297 2852 2213 3246
16	2204 1367 1876 1863
17	1790 896 2196 3052
18	113 1686 2283 2305
19	1005 2052 654 1910
20	1222 3451 2553 2729
21	2648 144 3238 2783
22	1346 1055 2410 2739
23	1124 2320 1261 3034
24	2928 2701 3225 2487
25	1206 885 2693 2294
26	2128 904 2786 3445
27	2744 1967 3433 1269
28	284 1904 1777 2963
29	1403 351 1409 509
30	3101 3047 3032 2423
31	1871 1471 478 3322
32	434 2720 2545 2129
33	1921 832 3436 2321
34	376 2833 2887 3071
35	1275 1047 1766 3244
36	1447 2094 2444 1507
37	3277 1627 396 1436
38	1618 933 877 771
39	507 331 901 525
40	3086 432 852 995
41	1133 1540 1603 2028
42	2254 416 2386 2872
43	2032 1500 2980 739
44	1134 2088 2150 3308
45	449 3175 1196 1913
46	3029 1627 1233 3251
47	290 527 865 2375
48	3205 85 1688 2155
49	2000 673 1876 779
50	507 1200 1194 1460
51	1875 1154 1273 2339
52	3305 858 2829 2589
53	1117 3407 2257 3429
54	1993 2449 1314 3373
55	3416 3030 2848 1004
56	322 2194 1581 394
57	933 2019 2688 2831
58	1722 3247 2721 614
59	1584 341 788 2561
60	2978 2922 2231 2216
61	1239 1065 1283 2169
62	3051 1869 1008 415
63	2057 129 2443 289
64	3155 1249 2232 1034
65	1979 1910 1786 2958
66	735 2661 2673 3438
67	2131 383 681 239
68	1871 2562 1005 929
69	1744 2377 3243 2645
70	2783 762 3411 2959
71	3047 1854 3221 1216
72	1593 2358 674 507
73	538 48 1866 526
74	724 2994 10 2699
75	472 2409 3454 293
76	1899 1835 2625 2678
77	2940 982 1314 1148
78	1023 2896 3398 2458
79	466 636 3217 2997
80	1411 2583 1163 394
81	1160 1475 519 1765
82	232 267 320 3072
83	608 1274 2788 643
84	2796 1157 921 810
85	2390 2396 2528 283
86	869 2432 982 2607
87	2870 1916 301 713
88	976 1705 1531 704
89	1180 964 1255 1501
90	1356 1373 2850 2066
91	3170 813 1633 1010
92	2100 2697 2460 1879
93	1494 252 1852 332
94	2754 2162 2713 1258
95	1420 3482 675 2216
96	2693 2176 1278 2138
97	1436 545 1840 2079
98	2382 598 952 1368
99	3276 3189 2809 356
100	2747 322 1518 3295
101	1530 565 969 679
102	1312 1249 2356 124
103	3147 2268 756 3037
104	1446 4 1625 1574
105	319 2455 197 1245
106	1076 18 1192 1348
107	1907 2086 1854 2208
108	2037 3362 416 94
109	1400 1286 3498 2580
110	805 3219 2114 2034
111	1632 2373 189 1570
112	774 3333 2804 51
113	910 226 2138 3227
114	3423 2013 3370 1496
115	1056 2484 1386 1629
116	2215 1434 3442 1557
117	2344 2378 2407 996
118	1843 442 2636 979
119	2311 1540 2238 266
120	2539 3446 311 470
121	1451 1186 1151 2264
122	1031 161 2701 1522
123	1897 2288 3217 1072
124	2413 1571 132 3444
125	355 2669 3375 2256
126	3164 3367 2061 1711
127	2696 3363 3310 1580
128	3333 1460 2895 286
129	2393 1613 2011 3340
130	2966 1753 1910 1377
131	729 543 969 872
132	1711 2918 2641 1579
133	3055 2748 1842 2799
134	2716 756 2345 620
135	2726 947 1359 452
136	2880 1459 512 1931
137	289 290 2463 1367
138	1266 3177 3489 1946
139	1939 2487 2956 1129
140	1059 1738 2479 3044
141	2785 1620 3001 736
142	3290 3165 137 3178
143	1531 299 423 3029
144	1671 3308 3009 718
145	1765 3221 1218 1072
146	1381 432 1362 1157
147	732 2205 3065 2732
148	2323 471 2327 1734
149	2143 2911 2490 3497
150	3452 3417 2429 2657
151	3323 1176 2540 3420
152	95 405 781 979
153	3321 242 2517 2331
154	297 1511 1719 1264
155	396 614 2888 2266
156	2684 1613 2220 514
157	2743 835 3020 1793
158	40 2833 2251 2408
159	2706 151 2791 703
160	808 1613 3151 2684
161	1725 2794 1519 1708
162	1572 403 1259 1046
163	2819 1049 2875 61
164	162 2153 1319 1237
165	927 203 2204 2665
166	445 3454 153 2924
167	109 150 3235 1949
168	2091 2140 2231 2291
169	1737 1101 1251 1440
170	2572 1980 1590 2681
171	2049 1689 2726 2130
172	1502 813 3035 2869
173	2685 2201 2322 852
174	966 3014 3216 957
175	135 202 1959 2511
176	1451 3089 498 2586
177	1909 3490 3380 3133
178	1113 1491 2052 36
179	105 568 2298 246
180	2671 2364 758 2471
181	35 3209 1784 2237
182	2949 1412 3361 2421
183	1547 2160 1028 1326
184	712 958 2351 1744
185	2238 2134 2554 1897
186	2298 946 691 2627
187	1326 934 1270 1904
188	3231 3233 1925 787
189	1616 1385 1533 3122
190	1990 2925 3191 1844
191	1650 1132 46 477
192	343 1313 2894 1881
193	380 3433 58 190
194	2768 1108 1653 2499
195	979 1203 2808 3424
196	315 2190 1200 192
197	234 2293 146 574
198	938 1931 116 119
199	2824 3382 1612 1275
200	2278 2406 187 336
201	2718 2310 40 1113
202	3143 2368 2736 1280
203	1400 2745 1984 2448
204	2476 2830 2493 246
205	1621 797 375 605
206	2950 2869 518 2792
207	1947 3456 2402 2100
208	1979 2974 1227 434
209	2999 154 559 401
210	1381 2241 3354 1149
211	1396 2271 2712 2564
212	2147 2625 584 3106
213	649 497 881 1416
214	345 2704 2709 652
215	2975 2757 3133 3260
216	2986 975 2403 1484
217	317 1673 2192 3373
218	320 1728 3167 3479
219	2675 2053 1928 1329
220	2971 1784 1095 2542
221	1259 2432 2912 2479
222	3022 634 2914 860
223	1907 1357 651 3106
224	3206 2507 2173 1256
225	2169 2895 971 2072
226	3147 1314 119 2892
227	43 1247 2282 1928
228	2243 2170 66 320
229	1345 3322 2177 2691
230	3168 1805 1552 1878
231	1901 3257 2416 1168
232	197 667 2218 2194
233	355 82 2380 1871
234	2040 2327 140 2998
235	2629 1548 2583 1216
236	214 1532 1872 2677
237	343 1582 2660 3352
238	525 2761 1050 1439
239	793 1879 2097 3054
240	3188 3091 2319 2110
241	1954 290 2174 1265
242	249 1427 1759 3037
243	376 940 2756 1408
244	3020 2299 245 2171
245	3291 2373 1627 220
246	2461 2402 441 815
247	1749 16 2066 859
248	1091 1433 1211 2609
249	1638 337 2263 125
250	2841 966 2880 2707
251	53 1790 542 1651
252	3464 1677 1149 2625
253	2085 2426 80 1397
254	588 1686 2503 126
255	3325 3002 512 837
256	253 29 1660 1999
257	2070 2427 421 3151
258	2380 1968 3471 2396
259	3042 30 2722 2736
260	924 3315 1747 1431
261	2202 1895 1900 2782
262	2690 830 188 452
263	2169 848 939 2096
264	701 492 513 2429
265	136 1674 1055 2768
266	3290 2491 2413 600
267	145 2686 77 2200
268	2618 3274 720 970
269	2126 2995 3439 3360
270	2698 2761 79 476
271	3121 594 298 1542
272	118 2 475 1518
273	257 3281 3299 2738
274	2632 3099 761 747
275	2662 1989 2372 2567
276	992 1065 3194 1878
277	742 666 3298 2559
278	2472 57 642 3439
279	3456 2129 2993 2352
280	2822 1521 3362 1707
281	542 1131 3173 207
282	2569 222 2672 1201
283	2992 2344 2083 2975
284	2464 2488 998 926
285	2930 2012 2554 2439
286	3129 3149 514 1125
287	2025 3229 3026 3196
288	476 2700 572 597
289	2520 19 1061 1469
290	261 624 1737 1680
291	3003 370 1634 444
292	792 2041 45 2256
293	622 2780 679 2454
294	2685 3007 74 3149
295	50 558 2513 1486
296	3291 220 1040 2522
297	704 2801 2259 3165
298	2426 2753 3481 3347
299	3425 305 894 2531
300	1804 2631 2043 1723
301	1066 3105 2903 2543
302	1736 3089 1553 1288
303	2299 2389 1843 1880
304	972 819 409 602
305	2749 2686 1837 200
306	3337 2718 1776 817
307	1515 3478 2673 628
308	3239 851 1814 2098
309	2554 1295 2265 2292
310	1454 3273 2437 110
311	2927 2294 1707 300
312	2147 2253 1682 1025
313	1429 3445 1074 1093
314	1501 2126 1911 2840
315	2242 1647 2978 141
316	1461 2568 1967 1373
317	3352 2394 1118 1428
318	2629 546 1397 138
319	3196 3040 1263 1220
320	47 1945 1594 321
321	1713 2761 1211 49
322	752 2052 1076 2899
323	2746 410 2775 814
324	2281 566 1159 1430
325	93 1264 314 3384
326	512 1193 1011 1823
327	3356 1469 1183 3464
328	2663 67 461 1358
329	3165 3493 770 1960
330	1037 2380 1511 2980
331	815 967 1005 2441
332	2650 7 3216 311
333	1881 1461 3347 2696
334	1721 725 2028 550
335	1909 2576 2825 1760
336	3156 2307 2257 3327
337	2429 2091 1689 625
338	1618 1268 2065 1261
339	1136 1473 2105 2713
340	964 2443 3349 1350
341	2347 1631 2174 3473
342	1934 3312 1410 2446
343	533 1571 1796 2324
344	751 3077 3152 2454
345	55 1413 1535 2914
346	957 3480 1417 1472
347	66 2231 1288 2956
348	2733 2652 2218 2410
349	2423 187 2495 687
350	3153 1965 2915 3229
351	2390 2144 2132 1694
352	367 3400 1797 1705
353	2901 700 1524 2628
354	2031 850 706 173
355	3178 2477 1829 2511
356	2371 21 604 1978
357	1567 2514 2712 3055
358	2251 1710 3472 1856
359	2090 2708 374 582
360	3250 2237 1561 3207
361	2873 2955 617 323
362	317 114 331 2704
363	322 1009 3102 996
364	2344 1745 916 2869
365	1201 962 1840 1229
366	1591 13 2584 1710
367	548 1347 762 1992
368	829 1496 3007 2668
369	247 2972 1930 823
370	1715 1861 3156 3056
371	1463 2403 3128 3211
372	1438 2093 3315 1286
373	1107 2853 3112 2074
374	1433 3208 1525 1087
375	982 243 317 2346
376	1580 1980 2338 1517
377	3326 3275 1716 689
378	2139 2370 1381 2905
379	2040 2578 3376 430
380	2890 2470 1670 1483
381	1034 3282 1021 1272
382	400 163 1072 2729
383	1820 811 1554 1883
384	1616 2518 1066 34
385	2684 207 1161 2393
386	539 2553 1320 1577
387	2092 945 73 3334
388	2137 555 2131 1797
389	2262 2438 2558 992
390	2251 3454 3022 2143
391	2240 1805 2070 1062
392	2275 532 662 1212
393	2236 1427 756 934
394	1610 1286 351 673
395	412 2403 2264 2331
396	1428 2738 3037 2776
397	371 2708 401 899
398	2693 2278 3250 1976
399	1119 2139 1271 2231
400	2949 2793 1419 2592
401	403 3056 3475 666
402	2908 2855 1765 618
403	468 425 1383 514
404	549 2126 930 670
405	2480 1310 1282 2731
406	13 373 2553 1680
407	1614 3176 1472 817
408	2394 2605 303 2346
409	99 1735 535 1065
410	3168 1776 2789 1384
411	1846 2489 2581 2006
412	419 852 3422 3025
413	684 1205 2811 2203
414	3250 681 2028 2719
415	2156 1732 1635 2769
416	3292 2183 17 329
417	311 1329 963 2213
418	2029 2739 3014 2120
419	3463 1591 554 2952
420	295 1449 1655 1643
421	1453 39 990 1495
422	1175 1506 2239 3076
423	75 50 2981 21
424	796 1460 3052 2870
425	2510 2040 1740 214
426	3453 427 3487 1471
427	2811 615 3131 886
428	849 535 2112 2640
429	746 862 2163 2050
430	2323 2428 926 301
431	2634 2989 239 218
432	2320 586 2946 1543
433	2146 1676 1758 2328
434	57 1454 1718 298
435	3456 279 2866 3253
436	853 556 533 3368
437	1074 877 2671 466
438	827 709 1489 1360
439	1702 675 2272 456
440	3309 353 2536 1175
441	1976 319 1847 547
442	3137 2680 1842 1581
443	1073 1436 3389 1803
444	3235 2843 1174 1939
445	2280 1974 939 3204
446	2805 949 2526 2518
447	1324 1380 3335 1282
448	1265 2317 1420 828
449	3477 3150 3120 3375
450	1108 1142 3201 2235
451	2247 2457 760 2137
452	747 1224 2669 2611
453	2776 2782 1767 2372
454	3052 1241 1641 529
455	1942 856 1213 3211
456	751 3345 3402 3019
457	2593 2181 1890 1559
458	2130 2373 583 3103
459	794 464 2077 1637
460	2500 2451 1239 1281
461	2486 2012 554 1841
462	1280 3069 1301 1864
463	2507 1895 994 1509
464	638 358 156 427
465	2066 1634 396 2518
466	1654 824 1375 355
467	855 1646 2597 1527
468	1613 1689 2507 1830
469	2249 820 1728 932
470	164 1215 975 234
471	1243 1848 2714 1982
472	347 3498 2874 1319
473	103 1236 109 2232
474	2656 674 1880 2077
475	1012 424 104 2339
476	1226 2309 1652 2084
477	1436 2459 3102 430
478	943 900 1812 1161
479	301 2368 2644 37
480	2322 3490 1122 973
481	2618 2154 348 1319
482	2788 1761 1540 1759
483	675 2707 2788 2003
484	2633 1249 174 126
485	2520 446 441 1177
486	1818 935 1102 842
487	2066 1114 2949 1753
488	2005 3436 1191 2323
489	1325 2346 469 577
490	2713 1377 828 1473
491	2491 483 881 1832
492	2776 1180 1500 1717
493	3355 2526 3462 487
494	905 611 2783 1555
495	2354 2176 3480 1211
496	2042 1294 2155 93
497	3395 559 368 2216
498	2368 3197 2049 2450
499	2023 1012 1796 1144
500	2853 2235 1197 2575
501	3420 1150 2030 2143
502	1995 598 224 2370
503	3263 1462 1954 3349
504	3480 1792 2417 158
505	2463 238 1057 1047
506	899 75 802 3346
507	1452 354 1021 3277
508	1800 3047 1523 3260
509	1266 742 3297 3211
510	360 3075 3055 1892
511	1914 1310 752 3070
512	212 30 3467 2394
513	1211 1081 56 2371
514	2032 2466 1355 919
515	51 987 2521 3234
516	872 2354 3093 2423
517	2423 1989 1534 1441
518	2865 2377 1276 804
519	2343 57 1108 2868
520	2901 1517 2126 1251
521	3285 1006 853 1822
522	2115 2217 1686 1871
523	1676 1776 2898 727
524	109 2901 3383 1649
525	1018 916 1410 487
526	136 2880 1411 2464
527	3284 329 425 719
528	3154 3391 1008 2321
529	802 3267 3183 2402
530	1091 2985 2429 2122
531	2536 525 552 1850
532	2402 1917 337 2673
533	3352 985 1959 705
534	1022 2881 3439 2779
535	2104 2804 1474 2481
536	2180 1577 459 625
537	1180 2477 375 479
538	3149 27 2987 1743
539	2978 374 99 648
540	2430 1395 2826 2189
541	683 1478 2492 1776
542	1619 2234 773 2639
543	2634 1179 219 1067
544	693 1131 1720 2893
545	566 286 3020 1977
546	1798 2113 556 1316
547	3048 785 3298 1822
548	712 1433 701 30
549	1473 2404 704 1408
550	2591 479 1522 2642
551	640 1115 3029 1116
552	800 15 2064 1069
553	88 3460 3202 525
554	128 2808 811 2461
555	1068 2880 2232 2318
556	2526 2886 1204 1444
557	2336 3192 2228 2362
558	3049 1224 2784 2858
559	1203 1894 1516 3446
560	630 567 1159 307
561	189 2617 52 3296
562	1487 888 3 280
563	489 2854 995 67
564	3439 82 471 1233
565	954 408 1368 1557
566	722 15 236 2395
567	3230 2040 1258 6
568	963 1395 2903 1688
569	2807 3366 869 1313
570	348 1616 3221 982
571	2269 3246 1130 97
572	1705 340 386 502
573	197 250 1295 1495
574	196 2967 3253 508
575	1872 2667 1150 2102
576	1083 2962 488 928
577	2128 3101 3056 1439
578	3092 647 63 3410
579	2009 1792 1584 2301
580	777 2061 2539 1756
581	1702 2080 1920 268
582	2942 883 1321 999
583	90 3280 2134 2126
584	3134 613 2436 1319
585	677 2700 634 2832
586	3479 1309 971 2256
587	627 1621 908 578
588	189 3116 2030 1617
589	1164 228 2722 389
590	1907 2125 2482 672
591	3107 2304 1567 61
592	2210 1772 3357 644
593	3490 2378 3063 92
594	2038 503 2977 683
595	2294 2549 3468 2124
596	1043 2807 370 386
597	1079 2328 1258 3202
598	3398 3486 2068 1017
599	573 2962 1989 2438
600	2593 2685 2834 2630
601	938 1634 866 1143
602	975 2112 2625 1390
603	3204 3413 2107 3373
604	2629 740 2223 708
605	2933 3130 1111 1028
606	2301 2470 3257 783
607	2542 864 2871 1302
608	2780 3142 100 2770
609	192 689 148 2009
610	2717 1726 504 2237
611	1757 643 2981 613
612	596 1341 675 3485
613	1660 3132 894 1461
614	2569 1700 1424 889
615	2958 2106 833 3451
616	853 1166 804 2127
617	2267 3395 537 1871
618	3232 972 2112 3353
619	478 1541 3186 944
620	1881 2598 322 1649
621	1114 2349 2835 2207
622	2808 1484 1490 1380
623	2753 1196 2721 2756
624	3095 2575 3308 469
625	1579 2846 3187 89
626	1431 200 423 474
627	1899 2702 2496 239
628	2012 1960 2768 2822
629	338 3448 440 220
630	2423 1642 41 2055
631	3406 2586 1669 852
632	2440 2198 1554 960
633	1207 1233 2718 930
634	3399 516 67 3096
635	1810 1426 1241 2889
636	376 2559 752 2307
637	3051 3407 2474 1560
638	311 13 2291 1054
639	2513 568 1928 920
640	2535 2737 3131 591
641	2920 2826 1820 781
642	283 2747 727 3299
643	1849 3214 2183 1235
644	295 2455 3107 834
645	403 2945 2073 2336
646	1469 3154 351 2593
647	2835 2556 1713 2960
648	1252 1094 2075 2438
649	609 29 1818 32
650	553 576 2207 79
651	1436 13 2770 2868
652	898 1240 1328 3025
653	21 2891 3189 2226
654	1850 592 2029 588
655	1553 2993 2308 2309
656	1875 3433 2643 2511
657	3376 3255 2422 2897
658	2891 1085 1413 459
659	2294 1482 532 2544
660	66 1241 2006 1813
661	1577 3246 1104 3280
662	2213 2347 3437 2942
663	3496 647 3191 139
664	1227 711 1328 1936
665	2523 865 1950 3407
666	2448 959 516 2624
667	2814 1997 2870 1964
668	3176 1567 854 3070
669	1136 3192 2773 2788
670	228 1505 1638 207
671	583 1529 2415 3205
672	1980 937 2357 716
673	3198 1430 3229 1327
674	723 603 23 1317
675	1519 674 971 2173
676	919 762 1606 1195
677	1540 288 1244 2945
678	1075 69 89 2914
679	3232 2198 515 580
680	1907 898 1912 2832
681	3445 2555 2467 762
682	3321 1927 3027 3268
683	853 2642 631 1815
684	1915 2805 1013 1910
685	2558 1118 403 570
686	2788 1856 1625 2281
687	2989 693 2660 3127
688	308 618 2344 2926
689	2908 29 1313 179
690	327 2029 871 1889
691	2582 3324 3198 3013
692	2899 208 1201 3016
693	583 3122 796 630
694	103 2171 1245 3080
695	1118 1850 3341 464
696	2384 2792 2110 1813
697	937 536 1877 112
698	1061 2057 1481 490
699	19 2975 1413 2109
700	3209 2465 2135 1359
701	3089 1882 777 2812
702	1550 525 1438 893
703	3411 1245 801 1672
704	2285 2435 1706 87
705	3355 1190 440 2297
706	2448 1470 629 1767
707	353 718 2392 2022
708	2344 3103 442 3250
709	134 1091 729 1403
710	2046 3141 2802 22
711	468 2022 995 487
712	2608 16 2812 3051
713	1122 637 2629 1980
714	1266 469 2852 315
715	1814 1352 2488 2466
716	3323 2579 3338 1605
717	3133 2470 1619 218
718	232 2991 3218 287
719	1686 3349 2308 3239
720	2062 1310 2443 240
721	3155 1472 2286 3154
722	3016 1837 2801 904
723	931 1645 3301 1291
724	2610 1276 3414 2026
725	2160 1881 3119 2335
726	2815 2123 303 3475
727	2224 759 1282 2274
728	2086 2229 1310 1767
729	2556 2231 2782 2479
730	1163 3439 2257 1289
731	133 3403 569 1683
732	3353 2854 36 1611
733	1038 376 3062 878
734	148 1031 2424 2689
735	175 115 111 1624
736	2641 2376 183 265
737	491 1691 2047 3119
738	2006 638 1563 779
739	3438 2529 202 2484
740	1169 1696 2588 2708
741	2444 450 3470 611
742	2317 2300 997 1833
743	2716 1460 156 2159
744	2942 69 3470 154
745	1972 3251 2536 768
746	2412 372 2235 1337
747	1991 1348 204 1370
748	262 1705 3339 387
749	809 3223 407 2070
750	972 2301 332 506
751	1962 2 710 487
752	1879 2099 292 497
753	2801 123 2410 3097
754	2680 3144 1483 2944
755	185 434 3233 2152
756	2078 1697 2150 1365
757	2235 1330 1410 2517
758	2155 660 1779 2033
759	2799 2471 1286 3342
760	3363 955 1779 3188
761	904 2589 1152 379
762	277 169 1405 1988
763	132 3192 2050 3440
764	3290 1654 809 2643
765	3197 746 2251 1429
766	2382 1280 3410 896
767	2925 1114 2168 3203
768	369 1776 3358 2724
769	2336 590 405 1048
770	1194 1439 3110 1430
771	2217 3446 2607 1920
772	1329 61 202 1604
773	3277 3304 1761 1800
774	714 3132 3003 314
775	363 1565 1475 923
776	2409 2779 3265 1310
777	2677 3365 1738 924
778	1681 1950 1494 2977
779	2504 3288 2523 1496
780	2236 1610 2108 812
781	1167 662 499 1996
782	3084 101 2567 2214
783	2189 1354 982 76
784	3190 909 2048 2051
785	1590 423 3133 3378
786	1593 3335 3450 545
787	2726 3425 198 2052
788	1069 1989 3342 2281
789	212 2457 2480 905
790	3118 2103 2163 2853
791	1223 1286 1470 2812
792	2209 3464 2295 2977
793	3282 3074 2911 1170
794	2128 1667 1242 1226
795	3119 2787 1318 1075
796	3120 526 1508 3447
797	729 2408 743 646
798	702 2250 2275 2836
799	2945 2464 3320 1938
800	1536 1948 3346 649
801	1113 286 2364 2209
802	168 2668 801 2039
803	849 2140 3498 2893
804	199 440 112 95
805	1853 3106 984 1581
806	557 300 2462 1775
807	2873 1178 140 2505
808	525 896 3244 1600
809	621 2105 1839 3001
810	2006 3084 1688 1195
811	2780 2951 2809 2279
812	1717 1924 780 1503
813	663 3254 1023 1879
814	3048 140 1574 353
815	154 938 2140 1118
816	721 1920 2658 1367
817	2189 894 2517 2194
818	2968 479 139 1832
819	3269 2953 175 3345
820	349 1833 42 840
821	1598 1342 3376 3001
822	560 1245 1031 130
823	1380 30 1750 1693
824	739 2046 2845 1126
825	2641 1653 2241 2759
826	1632 1820 1610 2685
827	2847 818 773 3467
828	1799 1467 1982 1100
829	1797 2954 1000 1765
830	2064 442 2147 615
831	806 679 3288 57
832	2422 797 2233 3397
833	590 506 1150 1048
834	3 403 1971 572
835	1784 2677 2217 2707
836	1719 300 2260 163
837	2492 1345 2989 2773
838	3465 310 1167 2141
839	103 3288 2574 437
840	616 108 314 2757
841	1428 2234 1362 441
842	645 2109 567 2411
843	1414 2771 165 2259
844	1901 1514 2958 2491
845	2320 2739 3165 2849
846	520 48 1833 1918
847	2795 1825 682 1606
848	2993 842 2316 1543
849	806 1472 1723 191
850	197 2072 3346 1036
851	2205 3035 2477 2778
852	1083 3365 235 2066
853	609 1449 1510 2013
854	2352 3099 2450 1268
855	2476 1474 191 1565
856	3171 1615 1106 3368
857	918 2379 2062 1137
858	463 1915 1509 2264
859	409 2212 754 2089
860	2885 3291 977 1942
861	2536 546 1300 2039
862	910 371 2082 266
863	1370 1852 2192 2309
864	2365 2372 1473 470
865	1899 376 2381 1034
866	1426 1401 427 1555
867	2727 1602 2003 445
868	852 1387 893 1325
869	2458 602 2031 2504
870	210 2258 1882 2355
871	2275 1235 1288 2028
872	2005 1193 3242 2960
873	295 2839 2220 2267
874	2416 1263 2581 3015
875	1220 1206 3159 1101
876	1843 1479 2835 935
877	3202 270 407 3089
878	2120 2206 3323 2675
879	140 2544 1337 991
880	584 77 970 3238
881	3352 2986 1946 2175
882	2690 1443 2272 1988
883	1232 2002 1235 955
884	2024 1061 61 398
885	3040 3429 1129 3381
886	2931 3074 1581 358
887	3017 1859 1181 1868
888	3482 463 1977 3294
889	1368 3231 727 2760
890	3181 6 856 2998
891	2564 2113 2320 988
892	1205 3336 3224 3411
893	1109 3162 733 1913
894	2464 3035 306 1544
895	149 3180 1113 2738
896	2006 737 1469 1684
897	1368 2219 3428 3011
898	651 1480 2246 1267
899	2162 2615 3205 3272
900	1281 618 803 950
901	2026 308 2232 3215
902	2960 2285 544 858
903	1437 1710 345 2029
904	418 958 477 1392
905	1343 3329 3188 105
906	512 1352 938 3095
907	2551 231 3372 3284
908	1020 838 1758 738
909	445 2339 2817 3101
910	3017 777 555 2608
911	3036 404 1205 3149
912	1673 2584 1903 1857
913	1317 869 923 1228
914	1057 996 2811 2812
915	3282 164 94 289
916	2952 908 1134 3260
917	3306 814 1849 2964
918	2301 2771 1278 2950
919	3336 2024 827 3048
920	2643 1418 377 1404
921	469 1725 505 2273
922	3351 2268 3442 2089
923	1630 1822 3402 3019
924	2608 3194 3376 3048
925	534 2663 2916 2312
926	1310 1911 1689 1263
927	1070 2967 88 1468
928	557 38 2716 1322
929	3081 211 2376 1660
930	3037 1015 2696 3327
931	802 1177 2671 930
932	357 3346 107 2995
933	1420 1539 1185 2808
934	1407 1113 3310 501
935	1807 1095 25 1126
936	1927 2966 209 2856
937	56 2370 828 2023
938	804 2263 1343 3397
939	2902 1013 2068 756
940	2593 235 2111 1453
941	1957 3003 3305 1049
942	3409 2480 1115 1757
943	3067 1841 1499 585
944	684 3311 2984 2345
945	1252 3475 724 1530
946	1766 2820 2434 3465
947	2391 2818 612 625
948	21 1745 1276 2859
949	358 284 1124 3356
950	2944 531 1075 1789
951	1830 3323 2847 2562
952	801 1151 1715 270
953	1379 986 2886 1071
954	2004 2546 1711 1668
955	2819 3061 2607 1498
956	1798 179 746 1135
957	3032 362 2445 1298
958	1864 1460 3107 2271
959	1667 717 775 915
960	1133 2893 1907 1452
961	223 2698 1916 1064
962	2516 549 278 1871
963	2549 2603 684 1651
964	1266 3015 3032 626
965	1738 631 1594 727
966	2428 198 168 1009
967	252 1151 3241 574
968	235 3371 3022 1158
969	1937 355 1693 145
970	3338 2550 2806 1772
971	248 3008 3209 479
972	1035 1773 3333 2808
973	689 1887 35 1048
974	35 1014 2245 1867
975	1008 1862 79 2150
976	1905 1415 1178 861
977	2144 1449 1299 973
978	569 2662 2992 598
979	871 1982 2811 2858
980	1176 3243 316 2535
981	856 3390 1796 3
982	738 2921 2986 3168
983	1631 3362 1609 1986
984	2200 1668 3199 2897
985	3112 1983 2124 410
986	2059 846 61 146
987	2914 204 3267 1315
988	1250 2309 1600 2558
989	2702 2754 2935 1186
990	2295 614 2740 1307
991	3251 3370 3495 2390
992	1675 874 1227 3291
993	2753 3429 2893 823
994	515 1783 2517 905
995	168 299 1513 764
996	444 3145 1207 2575
997	1119 2414 1322 1568
998	7 2711 2230 836
999	3463 1261 2083 2300
1000	2603 2401 691 1969
