Students	1000
1	2748 1721 2641 1196
2	2162 1392 2042 2947
3	760 2113 2360 2977
4	2786 3311 2237 1292
5	2453 526 2916 1302
6	3082 899 3150 2469
7	2193 3295 3338 1156
8	961 1435 2536 2032
9	215 655 3388 767
10	2058 608 1701 3305
11	630 2704 2330 593
12	1891 463 1474 1829
13	267 2691 1008 1831
14	398 229 2169 1202
15	1020 2647 2998 2827
16	3447 596 2300 2707
17	2980 809 2957 1853
18	3492 1303 318 2493
19	3035 798 2288 2215
20	1616 972 988 2062
21	2727 1063 830 1068
22	1232 1024 2736 2548
23	501 659 481 142
24	244 157 2853 1581
25	1555 2616 483 1866
26	991 1874 897 112
27	2834 1297 2501 24
28	1770 1311 2896 742
29	2251 1903 1692 216
30	1737 152 616 1998
31	488 541 3052 3394
32	939 1339 3173 1535
33	1286 122 1134 2208
34	1683 1395 2113 1466
35	342 1198 1540 253
36	865 166 1339 2923
37	2960 2297 2084 1605
38	3328 3031 1811 1996
39	2289 250 2605 247
40	1699 689 939 2951
41	3472 554 1075 2119
42	1536 978 341 1539
43	2687 1334 959 1580
44	521 2313 345 2756
45	3012 1610 3188 1045
46	737 809 2112 211
47	2703 706 2614 1982
48	3458 2353 2141 645
49	3336 1851 2955 2230
50	3174 944 3180 756
51	454 2758 2446 2904
52	2889 2977 1630 251
53	1659 3275 1789 1254
54	2017 217 29 3486
55	2720 3030 3419 989
56	3004 1213 1500 1656
57	3106 3399 683 2050
58	14 2552 228 1793
59	1887 29 2684 254
60	2826 3439 2576 1275
61	1284 1669 2342 2598
62	1757 2845 2848 2682
63	1149 61 104 2275
64	696 1646 1951 2625
65	3459 2730 1728 152
66	1984 2018 1350 3160
67	373 1137 1686 2572
68	1098 128 2657 2513
69	2681 1321 945 907
70	238 2107 3056 1196
71	2906 2388 1718 1220
72	2073 143 1440 2034
73	3061 930 1195 2301
74	3062 3097 700 1828
75	2976 2330 1839 1637
76	1837 1455 2537 1658
77	2307 202 2464 1106
78	296 3120 390 885
79	1727 2651 91 341
80	1106 43 1271 38
81	974 999 440 773
82	900 965 1238 3146
83	2770 90 2925 2856
84	3011 639 1114 3079
85	274 1850 2563 2909
86	1135 777 1257 3158
87	2056 2373 1983 316
88	2828 636 2777 1648
89	168 931 1955 121
90	263 2150 3494 1288
91	1708 3493 1845 3202
92	2668 769 2744 3209
93	3319 2083 2888 2342
94	1343 1729 784 2472
95	1343 1555 336 2009
96	3115 874 1040 516
97	3388 741 3285 133
98	2053 1774 2330 1993
99	1796 3233 2326 2020
100	1682 2861 1405 2907
101	5 1040 1657 324
102	2351 1063 1734 1998
103	1017 1797 1861 249
104	845 1960 1927 1066
105	3131 713 2229 732
106	655 336 455 1838
107	1303 525 1328 968
108	1266 650 3038 3053
109	912 311 3403 2575
110	107 2893 2049 692
111	2381 186 715 2625
112	2205 37 1187 227
113	2478 3097 1063 2570
114	1860 2310 1931 2802
115	1270 3171 2934 1843
116	505 1379 338 2603
117	2050 896 619 2084
118	1687 2638 1761 2537
119	3171 212 1526 1380
120	2254 859 515 2038
121	1517 1046 1568 113
122	1789 1434 863 3067
123	1008 1944 531 2645
124	822 3212 884 2764
125	254 2562 1904 2117
126	2726 3037 685 43
127	2949 2504 2688 2380
128	1439 1734 214 241
129	1848 2957 143 843
130	2428 2505 2885 2239
131	3012 1940 3345 397
132	1800 690 2353 2867
133	678 959 3008 141
134	470 1580 1275 2220
135	1263 3399 7 3264
136	2145 1636 908 1750
137	2785 1408 1889 2107
138	3452 56 42 1399
139	1295 3074 984 1509
140	938 3011 1086 1752
141	2764 366 967 2193
142	2379 2671 1150 2069
143	3285 1549 3346 494
144	1806 1260 2612 720
145	885 2687 1937 325
146	2453 2373 1027 1918
147	248 3313 3384 1846
148	1409 1148 2739 1245
149	3205 2932 199 2322
150	145 574 1748 2340
151	2915 2264 2103 1180
152	2259 1819 2252 171
153	811 1384 2772 830
154	2751 3364 802 658
155	582 905 695 2241
156	922 3017 1734 3433
157	2175 1820 2026 2807
158	1054 61 1394 329
159	587 3311 2785 2967
160	879 3255 743 2712
161	1038 1538 1236 3500
162	2547 1305 2127 500
163	3015 3315 2633 847
164	2200 1124 2919 1725
165	1042 2529 3315 240
166	2579 1322 2762 713
167	2560 737 2338 2807
168	1589 1257 2921 2383
169	2268 72 975 213
170	2640 2838 640 1416
171	1856 2371 475 1270
172	2193 2896 1959 1903
173	2670 370 423 1797
174	398 2487 2246 2795
175	486 282 479 1369
176	1971 2341 1575 341
177	1797 755 3082 3379
178	2940 3465 1709 1841
179	1731 1386 425 3199
180	287 2948 3190 1393
181	2050 3349 216 3468
182	93 523 1494 2433
183	2990 1132 292 1344
184	253 2741 3317 666
185	105 938 1178 2300
186	30 2288 829 1582
187	3214 1484 613 1813
188	2752 533 3206 2031
189	521 705 1413 1980
190	2771 2764 854 3377
191	2025 2775 2322 1379
192	2908 2864 70 2013
193	391 1828 196 3106
194	1544 252 2809 1028
195	1098 1405 980 1190
196	681 931 1419 2054
197	3319 1346 483 182
198	1369 1795 981 1285
199	1752 1682 926 1409
200	3117 3044 3390 883
201	2826 2033 1096 11
202	3081 1127 987 1902
203	563 2024 2285 1492
204	164 2527 846 571
205	2214 446 2877 620
206	3385 2981 357 1650
207	3190 595 2134 121
208	1847 3373 3397 1241
209	2258 640 2284 2156
210	2937 3001 2242 809
211	493 3328 3003 149
212	1457 2810 861 2277
213	978 1946 2814 3072
214	1281 1350 972 3403
215	2379 648 1764 311
216	3297 2326 1051 749
217	1634 1077 1969 2269
218	378 3009 1533 1832
219	1689 2622 2843 1824
220	2392 577 1182 3139
221	1439 702 3400 780
222	824 613 2923 2438
223	331 2581 2541 2877
224	458 2963 26 851
225	876 3493 3213 905
226	225 3067 2236 912
227	3225 2695 659 375
228	3276 3058 1333 820
229	870 3047 1798 1633
230	595 2546 163 2799
231	1988 1299 1972 1700
232	1535 424 1942 470
233	1462 1430 2428 512
234	982 852 9 3289
235	2705 202 2478 1091
236	1026 1233 818 81
237	2459 1 734 2552
238	1435 6 176 2293
239	2454 21 1730 2168
240	993 1499 3188 3057
241	478 2012 1562 2572
242	3278 2781 1949 2225
243	2166 1520 2922 941
244	2301 2582 1785 921
245	2114 3387 2557 2827
246	2055 3311 2801 3270
247	760 267 1791 2085
248	1954 1005 2098 257
249	368 1426 233 2572
250	1850 1234 2284 1277
251	374 1308 1252 2079
252	1371 522 1904 2697
253	2353 3101 1628 2154
254	94 245 2983 1326
255	882 945 2078 3218
256	724 713 725 417
257	1144 1421 1051 2043
258	1339 1781 355 1363
259	1267 2551 1297 874
260	1476 1282 227 1474
261	2530 1289 1269 2624
262	333 1943 1669 2676
263	1796 1274 2861 2738
264	1677 2606 2970 2218
265	1312 2092 1889 935
266	1633 654 3128 3380
267	1802 2803 514 3193
268	924 1456 265 3359
269	2137 2672 1039 2410
270	352 1388 2130 1938
271	2796 2297 2162 1290
272	1257 2675 300 2655
273	2253 693 1344 61
274	12 1719 6 104
275	2937 908 1424 1208
276	1683 1998 1545 3072
277	1451 1284 1566 412
278	858 289 439 2600
279	1339 1742 2415 1462
280	2339 1043 2831 2623
281	309 1731 1638 1371
282	1351 1187 2661 1146
283	16 1438 1686 955
284	212 904 2391 2989
285	1255 355 713 3097
286	445 1080 3362 1401
287	2655 1470 134 1890
288	1218 2140 1991 1369
289	3332 1582 223 800
290	3121 1342 1173 1699
291	3302 1091 3046 917
292	778 1322 1680 930
293	3401 606 300 290
294	1026 789 1910 1377
295	885 1269 2339 2744
296	1452 3193 3054 2542
297	3446 1895 3317 3443
298	2443 2494 2683 1829
299	2903 809 2422 364
300	520 1853 1317 919
301	3450 693 648 2672
302	1195 2539 305 2836
303	3483 1732 1480 3363
304	322 772 3256 2107
305	2258 1019 144 3308
306	2448 2950 357 1062
307	2345 3367 1862 712
308	497 2289 693 3182
309	1652 1059 2194 2725
310	273 907 608 1998
311	2651 486 1624 772
312	2165 3155 1269 1862
313	2789 214 1105 2889
314	2186 1720 370 1516
315	39 1672 646 1641
316	2480 2031 2364 3127
317	2505 2440 1921 877
318	769 2422 758 2552
319	533 1009 3147 1342
320	809 1241 1275 1317
321	1354 1891 1660 825
322	3341 2226 181 328
323	906 1534 2752 728
324	235 3446 2699 1052
325	1154 769 359 599
326	534 2427 773 3392
327	2438 786 178 1837
328	2888 1287 2887 1177
329	2158 1622 3134 1877
330	496 1262 352 1127
331	381 149 2966 1845
332	2043 912 766 3343
333	365 1245 3402 2209
334	826 563 1364 2763
335	833 2561 3053 1094
336	2758 2193 3167 2680
337	346 195 1230 1983
338	2203 3444 2646 796
339	2078 2554 2371 2572
340	2212 2790 2676 2898
341	343 799 3194 616
342	571 632 213 3084
343	853 1430 22 2105
344	1791 3111 2005 1051
345	1770 2435 3479 2642
346	602 3415 3165 2289
347	841 796 2457 867
348	1327 594 2166 36
349	1627 211 2835 2776
350	3033 79 1656 685
351	1594 2021 3463 2723
352	275 1100 2080 2806
353	702 1062 387 371
354	3350 548 3276 2734
355	2954 1566 629 1758
356	3497 2584 2148 2637
357	1821 2146 2653 92
358	1678 2350 3038 721
359	1413 1024 355 1266
360	2184 1602 1687 2163
361	1271 3323 523 1989
362	93 2389 1574 586
363	1232 2555 2825 1292
364	2832 554 1988 269
365	1911 326 2297 2520
366	2956 1368 1473 3000
367	1009 3309 1247 1257
368	3060 1478 3157 2318
369	345 660 1798 979
370	1749 1111 128 2572
371	1271 3272 2536 2005
372	2922 1050 1252 1540
373	2913 116 2895 3121
374	261 2886 1767 2482
375	2524 3380 499 3053
376	1266 2346 119 2817
377	133 2148 2197 676
378	341 1703 2274 683
379	2589 3079 1442 2145
380	1041 276 687 3438
381	1604 2269 532 820
382	2327 463 2756 2703
383	2912 431 10 1612
384	2844 3491 1379 300
385	3239 472 2689 2026
386	1628 2167 182 1460
387	2914 2197 3431 2420
388	1861 2433 2165 2902
389	1095 563 800 2612
390	2291 2313 2306 1859
391	834 3238 217 2646
392	752 574 2132 836
393	2429 1675 596 3176
394	2800 955 2969 826
395	2869 425 1258 504
396	2886 2751 2366 3375
397	2977 2100 158 3468
398	1190 2275 1719 2319
399	1320 2143 2095 2922
400	203 2414 2282 128
401	1853 1444 3145 2143
402	961 1914 2100 708
403	2302 2327 3073 3053
404	2390 3443 2920 590
405	307 2012 2370 1700
406	134 1657 811 3306
407	2459 879 906 2940
408	878 1071 111 3322
409	1483 665 3467 801
410	2679 966 1819 2714
411	518 2635 2589 995
412	93 1360 282 1837
413	1180 1811 1752 2518
414	1411 3205 2891 2995
415	852 1492 1467 1256
416	748 1991 1544 2170
417	2498 2517 1289 1452
418	1330 1800 871 1595
419	2147 2620 3124 823
420	2819 1569 2586 3464
421	627 3157 1497 1041
422	2758 3440 3414 1281
423	92 99 662 195
424	2269 465 1271 2303
425	395 3338 72 1218
426	993 2798 765 1254
427	2422 3179 2779 1658
428	1907 2626 1711 1862
429	608 3264 2309 2513
430	577 2628 2536 1470
431	3014 2238 1966 197
432	1686 647 456 864
433	2539 26 3335 9
434	1160 2475 318 2558
435	2589 890 1992 324
436	1099 774 333 1174
437	2829 729 1610 968
438	310 2608 1336 2140
439	3471 66 725 2058
440	1701 1881 3312 243
441	1940 1713 1432 2824
442	3482 649 2735 3181
443	1226 2781 231 1686
444	2181 840 1197 2003
445	650 2997 1571 2089
446	759 1261 949 1917
447	369 642 1439 1305
448	263 3090 1261 174
449	3480 1975 3015 619
450	332 627 1988 754
451	1702 2071 1058 1004
452	2604 556 2364 830
453	3319 2243 3197 1035
454	3070 2833 2863 1426
455	741 2053 2300 962
456	2718 2478 2450 1434
457	2847 819 941 1508
458	2911 123 2714 1056
459	2533 619 2828 3047
460	3351 2570 180 1938
461	3301 1905 2244 947
462	656 398 1623 661
463	3076 3135 1242 2454
464	3076 1286 3369 1911
465	433 1194 379 2037
466	2164 686 1918 1497
467	385 2852 1273 2722
468	792 3392 1727 1548
469	433 1117 2697 429
470	785 2185 3206 523
471	1179 3036 742 899
472	2641 2862 2315 762
473	2941 2791 2351 1783
474	745 2371 698 647
475	474 396 2210 2469
476	2779 3031 2987 1954
477	662 1803 571 706
478	2610 2025 796 3276
479	3303 2863 2625 540
480	1262 1798 453 1943
481	448 1861 475 34
482	2279 2906 2269 568
483	1114 1688 635 1669
484	734 2054 996 1375
485	1625 1670 2776 2757
486	3367 683 734 3183
487	1796 682 1632 3067
488	1439 3365 2736 1343
489	1177 2327 3143 790
490	1694 3112 1517 173
491	3155 3291 1444 1813
492	973 1847 3207 3305
493	1804 2857 2302 3129
494	3001 2803 2368 547
495	24 2600 485 2070
496	2560 1518 2911 1268
497	3231 1407 2400 3344
498	2834 2820 2842 2404
499	579 2688 3037 1183
500	1525 2798 838 1581
501	21 2990 2471 713
502	1978 1725 78 2436
503	315 2696 2716 2894
504	984 1208 3390 1544
505	3032 533 3262 1185
506	2142 3030 1540 1931
507	2980 1782 1554 1809
508	184 2175 2440 2445
509	1013 1888 1016 2222
510	1012 2935 2198 1318
511	177 42 2496 3117
512	1256 2755 1707 468
513	226 1290 3227 1482
514	3135 2076 466 662
515	697 2872 3489 2420
516	563 432 3441 1332
517	848 1180 2210 113
518	983 380 2115 3370
519	2027 2060 1222 1934
520	1676 2534 1334 371
521	786 2136 734 391
522	438 1535 745 292
523	346 2342 2936 178
524	375 207 1916 141
525	2911 2063 2837 1716
526	1272 1905 1270 3209
527	3209 1979 113 1660
528	1489 1215 3091 2036
529	2584 1151 2809 3439
530	1619 2637 3258 1649
531	2990 1314 2219 2912
532	2212 3254 2828 239
533	3243 2981 2709 2811
534	1779 570 1825 1286
535	3015 2130 2055 3142
536	3442 320 3409 230
537	168 3069 2158 1736
538	1075 1917 1675 2082
539	216 20 646 1121
540	3064 53 1997 950
541	2945 2446 3017 1909
542	3371 2085 2241 2709
543	491 830 3458 293
544	2947 2841 1188 3080
545	3495 834 2453 255
546	2221 1870 266 3144
547	348 2145 2148 2994
548	2827 2871 542 1774
549	433 1767 1242 984
550	1500 1619 1021 2727
551	2259 618 2365 23
552	619 2161 1015 73
553	2382 3441 2564 1955
554	2236 3356 2260 2326
555	2566 2880 1555 1185
556	2049 1491 2547 3086
557	260 2435 1891 1402
558	2756 2730 3359 2643
559	109 1067 69 2809
560	1425 3042 465 2899
561	903 3298 976 1960
562	604 2497 1980 2076
563	1163 946 238 2611
564	1171 890 1204 71
565	1791 3412 2790 303
566	3095 3174 959 1888
567	615 2451 1487 1650
568	2198 2926 1768 3411
569	1008 376 1159 578
570	1717 823 21 2873
571	706 1333 396 506
572	3001 2596 679 3145
573	941 69 712 3191
574	2994 1833 257 3020
575	25 1001 2034 1163
576	769 1785 569 937
577	91 884 2128 1893
578	2772 2426 1217 3090
579	1837 7 716 2494
580	2689 1482 1950 2597
581	3267 539 557 1962
582	1786 512 2816 3392
583	666 1996 1261 2568
584	457 297 2531 2703
585	775 2723 441 3180
586	228 3345 641 400
587	1476 1331 2166 925
588	1931 3244 3377 1723
589	1130 1711 1862 649
590	919 2369 2622 3243
591	625 3456 2994 1807
592	1187 2070 3050 2609
593	3148 971 1900 1401
594	2558 2964 1391 3485
595	2168 3461 1171 2718
596	171 1321 240 1194
597	696 141 2871 3101
598	396 1710 2050 451
599	452 1168 227 2561
600	3458 680 1810 3121
601	2214 1148 2686 1022
602	2062 650 2920 3281
603	822 2444 3417 1480
604	3040 2490 2500 2894
605	2523 1106 2932 2877
606	642 1908 2740 1712
607	629 2809 2526 398
608	2439 2275 1445 1507
609	2801 5 1195 409
610	1979 392 145 23
611	608 2800 534 2128
612	785 1406 2543 6
613	476 3074 1452 1585
614	1050 198 1132 2891
615	2070 409 2688 2808
616	1923 1482 2542 1694
617	1177 2099 312 551
618	2648 686 2099 338
619	2236 1305 2418 1775
620	2439 322 3144 569
621	736 1315 2182 1424
622	451 595 918 3285
623	883 905 3398 2886
624	901 3380 252 973
625	1630 396 1884 2858
626	978 2923 1868 120
627	897 1755 922 2143
628	1481 2247 2399 2273
629	3127 1930 59 1676
630	1262 683 2151 3062
631	157 1041 656 2895
632	3492 2280 1743 2317
633	3246 3146 2125 1285
634	1470 1517 1062 468
635	1083 2936 3190 2717
636	739 288 398 734
637	2549 2523 1375 898
638	1571 3024 273 3122
639	2025 2853 2696 1973
640	1502 3065 3262 1555
641	657 300 232 2032
642	2033 3037 3080 2404
643	2073 65 3363 938
644	277 3432 1352 1501
645	1721 782 2010 3068
646	1383 450 297 2119
647	2738 1502 2171 2224
648	1339 2848 2037 148
649	497 692 927 2572
650	1868 2588 1407 3142
651	1297 1447 2920 1136
652	2528 2503 2463 2552
653	2027 1219 2485 1432
654	312 3467 2407 2909
655	3024 3192 1334 3451
656	2543 1179 2785 3333
657	2806 1766 2203 1751
658	1641 3183 3198 2653
659	3358 2604 897 2496
660	1414 568 2758 1511
661	2187 803 2080 1299
662	2434 3037 2718 2172
663	456 1442 989 2278
664	3185 2072 3064 1865
665	1659 2066 1510 720
666	1213 2873 2403 1275
667	1450 109 1243 2775
668	2711 1021 2151 1356
669	3011 759 1779 3042
670	2081 3489 447 3444
671	599 932 431 908
672	2379 2589 1234 2122
673	3241 2267 1132 3438
674	179 363 2174 610
675	2914 1401 548 2039
676	393 599 2977 2358
677	2493 764 270 3043
678	1308 1286 2751 2825
679	3176 3211 3156 2772
680	1664 1233 754 1315
681	135 3483 516 1005
682	2950 3391 813 2481
683	2701 803 3409 1159
684	1732 3095 1756 3000
685	486 1797 2278 349
686	1280 2438 968 1609
687	6 1476 2068 317
688	3490 3404 2094 553
689	1577 1100 1782 1067
690	2143 3089 2506 666
691	977 520 674 328
692	1376 2993 925 1130
693	705 1902 2454 269
694	852 3267 531 2076
695	462 210 1946 2178
696	1582 1164 1483 1523
697	2402 390 2184 2554
698	1526 104 2093 2195
699	120 1343 3317 2834
700	671 302 596 1328
701	592 2590 2683 566
702	2808 1284 2214 2205
703	1905 418 3496 3413
704	2566 1766 2518 971
705	3160 3267 1483 3256
706	212 1627 2924 371
707	3325 692 1350 476
708	2812 1515 616 414
709	3169 899 1287 3324
710	3079 3470 1600 3431
711	1123 2683 2618 2540
712	289 2103 2583 1287
713	2173 3458 1601 3186
714	2180 970 3172 2879
715	675 2425 987 713
716	47 2667 1123 420
717	2191 616 2557 2998
718	2473 2622 2713 2399
719	1655 1750 2941 562
720	332 3277 1505 1082
721	2599 359 92 2955
722	631 2671 2137 889
723	615 1175 363 1410
724	1648 2464 1355 3043
725	849 1163 3152 1213
726	1525 3119 2404 3477
727	2520 2928 1642 3436
728	529 2342 925 2613
729	2252 980 2620 2149
730	2145 1392 865 2830
731	1453 1540 2432 3489
732	1942 1578 412 3148
733	2990 1638 1021 1554
734	1802 3159 3297 3453
735	52 3314 2042 914
736	1111 2877 1297 2408
737	2346 3163 2939 250
738	373 1607 1516 1550
739	1633 1329 831 534
740	1945 2979 1558 1030
741	3056 865 3462 456
742	3164 1891 1356 1881
743	836 1553 2371 842
744	90 587 3456 231
745	1542 2454 2335 3151
746	2892 2353 1169 3446
747	2984 478 1806 3057
748	2488 1000 3265 2165
749	2772 2383 1021 1148
750	2452 367 2182 1730
751	1090 1160 1074 3194
752	2004 2550 1000 3012
753	1666 644 963 3053
754	3254 2923 238 2956
755	839 728 748 2185
756	2816 1401 3383 3104
757	829 2513 2508 232
758	2178 2597 1783 1731
759	1682 26 2254 1120
760	1036 570 914 1293
761	386 2595 2876 86
762	2094 550 647 2054
763	2101 2196 2730 554
764	316 2871 140 3478
765	2807 2815 2262 2709
766	3222 1871 1015 1930
767	1922 2096 212 3345
768	2623 747 1546 3165
769	1171 2728 1335 2698
770	3170 1429 1210 254
771	2595 715 1782 3456
772	2217 1200 2611 2753
773	3108 2845 1302 2948
774	3327 1814 1038 2314
775	507 820 1721 745
776	727 3045 1135 308
777	2698 3141 248 423
778	3181 2041 2997 1626
779	3227 1475 2568 2182
780	2578 2060 2874 466
781	2410 826 1360 2766
782	29 1524 3039 658
783	1523 2921 2379 2278
784	3443 2524 3340 487
785	2594 2807 516 2463
786	1914 1749 2476 927
787	2292 2696 1852 2892
788	2720 455 2029 1328
789	2879 2651 2076 685
790	2998 2901 3444 2254
791	982 3234 1844 477
792	1941 2801 3213 24
793	1220 2229 605 2283
794	952 622 270 2914
795	420 3077 1203 2665
796	880 638 295 992
797	1709 1614 135 2298
798	316 2906 913 237
799	1857 688 2196 502
800	513 873 1113 792
801	1143 659 3423 2705
802	2684 560 1564 2616
803	3401 2245 192 1992
804	1841 1272 1944 3216
805	2213 567 2577 1022
806	2897 487 2844 1753
807	3391 1166 1654 2503
808	980 1046 844 3487
809	552 1646 3252 1743
810	843 962 2906 1832
811	146 2973 3323 2948
812	2789 70 1823 185
813	2254 1295 34 965
814	829 2423 1658 216
815	1390 2017 2916 2043
816	2681 221 746 3437
817	3369 670 3477 443
818	2833 1184 2153 589
819	1521 2913 464 1805
820	2638 2162 704 1737
821	222 1335 3144 3169
822	1380 1843 3102 407
823	1291 1949 2862 3338
824	2326 2289 496 1182
825	2304 2085 378 2970
826	1593 1050 1823 319
827	1817 2089 3010 2327
828	1586 2452 2220 3242
829	2850 3498 399 2476
830	3407 1157 3323 168
831	224 3059 366 1543
832	2440 382 863 1592
833	3097 655 1213 190
834	252 1151 579 3003
835	1102 3405 1040 2502
836	3142 3205 135 2388
837	1580 1342 161 268
838	939 663 462 433
839	2831 3256 2987 2365
840	2163 2230 1685 3254
841	713 2906 1360 1498
842	315 1192 2622 1032
843	2697 921 712 1957
844	2882 2116 3202 115
845	3263 1845 1112 3325
846	158 77 526 3356
847	2601 1824 2759 227
848	143 2382 3287 896
849	222 2554 2765 1156
850	639 1634 1223 1537
851	1544 3136 155 313
852	672 1607 1345 1464
853	1418 3034 1383 66
854	2557 720 1771 276
855	443 2367 3358 744
856	785 1024 2626 2592
857	130 2768 1933 3364
858	1948 3383 1154 2929
859	191 2035 90 2222
860	3123 2616 936 568
861	1809 1804 2606 3401
862	1499 3140 1368 276
863	2784 900 2381 1759
864	1094 1166 3380 483
865	2894 2997 1731 2836
866	1131 266 1267 2410
867	1672 1657 1949 2843
868	516 2112 1402 557
869	2596 2204 147 968
870	941 1894 1583 3085
871	908 2821 487 1193
872	1873 3424 3257 1797
873	1888 1136 3239 3129
874	1583 1062 1967 1208
875	2005 2922 2236 998
876	455 3089 2411 110
877	804 1410 3263 3481
878	2075 254 3227 2071
879	3311 531 659 1955
880	3016 172 2256 2882
881	2562 2254 405 959
882	2824 2322 832 2261
883	1583 2465 2367 3268
884	991 303 1398 920
885	2351 656 2946 461
886	1624 1082 2137 1573
887	305 935 2825 1654
888	2151 2293 2140 2523
889	2538 663 251 1274
890	2666 1232 2631 2138
891	2185 249 768 3274
892	2976 2982 676 2803
893	2406 869 1179 87
894	56 123 917 1329
895	2629 3084 2599 386
896	1889 2287 2368 295
897	2408 51 387 1824
898	3156 1282 3485 3411
899	1874 176 444 893
900	382 1774 1373 2220
901	811 2244 1887 915
902	455 975 2711 2244
903	1823 1206 2885 320
904	2913 1495 1234 2685
905	3466 3448 2570 1470
906	1068 1962 3430 255
907	26 1972 2303 159
908	2858 670 3463 2945
909	1818 2534 303 2229
910	3308 966 2737 248
911	1095 878 1597 2349
912	2171 1671 469 250
913	1145 2768 1072 2506
914	3171 2270 122 2004
915	236 82 3462 1599
916	1249 172 3122 2151
917	3400 2782 519 2256
918	2450 2216 352 1498
919	2956 1081 2745 1552
920	1425 1164 1047 1553
921	384 1169 99 1717
922	1542 2258 439 1935
923	2360 1828 2299 1258
924	346 3432 3178 2629
925	2375 1257 3459 14
926	1430 607 1880 1175
927	856 3400 132 713
928	3385 962 2452 3126
929	2198 5 2510 3439
930	1660 866 2731 1511
931	2933 81 1488 1656
932	1610 1625 3382 436
933	3103 1839 2038 2521
934	3026 3430 1972 1112
935	1073 1107 1924 1658
936	708 1338 158 2216
937	1690 1088 3093 368
938	44 2317 467 843
939	2220 200 279 1430
940	624 3314 274 2176
941	3499 111 2737 638
942	1682 449 1225 1529
943	3111 2387 3326 641
944	1586 1354 560 1557
945	2752 1533 2141 867
946	671 1291 2024 2622
947	2148 1479 2271 415
948	1008 1032 1879 196
949	2114 1396 1868 2777
950	1607 2132 2334 95
951	3357 1952 133 55
952	2689 2978 2620 922
953	2213 433 2581 3020
954	1936 1151 1879 3260
955	371 1363 1920 910
956	1072 2862 2988 1940
957	35 2497 2257 2242
958	2775 3310 505 92
959	2734 789 2887 3189
960	2205 548 473 1707
961	1181 1605 2906 1183
962	1398 468 2944 1007
963	3208 3172 538 3375
964	437 1238 3268 3193
965	2855 1891 2113 2428
966	2107 1 1400 1417
967	2624 2305 905 806
968	2232 2856 1735 1789
969	3325 161 1662 2285
970	2562 2082 795 1776
971	3225 1096 1031 1819
972	381 3233 3465 1496
973	3459 1616 3314 158
974	1041 1649 1845 674
975	1283 602 420 276
976	2264 2079 276 3421
977	1852 160 1232 1129
978	947 964 1554 3446
979	184 197 638 1621
980	3161 1579 2432 2452
981	3378 2625 2386 2383
982	286 2045 1562 2114
983	3020 1147 2090 1024
984	3037 3323 3200 897
985	2431 2083 2182 433
986	196 1622 1661 2368
987	630 3178 892 2036
988	1556 172 250 3196
989	962 2320 894 1014
990	976 1653 2177 2658
991	3379 2078 117 2034
992	1465 1022 1787 2255
993	3301 386 397 382
994	468 298 1294 2849
995	1362 665 1587 1141
996	2391 1305 2170 259
997	627 3058 2020 2115
998	3485 2624 2243 1770
999	1081 899 1237 1164
1000	2927 1947 136 2752
Students	1000
1	2814 29 3128 889
2	1290 1304 424 187
3	1588 2289 2096 1274
4	2489 245 1565 1478
5	2878 2322 2246 625
6	731 1129 1456 3192
7	2095 1104 228 2848
8	538 2454 114 3087
9	2343 3346 1869 996
10	2682 825 1526 395
11	878 1771 2128 2305
12	1022 3234 1557 1790
13	2421 395 2606 2726
14	221 2141 108 3486
15	2889 2574 2947 376
16	2157 888 1378 2120
17	1760 2831 1703 649
18	1663 1325 180 1276
19	1609 2263 1596 1818
20	36 141 2219 3000
21	3494 3184 1528 1605
22	2985 2332 3078 2732
23	172 1028 1300 2680
24	2512 3474 2313 3378
25	203 1995 1112 473
26	416 2442 2613 1700
27	2802 888 766 3066
28	1364 1608 1368 1822
29	2321 1608 1818 1164
30	2179 3092 2763 1955
31	538 3397 470 1389
32	2202 599 3102 1409
33	1393 467 3089 2224
34	2754 1574 87 605
35	597 3403 444 477
36	2409 1395 1557 618
37	1967 2876 102 629
38	2919 643 2436 249
39	2578 3007 1847 772
40	804 2592 2172 817
41	1258 528 3031 1675
42	2184 435 2348 2149
43	605 713 938 2247
44	1101 3476 3462 2289
45	3144 2005 486 2784
46	3120 1000 2946 78
47	380 2665 3478 2516
48	82 2823 2550 147
49	3357 1808 599 389
50	1464 2595 2506 2346
51	2483 2212 941 512
52	1305 328 1150 2835
53	2692 1872 553 3463
54	3225 2287 2220 1926
55	2133 947 1304 1969
56	1530 1356 3479 2303
57	850 3373 2292 3111
58	2442 266 1108 924
59	507 1711 1553 2831
60	2924 2141 1972 823
61	1472 3027 453 2539
62	1074 2171 2336 556
63	2588 2954 3417 1062
64	3481 3401 16 757
65	255 953 2493 2553
66	2896 1072 143 1658
67	1866 204 3217 744
68	2962 3204 2820 1019
69	2431 31 1834 3181
70	1664 664 1399 2103
71	2132 1273 3103 1180
72	3052 1330 2896 2786
73	1264 2082 721 2301
74	2145 2067 230 2928
75	1440 3213 803 3140
76	2282 2720 1517 3431
77	594 67 1869 1111
78	1543 37 3486 781
79	710 2394 3413 2222
80	1160 1481 3378 510
81	838 1364 864 2605
82	3166 234 2747 1250
83	2315 1467 3101 3202
84	2318 1305 3071 514
85	1714 2571 1619 611
86	2097 99 2888 931
87	3363 2339 510 2612
88	1863 3025 351 3458
89	2358 1654 1117 3307
90	2486 2735 1140 2535
91	3276 3167 1467 3164
92	487 2904 1560 1788
93	1350 1133 2490 3048
94	969 1096 428 2171
95	619 752 1050 1998
96	781 633 431 1419
97	66 2373 897 1138
98	1075 139 1672 818
99	535 586 1369 641
100	53 2893 2386 120
101	3118 2424 3034 1146
102	1877 1969 1077 1900
103	2492 2693 1841 1393
104	2841 2194 3309 2838
105	56 2228 1961 654
106	3013 2402 1854 3215
107	1940 2251 3096 1273
108	1189 2605 2650 410
109	848 890 1338 1767
110	2563 2729 1641 2890
111	1841 2897 25 2511
112	1100 336 2095 3495
113	2548 572 2008 2049
114	166 2830 1817 1353
115	2917 2957 3361 3442
116	2999 3034 1405 450
117	3428 1967 1260 1945
118	1128 2202 1746 3244
119	1831 3235 552 1053
120	2387 1004 413 2718
121	3226 2661 3482 2606
122	624 1283 1361 3025
123	2894 1871 2069 2300
124	728 469 3029 2690
125	2555 1075 3251 433
126	1519 3383 1399 1937
127	759 2140 1669 172
128	35 2334 2492 2390
129	1351 2565 853 3014
130	1157 871 1947 3323
131	958 463 1980 878
132	934 3303 1471 2664
133	664 621 2519 995
134	2386 158 845 720
135	2479 3238 2202 396
136	424 2586 2505 987
137	2431 1467 609 2834
138	3429 891 1371 1987
139	494 3026 3031 1997
140	358 1772 3124 1328
141	2770 287 3294 2216
142	2598 3141 994 614
143	1691 2941 853 2735
144	113 375 2907 1908
145	3186 110 2216 833
146	2236 1750 376 2239
147	58 530 62 264
148	241 869 2561 1070
149	1987 829 1921 57
150	628 1376 2656 1761
151	1835 748 3292 2236
152	2788 2959 520 2837
153	2549 2145 1295 1953
154	3494 2636 1947 3334
155	227 2555 3195 373
156	1850 2686 409 1117
157	2463 2153 56 1422
158	90 1656 2834 1369
159	841 2501 264 1727
160	792 2324 1618 2896
161	1974 2120 2768 1161
162	252 668 1542 2587
163	191 63 2119 479
164	2448 2940 2082 1115
165	983 911 698 1481
166	2164 204 329 2006
167	2489 859 2484 2012
168	3480 1328 1256 1334
169	276 1872 216 1930
170	2959 297 1508 1631
171	3316 753 2027 1896
172	468 3418 2644 617
173	2497 3369 2816 3496
174	648 470 1909 505
175	2626 1221 1057 1749
176	2150 643 2103 2
177	2279 1055 208 1100
178	3258 3190 2438 1138
179	1950 2247 3462 1355
180	1140 103 1546 3234
181	1314 2794 3311 2403
182	2417 1798 2786 1202
183	988 365 2181 1780
184	2799 755 1016 870
185	999 2077 2343 1372
186	2526 1360 1206 3276
187	2705 2866 1309 2585
188	3317 1231 3483 2698
189	3217 115 1083 403
190	1499 2699 2649 2783
191	1882 42 1379 1651
192	2458 3258 1119 320
193	1625 3175 3266 678
194	1947 3281 939 2633
195	2972 2731 1198 3458
196	752 21 125 1586
197	2751 3109 1425 307
198	3064 2998 3015 2482
199	1974 1282 502 574
200	1850 2711 2126 2990
201	1547 2388 1891 2189
202	1331 246 3180 2369
203	920 458 2563 2460
204	3076 1835 969 1459
205	1424 2346 1519 2886
206	1029 3096 1636 1875
207	1937 2155 2776 1086
208	126 2289 2163 896
209	1677 180 599 1196
210	1456 715 1482 1342
211	2230 1182 2597 1724
212	1228 2516 3071 1160
213	2082 2674 769 2975
214	2066 2084 3220 2024
215	1702 748 1614 3149
216	1428 2496 2335 92
217	1814 2452 645 3130
218	1178 1403 2686 2961
219	802 2660 1869 1382
220	1590 153 2891 1524
221	2210 3456 2726 93
222	3244 3495 2707 218
223	2069 1592 3467 941
224	23 3167 1800 2121
225	2806 1213 543 954
226	1542 1856 640 2004
227	1708 3218 2840 987
228	1062 23 3019 755
229	1889 2845 3361 800
230	2059 2397 2361 573
231	427 2803 2448 1595
232	1772 3040 2577 1501
233	3257 1132 2655 1193
234	1166 1274 2098 177
235	614 1779 3039 2756
236	2853 464 1522 3209
237	186 3320 2417 584
238	2105 1121 1423 1720
239	3328 684 2993 1130
240	3167 2114 1370 994
241	3027 2750 1757 2345
242	2138 316 1560 3131
243	1945 2216 2138 874
244	1210 3420 662 1342
245	2706 2746 1118 2979
246	2130 2842 2065 1851
247	1672 3031 1292 3324
248	3200 1575 1619 922
249	1277 80 2814 915
250	171 2647 1289 714
251	526 2802 183 622
252	3357 2419 1738 2569
253	67 709 1956 712
254	1738 2281 1919 1859
255	1244 402 752 2781
256	802 3009 2071 2758
257	1310 1356 3229 2338
258	2781 485 1276 2196
259	1958 486 2730 2572
260	2881 2230 1801 1290
261	3048 869 1832 1084
262	968 3267 2905 1331
263	1866 2091 248 441
264	614 1683 2079 765
265	2959 1183 803 29
266	219 1871 2880 2212
267	2976 1257 3135 2603
268	818 1936 996 2817
269	3146 582 1278 2876
270	2523 1925 3124 3142
271	400 2066 2391 784
272	835 118 915 1915
273	1766 322 1164 1317
274	2920 3445 3406 1692
275	38 3336 3250 2479
276	2697 2704 1270 2976
277	318 1054 28 3500
278	881 213 1564 394
279	1861 2613 1581 2976
280	3386 1720 3320 2346
281	206 1385 1916 505
282	222 1453 874 1502
283	3400 461 768 1249
284	275 3464 1707 2115
285	1632 1250 1679 3155
286	2048 2589 3360 3455
287	1888 2937 2590 1714
288	2664 212 1559 2611
289	1211 3168 747 2314
290	3090 747 214 2069
291	2419 3497 978 720
292	2735 276 2738 2769
293	3090 1841 1191 747
294	2198 1037 2870 354
295	1820 3476 1423 3005
296	110 1616 2220 460
297	3231 2384 1261 2958
298	1104 2528 1656 228
299	2843 1637 2171 2239
300	70 1624 3467 3249
301	1874 3414 2485 809
302	451 2707 2312 2770
303	2135 3174 210 644
304	865 46 1512 1405
305	2100 1037 775 601
306	3469 573 1050 2542
307	1329 1432 1954 50
308	438 1887 880 2881
309	2260 700 1374 1674
310	2041 420 1204 869
311	485 1958 1872 2636
312	1240 44 1813 3335
313	1436 203 331 1939
314	1281 1706 373 848
315	446 1908 1711 966
316	3197 2233 3169 2950
317	2586 2095 1663 3125
318	3297 376 245 3105
319	3177 323 810 270
320	3224 1215 2403 1843
321	2946 173 2170 3308
322	2263 2169 2778 2908
323	2016 479 2115 407
324	197 2933 3106 2580
325	2633 2675 521 973
326	3239 1282 2710 2313
327	256 2948 875 2092
328	2971 3314 958 2159
329	138 3451 3091 37
330	2788 184 2 796
331	165 966 1996 1527
332	2187 2999 911 638
333	3377 3396 1361 3307
334	1532 2382 2683 2379
335	1795 3111 2672 402
336	2935 1 1769 490
337	423 1876 1078 1232
338	3229 2921 1953 4
339	1592 1483 1110 2560
340	1160 2118 419 2563
341	1648 1595 866 20
342	2818 1323 924 995
343	2392 2439 2367 2732
344	1584 2505 772 301
345	1078 1108 2692 1760
346	1365 894 263 1172
347	312 29 903 2910
348	1734 1788 2889 2755
349	3161 2559 995 539
350	2673 1191 2378 1606
351	2414 644 838 1805
352	559 3424 1120 2291
353	3018 94 3172 3424
354	3233 1814 2189 1848
355	404 1772 2788 1675
356	3477 940 3467 3263
357	1621 2765 1944 2071
358	2058 1573 3357 2345
359	1484 112 2508 726
360	82 1012 1255 1323
361	1704 3143 3059 64
362	1787 2454 1755 642
363	1382 196 1973 3153
364	115 1258 1068 3382
365	1117 3204 2615 2499
366	1383 667 1330 1830
367	2422 2532 2866 2732
368	661 3464 783 637
369	1186 3445 1691 1174
370	2550 459 2366 1596
371	1900 146 2365 1798
372	3431 365 2417 432
373	3015 2054 3337 149
374	435 3223 1058 2564
375	2898 2801 1438 2282
376	2356 944 1369 3122
377	558 2829 843 1276
378	9 2337 1657 3055
379	2536 524 1792 869
380	2581 2632 1004 3450
381	1145 3441 2101 3216
382	2421 1023 1335 3195
383	1044 2952 3443 216
384	3344 1614 936 2369
385	44 2969 2735 1812
386	994 1384 3304 753
387	2417 1397 1787 39
388	590 368 2696 2052
389	988 2045 42 1559
390	2879 1190 2564 2382
391	2772 2375 1402 2747
392	3033 413 387 3280
393	492 1319 684 3302
394	2307 798 1570 3396
395	1924 2258 1702 2702
396	282 621 1768 715
397	1655 1293 429 653
398	202 2544 1953 2020
399	1056 1050 1434 2518
400	988 1329 122 466
401	1509 511 2620 1009
402	1330 3226 3322 2969
403	2734 181 3377 2729
404	881 1361 92 1235
405	1870 396 2916 413
406	1524 2277 2544 1071
407	2416 76 1494 2997
408	400 428 2092 190
409	3492 1467 1750 3375
410	2881 3498 1769 3024
411	3437 147 138 1430
412	40 2786 1237 1595
413	235 982 1792 1169
414	1234 3184 2850 2753
415	869 1217 313 442
416	363 1366 1635 108
417	1307 2985 1095 1461
418	3057 294 1680 1710
419	3003 760 855 463
420	3052 2992 2238 2511
421	2015 64 492 25
422	335 2208 337 1836
423	2585 232 268 2191
424	3204 2166 2354 2052
425	2867 2532 2652 3165
426	818 505 3322 1275
427	3317 2623 3329 443
428	2485 780 2265 2393
429	2689 2602 2110 353
430	1938 541 11 2798
431	1498 239 2462 2534
432	111 483 3283 110
433	852 11 1449 938
434	562 514 2879 305
435	2059 2622 2735 9
436	3498 320 1968 3480
437	2531 2912 2173 1186
438	2108 2040 1850 583
439	2134 1348 2730 1903
440	3323 1615 2081 1750
441	829 2745 222 775
442	440 2179 587 1948
443	2160 358 1891 588
444	2079 1956 2225 2889
445	1453 3157 2912 3236
446	2332 1699 335 2720
447	392 3330 852 1149
448	610 3024 2028 3238
449	2513 1922 979 2215
450	3158 2241 854 1366
451	1097 983 595 1103
452	1967 1866 554 1842
453	381 690 1799 1812
454	3349 940 1338 52
455	1038 2068 201 632
456	1817 2591 43 1603
457	2435 2763 3185 1105
458	2026 2421 2591 3169
459	274 2199 778 1901
460	1999 2358 935 3305
461	387 1981 1585 3373
462	3097 2454 2099 3317
463	152 2528 3090 2399
464	706 877 3000 2894
465	2244 1654 3343 2879
466	3488 3453 2531 586
467	1230 2151 1225 2107
468	1136 3036 303 3304
469	1362 1890 1591 967
470	525 356 2560 341
471	793 1019 58 3180
472	849 2633 574 486
473	3412 2993 1188 2596
474	403 2302 2768 2116
475	935 1979 1119 2705
476	1914 2582 2443 2155
477	1939 31 11 1310
478	16 2408 799 81
479	614 1474 352 968
480	2329 1803 1381 2177
481	590 507 281 3
482	2808 1315 3264 2410
483	1920 1274 146 3049
484	72 2425 1550 2364
485	2458 3475 1967 258
486	687 2041 2306 789
487	2192 1019 351 2915
488	3486 776 1148 2832
489	3351 1785 1214 2345
490	1922 3066 2090 637
491	493 2192 425 3088
492	617 15 205 1955
493	2186 51 70 2911
494	287 3446 2868 3018
495	2315 2563 182 1312
496	1974 2642 173 2321
497	581 3278 3216 2705
498	2145 3122 1639 1581
499	283 2962 1505 2537
500	2555 1490 507 2459
501	3069 1984 2738 2612
502	1477 3471 2799 2746
503	476 172 286 3397
504	368 2688 1827 505
505	2278 1513 1871 2097
506	296 11 1560 1225
507	376 60 676 2252
508	3053 2947 1624 1825
509	750 621 19 1077
510	1213 2079 1768 1353
511	329 1973 668 1226
512	566 1898 833 2509
513	2981 277 2230 75
514	1333 3113 1168 561
515	1774 780 352 2550
516	1786 1601 1998 2003
517	3112 2011 1671 1422
518	1 1122 480 2709
519	2355 1331 1097 2390
520	2760 2196 1592 1050
521	1606 1517 48 1111
522	2326 1740 2585 385
523	2451 2461 3273 239
524	201 58 971 1449
525	1088 1566 2248 324
526	1264 167 454 2611
527	3480 3064 497 788
528	192 2692 1788 555
529	2427 2708 2907 3479
530	2414 2160 2343 3327
531	236 3120 776 95
532	967 1966 1566 2290
533	1999 1065 938 2070
534	2579 1637 153 341
535	1911 1433 782 1243
536	2976 2174 2537 820
537	2451 2432 1959 406
538	1996 1290 1225 361
539	1775 3237 1379 536
540	2348 784 2182 2424
541	1157 3255 912 249
542	1520 2517 3214 2565
543	1926 2658 2883 1681
544	1715 2596 1320 1472
545	1940 1935 1064 2238
546	3426 340 2572 3046
547	839 446 3437 755
548	3255 1930 3453 2275
549	1994 3292 428 2326
550	376 2357 2022 357
551	2872 2720 219 1147
552	2174 1317 950 971
553	1332 885 47 869
554	938 635 815 751
555	1207 3380 1120 3046
556	3227 3050 521 3477
557	2457 3267 1935 862
558	979 1354 1391 1566
559	2127 2688 2864 388
560	3256 1837 1334 2405
561	306 3115 346 684
562	62 871 490 2116
563	1882 3417 952 1592
564	2589 654 962 1227
565	1935 2586 2443 1618
566	1900 729 90 1295
567	3263 324 3154 268
568	530 2782 262 3338
569	743 2568 3278 2258
570	1784 1064 962 1487
571	2403 587 1675 1442
572	1037 387 133 55
573	2443 931 1890 1798
574	3254 172 1969 744
575	3179 1725 3486 3258
576	3060 1882 1493 2944
577	1336 213 2701 86
578	2195 928 1144 1592
579	1974 1379 2175 2946
580	3400 1162 3181 2266
581	2341 1568 3267 684
582	3379 1095 2438 2650
583	1929 2232 3068 2252
584	2290 2708 371 189
585	3095 1185 1796 3059
586	2379 1438 1418 3193
587	1190 697 732 2392
588	2832 419 956 2299
589	1817 2747 2754 2403
590	3127 3449 1041 2590
591	2026 1382 1351 457
592	3229 1392 1232 2311
593	3000 882 3231 2460
594	2294 836 1053 1978
595	1090 2236 1335 90
596	2684 1265 3097 2763
597	890 3439 3106 2092
598	2015 1347 3383 2392
599	2436 1127 2415 1111
600	689 610 1846 3342
601	2046 282 2463 1231
602	1385 814 3327 1424
603	1302 1994 819 160
604	1793 2223 520 1382
605	2195 675 3043 2692
606	1998 250 152 1901
607	3049 3091 1043 281
608	331 52 2646 923
609	1440 3230 3412 1240
610	702 136 2142 1404
611	2506 3201 563 272
612	963 2866 2575 3123
613	2772 1212 2907 1140
614	3106 1465 1999 2356
615	345 3101 1238 1978
616	2252 148 499 670
617	2691 938 2272 2825
618	1243 1950 849 2769
619	1004 1395 2516 1084
620	864 2570 113 3230
621	1146 307 310 1688
622	3192 1199 2511 2116
623	529 2251 2436 1357
624	1389 3283 253 2828
625	2848 1453 698 840
626	297 1524 2055 1667
627	1600 908 1784 2131
628	111 1134 3214 2441
629	413 2816 2051 2125
630	50 2427 531 507
631	2864 1243 658 738
632	2964 272 338 974
633	635 843 1130 3474
634	1523 1684 1655 3339
635	1584 1504 2038 3424
636	2272 3035 1329 115
637	2107 903 1530 128
638	1149 2822 3087 1013
639	480 758 2865 708
640	2240 3319 3134 1515
641	1231 2849 3492 2078
642	2021 1668 2835 1155
643	35 2415 2991 483
644	2057 2549 1582 2034
645	3084 1075 422 498
646	724 2491 164 1582
647	371 2607 240 3040
648	324 1238 2893 2731
649	444 1249 1523 2259
650	141 3186 2802 3123
651	2721 1047 192 2590
652	1422 490 3486 2623
653	676 816 2855 552
654	2992 1775 574 1788
655	1369 2908 182 2701
656	1774 3163 1941 1607
657	2540 201 1494 2483
658	1289 399 2989 2642
659	3318 2071 2389 2482
660	1369 1834 2819 2842
661	874 564 1347 881
662	2230 1356 1183 600
663	1814 48 3230 2175
664	2763 1007 915 2221
665	3460 788 2048 2449
666	2459 1090 2481 225
667	2229 183 1710 744
668	2658 2958 1917 2495
669	3275 278 1743 1264
670	1962 2934 3230 509
671	194 1670 184 867
672	3039 2923 3293 2917
673	686 1040 3429 972
674	2774 276 921 964
675	1726 1261 3415 2663
676	3207 1753 122 213
677	3049 3342 1417 964
678	1525 1697 500 2258
679	986 939 1672 3334
680	1445 3010 954 2526
681	5 673 2332 2624
682	3249 2493 2137 3470
683	178 3181 1461 3274
684	911 861 1147 2851
685	1190 1572 2966 1663
686	733 374 596 2441
687	2956 841 409 2591
688	1232 1015 2033 2886
689	3417 1783 2145 3405
690	1062 28 2742 3057
691	1116 1030 3140 856
692	149 2286 602 560
693	272 2551 2178 785
694	3422 1075 558 2693
695	3176 758 898 3243
696	2439 291 1306 2402
697	945 274 1811 2660
698	1045 3333 2466 390
699	382 982 3032 2144
700	2711 2125 930 277
701	1490 3071 987 1459
702	600 1212 2586 752
703	990 3072 2823 2189
704	558 3244 3368 3399
705	3082 1239 83 1018
706	686 2871 2954 3386
707	2106 2574 2530 3470
708	2402 1177 3012 387
709	1213 1401 1699 2371
710	1466 2218 1608 121
711	194 3053 2891 2165
712	268 2532 2342 31
713	144 564 2896 98
714	2855 650 293 3081
715	2274 133 3184 2125
716	2582 1670 672 2798
717	2815 1159 1716 753
718	2045 1332 2453 1588
719	677 2269 2862 347
720	464 1264 383 968
721	764 1000 633 2220
722	2033 1195 1014 2238
723	1128 1616 103 1159
724	2376 2364 859 1197
725	23 1520 1016 3264
726	1686 3188 1866 2856
727	2268 1783 1026 2790
728	1335 941 208 1146
729	783 1446 1009 1388
730	1766 2204 314 437
731	646 93 1691 2391
732	2311 775 1225 3217
733	41 19 3143 1003
734	2677 478 132 1027
735	1538 1371 368 3443
736	255 906 1428 2295
737	3289 3203 351 2278
738	2127 634 1263 394
739	2863 1146 440 3362
740	3140 775 383 689
741	2691 948 1419 1722
742	2409 2040 3198 822
743	3029 185 2985 2716
744	525 2401 28 553
745	3446 3493 2501 905
746	1986 3220 2263 268
747	2914 1546 3498 3085
748	2813 558 2337 322
749	1307 1341 3354 3041
750	732 1955 1407 3188
751	3001 886 2743 1074
752	2386 2383 2210 110
753	2159 3064 2869 3289
754	3006 3241 1675 2045
755	546 2589 215 2256
756	3008 915 2841 262
757	3451 3293 977 2323
758	1079 234 1196 2125
759	2089 2745 3430 3337
760	730 2216 3382 2235
761	3291 401 1927 2093
762	1697 252 3384 2806
763	3041 1233 2011 2866
764	796 1552 1507 1687
765	848 854 2810 2356
766	242 525 2680 994
767	342 3468 1765 2389
768	1794 980 569 1374
769	3342 1008 1664 626
770	3372 2363 1142 3084
771	3331 2338 976 3375
772	609 3080 958 2572
773	2391 1411 2229 2954
774	1725 1292 2315 3435
775	2446 2126 2020 1466
776	3077 2588 638 860
777	2655 536 2551 484
778	1793 3350 1576 1062
779	2233 2344 9 2711
780	2146 3317 2924 1754
781	1419 3033 1352 516
782	2768 2719 3213 797
783	2097 2243 2612 520
784	2886 1502 2025 3428
785	2344 3356 1134 3001
786	1020 2500 914 3283
787	1327 1004 328 2832
788	3047 550 2139 1419
789	2071 1550 917 1011
790	1620 2835 1801 3059
791	126 275 3410 2993
792	1736 2823 1928 2
793	586 2320 2517 605
794	3173 486 13 873
795	770 2634 77 2183
796	1188 1989 3056 1824
797	3161 1869 2663 380
798	105 2821 2723 2248
799	3373 413 2945 3140
800	2455 358 872 739
801	48 2894 100 1393
802	1928 555 2343 3170
803	2141 2671 1566 780
804	223 2964 163 176
805	1969 981 2232 3478
806	3386 1968 3035 3182
807	2841 2037 271 3200
808	346 560 1818 3236
809	341 2016 2697 893
810	1237 1183 565 3006
811	2604 946 2935 1915
812	545 48 1570 2101
813	2036 1622 185 1589
814	335 2480 843 726
815	54 737 3128 72
816	1626 758 914 2198
817	2346 1982 137 761
818	1526 2976 2436 1394
819	3134 1400 504 1735
820	1901 1342 3115 1954
821	2218 2313 1384 1245
822	3246 1398 2164 3347
823	2850 1166 2157 2738
824	1915 445 3146 329
825	1676 1589 2117 2660
826	615 41 3300 2366
827	1072 6 40 3446
828	1928 687 2242 223
829	241 542 992 1106
830	1647 2869 3240 3180
831	2868 1463 419 1680
832	3496 1847 1633 1184
833	1019 1287 1529 79
834	616 3104 1413 721
835	236 1140 216 1884
836	2843 1543 907 270
837	2017 334 831 2651
838	3468 32 2556 2884
839	2983 13 1965 548
840	3129 1547 2820 3241
841	1109 3105 545 1337
842	1548 1595 1852 2924
843	1858 1153 2481 3216
844	53 1284 2742 174
845	3462 1458 1860 434
846	799 1759 2329 3026
847	1932 1769 3209 3328
848	1142 2896 1316 444
849	85 83 3177 1521
850	935 2978 258 2408
851	2590 396 120 1007
852	3420 672 2758 2402
853	2574 29 2521 2642
854	2010 996 1194 744
855	880 1413 2856 753
856	2057 1979 635 1450
857	2967 2471 585 3111
858	1126 552 662 2033
859	1322 3443 741 1421
860	1940 1742 2802 1083
861	1510 2237 1197 3220
862	2458 1975 860 1433
863	2185 1083 629 3213
864	1514 1362 1070 2859
865	1027 938 3378 3035
866	1586 999 2650 1446
867	2576 2266 3430 1279
868	3090 2861 2048 1117
869	426 478 1029 1805
870	555 3021 461 3220
871	2104 1436 552 2921
872	3220 899 1978 2148
873	3286 1550 146 422
874	2417 1397 1602 102
875	713 116 2346 1256
876	1578 3208 2755 884
877	2320 1116 1364 3219
878	1422 3224 1381 1464
879	190 2778 3036 65
880	1196 2324 2702 3079
881	2889 1259 1489 2276
882	3351 1480 274 181
883	2707 850 985 3442
884	1760 922 1544 3281
885	2629 633 2050 1777
886	2911 3212 3279 1032
887	2634 526 1512 218
888	2549 1388 394 1319
889	2610 155 3287 847
890	3463 375 1961 662
891	246 458 376 2027
892	971 669 2951 866
893	334 2920 1362 1148
894	707 1792 73 3111
895	306 1244 2877 2237
896	1544 798 480 1033
897	3248 3230 455 1428
898	3372 568 995 1808
899	1395 46 1454 361
900	2013 882 1002 3333
901	825 2460 3280 1534
902	294 685 2141 3293
903	227 1504 3480 2921
904	1204 194 3032 1187
905	2142 2913 441 848
906	1150 3358 323 794
907	1071 19 2361 137
908	559 917 550 584
909	1759 1641 895 1405
910	2513 1629 2466 2693
911	248 1329 2922 2656
912	200 3422 1769 2319
913	70 110 3216 2391
914	1218 1039 1922 1247
915	602 1709 2920 2945
916	1718 1883 3148 3143
917	2189 966 667 1546
918	2975 1084 509 2346
919	3159 1452 1405 3315
920	2780 2859 972 535
921	786 2512 2004 2406
922	2960 2569 3301 3439
923	1093 717 546 1450
924	1010 2892 1182 657
925	1690 2400 1809 2666
926	68 1797 1523 134
927	2006 162 3377 155
928	980 2019 3035 1959
929	1427 1916 2995 2850
930	2315 3467 1831 1382
931	362 1690 326 446
932	1509 1470 3030 1244
933	1744 3097 2534 1814
934	2816 971 89 2485
935	1338 1969 1243 959
936	879 1219 3417 3410
937	58 2310 2811 2519
938	1090 3196 1663 2580
939	2194 315 2533 3029
940	2391 3403 3493 2931
941	625 2283 3408 3358
942	1842 2297 2104 114
943	2655 1347 367 681
944	135 531 1737 540
945	1099 2473 2451 212
946	1254 1776 478 2185
947	1171 750 813 2141
948	2647 1740 2745 433
949	1053 2008 2585 777
950	3170 1089 2980 534
951	1297 2805 3131 834
952	2563 779 2768 693
953	2874 1334 3480 1084
954	3450 1878 3323 804
955	807 270 3302 247
956	712 221 2058 1024
957	838 53 2141 1006
958	640 277 803 98
959	27 2032 2799 1878
960	1494 836 2080 225
961	550 3349 2211 3427
962	983 656 2278 1214
963	263 2350 1420 2874
964	2247 2377 2544 2252
965	3291 1215 2781 2101
966	660 3007 699 2322
967	2556 3368 2930 1858
968	179 3460 69 1549
969	2706 1141 1127 2649
970	2538 1058 709 3229
971	377 462 95 1779
972	2844 3045 1672 3243
973	137 3234 2665 2956
974	3068 1102 1662 235
975	2764 1854 1097 3039
976	973 3431 650 1638
977	274 153 784 174
978	1362 2365 3357 1976
979	2756 812 2663 1988
980	3386 1556 3307 2346
981	2182 1112 2088 1337
982	2834 3129 2584 1514
983	2862 1605 1655 284
984	60 1727 3328 2750
985	1625 3064 1969 1542
986	1184 3221 2006 1816
987	197 1790 1193 3460
988	318 3345 1015 376
989	494 1068 1788 2971
990	372 2315 1255 137
991	2748 2260 3314 1942
992	3464 1998 928 1623
993	2521 1220 2336 1930
994	2598 1392 490 2181
995	2168 1860 1994 2121
996	1586 1224 2899 689
997	3324 378 107 1452
998	1192 1588 2063 1330
999	807 761 1768 967
1000	3098 1584 2216 875
Students	1000
1	2921 1665 3164 497
2	1400 2249 466 2029
3	1489 2238 3444 2092
4	1776 2102 2320 305
5	406 2642 1680 2972
6	1928 2230 2443 3307
7	1636 1481 1408 3033
8	1489 2444 525 2087
9	736 71 3294 2346
10	1902 559 928 357
11	1480 253 751 515
12	136 3084 3043 3336
13	2900 377 2849 2286
14	895 1852 388 819
15	2887 2057 2549 2970
16	1036 2325 93 791
17	740 2022 2796 1987
18	1655 2784 2227 515
19	2228 1399 1144 2226
20	2631 1146 293 2171
21	1558 2229 2951 1641
22	2259 293 1904 2200
23	3370 1744 1135 3389
24	2004 3089 810 629
25	866 2596 1199 2455
26	1385 1618 3041 2188
27	3460 212 2548 2100
28	2461 3165 1384 2129
29	1921 286 1165 1585
30	1450 2050 1874 3166
31	363 3150 1365 943
32	1627 2143 272 3498
33	1610 1333 2755 691
34	2235 2174 1294 388
35	1457 1026 1014 161
36	371 2902 2032 1768
37	1571 2486 1338 2192
38	3030 723 2583 1298
39	412 40 3276 207
40	248 2423 1470 819
41	2855 878 1204 3216
42	649 1575 852 3025
43	1400 2156 436 2043
44	33 880 3403 3180
45	2788 705 838 1561
46	3093 772 530 59
47	3111 1176 1894 2446
48	2794 1154 2310 250
49	3058 941 2890 898
50	2480 824 1655 796
51	2773 335 3315 4
52	309 964 790 3054
53	459 1525 1124 3302
54	2253 2439 3074 1003
55	807 1777 3288 303
56	531 1703 3131 2535
57	2560 3311 2481 2584
58	2047 1700 3050 3156
59	1560 3141 1805 2731
60	171 2918 1669 1252
61	2972 2437 3294 3251
62	1966 560 3135 3440
63	2987 2362 3298 1163
64	1331 1272 2487 241
65	2253 1688 531 3336
66	1406 938 1056 2117
67	501 2179 2293 190
68	517 3178 1386 645
69	349 2732 859 2664
70	3432 2541 1221 2806
71	3087 3201 660 426
72	1719 1687 427 134
73	2871 69 1652 1032
74	1577 933 2340 2119
75	1152 3258 1273 1773
76	1128 2086 2225 3465
77	371 1824 2990 653
78	338 738 3024 3471
79	1482 657 808 962
80	435 3019 541 948
81	3138 1951 2024 62
82	2481 232 614 2226
83	491 3315 1751 2485
84	1527 1846 611 2425
85	1447 764 2489 2594
86	2178 2485 1328 2266
87	2407 1134 1578 3477
88	2773 2807 2002 1784
89	2033 85 3011 390
90	2838 540 1247 2402
91	832 3341 1942 1433
92	479 445 185 3345
93	1963 1684 2232 774
94	2411 535 3489 445
95	549 1911 1078 1053
96	3435 2619 868 907
97	3428 51 130 1723
98	1772 525 1306 614
99	3291 3050 2 855
100	2895 793 20 545
101	2386 3430 345 2517
102	1705 1147 1238 359
103	1071 91 1473 606
104	2165 2704 2393 676
105	329 2390 1610 36
106	372 2634 295 8
107	553 48 2544 1445
108	877 1825 1710 1255
109	1842 2129 2349 2547
110	506 3081 44 2577
111	1311 3425 3421 3015
112	1395 486 585 2862
113	3490 1039 1309 2702
114	1472 3202 1338 3408
115	2195 2256 197 2722
116	658 1322 2092 2784
117	1447 1944 2524 2826
118	1201 2751 1300 1706
119	2416 2762 3439 3174
120	1670 1651 283 3110
121	644 3340 2228 983
122	2374 2582 1055 403
123	3308 2819 2948 3197
124	2693 1705 1352 1202
125	2122 2759 2763 1133
126	611 2774 2076 168
127	139 2372 2911 1205
128	91 75 2974 285
129	2092 3350 1370 3128
130	3299 2055 1380 1244
131	3171 3271 522 2081
132	3146 3033 261 1793
133	2151 1556 631 2615
134	2567 1181 193 3172
135	2084 1382 2527 2101
136	530 1843 133 1457
137	2911 1213 710 326
138	1780 3277 3074 334
139	2236 2703 50 794
140	1018 2481 2286 1512
141	3225 2223 918 85
142	3321 1528 2862 141
143	3107 1603 1369 2035
144	2366 614 302 3276
145	30 346 500 269
146	2774 1494 183 530
147	153 162 2773 2509
148	2183 2025 1338 1213
149	2232 550 3402 1787
150	540 163 2142 842
151	1163 1462 2417 1585
152	995 567 687 489
153	2916 1681 1187 572
154	730 2294 1680 2027
155	109 1569 2036 999
156	1054 1598 2400 387
157	2034 2160 94 3403
158	3136 1396 2968 1959
159	2820 2319 1717 2133
160	1856 1207 3009 2335
161	1129 221 1670 1797
162	1866 639 1568 3073
163	216 1370 812 2530
164	1162 465 3287 664
165	982 1627 1206 540
166	1682 2823 496 1375
167	2704 903 1458 1188
168	738 1741 1853 2594
169	2491 3155 2664 2342
170	905 917 655 251
171	1696 188 1523 2039
172	2869 1561 2280 2332
173	1428 1521 590 1449
174	2650 1560 3018 2406
175	1621 1122 3212 2369
176	2095 2316 3283 3010
177	121 1285 2911 1428
178	1519 2786 1292 594
179	629 731 1388 2870
180	1985 3044 1897 2613
181	469 3156 1410 3225
182	2253 2119 691 2727
183	2110 1490 590 3315
184	146 334 1956 863
185	3081 509 489 1450
186	1737 37 1290 1770
187	3493 1186 2068 1294
188	1030 3324 47 961
189	3189 2254 2281 3244
190	3101 3205 841 1259
191	669 1940 1053 1763
192	1490 1115 2495 1922
193	2895 3124 972 935
194	2053 1242 2787 1602
195	1771 1870 339 581
196	3390 296 1808 2617
197	635 1806 1635 2079
198	1954 150 2080 252
199	2910 246 1640 548
200	3488 2656 2870 1044
201	176 178 2692 853
202	3002 430 2810 156
203	1840 2376 58 362
204	2620 550 1090 1177
205	1786 1869 1060 3144
206	2804 1266 3493 821
207	395 828 861 2766
208	177 1720 1025 2157
209	2124 1140 2844 1541
210	938 1042 2274 3158
211	3435 1468 1667 1540
212	147 1794 430 1436
213	2263 3043 2371 334
214	1042 340 1644 681
215	1894 2675 2990 2368
216	3449 2029 2026 2383
217	3132 1128 1701 2480
218	1277 414 180 489
219	1901 1469 2475 492
220	613 2745 664 224
221	29 885 143 881
222	3458 1545 1651 2838
223	1829 3143 2537 3414
224	749 1792 2948 1548
225	2766 2951 3167 3183
226	1944 3040 2753 2002
227	2000 1407 2490 2321
228	626 232 730 529
229	327 1014 2981 1204
230	1828 495 2074 1972
231	3135 1875 3118 3250
232	1553 827 2786 334
233	3354 1205 2937 3436
234	1281 1367 278 2923
235	3029 1649 29 2398
236	639 3274 2358 1116
237	1108 642 1256 1487
238	3328 210 883 2784
239	1808 3095 2495 860
240	2858 1022 604 2816
241	2942 184 1006 1152
242	665 2867 870 3066
243	2477 791 3368 950
244	3248 2866 386 1918
245	2706 1300 2069 1239
246	543 736 3230 2032
247	1376 523 1524 628
248	1449 1894 1205 641
249	2865 855 1775 77
250	84 137 450 1135
251	2501 536 678 3446
252	3116 741 2453 2442
253	1494 1991 193 2089
254	1799 2663 1299 2528
255	3052 2668 268 2781
256	2190 3481 2044 93
257	185 632 8 1108
258	2421 1279 2653 849
259	3436 2836 2002 1524
260	1807 841 2833 1932
261	786 2540 2229 2062
262	1084 1807 1473 1325
263	1306 2239 520 3241
264	3077 836 1657 2801
265	1742 724 3390 3465
266	198 3314 2936 2640
267	128 1012 2716 261
268	258 3140 3049 2226
269	1363 753 584 1306
270	1287 2566 2870 623
271	3429 2489 1156 824
272	3353 3342 1326 2070
273	1786 2430 3471 2530
274	1366 1628 181 301
275	1643 1810 2214 2164
276	2391 1169 3319 424
277	3439 1669 1977 1629
278	761 377 2843 2690
279	326 900 1847 1210
280	191 1843 1900 430
281	129 1470 3193 2537
282	384 2173 990 241
283	1932 515 3437 1971
284	1572 2118 588 69
285	1707 1551 1680 3146
286	3066 2810 457 750
287	2694 3250 2924 957
288	3038 294 2543 2710
289	248 541 2685 2461
290	3139 3313 2854 24
291	1339 379 1637 1318
292	408 1441 243 1297
293	147 704 2454 3135
294	1512 1310 2458 396
295	2378 1985 323 2369
296	3467 3168 1822 2933
297	3404 3312 2092 254
298	754 971 1341 552
299	200 2706 2303 3086
300	2086 576 1450 541
301	3307 1200 2822 651
302	2081 1879 3069 2035
303	1083 331 2014 3005
304	634 981 1504 2138
305	2016 402 1359 2357
306	2503 1575 2126 1637
307	1099 3290 2608 2357
308	398 1312 2649 1622
309	2005 2136 1486 1202
310	1775 1892 1149 2783
311	3274 2542 2127 613
312	3065 1001 1335 3374
313	2623 3281 2802 1456
314	1656 3068 1400 2891
315	734 3154 656 522
316	736 1533 69 330
317	2474 874 1985 1253
318	1880 1998 285 2036
319	448 1809 1249 1087
320	2789 716 1725 2056
321	2141 1021 782 1435
322	1588 1376 2606 2169
323	2038 317 2764 2278
324	297 1092 2004 250
325	2684 1995 1824 3322
326	1870 2330 604 1969
327	1035 2580 1143 3203
328	564 303 2052 1440
329	3197 2657 2233 291
330	2424 3054 1243 314
331	2789 2859 2551 780
332	2759 2068 1099 2069
333	1610 740 2848 407
334	226 2285 1520 1216
335	2665 2042 132 369
336	3436 3358 3373 2462
337	262 2380 2811 2761
338	2466 386 2510 3451
339	979 2006 61 1681
340	2675 1653 911 3135
341	1179 2164 2586 1494
342	404 2126 3194 972
343	3064 2518 1404 1148
344	3398 629 3264 1191
345	1349 2349 885 1406
346	2142 1674 10 92
347	1169 1523 3191 329
348	827 417 469 1995
349	2652 772 3339 1902
350	2712 1146 1438 778
351	2317 522 994 302
352	1891 1507 2044 2650
353	3019 338 2142 1401
354	1742 2970 1296 2285
355	2601 123 2652 1345
356	3307 3212 1609 2683
357	2696 2877 2241 1716
358	1334 1159 2324 3228
359	1761 3229 2676 113
360	1390 3016 1154 249
361	954 3489 2554 3290
362	1676 1006 477 2070
363	2304 2183 2739 1867
364	2557 447 2314 2987
365	1384 2432 2557 542
366	2265 3050 2242 1364
367	1243 607 2032 3217
368	840 3071 2405 3087
369	2833 3414 443 1445
370	18 59 1167 2491
371	953 2481 1134 3172
372	1625 1499 2330 3469
373	2895 3090 2465 1859
374	896 1648 1661 2983
375	8 3459 936 3216
376	175 231 2880 866
377	3270 1895 911 3485
378	3072 516 497 2403
379	2714 2728 9 3457
380	2898 3006 1777 466
381	130 733 1567 699
382	1508 1670 1839 2639
383	2958 2131 1711 2808
384	1689 2712 1218 1168
385	3069 1435 374 2406
386	1729 2382 2459 3336
387	352 2139 1174 1509
388	1537 2287 1546 3335
389	1030 1732 2381 1907
390	3414 479 234 1059
391	2531 1626 207 1690
392	2988 2906 3037 858
393	1029 911 1952 1169
394	2836 978 2825 1666
395	3330 2284 1020 2530
396	2894 1646 189 684
397	320 1673 1573 747
398	1012 2410 373 245
399	960 1886 545 1482
400	796 3158 2744 1837
401	2069 1570 473 496
402	1861 1086 3392 2829
403	2152 3481 1007 3347
404	2631 1805 3086 3355
405	3443 3321 661 1076
406	2984 3419 2910 499
407	1143 1982 783 1424
408	337 42 2991 2924
409	1411 631 1827 625
410	81 2284 1306 3345
411	211 1477 442 778
412	1318 222 123 1378
413	2930 2045 2964 2868
414	2411 295 647 1129
415	2901 1973 253 590
416	576 2401 9 1092
417	2565 2232 1428 1277
418	1542 2726 707 1892
419	2884 163 1312 390
420	2742 3031 1126 1186
421	3449 3471 2016 2808
422	1031 1696 245 3081
423	2848 665 2317 1380
424	2540 887 3090 330
425	891 1981 541 1575
426	2060 2116 2953 2688
427	619 75 2402 2906
428	1183 3370 1324 1304
429	2799 1620 1735 2732
430	1905 747 2402 1248
431	3140 1543 292 2027
432	482 2761 2454 1860
433	957 2854 2709 1683
434	3498 2125 1671 2414
435	280 2941 1962 1503
436	1408 1343 1056 2787
437	584 3255 51 3140
438	242 1961 1711 3211
439	2840 611 794 881
440	3145 696 2750 1976
441	2963 1191 2536 892
442	2565 2501 1884 952
443	1478 2499 172 2268
444	3130 850 1012 145
445	1320 2213 784 1054
446	2122 2726 989 2650
447	1666 3395 2258 212
448	2857 3335 1458 2749
449	1979 547 88 923
450	1403 1620 1960 2668
451	163 1870 3145 3034
452	689 2564 2721 10
453	3237 3459 2998 948
454	2877 1116 3294 191
455	355 2855 370 780
456	2725 3358 1415 2336
457	1735 2636 638 2187
458	3201 3236 3146 3004
459	203 3207 2233 2379
460	3190 1774 2063 2793
461	2505 612 1083 2024
462	372 257 902 3426
463	2900 465 1173 2939
464	2166 306 3240 1674
465	2731 1628 1528 1753
466	1585 3170 2918 615
467	3219 2883 369 2010
468	3368 3371 2040 1577
469	653 3201 829 2063
470	2947 529 1476 860
471	1415 2198 1592 1997
472	2038 2902 392 1269
473	1400 1048 2887 1776
474	543 3193 1912 1815
475	2911 966 3211 799
476	1916 3205 1062 8
477	2925 3390 724 2115
478	2259 2321 2195 2541
479	1369 1679 2133 609
480	3101 2143 3123 361
481	2088 2521 1950 2130
482	121 1353 1684 1573
483	3139 2237 1330 3211
484	1524 580 495 1919
485	2311 2931 3238 3270
486	278 113 1080 2112
487	1441 1249 992 1437
488	3079 879 2062 207
489	1587 3114 743 9
490	2159 2496 2043 2315
491	1998 3483 1189 1886
492	397 1628 1730 2449
493	29 590 1840 763
494	1186 1127 1769 2041
495	3256 2686 2846 2829
496	1061 166 2691 2719
497	487 3038 869 1730
498	2798 1726 3208 2270
499	3141 342 1669 2612
500	979 1311 1500 3399
501	1176 1302 1497 1669
502	1438 287 2999 2287
503	237 847 2054 2777
504	491 113 2965 2725
505	1081 936 1157 2992
506	1516 2068 543 631
507	100 1421 1892 2441
508	647 1805 1232 2082
509	1332 3288 904 1422
510	717 759 2534 3129
511	3329 2965 1535 2390
512	2005 2990 3308 94
513	585 3033 3412 2355
514	452 1563 1624 260
515	1860 2461 89 3210
516	1126 2520 641 908
517	830 3418 1196 1427
518	551 1305 3296 2939
519	356 1858 2560 138
520	1858 2839 1762 1973
521	2418 2376 29 667
522	2749 566 870 2699
523	3420 2785 2754 2706
524	3361 1992 1855 965
525	2982 1523 897 2999
526	2828 1200 2450 3120
527	1236 2806 2218 3124
528	1187 1842 514 2896
529	1793 3431 1208 2206
530	1185 2977 1013 731
531	1118 2785 359 219
532	121 2915 1294 2334
533	1473 1957 3345 391
534	2974 3473 183 978
535	2836 837 302 1120
536	3375 2699 1068 496
537	3363 2772 2033 1779
538	824 2678 2636 1747
539	1938 1690 2349 757
540	3054 1045 2562 2401
541	703 110 3356 2654
542	526 719 1942 272
543	1184 1170 3363 3129
544	1253 3253 302 3100
545	2687 1130 3153 1530
546	455 2403 2036 3168
547	573 884 190 2140
548	966 1742 3114 906
549	804 1168 364 2082
550	863 1222 1868 2687
551	315 579 3183 1718
552	1390 2130 3165 2918
553	3250 3028 2821 3209
554	1055 303 2674 2160
555	2989 494 208 1758
556	1571 2888 1920 2978
557	1605 2826 1297 2988
558	2843 2653 1684 2991
559	1987 1415 1422 3371
560	3230 3128 1263 621
561	794 2281 548 2147
562	1034 1963 3437 2912
563	230 1532 1978 210
564	949 1942 1907 918
565	2771 3244 937 567
566	2096 2577 283 113
567	2516 537 1680 614
568	1319 2616 3084 2509
569	3211 581 101 2191
570	1010 101 487 2211
571	2725 1313 1001 100
572	1476 867 1905 2968
573	1882 966 1008 2594
574	1211 2044 1266 1408
575	1992 411 2234 3165
576	1873 187 2111 2567
577	247 1443 3119 850
578	2356 713 929 573
579	341 1411 3435 1722
580	2972 195 865 2321
581	2702 2568 3249 1200
582	590 481 1685 837
583	3112 2115 1690 345
584	2941 2819 71 122
585	267 2242 2086 2397
586	1289 2920 1061 2175
587	440 1910 2106 903
588	310 1471 2083 117
589	374 1282 2722 1491
590	3201 1165 2231 2837
591	1383 3014 1807 26
592	2902 3286 3078 2367
593	2825 109 2403 1181
594	1225 747 947 1837
595	2173 1182 3085 1224
596	3249 2326 1690 192
597	1310 1839 594 241
598	3481 1010 2132 2611
599	3461 838 2245 2338
600	565 1083 2914 3008
601	3305 2914 1827 3399
602	3174 1603 1066 2813
603	3283 2959 3040 408
604	3228 3433 1661 1799
605	2508 2293 3164 428
606	651 1417 1490 1601
607	1849 2429 2974 899
608	2600 1104 1192 1768
609	3360 1612 2512 1577
610	407 197 288 632
611	2649 939 3142 1589
612	880 1093 79 2584
613	2065 1066 1859 349
614	3180 3454 2334 382
615	2224 396 2111 2828
616	1571 2318 1165 7
617	922 179 1411 1508
618	155 659 424 1237
619	334 2179 1771 2233
620	1512 2202 2419 3048
621	614 2967 2473 1068
622	1656 3094 3109 2240
623	139 3437 1422 2759
624	3300 2717 419 2214
625	20 3403 2779 1900
626	592 1090 1610 1684
627	372 31 2754 961
628	1300 349 3093 243
629	2456 1442 381 2453
630	2809 2276 2380 1177
631	3346 3066 249 150
632	330 1252 212 608
633	151 2770 2042 1985
634	1836 1819 753 1639
635	563 3353 2410 3006
636	955 2294 2012 469
637	619 1785 1494 42
638	440 2534 2975 1588
639	3489 1007 599 2092
640	1732 2038 1690 601
641	1974 705 2267 333
642	239 592 1819 1932
643	2513 1269 2632 1580
644	3101 1579 1903 203
645	112 3091 3185 1995
646	507 444 838 1375
647	426 1002 663 2904
648	1995 1560 1252 1389
649	3053 1409 1992 629
650	2705 962 1185 2408
651	1664 1710 2768 3376
652	2124 2517 2151 19
653	607 171 3457 1379
654	605 640 2329 3230
655	418 1773 2996 1744
656	2763 2634 798 3396
657	2920 1543 1663 1657
658	3283 620 2326 834
659	1087 1995 47 1976
660	3233 1813 1398 756
661	3309 193 1589 44
662	2615 2644 1729 3349
663	447 3408 619 492
664	1667 875 3118 2335
665	1691 22 2429 1241
666	793 3418 2067 1612
667	1756 1694 297 2397
668	2495 3067 156 1164
669	1765 3306 2516 1817
670	746 1773 1188 1328
671	2404 896 2299 1155
672	2492 1422 1169 3143
673	1000 645 2542 1899
674	3230 837 2677 1035
675	2590 36 2209 541
676	3077 2908 1685 2301
677	350 1478 2189 1297
678	2734 2356 1384 1478
679	2896 1583 735 1041
680	2941 1165 1493 3021
681	1982 2334 118 2456
682	3198 1645 2523 3360
683	1470 598 2398 3286
684	2964 3004 2386 2912
685	2698 815 1173 1477
686	1950 3026 3127 329
687	2437 1789 925 1458
688	236 1233 3015 1342
689	2082 3222 505 1859
690	3119 3008 2064 2918
691	2524 532 2008 3478
692	1390 713 1453 1558
693	3313 2601 2719 2444
694	155 1321 665 546
695	748 1335 1950 184
696	2319 2485 2994 3180
697	2911 2834 2003 2962
698	983 2780 2406 540
699	3400 1080 2610 2561
700	1235 2102 43 223
701	1617 819 577 1426
702	2167 1867 3444 543
703	942 1732 424 957
704	884 3257 350 694
705	2921 624 198 510
706	1361 2249 1703 27
707	2788 2629 148 2119
708	2137 3107 2210 670
709	1684 1388 285 2411
710	1672 1867 566 5
711	3328 283 3370 3234
712	2509 1115 1635 640
713	1135 3113 2153 585
714	960 1068 1612 427
715	1941 48 3175 1045
716	79 71 1850 2286
717	2909 1879 2192 2105
718	1953 1164 2700 2100
719	1082 2848 3260 1980
720	626 363 3393 1733
721	3192 2866 3200 3269
722	2953 136 1095 3363
723	1946 1064 140 125
724	2183 3408 2908 3167
725	862 3459 470 2978
726	3260 122 2192 116
727	552 1021 982 2719
728	2085 2559 1658 639
729	3450 1085 1597 2750
730	2337 164 279 2168
731	1989 2927 3468 1754
732	2473 157 1107 2686
733	76 802 3345 2634
734	594 1077 132 2774
735	1428 2964 1468 1111
736	1558 2786 2340 323
737	901 2034 288 3152
738	71 1195 2156 62
739	374 2609 679 3058
740	866 158 2429 315
741	2029 728 2824 3276
742	638 1098 610 1969
743	1537 663 1251 2301
744	35 428 2749 1514
745	1643 2077 1022 2818
746	2246 1308 3353 3146
747	30 294 3315 1656
748	609 3117 3119 2926
749	1549 1323 646 996
750	99 2330 1940 193
751	14 1337 1185 1287
752	2662 1701 2011 39
753	2669 3060 3078 1297
754	2529 3270 227 439
755	2777 1401 2894 1824
756	3452 291 2951 335
757	413 3272 1219 2154
758	698 3144 570 1376
759	591 2265 587 3063
760	1174 1695 118 2265
761	711 2792 1350 2802
762	2144 2880 1538 2716
763	1087 1394 178 1802
764	778 2067 1001 1842
765	1382 2673 1286 2091
766	3071 3360 2454 1917
767	2762 1769 2553 279
768	2162 163 1373 915
769	3394 2880 3038 363
770	2624 2759 452 1912
771	585 637 970 2499
772	953 2161 195 2500
773	1913 2079 2582 1421
774	2316 788 1614 1134
775	73 2618 687 1178
776	1442 326 2964 492
777	2457 657 1695 1951
778	1094 828 2111 3312
779	1561 2024 1218 842
780	138 2707 1357 3385
781	3317 3006 208 2167
782	953 1835 1168 1393
783	1280 2583 1505 1047
784	754 2924 1938 3072
785	1780 1963 1382 2304
786	343 733 40 2804
787	719 157 1652 1024
788	3328 463 2537 102
789	2097 2673 1007 2968
790	2532 2436 1546 3169
791	2634 1916 255 448
792	2066 783 1307 1712
793	468 531 1686 214
794	411 466 1119 1935
795	931 2301 1229 3400
796	2845 2419 1834 776
797	224 213 153 2129
798	1650 548 3160 281
799	538 1481 2914 1964
800	2209 128 3039 720
801	2754 2710 1333 23
802	1462 2921 2893 3012
803	2737 2389 2613 776
804	58 2512 2001 1798
805	1091 110 1738 3257
806	114 3464 783 1555
807	827 303 1594 1220
808	107 409 200 1545
809	455 1303 1172 2577
810	2191 1154 1947 16
811	340 798 3454 1343
812	2065 1742 1050 41
813	3417 608 1081 718
814	2021 195 2871 164
815	1920 1278 3129 1922
816	854 878 1472 1531
817	3244 1738 1260 1392
818	2501 3077 117 2057
819	1354 1678 3210 3015
820	2091 3407 2127 1333
821	1823 350 525 2694
822	3482 2171 587 902
823	2597 2292 575 674
824	874 677 2315 282
825	2979 855 801 3275
826	1716 2851 3268 147
827	2047 56 2768 1407
828	1359 2722 2400 2415
829	2848 486 967 2564
830	3255 12 279 2125
831	1148 2507 1381 2809
832	1430 1177 2522 1397
833	3344 531 2699 1656
834	1070 2221 404 1507
835	333 2484 2105 1709
836	670 570 1211 633
837	2155 506 2364 1872
838	1026 2615 2160 629
839	1643 1055 1981 994
840	3218 1826 1903 820
841	1049 1906 3467 2380
842	1726 3042 1855 197
843	2762 2474 1245 1212
844	1951 1133 1237 1631
845	1667 56 977 2625
846	2609 2805 431 201
847	1080 400 1558 2362
848	1315 1750 365 2050
849	845 2968 1740 2205
850	78 752 1785 1277
851	2758 3461 2765 225
852	527 2155 922 2275
853	1889 1466 2598 2186
854	2282 819 3121 1100
855	1154 2102 723 903
856	3200 1864 628 476
857	3093 1225 2647 2263
858	3075 1537 3282 2294
859	1853 71 90 1143
860	1353 580 919 3073
861	2669 758 1006 2987
862	38 3340 3359 213
863	891 250 868 1893
864	1636 2233 1333 1566
865	647 3232 2292 2225
866	2329 1938 2768 300
867	2173 3404 2338 906
868	1463 1334 1794 2832
869	141 388 407 333
870	2992 3360 1861 143
871	3424 2313 2435 2080
872	2132 3448 3280 1179
873	801 723 3093 1431
874	3254 2653 1992 1689
875	3423 125 2954 3112
876	3388 2970 1748 1809
877	2606 3442 3106 2544
878	2182 2113 1865 971
879	118 2137 363 899
880	1747 3244 2568 3241
881	541 2581 2223 1724
882	2479 2281 342 1576
883	2608 1077 2398 2516
884	1790 461 3095 1096
885	596 1577 2664 1173
886	38 1320 2764 946
887	341 1369 2943 2454
888	1495 640 359 3033
889	857 1921 417 3243
890	2796 762 740 988
891	1772 2688 2619 3189
892	1066 3363 1265 2
893	1378 427 1782 1562
894	2742 2503 1192 854
895	88 536 2352 3030
896	1580 2322 3042 846
897	2372 2509 1377 1930
898	881 258 2859 597
899	966 2913 3077 2059
900	2660 1109 62 169
901	138 232 672 3480
902	252 1124 1312 3317
903	3245 39 105 864
904	2233 1539 533 2254
905	1526 1292 42 990
906	2051 1723 2917 766
907	2726 3468 62 2613
908	2353 3194 2437 687
909	1603 3444 3160 100
910	2224 1786 1056 1763
911	2715 2304 1675 1949
912	1382 1249 1458 3247
913	3072 2270 3462 3066
914	796 2431 1795 2642
915	1795 91 1557 982
916	2760 1978 3027 3437
917	2851 2063 269 555
918	2093 251 1559 2833
919	172 2852 3033 2603
920	1419 2781 980 484
921	1632 473 2029 2365
922	2341 3179 2239 1552
923	343 1100 3393 2179
924	803 3377 1705 2436
925	2053 2437 3035 826
926	557 534 3060 3454
927	3182 29 2363 3060
928	2312 240 2018 411
929	567 783 1317 3002
930	2985 2445 378 2455
931	1434 2483 1951 1738
932	889 1185 1400 913
933	3400 1795 311 2722
934	2712 2309 2982 1352
935	1460 643 185 1335
936	298 3427 592 986
937	3403 3361 778 2296
938	980 237 1323 3190
939	3495 1778 3161 991
940	3070 1773 2418 1883
941	2472 2253 794 2189
942	1095 2386 1487 2236
943	985 2269 166 607
944	929 12 75 282
945	569 2914 1549 278
946	1171 2885 1097 3288
947	1028 3485 1545 1743
948	2904 2923 2041 1956
949	2781 1039 39 1199
950	2380 1503 2209 909
951	2245 2967 1831 380
952	2703 2212 64 2197
953	2195 77 3109 2159
954	1184 2522 3128 1573
955	325 272 1049 3101
956	1295 2042 1132 638
957	2266 701 209 2982
958	1480 693 2959 1060
959	1358 1656 962 1155
960	2040 1227 156 31
961	3226 2125 1053 1504
962	2880 3018 1084 1829
963	2926 1713 2430 2190
964	1545 501 2001 2372
965	454 2536 302 2836
966	2799 2962 2616 1980
967	1813 1402 2900 3385
968	349 2678 2852 1587
969	806 1713 1868 1843
970	3099 3273 257 579
971	314 931 519 2368
972	2367 2795 2567 72
973	2489 612 772 2893
974	1041 1478 2963 81
975	3375 1535 2442 935
976	1309 3357 184 1166
977	2505 2898 1637 2152
978	1411 2374 1998 947
979	2581 2999 248 2633
980	2253 638 1376 1340
981	1785 2174 2740 2784
982	1952 309 2626 2851
983	210 2696 2362 1001
984	1681 3012 3420 1355
985	519 1979 3333 2173
986	781 739 1945 1812
987	864 808 2593 2061
988	2555 1797 1450 1195
989	2530 2940 1701 2675
990	2644 3340 1908 644
991	2029 2731 1107 1490
992	2639 2619 2122 2900
993	3175 1593 126 2137
994	2916 2032 1620 3026
995	3251 818 3135 3146
996	2324 2106 1945 2707
997	537 2935 3263 1822
998	2453 2470 2007 1046
999	2385 991 1603 1516
1000	3268 1905 539 316
