Class Times	10
Rooms	150
1	505
2	71
3	693
4	392
5	866
6	929
7	231
8	832
9	576
10	659
11	71
12	882
13	343
14	101
15	380
16	167
17	27
18	420
19	900
20	483
21	364
22	270
23	749
24	972
25	425
26	950
27	341
28	252
29	477
30	721
31	704
32	179
33	238
34	825
35	956
36	267
37	600
38	508
39	895
40	171
41	28
42	290
43	272
44	882
45	347
46	267
47	959
48	963
49	563
50	862
51	615
52	928
53	245
54	617
55	56
56	769
57	873
58	804
59	355
60	733
61	123
62	825
63	699
64	77
65	303
66	17
67	677
68	700
69	943
70	702
71	350
72	194
73	154
74	232
75	878
76	303
77	496
78	800
79	809
80	24
81	317
82	505
83	717
84	135
85	59
86	749
87	252
88	682
89	409
90	493
91	243
92	75
93	269
94	104
95	421
96	742
97	710
98	74
99	674
100	309
101	883
102	535
103	541
104	574
105	238
106	860
107	923
108	442
109	854
110	397
111	703
112	549
113	620
114	707
115	799
116	746
117	675
118	402
119	572
120	698
121	553
122	754
123	361
124	109
125	448
126	207
127	52
128	589
129	541
130	944
131	669
132	73
133	350
134	896
135	718
136	254
137	660
138	825
139	812
140	75
141	537
142	878
143	142
144	160
145	909
146	218
147	196
148	717
149	640
150	511
Classes	1500
Teachers	750
1	278
2	280
3	240
4	77
5	55
6	575
7	47
8	691
9	718
10	190
11	637
12	177
13	638
14	286
15	239
16	673
17	708
18	132
19	326
20	156
21	466
22	708
23	343
24	100
25	579
26	181
27	159
28	488
29	466
30	629
31	348
32	348
33	505
34	731
35	74
36	706
37	338
38	192
39	155
40	394
41	373
42	375
43	305
44	148
45	196
46	264
47	36
48	86
49	192
50	729
51	78
52	569
53	624
54	584
55	630
56	26
57	114
58	327
59	497
60	145
61	711
62	682
63	250
64	389
65	418
66	527
67	140
68	720
69	468
70	656
71	312
72	322
73	164
74	212
75	477
76	127
77	353
78	657
79	600
80	228
81	701
82	658
83	411
84	433
85	717
86	66
87	660
88	727
89	89
90	351
91	422
92	633
93	309
94	663
95	442
96	677
97	700
98	399
99	368
100	212
101	259
102	27
103	687
104	523
105	103
106	421
107	277
108	636
109	44
110	9
111	543
112	39
113	288
114	431
115	134
116	626
117	350
118	108
119	325
120	376
121	23
122	320
123	631
124	722
125	438
126	428
127	102
128	121
129	104
130	641
131	642
132	151
133	701
134	592
135	634
136	344
137	253
138	642
139	717
140	299
141	109
142	218
143	651
144	96
145	266
146	31
147	731
148	424
149	583
150	125
151	131
152	395
153	82
154	434
155	529
156	97
157	327
158	211
159	19
160	31
161	319
162	407
163	457
164	14
165	270
166	467
167	351
168	227
169	301
170	403
171	588
172	178
173	320
174	609
175	156
176	315
177	97
178	220
179	705
180	41
181	550
182	571
183	316
184	354
185	218
186	558
187	307
188	700
189	553
190	291
191	639
192	501
193	109
194	264
195	639
196	696
197	144
198	79
199	132
200	684
201	239
202	76
203	86
204	435
205	748
206	404
207	716
208	719
209	596
210	443
211	660
212	178
213	302
214	396
215	498
216	38
217	398
218	128
219	128
220	276
221	727
222	36
223	191
224	483
225	96
226	665
227	330
228	468
229	29
230	59
231	268
232	633
233	88
234	221
235	12
236	278
237	378
238	635
239	619
240	172
241	646
242	665
243	686
244	94
245	56
246	383
247	37
248	680
249	582
250	290
251	685
252	479
253	55
254	227
255	119
256	449
257	350
258	137
259	210
260	403
261	413
262	186
263	496
264	166
265	12
266	23
267	360
268	301
269	7
270	176
271	710
272	664
273	734
274	157
275	185
276	246
277	337
278	76
279	514
280	631
281	602
282	139
283	459
284	116
285	694
286	193
287	67
288	137
289	8
290	491
291	625
292	120
293	617
294	453
295	68
296	127
297	168
298	368
299	394
300	24
301	65
302	89
303	94
304	617
305	373
306	654
307	571
308	199
309	451
310	165
311	85
312	144
313	182
314	33
315	398
316	3
317	447
318	651
319	515
320	456
321	1
322	560
323	67
324	594
325	472
326	586
327	73
328	165
329	33
330	185
331	393
332	723
333	483
334	38
335	184
336	222
337	313
338	233
339	337
340	556
341	296
342	1
343	247
344	332
345	393
346	437
347	408
348	263
349	582
350	400
351	502
352	118
353	58
354	715
355	422
356	310
357	173
358	49
359	425
360	735
361	19
362	319
363	703
364	529
365	158
366	220
367	346
368	391
369	167
370	485
371	321
372	634
373	745
374	371
375	626
376	540
377	621
378	586
379	358
380	470
381	269
382	17
383	396
384	166
385	688
386	236
387	240
388	496
389	430
390	609
391	681
392	78
393	370
394	523
395	519
396	416
397	595
398	498
399	305
400	588
401	452
402	124
403	21
404	525
405	347
406	340
407	274
408	547
409	433
410	538
411	605
412	59
413	544
414	221
415	159
416	691
417	515
418	576
419	187
420	231
421	584
422	459
423	95
424	342
425	635
426	554
427	583
428	659
429	17
430	741
431	201
432	615
433	559
434	723
435	266
436	224
437	14
438	258
439	229
440	465
441	106
442	210
443	204
444	121
445	51
446	432
447	455
448	596
449	545
450	618
451	32
452	421
453	28
454	552
455	369
456	693
457	102
458	42
459	744
460	37
461	249
462	547
463	502
464	150
465	411
466	538
467	176
468	181
469	343
470	477
471	630
472	555
473	485
474	366
475	360
476	572
477	43
478	173
479	391
480	208
481	357
482	682
483	566
484	463
485	386
486	615
487	563
488	562
489	645
490	555
491	405
492	359
493	133
494	527
495	653
496	190
497	479
498	103
499	74
500	524
501	49
502	40
503	679
504	104
505	743
506	434
507	77
508	283
509	712
510	467
511	565
512	441
513	531
514	296
515	735
516	69
517	114
518	303
519	387
520	668
521	654
522	183
523	28
524	342
525	649
526	177
527	123
528	551
529	359
530	135
531	453
532	158
533	344
534	48
535	191
536	495
537	493
538	370
539	557
540	314
541	599
542	490
543	204
544	488
545	530
546	119
547	187
548	281
549	419
550	456
551	88
552	426
553	535
554	5
555	186
556	556
557	44
558	746
559	705
560	223
561	209
562	517
563	399
564	528
565	545
566	643
567	346
568	711
569	138
570	293
571	276
572	489
573	179
574	357
575	246
576	570
577	142
578	148
579	9
580	569
581	481
582	113
583	632
584	216
585	155
586	167
587	64
588	693
589	704
590	112
591	469
592	407
593	458
594	616
595	499
596	612
597	578
598	412
599	692
600	729
601	299
602	364
603	674
604	300
605	374
606	330
607	605
608	136
609	116
610	451
611	663
612	222
613	263
614	542
615	745
616	252
617	51
618	566
619	361
620	50
621	331
622	136
623	719
624	82
625	511
626	470
627	495
628	517
629	208
630	354
631	259
632	431
633	313
634	282
635	272
636	687
637	326
638	636
639	397
640	145
641	336
642	697
643	388
644	122
645	98
646	41
647	18
648	689
649	182
650	573
651	134
652	20
653	590
654	666
655	490
656	325
657	247
658	34
659	90
660	603
661	75
662	406
663	335
664	746
665	369
666	389
667	69
668	34
669	423
670	681
671	703
672	656
673	363
674	653
675	722
676	412
677	297
678	329
679	269
680	8
681	207
682	206
683	61
684	570
685	29
686	688
687	677
688	481
689	410
690	628
691	277
692	341
693	4
694	189
695	390
696	200
697	647
698	629
699	650
700	30
701	90
702	408
703	439
704	594
705	241
706	554
707	237
708	261
709	141
710	500
711	125
712	324
713	710
714	534
715	333
716	544
717	518
718	619
719	371
720	141
721	493
722	318
723	444
724	339
725	640
726	518
727	652
728	644
729	384
730	50
731	307
732	40
733	386
734	309
735	10
736	289
737	353
738	673
739	692
740	492
741	695
742	248
743	592
744	471
745	184
746	606
747	22
748	540
749	472
750	304
751	42
752	443
753	338
754	26
755	30
756	292
757	98
758	561
759	448
760	7
761	107
762	115
763	514
764	361
765	375
766	228
767	196
768	385
769	461
770	347
771	292
772	426
773	641
774	207
775	666
776	581
777	70
778	658
779	448
780	308
781	138
782	689
783	163
784	131
785	439
786	91
787	608
788	474
789	244
790	341
791	260
792	627
793	533
794	423
795	601
796	288
797	462
798	750
799	238
800	499
801	355
802	465
803	105
804	559
805	415
806	18
807	85
808	657
809	458
810	304
811	414
812	65
813	401
814	430
815	623
816	601
817	738
818	397
819	414
820	64
821	522
822	574
823	725
824	365
825	446
826	162
827	446
828	43
829	284
830	491
831	364
832	513
833	105
834	310
835	135
836	505
837	743
838	704
839	188
840	335
841	308
842	640
843	562
844	706
845	206
846	420
847	27
848	83
849	152
850	608
851	580
852	690
853	597
854	568
855	10
856	618
857	110
858	345
859	533
860	219
861	170
862	676
863	179
864	578
865	378
866	171
867	13
868	188
869	712
870	742
871	75
872	83
873	438
874	251
875	87
876	551
877	171
878	168
879	2
880	115
881	250
882	668
883	621
884	632
885	536
886	404
887	524
888	535
889	690
890	402
891	425
892	142
893	410
894	553
895	217
896	113
897	579
898	452
899	744
900	140
901	152
902	234
903	581
904	54
905	365
906	572
907	709
908	380
909	336
910	471
911	286
912	563
913	349
914	291
915	169
916	60
917	388
918	225
919	628
920	565
921	356
922	612
923	697
924	91
925	730
926	447
927	598
928	667
929	293
930	209
931	20
932	231
933	21
934	507
935	473
936	154
937	413
938	106
939	384
940	267
941	93
942	683
943	175
944	395
945	742
946	280
947	486
948	509
949	363
950	718
951	574
952	620
953	519
954	558
955	737
956	497
957	120
958	679
959	285
960	107
961	604
962	492
963	401
964	270
965	237
966	379
967	219
968	733
969	480
970	464
971	437
972	419
973	552
974	311
975	146
976	528
977	297
978	108
979	702
980	245
981	372
982	402
983	153
984	728
985	257
986	35
987	721
988	500
989	314
990	536
991	450
992	261
993	489
994	126
995	561
996	312
997	738
998	625
999	245
1000	486
1001	406
1002	749
1003	622
1004	241
1005	349
1006	193
1007	251
1008	201
1009	252
1010	198
1011	597
1012	716
1013	557
1014	409
1015	275
1016	409
1017	638
1018	740
1019	576
1020	721
1021	253
1022	429
1023	300
1024	670
1025	80
1026	531
1027	63
1028	390
1029	254
1030	295
1031	487
1032	678
1033	233
1034	274
1035	367
1036	180
1037	112
1038	174
1039	339
1040	725
1041	80
1042	494
1043	549
1044	151
1045	455
1046	511
1047	541
1048	161
1049	284
1050	372
1051	48
1052	306
1053	180
1054	323
1055	258
1056	362
1057	99
1058	302
1059	655
1060	392
1061	377
1062	100
1063	60
1064	6
1065	541
1066	243
1067	522
1068	129
1069	530
1070	424
1071	154
1072	461
1073	290
1074	32
1075	101
1076	504
1077	265
1078	110
1079	99
1080	333
1081	268
1082	607
1083	122
1084	47
1085	623
1086	111
1087	487
1088	534
1089	508
1090	255
1091	205
1092	211
1093	662
1094	281
1095	332
1096	157
1097	520
1098	525
1099	376
1100	194
1101	720
1102	606
1103	272
1104	620
1105	655
1106	432
1107	476
1108	521
1109	311
1110	133
1111	262
1112	713
1113	117
1114	279
1115	695
1116	118
1117	542
1118	175
1119	174
1120	39
1121	675
1122	473
1123	143
1124	217
1125	224
1126	661
1127	352
1128	374
1129	476
1130	509
1131	93
1132	366
1133	214
1134	139
1135	321
1136	732
1137	197
1138	130
1139	81
1140	58
1141	648
1142	381
1143	130
1144	295
1145	546
1146	6
1147	587
1148	146
1149	316
1150	685
1151	589
1152	248
1153	749
1154	298
1155	84
1156	238
1157	236
1158	575
1159	71
1160	24
1161	671
1162	322
1163	598
1164	464
1165	162
1166	129
1167	428
1168	303
1169	215
1170	733
1171	400
1172	285
1173	213
1174	702
1175	244
1176	573
1177	698
1178	273
1179	345
1180	81
1181	255
1182	726
1183	662
1184	463
1185	550
1186	699
1187	205
1188	724
1189	696
1190	707
1191	22
1192	216
1193	52
1194	516
1195	79
1196	198
1197	161
1198	644
1199	474
1200	602
1201	232
1202	560
1203	622
1204	647
1205	53
1206	672
1207	243
1208	61
1209	282
1210	381
1211	367
1212	730
1213	279
1214	539
1215	232
1216	593
1217	516
1218	726
1219	589
1220	203
1221	260
1222	532
1223	352
1224	68
1225	512
1226	462
1227	686
1228	445
1229	611
1230	748
1231	143
1232	294
1233	520
1234	70
1235	454
1236	195
1237	669
1238	512
1239	92
1240	739
1241	5
1242	149
1243	480
1244	13
1245	475
1246	124
1247	95
1248	189
1249	714
1250	415
1251	674
1252	340
1253	203
1254	585
1255	537
1256	383
1257	420
1258	385
1259	16
1260	287
1261	510
1262	429
1263	84
1264	591
1265	709
1266	616
1267	54
1268	661
1269	684
1270	362
1271	548
1272	273
1273	35
1274	164
1275	235
1276	678
1277	329
1278	72
1279	607
1280	713
1281	610
1282	25
1283	234
1284	254
1285	646
1286	460
1287	475
1288	603
1289	508
1290	645
1291	457
1292	318
1293	546
1294	507
1295	444
1296	503
1297	200
1298	600
1299	230
1300	387
1301	230
1302	417
1303	649
1304	66
1305	405
1306	355
1307	724
1308	71
1309	235
1310	382
1311	449
1312	532
1313	294
1314	153
1315	604
1316	271
1317	501
1318	123
1319	484
1320	549
1321	664
1322	334
1323	590
1324	324
1325	358
1326	610
1327	494
1328	699
1329	454
1330	283
1331	92
1332	506
1333	503
1334	2
1335	441
1336	750
1337	275
1338	543
1339	611
1340	160
1341	213
1342	63
1343	740
1344	435
1345	683
1346	223
1347	672
1348	671
1349	379
1350	87
1351	111
1352	256
1353	147
1354	170
1355	715
1356	56
1357	667
1358	614
1359	16
1360	484
1361	25
1362	637
1363	73
1364	676
1365	265
1366	418
1367	741
1368	436
1369	734
1370	427
1371	334
1372	331
1373	675
1374	698
1375	568
1376	659
1377	287
1378	736
1379	595
1380	172
1381	469
1382	643
1383	513
1384	306
1385	445
1386	537
1387	117
1388	163
1389	714
1390	587
1391	249
1392	504
1393	52
1394	613
1395	147
1396	267
1397	614
1398	624
1399	229
1400	427
1401	271
1402	436
1403	736
1404	149
1405	317
1406	580
1407	328
1408	652
1409	101
1410	323
1411	126
1412	482
1413	728
1414	613
1415	478
1416	539
1417	215
1418	183
1419	417
1420	416
1421	15
1422	377
1423	526
1424	197
1425	670
1426	62
1427	194
1428	11
1429	669
1430	482
1431	62
1432	392
1433	225
1434	739
1435	450
1436	460
1437	226
1438	577
1439	317
1440	650
1441	195
1442	577
1443	564
1444	526
1445	440
1446	648
1447	737
1448	564
1449	627
1450	380
1451	257
1452	328
1453	3
1454	478
1455	72
1456	591
1457	356
1458	289
1459	256
1460	169
1461	599
1462	11
1463	506
1464	707
1465	298
1466	593
1467	45
1468	680
1469	440
1470	4
1471	382
1472	747
1473	510
1474	442
1475	585
1476	150
1477	567
1478	46
1479	199
1480	747
1481	160
1482	226
1483	548
1484	46
1485	694
1486	567
1487	57
1488	732
1489	214
1490	202
1491	15
1492	242
1493	242
1494	202
1495	53
1496	315
1497	262
1498	57
1499	521
1500	45
Class Times	10
Rooms	150
1	617
2	699
3	135
4	539
5	213
6	342
7	546
8	137
9	155
10	795
11	454
12	209
13	872
14	369
15	228
16	139
17	19
18	442
19	878
20	403
21	463
22	784
23	237
24	979
25	217
26	563
27	550
28	504
29	829
30	673
31	104
32	385
33	605
34	862
35	476
36	533
37	638
38	237
39	830
40	784
41	149
42	264
43	663
44	263
45	909
46	583
47	502
48	568
49	504
50	679
51	180
52	711
53	61
54	591
55	163
56	190
57	116
58	200
59	928
60	57
61	483
62	481
63	608
64	368
65	755
66	176
67	685
68	470
69	231
70	200
71	301
72	221
73	259
74	162
75	917
76	990
77	874
78	566
79	699
80	59
81	564
82	544
83	358
84	893
85	47
86	66
87	660
88	627
89	940
90	570
91	424
92	660
93	473
94	611
95	545
96	416
97	429
98	155
99	288
100	348
101	566
102	273
103	495
104	573
105	881
106	104
107	973
108	517
109	721
110	683
111	722
112	206
113	449
114	788
115	769
116	826
117	472
118	274
119	613
120	581
121	934
122	970
123	177
124	791
125	782
126	729
127	277
128	126
129	164
130	449
131	811
132	178
133	320
134	11
135	376
136	878
137	665
138	577
139	99
140	23
141	575
142	88
143	309
144	616
145	617
146	176
147	633
148	281
149	177
150	136
Classes	1500
Teachers	750
1	109
2	384
3	683
4	59
5	344
6	461
7	299
8	183
9	357
10	711
11	458
12	732
13	303
14	745
15	246
16	586
17	626
18	618
19	737
20	121
21	245
22	230
23	373
24	431
25	360
26	247
27	188
28	713
29	510
30	374
31	64
32	462
33	135
34	170
35	146
36	68
37	293
38	145
39	85
40	502
41	696
42	75
43	201
44	713
45	130
46	135
47	625
48	64
49	661
50	278
51	663
52	532
53	194
54	582
55	734
56	448
57	211
58	169
59	583
60	428
61	679
62	281
63	709
64	148
65	616
66	63
67	111
68	87
69	198
70	237
71	223
72	219
73	552
74	449
75	299
76	212
77	665
78	394
79	156
80	151
81	659
82	549
83	655
84	40
85	475
86	179
87	454
88	542
89	128
90	685
91	674
92	687
93	606
94	425
95	574
96	709
97	97
98	635
99	650
100	241
101	91
102	386
103	93
104	506
105	448
106	74
107	605
108	652
109	333
110	456
111	628
112	651
113	332
114	143
115	87
116	538
117	320
118	166
119	344
120	191
121	541
122	442
123	498
124	555
125	541
126	173
127	512
128	635
129	554
130	450
131	382
132	242
133	724
134	539
135	569
136	340
137	394
138	687
139	626
140	194
141	500
142	721
143	415
144	280
145	327
146	196
147	399
148	98
149	641
150	100
151	538
152	282
153	19
154	279
155	40
156	527
157	512
158	562
159	469
160	597
161	637
162	213
163	582
164	257
165	122
166	65
167	745
168	728
169	427
170	588
171	109
172	145
173	653
174	378
175	112
176	431
177	428
178	529
179	211
180	629
181	589
182	650
183	719
184	281
185	265
186	450
187	403
188	261
189	4
190	228
191	594
192	60
193	234
194	23
195	460
196	381
197	362
198	633
199	158
200	19
201	627
202	577
203	395
204	569
205	579
206	367
207	288
208	101
209	668
210	107
211	169
212	72
213	219
214	508
215	320
216	404
217	458
218	287
219	637
220	351
221	514
222	39
223	612
224	511
225	601
226	422
227	398
228	365
229	99
230	456
231	417
232	476
233	693
234	23
235	73
236	328
237	514
238	130
239	243
240	1
241	223
242	177
243	330
244	131
245	373
246	336
247	364
248	321
249	38
250	305
251	99
252	734
253	675
254	463
255	665
256	381
257	55
258	141
259	684
260	653
261	198
262	295
263	77
264	427
265	526
266	446
267	651
268	476
269	519
270	445
271	746
272	453
273	716
274	455
275	386
276	116
277	208
278	83
279	678
280	164
281	157
282	727
283	674
284	3
285	478
286	670
287	726
288	307
289	622
290	732
291	272
292	437
293	33
294	697
295	122
296	264
297	24
298	433
299	155
300	750
301	461
302	62
303	286
304	133
305	263
306	693
307	149
308	718
309	165
310	572
311	547
312	7
313	329
314	315
315	58
316	258
317	81
318	327
319	103
320	340
321	628
322	168
323	505
324	214
325	314
326	183
327	150
328	350
329	120
330	322
331	59
332	478
333	91
334	184
335	192
336	282
337	136
338	216
339	621
340	125
341	288
342	666
343	257
344	426
345	426
346	595
347	696
348	548
349	742
350	468
351	673
352	505
353	701
354	158
355	638
356	105
357	493
358	202
359	63
360	227
361	613
362	741
363	673
364	532
365	268
366	539
367	620
368	209
369	42
370	97
371	530
372	479
373	193
374	725
375	444
376	610
377	488
378	480
379	632
380	644
381	418
382	605
383	141
384	161
385	9
386	48
387	221
388	329
389	149
390	37
391	205
392	216
393	731
394	168
395	588
396	464
397	334
398	733
399	441
400	416
401	424
402	599
403	712
404	454
405	56
406	69
407	31
408	304
409	525
410	593
411	661
412	589
413	703
414	118
415	663
416	53
417	36
418	58
419	280
420	378
421	81
422	577
423	449
424	164
425	7
426	632
427	3
428	8
429	315
430	65
431	160
432	440
433	416
434	399
435	390
436	397
437	210
438	358
439	338
440	355
441	77
442	8
443	11
444	488
445	42
446	359
447	622
448	698
449	244
450	583
451	534
452	279
453	127
454	37
455	367
456	385
457	424
458	290
459	706
460	11
461	350
462	584
463	249
464	190
465	240
466	599
467	586
468	465
469	306
470	531
471	684
472	729
473	36
474	191
475	313
476	465
477	645
478	683
479	640
480	610
481	249
482	670
483	631
484	337
485	261
486	489
487	362
488	229
489	118
490	406
491	44
492	335
493	69
494	548
495	641
496	328
497	728
498	750
499	723
500	275
501	222
502	52
503	16
504	616
505	258
506	253
507	273
508	78
509	295
510	251
511	559
512	384
513	62
514	227
515	479
516	676
517	311
518	133
519	438
520	581
521	712
522	657
523	308
524	459
525	614
526	690
527	455
528	265
529	660
530	76
531	150
532	208
533	722
534	492
535	666
536	714
537	556
538	646
539	468
540	502
541	441
542	165
543	525
544	688
545	614
546	400
547	520
548	743
549	152
550	623
551	155
552	273
553	334
554	148
555	318
556	173
557	493
558	205
559	620
560	54
561	6
562	621
563	212
564	562
565	363
566	269
567	210
568	694
569	473
570	193
571	125
572	263
573	379
574	188
575	529
576	422
577	319
578	147
579	184
580	142
581	371
582	39
583	560
584	740
585	417
586	560
587	353
588	292
589	101
590	636
591	613
592	371
593	98
594	330
595	220
596	717
597	54
598	196
599	346
600	316
601	551
602	75
603	317
604	6
605	235
606	374
607	436
608	718
609	694
610	177
611	584
612	112
613	220
614	483
615	277
616	56
617	375
618	21
619	100
620	311
621	537
622	407
623	716
624	547
625	624
626	735
627	239
628	530
629	579
630	80
631	207
632	435
633	420
634	726
635	79
636	540
637	239
638	190
639	429
640	467
641	563
642	202
643	700
644	151
645	744
646	27
647	300
648	470
649	736
650	554
651	436
652	559
653	400
654	627
655	335
656	34
657	44
658	146
659	376
660	154
661	437
662	494
663	74
664	648
665	221
666	646
667	143
668	347
669	487
670	691
671	260
672	124
673	644
674	139
675	38
676	161
677	489
678	275
679	300
680	347
681	703
682	681
683	480
684	497
685	305
686	531
687	544
688	307
689	270
690	460
691	533
692	715
693	697
694	645
695	600
696	343
697	162
698	57
699	407
700	692
701	463
702	181
703	557
704	451
705	395
706	68
707	568
708	388
709	507
710	607
711	113
712	414
713	254
714	245
715	214
716	242
717	385
718	676
719	276
720	521
721	264
722	527
723	326
724	312
725	473
726	410
727	511
728	600
729	136
730	230
731	113
732	31
733	494
734	338
735	283
736	60
737	520
738	685
739	175
740	290
741	647
742	372
743	46
744	648
745	243
746	52
747	623
748	369
749	80
750	1
751	346
752	380
753	254
754	536
755	355
756	132
757	229
758	30
759	134
760	741
761	439
762	380
763	285
764	451
765	742
766	251
767	218
768	240
769	739
770	701
771	246
772	185
773	727
774	555
775	366
776	542
777	566
778	132
779	108
780	57
781	287
782	510
783	432
784	546
785	114
786	543
787	421
788	462
789	607
790	185
791	121
792	50
793	681
794	390
795	546
796	270
797	71
798	248
799	387
800	241
801	486
802	447
803	53
804	459
805	92
806	408
807	322
808	339
809	690
810	339
811	200
812	142
813	129
814	361
815	25
816	414
817	253
818	66
819	552
820	591
821	47
822	490
823	392
824	725
825	523
826	5
827	17
828	517
829	366
830	175
831	92
832	664
833	71
834	717
835	116
836	501
837	540
838	24
839	508
840	475
841	596
842	722
843	452
844	352
845	283
846	310
847	292
848	396
849	359
850	643
851	189
852	557
853	72
854	70
855	402
856	492
857	581
858	679
859	247
860	630
861	120
862	379
863	4
864	483
865	432
866	631
867	234
868	570
869	304
870	274
871	276
872	162
873	660
874	159
875	274
876	551
877	345
878	736
879	699
880	453
881	544
882	182
883	86
884	271
885	114
886	457
887	365
888	2
889	48
890	207
891	84
892	659
893	324
894	389
895	349
896	609
897	209
898	10
899	61
900	469
901	611
902	534
903	664
904	550
905	647
906	617
907	649
908	46
909	509
910	691
911	111
912	668
913	643
914	477
915	237
916	695
917	172
918	12
919	213
920	595
921	269
922	268
923	166
924	733
925	55
926	568
927	430
928	452
929	186
930	406
931	656
932	17
933	447
934	110
935	252
936	180
937	16
938	415
939	156
940	364
941	332
942	187
943	730
944	199
945	517
946	117
947	105
948	259
949	578
950	574
951	326
952	658
953	556
954	26
955	735
956	516
957	252
958	500
959	439
960	248
961	474
962	78
963	472
964	602
965	297
966	236
967	289
968	316
969	523
970	102
971	743
972	744
973	157
974	357
975	195
976	549
977	748
978	457
979	94
980	186
981	412
982	442
983	410
984	486
985	170
986	497
987	391
988	446
989	115
990	342
991	95
992	535
993	353
994	201
995	372
996	218
997	707
998	393
999	319
1000	388
1001	503
1002	178
1003	392
1004	10
1005	106
1006	179
1007	259
1008	490
1009	313
1010	124
1011	306
1012	593
1013	729
1014	163
1015	507
1016	724
1017	440
1018	35
1019	603
1020	49
1021	612
1022	361
1023	286
1024	45
1025	28
1026	618
1027	397
1028	640
1029	66
1030	617
1031	96
1032	226
1033	565
1034	658
1035	266
1036	272
1037	271
1038	630
1039	377
1040	323
1041	705
1042	2
1043	154
1044	564
1045	429
1046	420
1047	197
1048	699
1049	127
1050	402
1051	601
1052	107
1053	419
1054	495
1055	619
1056	84
1057	337
1058	192
1059	401
1060	351
1061	504
1062	180
1063	167
1064	585
1065	41
1066	41
1067	688
1068	348
1069	421
1070	578
1071	536
1072	686
1073	602
1074	405
1075	106
1076	358
1077	652
1078	356
1079	403
1080	29
1081	222
1082	76
1083	609
1084	70
1085	34
1086	61
1087	333
1088	178
1089	705
1090	144
1091	153
1092	571
1093	383
1094	739
1095	341
1096	176
1097	13
1098	624
1099	419
1100	159
1101	698
1102	524
1103	137
1104	482
1105	491
1106	199
1107	564
1108	369
1109	737
1110	558
1111	474
1112	21
1113	134
1114	543
1115	528
1116	325
1117	5
1118	682
1119	82
1120	655
1121	689
1122	354
1123	89
1124	289
1125	675
1126	160
1127	719
1128	131
1129	433
1130	558
1131	695
1132	413
1133	467
1134	318
1135	506
1136	714
1137	521
1138	368
1139	603
1140	425
1141	629
1142	29
1143	342
1144	244
1145	35
1146	152
1147	677
1148	545
1149	225
1150	235
1151	266
1152	409
1153	140
1154	680
1155	123
1156	324
1157	633
1158	278
1159	533
1160	572
1161	309
1162	567
1163	434
1164	176
1165	590
1166	45
1167	389
1168	236
1169	662
1170	348
1171	67
1172	498
1173	625
1174	408
1175	352
1176	382
1177	491
1178	321
1179	224
1180	310
1181	102
1182	277
1183	639
1184	172
1185	82
1186	522
1187	298
1188	484
1189	182
1190	615
1191	677
1192	482
1193	485
1194	128
1195	317
1196	686
1197	575
1198	657
1199	144
1200	203
1201	356
1202	710
1203	267
1204	706
1205	396
1206	226
1207	376
1208	104
1209	535
1210	43
1211	570
1212	291
1213	232
1214	487
1215	309
1216	206
1217	174
1218	137
1219	308
1220	398
1221	576
1222	591
1223	224
1224	537
1225	345
1226	418
1227	704
1228	592
1229	567
1230	47
1231	51
1232	377
1233	485
1234	445
1235	140
1236	740
1237	707
1238	747
1239	499
1240	404
1241	503
1242	680
1243	587
1244	383
1245	571
1246	438
1247	405
1248	233
1249	13
1250	611
1251	119
1252	409
1253	22
1254	336
1255	592
1256	49
1257	375
1258	747
1259	25
1260	363
1261	83
1262	163
1263	566
1264	484
1265	284
1266	704
1267	580
1268	561
1269	518
1270	285
1271	444
1272	495
1273	187
1274	692
1275	79
1276	22
1277	233
1278	711
1279	30
1280	563
1281	18
1282	232
1283	634
1284	639
1285	85
1286	746
1287	73
1288	139
1289	147
1290	343
1291	325
1292	262
1293	401
1294	291
1295	710
1296	94
1297	228
1298	580
1299	354
1300	51
1301	565
1302	430
1303	189
1304	103
1305	153
1306	50
1307	302
1308	524
1309	738
1310	14
1311	715
1312	204
1313	314
1314	708
1315	255
1316	515
1317	260
1318	138
1319	303
1320	86
1321	302
1322	634
1323	545
1324	27
1325	619
1326	370
1327	255
1328	594
1329	550
1330	423
1331	672
1332	119
1333	294
1334	349
1335	667
1336	110
1337	608
1338	678
1339	93
1340	181
1341	360
1342	296
1343	117
1344	470
1345	471
1346	20
1347	682
1348	608
1349	43
1350	412
1351	636
1352	423
1353	294
1354	748
1355	515
1356	174
1357	32
1358	575
1359	730
1360	513
1361	15
1362	297
1363	654
1364	587
1365	471
1366	606
1367	443
1368	9
1369	649
1370	669
1371	200
1372	573
1373	526
1374	466
1375	88
1376	370
1377	518
1378	477
1379	435
1380	590
1381	138
1382	323
1383	126
1384	667
1385	203
1386	496
1387	516
1388	238
1389	262
1390	596
1391	689
1392	561
1393	206
1394	496
1395	284
1396	115
1397	331
1398	89
1399	700
1400	553
1401	293
1402	231
1403	481
1404	20
1405	296
1406	331
1407	312
1408	519
1409	464
1410	604
1411	204
1412	217
1413	472
1414	638
1415	167
1416	654
1417	702
1418	171
1419	96
1420	267
1421	434
1422	749
1423	504
1424	656
1425	731
1426	499
1427	67
1428	250
1429	217
1430	88
1431	672
1432	123
1433	18
1434	604
1435	642
1436	387
1437	238
1438	26
1439	443
1440	33
1441	32
1442	702
1443	225
1444	413
1445	108
1446	738
1447	598
1448	598
1449	662
1450	411
1451	393
1452	749
1453	642
1454	215
1455	723
1456	585
1457	231
1458	522
1459	501
1460	528
1461	215
1462	669
1463	368
1464	509
1465	95
1466	576
1467	195
1468	391
1469	411
1470	513
1471	301
1472	301
1473	597
1474	28
1475	90
1476	708
1477	90
1478	720
1479	298
1480	466
1481	615
1482	481
1483	341
1484	197
1485	12
1486	126
1487	14
1488	15
1489	573
1490	553
1491	720
1492	721
1493	129
1494	171
1495	256
1496	671
1497	256
1498	104
1499	671
1500	250
Class Times	10
Rooms	150
1	732
2	328
3	913
4	826
5	88
6	21
7	392
8	979
9	332
10	804
11	129
12	75
13	932
14	214
15	408
16	534
17	691
18	175
19	879
20	374
21	740
22	491
23	268
24	754
25	688
26	473
27	760
28	672
29	730
30	214
31	186
32	158
33	908
34	729
35	163
36	931
37	808
38	479
39	209
40	70
41	10
42	56
43	773
44	966
45	339
46	242
47	294
48	188
49	595
50	334
51	322
52	924
53	567
54	639
55	991
56	327
57	910
58	560
59	196
60	398
61	982
62	430
63	241
64	457
65	208
66	372
67	596
68	776
69	865
70	367
71	468
72	915
73	473
74	609
75	810
76	819
77	393
78	655
79	538
80	601
81	909
82	896
83	345
84	996
85	570
86	273
87	817
88	774
89	648
90	811
91	267
92	716
93	60
94	536
95	357
96	230
97	22
98	116
99	386
100	140
101	591
102	842
103	370
104	322
105	697
106	634
107	762
108	839
109	566
110	413
111	82
112	606
113	477
114	876
115	714
116	406
117	582
118	987
119	536
120	670
121	222
122	965
123	680
124	366
125	467
126	184
127	213
128	924
129	10
130	750
131	262
132	117
133	457
134	411
135	71
136	244
137	946
138	970
139	229
140	642
141	562
142	52
143	244
144	326
145	397
146	84
147	626
148	160
149	273
150	66
Classes	1500
Teachers	750
1	567
2	57
3	452
4	720
5	630
6	60
7	602
8	424
9	270
10	148
11	1
12	125
13	83
14	113
15	134
16	142
17	167
18	465
19	224
20	272
21	115
22	575
23	59
24	431
25	161
26	464
27	418
28	475
29	266
30	52
31	358
32	458
33	338
34	531
35	266
36	48
37	397
38	614
39	400
40	617
41	15
42	551
43	551
44	262
45	285
46	261
47	696
48	177
49	130
50	747
51	414
52	478
53	445
54	486
55	229
56	342
57	568
58	394
59	119
60	498
61	746
62	676
63	679
64	62
65	253
66	114
67	90
68	204
69	217
70	429
71	568
72	497
73	223
74	270
75	579
76	597
77	535
78	390
79	57
80	159
81	130
82	346
83	20
84	316
85	232
86	347
87	442
88	67
89	457
90	83
91	415
92	531
93	377
94	445
95	250
96	483
97	532
98	257
99	337
100	725
101	289
102	331
103	661
104	338
105	634
106	212
107	606
108	343
109	50
110	35
111	218
112	369
113	577
114	632
115	650
116	303
117	629
118	318
119	140
120	258
121	173
122	272
123	44
124	394
125	578
126	707
127	556
128	236
129	444
130	543
131	699
132	10
133	456
134	126
135	464
136	702
137	24
138	109
139	329
140	563
141	640
142	21
143	304
144	82
145	480
146	560
147	471
148	650
149	89
150	74
151	743
152	320
153	436
154	651
155	653
156	122
157	387
158	162
159	96
160	51
161	30
162	479
163	359
164	567
165	724
166	543
167	405
168	80
169	131
170	431
171	412
172	661
173	311
174	624
175	607
176	670
177	603
178	683
179	132
180	27
181	717
182	501
183	196
184	72
185	237
186	115
187	315
188	569
189	280
190	210
191	647
192	439
193	419
194	675
195	696
196	385
197	157
198	571
199	405
200	219
201	593
202	466
203	601
204	645
205	746
206	697
207	257
208	82
209	494
210	294
211	643
212	291
213	297
214	506
215	238
216	429
217	318
218	80
219	321
220	655
221	451
222	89
223	625
224	549
225	388
226	442
227	371
228	627
229	619
230	161
231	87
232	579
233	458
234	248
235	501
236	64
237	648
238	64
239	426
240	465
241	391
242	52
243	313
244	326
245	563
246	435
247	727
248	195
249	8
250	196
251	641
252	387
253	326
254	148
255	512
256	361
257	664
258	553
259	4
260	662
261	132
262	84
263	597
264	127
265	586
266	630
267	327
268	381
269	223
270	329
271	324
272	205
273	369
274	502
275	447
276	112
277	495
278	645
279	569
280	287
281	667
282	70
283	213
284	714
285	549
286	159
287	688
288	202
289	660
290	452
291	259
292	726
293	60
294	723
295	167
296	185
297	594
298	510
299	468
300	730
301	602
302	146
303	675
304	68
305	554
306	503
307	409
308	325
309	302
310	669
311	498
312	59
313	282
314	678
315	500
316	332
317	606
318	542
319	451
320	216
321	735
322	587
323	519
324	629
325	298
326	648
327	74
328	350
329	31
330	544
331	379
332	300
333	356
334	581
335	685
336	91
337	416
338	75
339	548
340	677
341	172
342	486
343	261
344	356
345	710
346	306
347	585
348	413
349	104
350	414
351	209
352	433
353	385
354	698
355	220
356	94
357	508
358	312
359	224
360	202
361	564
362	343
363	747
364	408
365	509
366	353
367	121
368	277
369	112
370	413
371	271
372	562
373	368
374	101
375	56
376	54
377	126
378	439
379	335
380	12
381	55
382	175
383	4
384	79
385	46
386	532
387	199
388	581
389	275
390	293
391	55
392	506
393	595
394	641
395	739
396	614
397	709
398	150
399	745
400	77
401	291
402	347
403	743
404	415
405	29
406	681
407	276
408	158
409	254
410	32
411	695
412	411
413	310
414	166
415	93
416	433
417	684
418	478
419	2
420	219
421	358
422	313
423	101
424	169
425	472
426	633
427	653
428	198
429	288
430	240
431	410
432	232
433	710
434	362
435	651
436	719
437	488
438	381
439	138
440	65
441	228
442	371
443	706
444	594
445	466
446	234
447	286
448	553
449	475
450	263
451	750
452	107
453	243
454	61
455	674
456	640
457	408
458	229
459	708
460	193
461	206
462	519
463	708
464	623
465	657
466	86
467	38
468	28
469	666
470	211
471	239
472	37
473	16
474	693
475	248
476	95
477	601
478	239
479	680
480	236
481	538
482	276
483	5
484	5
485	610
486	550
487	668
488	345
489	1
490	281
491	480
492	404
493	441
494	644
495	214
496	195
497	634
498	391
499	337
500	392
501	616
502	457
503	627
504	507
505	399
506	27
507	226
508	312
509	251
510	426
511	183
512	697
513	580
514	28
515	698
516	296
517	81
518	61
519	118
520	682
521	444
522	667
523	422
524	386
525	171
526	93
527	570
528	225
529	432
530	188
531	514
532	681
533	383
534	56
535	265
536	423
537	342
538	428
539	694
540	175
541	225
542	206
543	470
544	353
545	174
546	642
547	23
548	286
549	370
550	642
551	612
552	109
553	604
554	118
555	707
556	702
557	592
558	659
559	78
560	73
561	344
562	44
563	461
564	16
565	354
566	604
567	508
568	502
569	157
570	659
571	706
572	500
573	81
574	668
575	166
576	473
577	54
578	497
579	680
580	245
581	259
582	583
583	537
584	432
585	332
586	611
587	573
588	18
589	534
590	621
591	732
592	395
593	547
594	618
595	111
596	529
597	129
598	674
599	180
600	73
601	174
602	695
603	72
604	421
605	19
606	40
607	237
608	2
609	253
610	655
611	378
612	190
613	215
614	556
615	280
616	522
617	469
618	652
619	625
620	88
621	201
622	728
623	123
624	144
625	256
626	95
627	273
628	311
629	99
630	335
631	633
632	495
633	220
634	279
635	713
636	99
637	687
638	552
639	573
640	162
641	718
642	611
643	410
644	187
645	246
646	438
647	461
648	616
649	471
650	709
651	584
652	137
653	33
654	131
655	39
656	438
657	672
658	392
659	749
660	717
661	138
662	585
663	8
664	321
665	409
666	17
667	230
668	238
669	135
670	626
671	454
672	98
673	210
674	199
675	273
676	37
677	107
678	518
679	116
680	21
681	303
682	481
683	201
684	539
685	90
686	304
687	750
688	365
689	145
690	682
691	652
692	178
693	624
694	19
695	284
696	613
697	100
698	608
699	463
700	309
701	520
702	307
703	149
704	639
705	141
706	677
707	570
708	69
709	251
710	249
711	88
712	295
713	705
714	42
715	733
716	334
717	163
718	407
719	108
720	583
721	670
722	363
723	94
724	154
725	97
726	15
727	618
728	279
729	454
730	246
731	399
732	120
733	728
734	227
735	690
736	494
737	127
738	302
739	297
740	359
741	188
742	355
743	102
744	354
745	301
746	481
747	694
748	684
749	26
750	420
751	599
752	491
753	6
754	492
755	147
756	300
757	417
758	135
759	554
760	184
761	323
762	191
763	17
764	165
765	637
766	622
767	559
768	250
769	334
770	649
771	34
772	748
773	106
774	736
775	268
776	160
777	350
778	459
779	603
780	557
781	180
782	683
783	292
784	685
785	699
786	580
787	449
788	628
789	160
790	407
791	320
792	315
793	638
794	726
795	596
796	226
797	491
798	75
799	158
800	79
801	513
802	612
803	316
804	571
805	522
806	705
807	484
808	178
809	548
810	367
811	306
812	58
813	256
814	134
815	367
816	310
817	619
818	524
819	305
820	231
821	626
822	395
823	514
824	103
825	712
826	192
827	22
828	577
829	656
830	521
831	738
832	703
833	662
834	446
835	58
836	703
837	550
838	3
839	443
840	733
841	635
842	274
843	155
844	278
845	263
846	578
847	282
848	31
849	214
850	340
851	589
852	193
853	255
854	534
855	691
856	216
857	98
858	298
859	362
860	213
861	671
862	9
863	103
864	453
865	100
866	441
867	221
868	657
869	412
870	691
871	176
872	48
873	576
874	539
875	23
876	528
877	169
878	574
879	330
880	658
881	739
882	386
883	518
884	140
885	666
886	647
887	29
888	281
889	574
890	289
891	722
892	621
893	470
894	176
895	613
896	572
897	509
898	513
899	544
900	389
901	41
902	319
903	324
904	345
905	33
906	510
907	18
908	701
909	517
910	47
911	183
912	654
913	77
914	525
915	473
916	590
917	285
918	9
919	136
920	290
921	153
922	275
923	179
924	76
925	450
926	646
927	734
928	516
929	610
930	467
931	565
932	65
933	404
934	264
935	258
936	172
937	449
938	524
939	418
940	584
941	712
942	344
943	241
944	526
945	66
946	363
947	290
948	742
949	589
950	443
951	336
952	507
953	430
954	447
955	116
956	368
957	123
958	446
959	218
960	421
961	423
962	102
963	333
964	364
965	355
966	165
967	646
968	39
969	26
970	361
971	637
972	468
973	309
974	523
975	84
976	171
977	92
978	299
979	86
980	729
981	377
982	417
983	120
984	192
985	360
986	562
987	724
988	595
989	346
990	278
991	41
992	676
993	366
994	330
995	154
996	85
997	207
998	191
999	141
1000	401
1001	20
1002	317
1003	328
1004	211
1005	716
1006	271
1007	663
1008	204
1009	476
1010	357
1011	477
1012	91
1013	654
1014	605
1015	106
1016	492
1017	669
1018	538
1019	113
1020	327
1021	142
1022	119
1023	284
1024	719
1025	379
1026	477
1027	499
1028	402
1029	170
1030	488
1031	305
1032	623
1033	565
1034	168
1035	287
1036	400
1037	416
1038	139
1039	521
1040	390
1041	638
1042	348
1043	520
1044	593
1045	149
1046	35
1047	97
1048	608
1049	727
1050	598
1051	725
1052	7
1053	42
1054	741
1055	628
1056	331
1057	197
1058	388
1059	490
1060	288
1061	499
1062	283
1063	483
1064	482
1065	268
1066	66
1067	122
1068	11
1069	179
1070	600
1071	153
1072	85
1073	265
1074	221
1075	96
1076	693
1077	294
1078	129
1079	526
1080	168
1081	198
1082	121
1083	605
1084	182
1085	714
1086	173
1087	689
1088	240
1089	190
1090	658
1091	740
1092	406
1093	307
1094	235
1095	592
1096	511
1097	547
1098	104
1099	504
1100	535
1101	545
1102	533
1103	105
1104	424
1105	333
1106	687
1107	558
1108	588
1109	186
1110	474
1111	212
1112	516
1113	389
1114	586
1115	252
1116	489
1117	484
1118	351
1119	22
1120	45
1121	731
1122	731
1123	734
1124	566
1125	30
1126	299
1127	558
1128	723
1129	496
1130	742
1131	664
1132	588
1133	552
1134	203
1135	505
1136	448
1137	51
1138	622
1139	427
1140	448
1141	720
1142	144
1143	319
1144	403
1145	740
1146	540
1147	45
1148	609
1149	194
1150	24
1151	274
1152	25
1153	323
1154	255
1155	208
1156	43
1157	360
1158	736
1159	467
1160	689
1161	295
1162	575
1163	748
1164	227
1165	745
1166	375
1167	269
1168	512
1169	704
1170	7
1171	721
1172	241
1173	599
1174	108
1175	411
1176	341
1177	189
1178	380
1179	243
1180	46
1181	341
1182	380
1183	207
1184	482
1185	76
1186	741
1187	701
1188	700
1189	545
1190	283
1191	267
1192	314
1193	378
1194	434
1195	373
1196	146
1197	596
1198	517
1199	234
1200	67
1201	137
1202	233
1203	490
1204	505
1205	718
1206	53
1207	632
1208	228
1209	68
1210	704
1211	515
1212	366
1213	189
1214	322
1215	49
1216	459
1217	322
1218	187
1219	374
1220	374
1221	92
1222	114
1223	222
1224	34
1225	296
1226	208
1227	184
1228	440
1229	456
1230	32
1231	339
1232	729
1233	711
1234	53
1235	540
1236	150
1237	555
1238	615
1239	620
1240	572
1241	561
1242	422
1243	462
1244	450
1245	649
1246	582
1247	222
1248	317
1249	715
1250	397
1251	357
1252	372
1253	364
1254	247
1255	215
1256	182
1257	370
1258	511
1259	375
1260	600
1261	598
1262	537
1263	70
1264	254
1265	128
1266	590
1267	244
1268	542
1269	711
1270	262
1271	87
1272	700
1273	735
1274	136
1275	117
1276	203
1277	722
1278	673
1279	607
1280	151
1281	401
1282	242
1283	489
1284	308
1285	673
1286	293
1287	437
1288	244
1289	620
1290	117
1291	128
1292	469
1293	152
1294	105
1295	292
1296	110
1297	656
1298	110
1299	425
1300	737
1301	139
1302	738
1303	435
1304	663
1305	555
1306	561
1307	560
1308	336
1309	437
1310	472
1311	523
1312	679
1313	145
1314	152
1315	403
1316	147
1317	635
1318	267
1319	163
1320	3
1321	209
1322	485
1323	644
1324	428
1325	43
1326	460
1327	434
1328	690
1329	427
1330	631
1331	453
1332	245
1333	591
1334	504
1335	50
1336	536
1337	692
1338	536
1339	247
1340	393
1341	349
1342	38
1343	678
1344	372
1345	436
1346	557
1347	406
1348	194
1349	69
1350	455
1351	716
1352	49
1353	62
1354	732
1355	721
1356	10
1357	365
1358	233
1359	181
1360	340
1361	479
1362	78
1363	200
1364	643
1365	264
1366	6
1367	111
1368	325
1369	398
1370	541
1371	493
1372	12
1373	425
1374	47
1375	382
1376	686
1377	373
1378	713
1379	308
1380	398
1381	455
1382	36
1383	314
1384	177
1385	485
1386	527
1387	14
1388	527
1389	609
1390	692
1391	348
1392	402
1393	671
1394	133
1395	688
1396	525
1397	533
1398	487
1399	576
1400	744
1401	133
1402	749
1403	14
1404	474
1405	744
1406	503
1407	249
1408	559
1409	546
1410	686
1411	301
1412	660
1413	737
1414	636
1415	200
1416	566
1417	185
1418	376
1419	349
1420	197
1421	587
1422	352
1423	582
1424	125
1425	36
1426	730
1427	541
1428	462
1429	205
1430	351
1431	460
1432	277
1433	591
1434	40
1435	617
1436	496
1437	124
1438	396
1439	328
1440	352
1441	396
1442	530
1443	170
1444	235
1445	530
1446	151
1447	636
1448	515
1449	665
1450	639
1451	384
1452	419
1453	186
1454	13
1455	217
1456	493
1457	715
1458	546
1459	463
1460	71
1461	420
1462	665
1463	528
1464	25
1465	11
1466	143
1467	156
1468	564
1469	393
1470	252
1471	164
1472	242
1473	231
1474	269
1475	155
1476	63
1477	382
1478	164
1479	13
1480	124
1481	631
1482	339
1483	615
1484	260
1485	476
1486	156
1487	181
1488	260
1489	63
1490	384
1491	383
1492	143
1493	440
1494	71
1495	529
1496	430
1497	672
1498	487
1499	376
1500	230
