Class Times	10
Rooms	150
1	945
2	467
3	968
4	66
5	872
6	472
7	831
8	480
9	194
10	281
11	178
12	474
13	532
14	906
15	758
16	522
17	733
18	758
19	340
20	537
21	797
22	655
23	691
24	823
25	423
26	78
27	467
28	321
29	649
30	71
31	330
32	779
33	378
34	257
35	540
36	951
37	641
38	468
39	274
40	292
41	661
42	91
43	461
44	869
45	283
46	265
47	805
48	925
49	52
50	91
51	698
52	163
53	536
54	810
55	801
56	857
57	941
58	556
59	442
60	73
61	752
62	849
63	177
64	500
65	657
66	412
67	639
68	272
69	297
70	408
71	243
72	877
73	450
74	509
75	753
76	780
77	231
78	258
79	326
80	466
81	803
82	480
83	840
84	248
85	339
86	751
87	59
88	125
89	496
90	667
91	368
92	503
93	502
94	451
95	227
96	894
97	687
98	632
99	304
100	338
101	241
102	307
103	508
104	230
105	415
106	803
107	120
108	509
109	812
110	465
111	968
112	180
113	147
114	336
115	716
116	228
117	909
118	495
119	132
120	429
121	110
122	816
123	785
124	501
125	211
126	696
127	205
128	722
129	241
130	670
131	755
132	937
133	637
134	621
135	434
136	622
137	344
138	67
139	294
140	871
141	343
142	184
143	441
144	541
145	102
146	972
147	323
148	854
149	437
150	822
Classes	1500
Teachers	750
1	113
2	173
3	67
4	554
5	423
6	59
7	649
8	83
9	250
10	25
11	660
12	361
13	15
14	248
15	396
16	438
17	377
18	337
19	339
20	279
21	12
22	568
23	546
24	220
25	673
26	677
27	79
28	135
29	273
30	620
31	660
32	400
33	174
34	566
35	717
36	471
37	434
38	443
39	735
40	195
41	95
42	47
43	529
44	195
45	208
46	402
47	16
48	348
49	376
50	616
51	239
52	44
53	553
54	43
55	13
56	198
57	528
58	672
59	406
60	627
61	4
62	663
63	526
64	635
65	636
66	166
67	702
68	396
69	64
70	415
71	234
72	315
73	457
74	226
75	204
76	626
77	409
78	321
79	43
80	200
81	570
82	394
83	494
84	266
85	187
86	401
87	20
88	465
89	627
90	238
91	557
92	163
93	67
94	746
95	239
96	395
97	464
98	516
99	509
100	355
101	204
102	495
103	85
104	56
105	437
106	232
107	270
108	717
109	128
110	83
111	203
112	293
113	37
114	643
115	403
116	94
117	579
118	71
119	573
120	418
121	424
122	740
123	61
124	301
125	366
126	41
127	724
128	139
129	694
130	729
131	442
132	668
133	356
134	331
135	544
136	266
137	559
138	734
139	726
140	452
141	58
142	324
143	541
144	428
145	589
146	346
147	56
148	708
149	727
150	13
151	70
152	655
153	64
154	408
155	229
156	721
157	471
158	264
159	215
160	678
161	140
162	223
163	561
164	435
165	72
166	130
167	387
168	343
169	95
170	108
171	254
172	732
173	483
174	723
175	489
176	426
177	721
178	648
179	724
180	188
181	230
182	498
183	212
184	81
185	338
186	252
187	648
188	60
189	159
190	497
191	248
192	222
193	267
194	588
195	718
196	71
197	722
198	626
199	124
200	643
201	599
202	696
203	445
204	749
205	138
206	32
207	423
208	33
209	61
210	367
211	247
212	277
213	504
214	136
215	7
216	273
217	268
218	749
219	615
220	518
221	412
222	287
223	555
224	496
225	480
226	487
227	404
228	297
229	135
230	322
231	551
232	113
233	483
234	206
235	80
236	473
237	479
238	587
239	181
240	75
241	70
242	125
243	154
244	710
245	723
246	652
247	623
248	90
249	196
250	414
251	492
252	334
253	354
254	352
255	695
256	346
257	494
258	21
259	733
260	46
261	520
262	187
263	745
264	69
265	214
266	50
267	613
268	1
269	543
270	283
271	568
272	362
273	263
274	221
275	173
276	207
277	306
278	452
279	21
280	117
281	112
282	654
283	583
284	256
285	45
286	374
287	303
288	450
289	486
290	713
291	112
292	209
293	612
294	42
295	212
296	82
297	472
298	397
299	730
300	54
301	76
302	94
303	34
304	634
305	363
306	390
307	681
308	735
309	292
310	88
311	588
312	368
313	479
314	153
315	14
316	167
317	193
318	292
319	543
320	12
321	131
322	378
323	284
324	467
325	682
326	748
327	123
328	261
329	137
330	260
331	570
332	279
333	671
334	332
335	432
336	720
337	517
338	321
339	567
340	194
341	323
342	325
343	374
344	45
345	157
346	32
347	299
348	383
349	647
350	167
351	380
352	681
353	145
354	226
355	623
356	206
357	569
358	637
359	742
360	506
361	417
362	535
363	604
364	589
365	553
366	322
367	583
368	285
369	190
370	62
371	244
372	50
373	364
374	640
375	711
376	425
377	477
378	404
379	525
380	286
381	144
382	386
383	704
384	290
385	282
386	347
387	616
388	408
389	634
390	370
391	329
392	158
393	591
394	25
395	233
396	7
397	679
398	37
399	26
400	180
401	502
402	419
403	536
404	496
405	579
406	564
407	219
408	714
409	365
410	442
411	161
412	584
413	24
414	656
415	85
416	3
417	685
418	122
419	357
420	20
421	712
422	294
423	712
424	304
425	361
426	298
427	390
428	334
429	380
430	335
431	153
432	165
433	54
434	534
435	502
436	683
437	426
438	400
439	670
440	702
441	449
442	526
443	143
444	699
445	416
446	355
447	518
448	177
449	31
450	323
451	69
452	60
453	180
454	159
455	338
456	301
457	611
458	290
459	480
460	294
461	674
462	142
463	505
464	82
465	600
466	281
467	730
468	427
469	133
470	669
471	679
472	151
473	4
474	53
475	274
476	694
477	431
478	88
479	669
480	612
481	455
482	59
483	353
484	707
485	24
486	341
487	571
488	295
489	555
490	184
491	311
492	26
493	80
494	519
495	131
496	449
497	602
498	218
499	44
500	414
501	116
502	133
503	747
504	306
505	593
506	189
507	599
508	49
509	527
510	352
511	647
512	545
513	490
514	379
515	654
516	379
517	607
518	260
519	608
520	474
521	5
522	413
523	196
524	315
525	665
526	34
527	411
528	264
529	332
530	373
531	401
532	714
533	284
534	205
535	240
536	696
537	205
538	347
539	465
540	446
541	501
542	375
543	552
544	89
545	39
546	707
547	218
548	663
549	448
550	536
551	166
552	149
553	375
554	119
555	484
556	376
557	560
558	139
559	731
560	339
561	122
562	91
563	302
564	488
565	119
566	125
567	672
568	305
569	81
570	58
571	609
572	622
573	406
574	234
575	621
576	90
577	242
578	223
579	652
580	110
581	668
582	200
583	438
584	327
585	534
586	468
587	596
588	573
589	601
590	176
591	485
592	198
593	687
594	325
595	1
596	207
597	560
598	744
599	476
600	299
601	516
602	244
603	227
604	532
605	360
606	620
607	530
608	557
609	521
610	130
611	481
612	250
613	618
614	134
615	383
616	316
617	701
618	607
619	175
620	562
621	537
622	364
623	240
624	677
625	327
626	360
627	28
628	91
629	168
630	493
631	698
632	160
633	718
634	68
635	251
636	151
637	177
638	532
639	28
640	14
641	144
642	590
643	106
644	267
645	466
646	576
647	468
648	247
649	384
650	183
651	711
652	152
653	297
654	96
655	395
656	680
657	295
658	208
659	101
660	704
661	453
662	99
663	477
664	746
665	575
666	571
667	507
668	415
669	598
670	747
671	16
672	230
673	402
674	182
675	160
676	255
677	371
678	388
679	345
680	592
681	665
682	255
683	319
684	121
685	172
686	742
687	335
688	726
689	450
690	98
691	556
692	42
693	466
694	737
695	349
696	398
697	175
698	170
699	650
700	109
701	581
702	525
703	169
704	287
705	737
706	68
707	201
708	217
709	475
710	732
711	93
712	128
713	310
714	675
715	344
716	644
717	238
718	475
719	97
720	531
721	197
722	666
723	706
724	527
725	263
726	362
727	629
728	192
729	368
730	398
731	460
732	646
733	367
734	203
735	606
736	147
737	481
738	748
739	580
740	587
741	514
742	530
743	84
744	286
745	192
746	699
747	280
748	369
749	289
750	492
751	369
752	498
753	412
754	182
755	179
756	319
757	8
758	736
759	5
760	554
761	624
762	344
763	743
764	605
765	219
766	577
767	511
768	392
769	329
770	407
771	333
772	611
773	170
774	40
775	55
776	424
777	384
778	610
779	317
780	73
781	467
782	578
783	225
784	353
785	372
786	727
787	149
788	633
789	497
790	456
791	18
792	601
793	700
794	596
795	576
796	211
797	738
798	93
799	291
800	164
801	278
802	547
803	31
804	684
805	48
806	561
807	354
808	359
809	118
810	741
811	577
812	293
813	484
814	303
815	713
816	421
817	78
818	126
819	440
820	670
821	499
822	209
823	697
824	544
825	378
826	194
827	242
828	268
829	512
830	671
831	39
832	725
833	106
834	385
835	574
836	298
837	289
838	674
839	451
840	622
841	87
842	278
843	84
844	693
845	646
846	662
847	138
848	695
849	519
850	405
851	185
852	462
853	110
854	100
855	715
856	682
857	137
858	500
859	76
860	370
861	158
862	410
863	326
864	656
865	715
866	434
867	277
868	700
869	164
870	214
871	594
872	443
873	254
874	372
875	592
876	509
877	515
878	585
879	129
880	750
881	476
882	220
883	349
884	142
885	150
886	734
887	394
888	633
889	533
890	392
891	65
892	491
893	630
894	710
895	381
896	168
897	97
898	537
899	409
900	30
901	464
902	30
903	447
904	687
905	507
906	257
907	578
908	661
909	719
910	594
911	435
912	666
913	433
914	705
915	87
916	237
917	365
918	33
919	217
920	111
921	275
922	189
923	308
924	179
925	40
926	556
927	115
928	520
929	228
930	296
931	741
932	563
933	228
934	436
935	123
936	549
937	608
938	48
939	62
940	716
941	628
942	216
943	311
944	249
945	270
946	291
947	348
948	575
949	336
950	259
951	593
952	572
953	690
954	686
955	569
956	285
957	157
958	598
959	539
960	79
961	413
962	326
963	232
964	410
965	343
966	305
967	73
968	385
969	185
970	377
971	436
972	504
973	155
974	457
975	562
976	632
977	524
978	403
979	638
980	336
981	729
982	126
983	108
984	644
985	621
986	538
987	155
988	225
989	549
990	709
991	224
992	590
993	745
994	236
995	29
996	503
997	132
998	165
999	650
1000	256
1001	227
1002	631
1003	86
1004	190
1005	469
1006	422
1007	499
1008	487
1009	36
1010	314
1011	145
1012	629
1013	744
1014	432
1015	533
1016	276
1017	265
1018	46
1019	77
1020	366
1021	454
1022	307
1023	545
1024	547
1025	638
1026	351
1027	445
1028	222
1029	678
1030	49
1031	211
1032	243
1033	505
1034	740
1035	152
1036	431
1037	618
1038	231
1039	661
1040	74
1041	508
1042	191
1043	382
1044	667
1045	515
1046	8
1047	191
1048	482
1049	739
1050	456
1051	659
1052	538
1053	641
1054	249
1055	574
1056	237
1057	688
1058	19
1059	114
1060	416
1061	96
1062	258
1063	595
1064	324
1065	77
1066	529
1067	201
1068	11
1069	602
1070	521
1071	550
1072	610
1073	455
1074	141
1075	328
1076	628
1077	308
1078	101
1079	53
1080	140
1081	382
1082	342
1083	635
1084	78
1085	143
1086	156
1087	642
1088	683
1089	320
1090	461
1091	320
1092	651
1093	585
1094	500
1095	231
1096	736
1097	659
1098	541
1099	703
1100	356
1101	743
1102	430
1103	517
1104	103
1105	117
1106	719
1107	10
1108	36
1109	460
1110	18
1111	524
1112	148
1113	750
1114	72
1115	420
1116	288
1117	221
1118	582
1119	584
1120	463
1121	639
1122	420
1123	462
1124	512
1125	148
1126	428
1127	269
1128	655
1129	272
1130	386
1131	692
1132	121
1133	690
1134	363
1135	243
1136	548
1137	485
1138	405
1139	314
1140	597
1141	419
1142	341
1143	600
1144	310
1145	19
1146	604
1147	728
1148	134
1149	213
1150	351
1151	269
1152	472
1153	422
1154	6
1155	564
1156	178
1157	440
1158	120
1159	567
1160	728
1161	430
1162	617
1163	262
1164	693
1165	357
1166	262
1167	613
1168	459
1169	136
1170	630
1171	331
1172	388
1173	399
1174	120
1175	439
1176	531
1177	9
1178	215
1179	605
1180	104
1181	373
1182	65
1183	333
1184	202
1185	15
1186	229
1187	510
1188	202
1189	614
1190	478
1191	733
1192	528
1193	551
1194	508
1195	624
1196	381
1197	421
1198	447
1199	274
1200	523
1201	23
1202	489
1203	563
1204	236
1205	437
1206	649
1207	257
1208	29
1209	115
1210	433
1211	411
1212	451
1213	582
1214	241
1215	444
1216	522
1217	631
1218	2
1219	57
1220	501
1221	161
1222	473
1223	641
1224	127
1225	309
1226	639
1227	716
1228	176
1229	603
1230	253
1231	566
1232	304
1233	606
1234	617
1235	178
1236	559
1237	141
1238	407
1239	565
1240	316
1241	722
1242	111
1243	127
1244	132
1245	174
1246	35
1247	490
1248	216
1249	614
1250	701
1251	399
1252	446
1253	514
1254	309
1255	99
1256	697
1257	146
1258	342
1259	653
1260	146
1261	162
1262	738
1263	181
1264	235
1265	171
1266	642
1267	23
1268	513
1269	183
1270	317
1271	241
1272	246
1273	197
1274	124
1275	662
1276	235
1277	470
1278	506
1279	116
1280	720
1281	251
1282	615
1283	603
1284	680
1285	511
1286	35
1287	653
1288	429
1289	147
1290	9
1291	418
1292	463
1293	444
1294	98
1295	330
1296	458
1297	664
1298	105
1299	461
1300	393
1301	474
1302	586
1303	102
1304	86
1305	708
1306	739
1307	41
1308	482
1309	350
1310	640
1311	258
1312	429
1313	540
1314	169
1315	491
1316	546
1317	676
1318	676
1319	63
1320	47
1321	651
1322	389
1323	609
1324	441
1325	38
1326	92
1327	565
1328	109
1329	684
1330	581
1331	330
1332	619
1333	307
1334	503
1335	705
1336	118
1337	245
1338	645
1339	673
1340	478
1341	731
1342	688
1343	55
1344	417
1345	425
1346	427
1347	171
1348	358
1349	345
1350	272
1351	637
1352	280
1353	597
1354	632
1355	470
1356	100
1357	371
1358	63
1359	513
1360	391
1361	172
1362	540
1363	535
1364	689
1365	591
1366	27
1367	441
1368	328
1369	318
1370	38
1371	66
1372	163
1373	22
1374	313
1375	265
1376	469
1377	156
1378	11
1379	510
1380	282
1381	184
1382	558
1383	245
1384	283
1385	74
1386	233
1387	619
1388	359
1389	391
1390	495
1391	439
1392	550
1393	10
1394	458
1395	271
1396	691
1397	103
1398	664
1399	689
1400	261
1401	698
1402	522
1403	107
1404	154
1405	580
1406	387
1407	275
1408	703
1409	288
1410	692
1411	188
1412	186
1413	636
1414	2
1415	281
1416	523
1417	448
1418	52
1419	259
1420	558
1421	488
1422	725
1423	253
1424	486
1425	675
1426	104
1427	186
1428	542
1429	691
1430	129
1431	89
1432	51
1433	350
1434	3
1435	572
1436	542
1437	393
1438	312
1439	539
1440	313
1441	271
1442	22
1443	57
1444	66
1445	252
1446	397
1447	92
1448	162
1449	667
1450	389
1451	493
1452	17
1453	709
1454	318
1455	52
1456	706
1457	548
1458	645
1459	210
1460	51
1461	586
1462	685
1463	454
1464	246
1465	224
1466	552
1467	312
1468	17
1469	193
1470	658
1471	459
1472	276
1473	114
1474	686
1475	296
1476	657
1477	102
1478	340
1479	657
1480	107
1481	658
1482	150
1483	75
1484	337
1485	300
1486	300
1487	27
1488	358
1489	210
1490	595
1491	625
1492	6
1493	105
1494	213
1495	625
1496	199
1497	199
1498	340
1499	453
1500	302
Class Times	10
Rooms	150
1	66
2	197
3	793
4	98
5	531
6	712
7	845
8	362
9	169
10	298
11	395
12	627
13	966
14	862
15	147
16	479
17	835
18	90
19	571
20	705
21	161
22	208
23	230
24	345
25	394
26	61
27	111
28	324
29	973
30	510
31	417
32	226
33	950
34	447
35	528
36	809
37	106
38	644
39	248
40	776
41	212
42	340
43	889
44	44
45	935
46	379
47	594
48	700
49	260
50	850
51	289
52	742
53	745
54	971
55	923
56	85
57	654
58	435
59	803
60	13
61	146
62	348
63	101
64	553
65	748
66	879
67	465
68	476
69	327
70	669
71	65
72	131
73	840
74	908
75	761
76	262
77	375
78	588
79	803
80	466
81	547
82	198
83	635
84	179
85	839
86	732
87	11
88	334
89	939
90	522
91	99
92	302
93	734
94	80
95	224
96	832
97	782
98	524
99	188
100	663
101	639
102	846
103	953
104	100
105	65
106	545
107	801
108	283
109	440
110	62
111	522
112	969
113	659
114	707
115	498
116	554
117	564
118	417
119	422
120	509
121	790
122	867
123	633
124	636
125	175
126	394
127	966
128	842
129	28
130	201
131	228
132	167
133	995
134	437
135	936
136	445
137	528
138	334
139	256
140	361
141	906
142	803
143	269
144	604
145	206
146	668
147	546
148	513
149	251
150	481
Classes	1500
Teachers	750
1	238
2	302
3	581
4	72
5	112
6	261
7	220
8	318
9	584
10	313
11	736
12	513
13	489
14	725
15	734
16	151
17	670
18	580
19	72
20	100
21	63
22	420
23	698
24	157
25	593
26	269
27	696
28	414
29	692
30	268
31	584
32	101
33	433
34	248
35	303
36	29
37	103
38	635
39	155
40	70
41	86
42	241
43	333
44	570
45	340
46	451
47	729
48	535
49	560
50	121
51	541
52	588
53	554
54	539
55	389
56	719
57	594
58	207
59	211
60	526
61	719
62	158
63	205
64	150
65	267
66	501
67	97
68	164
69	345
70	14
71	588
72	534
73	241
74	309
75	430
76	150
77	141
78	17
79	547
80	84
81	187
82	586
83	560
84	209
85	163
86	423
87	245
88	228
89	313
90	443
91	323
92	123
93	425
94	68
95	56
96	95
97	542
98	405
99	522
100	332
101	65
102	630
103	626
104	6
105	645
106	718
107	406
108	623
109	271
110	242
111	193
112	294
113	469
114	3
115	614
116	438
117	381
118	716
119	377
120	128
121	206
122	184
123	665
124	740
125	38
126	265
127	453
128	603
129	170
130	441
131	578
132	476
133	142
134	276
135	748
136	616
137	554
138	57
139	734
140	575
141	365
142	31
143	697
144	137
145	741
146	690
147	628
148	38
149	303
150	472
151	665
152	531
153	122
154	216
155	386
156	647
157	262
158	340
159	522
160	444
161	612
162	657
163	708
164	221
165	130
166	651
167	519
168	604
169	569
170	338
171	610
172	34
173	653
174	101
175	77
176	115
177	603
178	206
179	571
180	567
181	658
182	117
183	120
184	263
185	76
186	47
187	498
188	231
189	43
190	461
191	266
192	171
193	532
194	66
195	432
196	410
197	126
198	446
199	441
200	326
201	385
202	163
203	442
204	186
205	176
206	580
207	424
208	746
209	341
210	413
211	727
212	575
213	421
214	371
215	716
216	474
217	229
218	193
219	620
220	382
221	142
222	636
223	426
224	182
225	129
226	402
227	140
228	569
229	57
230	679
231	99
232	404
233	28
234	749
235	535
236	444
237	740
238	166
239	692
240	600
241	4
242	158
243	732
244	160
245	225
246	234
247	430
248	260
249	17
250	668
251	679
252	23
253	678
254	604
255	470
256	69
257	1
258	230
259	288
260	16
261	52
262	500
263	533
264	489
265	666
266	473
267	257
268	39
269	546
270	432
271	80
272	645
273	195
274	90
275	131
276	95
277	465
278	615
279	264
280	170
281	593
282	252
283	670
284	414
285	78
286	596
287	274
288	556
289	74
290	356
291	153
292	298
293	467
294	274
295	651
296	112
297	212
298	429
299	79
300	732
301	483
302	465
303	667
304	98
305	737
306	543
307	574
308	559
309	615
310	229
311	194
312	338
313	706
314	258
315	676
316	523
317	723
318	94
319	595
320	672
321	19
322	427
323	353
324	219
325	26
326	356
327	246
328	157
329	545
330	519
331	198
332	653
333	542
334	451
335	571
336	1
337	355
338	659
339	618
340	215
341	149
342	525
343	52
344	484
345	619
346	384
347	18
348	621
349	176
350	227
351	92
352	592
353	647
354	336
355	434
356	47
357	335
358	368
359	336
360	383
361	93
362	690
363	35
364	349
365	204
366	159
367	403
368	361
369	357
370	155
371	339
372	113
373	531
374	22
375	407
376	92
377	434
378	334
379	726
380	80
381	348
382	496
383	133
384	408
385	463
386	727
387	166
388	485
389	616
390	107
391	694
392	204
393	624
394	63
395	530
396	691
397	110
398	125
399	76
400	75
401	42
402	54
403	391
404	337
405	440
406	476
407	392
408	333
409	470
410	230
411	400
412	504
413	729
414	464
415	576
416	315
417	587
418	709
419	152
420	217
421	502
422	442
423	671
424	570
425	413
426	505
427	99
428	318
429	352
430	181
431	285
432	5
433	736
434	612
435	232
436	212
437	685
438	18
439	492
440	498
441	704
442	739
443	74
444	81
445	550
446	325
447	103
448	238
449	687
450	458
451	583
452	568
453	606
454	504
455	298
456	181
457	735
458	162
459	459
460	563
461	411
462	321
463	291
464	394
465	533
466	469
467	600
468	357
469	704
470	675
471	281
472	405
473	305
474	619
475	160
476	384
477	487
478	232
479	106
480	491
481	473
482	578
483	708
484	525
485	627
486	452
487	711
488	694
489	267
490	369
491	479
492	306
493	371
494	548
495	448
496	661
497	66
498	235
499	411
500	404
501	42
502	369
503	377
504	677
505	705
506	396
507	21
508	607
509	23
510	626
511	572
512	146
513	68
514	714
515	117
516	28
517	687
518	631
519	179
520	143
521	11
522	551
523	22
524	215
525	461
526	234
527	538
528	472
529	366
530	559
531	131
532	50
533	648
534	497
535	667
536	352
537	58
538	199
539	188
540	162
541	152
542	342
543	618
544	196
545	105
546	415
547	497
548	341
549	482
550	330
551	367
552	270
553	660
554	244
555	120
556	648
557	10
558	646
559	272
560	33
561	438
562	583
563	425
564	577
565	474
566	579
567	439
568	88
569	108
570	225
571	721
572	605
573	228
574	175
575	77
576	408
577	480
578	397
579	282
580	153
581	537
582	622
583	598
584	395
585	227
586	45
587	144
588	701
589	190
590	295
591	482
592	396
593	546
594	748
595	471
596	659
597	279
598	186
599	214
600	159
601	629
602	128
603	217
604	91
605	409
606	65
607	287
608	579
609	597
610	213
611	380
612	403
613	330
614	190
615	366
616	419
617	552
618	397
619	478
620	506
621	237
622	718
623	488
624	210
625	205
626	387
627	606
628	674
629	379
630	97
631	127
632	652
633	478
634	735
635	55
636	611
637	219
638	695
639	124
640	214
641	739
642	5
643	175
644	745
645	70
646	660
647	429
648	586
649	703
650	424
651	44
652	69
653	203
654	137
655	662
656	530
657	480
658	389
659	62
660	673
661	563
662	487
663	725
664	737
665	632
666	373
667	26
668	634
669	463
670	540
671	698
672	699
673	454
674	381
675	428
676	346
677	118
678	657
679	486
680	216
681	609
682	268
683	450
684	450
685	614
686	110
687	503
688	494
689	16
690	490
691	407
692	30
693	363
694	297
695	93
696	689
697	459
698	203
699	257
700	61
701	83
702	278
703	154
704	115
705	114
706	271
707	682
708	108
709	90
710	738
711	254
712	199
713	310
714	146
715	30
716	301
717	269
718	353
719	605
720	641
721	201
722	453
723	715
724	149
725	168
726	244
727	19
728	523
729	59
730	572
731	722
732	360
733	151
734	321
735	273
736	133
737	521
738	302
739	728
740	182
741	231
742	596
743	113
744	724
745	380
746	590
747	427
748	2
749	98
750	358
751	195
752	354
753	310
754	64
755	658
756	398
757	721
758	712
759	492
760	550
761	636
762	315
763	671
764	245
765	566
766	625
767	236
768	495
769	746
770	750
771	200
772	479
773	312
774	148
775	529
776	75
777	40
778	512
779	585
780	273
781	526
782	88
783	713
784	709
785	359
786	8
787	295
788	511
789	610
790	270
791	256
792	119
793	59
794	222
795	3
796	738
797	299
798	194
799	426
800	717
801	198
802	12
803	502
804	7
805	420
806	722
807	555
808	54
809	81
810	2
811	363
812	398
813	20
814	538
815	184
816	495
817	712
818	29
819	224
820	249
821	656
822	344
823	210
824	308
825	107
826	548
827	378
828	326
829	516
830	254
831	180
832	367
833	368
834	104
835	582
836	500
837	156
838	518
839	632
840	277
841	259
842	355
843	187
844	263
845	742
846	642
847	275
848	288
849	188
850	446
851	67
852	621
853	592
854	134
855	33
856	406
857	400
858	713
859	744
860	8
861	347
862	567
863	662
864	278
865	249
866	419
867	652
868	360
869	256
870	701
871	284
872	283
873	524
874	428
875	431
876	644
877	143
878	520
879	252
880	417
881	283
882	50
883	266
884	564
885	707
886	693
887	154
888	6
889	666
890	599
891	347
892	41
893	594
894	390
895	573
896	458
897	481
898	106
899	379
900	455
901	697
902	565
903	138
904	433
905	573
906	260
907	681
908	385
909	134
910	457
911	545
912	452
913	290
914	511
915	675
916	73
917	513
918	460
919	510
920	233
921	705
922	558
923	211
924	410
925	742
926	37
927	617
928	55
929	629
930	628
931	126
932	625
933	462
934	49
935	688
936	582
937	710
938	58
939	457
940	490
941	440
942	20
943	258
944	135
945	196
946	717
947	745
948	663
949	627
950	293
951	12
952	262
953	4
954	246
955	415
956	664
957	637
958	373
959	508
960	40
961	460
962	119
963	282
964	279
965	82
966	395
967	222
968	534
969	100
970	164
971	493
972	576
973	574
974	14
975	681
976	84
977	213
978	391
979	540
980	706
981	710
982	300
983	556
984	638
985	86
986	676
987	597
988	332
989	109
990	423
991	475
992	515
993	509
994	416
995	544
996	7
997	631
998	320
999	558
1000	493
1001	118
1002	566
1003	553
1004	259
1005	129
1006	287
1007	284
1008	327
1009	484
1010	715
1011	156
1012	64
1013	91
1014	185
1015	641
1016	488
1017	276
1018	503
1019	327
1020	528
1021	286
1022	399
1023	311
1024	125
1025	695
1026	346
1027	145
1028	509
1029	733
1030	169
1031	331
1032	272
1033	335
1034	541
1035	235
1036	354
1037	483
1038	467
1039	527
1040	208
1041	189
1042	56
1043	383
1044	678
1045	726
1046	439
1047	374
1048	668
1049	248
1050	41
1051	730
1052	642
1053	688
1054	183
1055	209
1056	275
1057	285
1058	319
1059	537
1060	711
1061	598
1062	221
1063	664
1064	730
1065	686
1066	53
1067	350
1068	544
1069	622
1070	325
1071	468
1072	264
1073	693
1074	122
1075	324
1076	655
1077	201
1078	323
1079	590
1080	13
1081	449
1082	177
1083	34
1084	290
1085	684
1086	132
1087	200
1088	25
1089	296
1090	527
1091	138
1092	349
1093	447
1094	178
1095	139
1096	644
1097	304
1098	43
1099	728
1100	445
1101	304
1102	401
1103	105
1104	265
1105	339
1106	455
1107	491
1108	520
1109	111
1110	650
1111	44
1112	174
1113	169
1114	691
1115	532
1116	394
1117	689
1118	402
1119	661
1120	518
1121	177
1122	468
1123	595
1124	109
1125	481
1126	345
1127	32
1128	61
1129	749
1130	549
1131	591
1132	421
1133	348
1134	471
1135	179
1136	700
1137	180
1138	167
1139	568
1140	15
1141	361
1142	13
1143	448
1144	9
1145	683
1146	747
1147	306
1148	640
1149	714
1150	111
1151	343
1152	409
1153	703
1154	15
1155	539
1156	309
1157	655
1158	436
1159	607
1160	127
1161	376
1162	173
1163	521
1164	635
1165	387
1166	237
1167	551
1168	183
1169	370
1170	543
1171	501
1172	242
1173	609
1174	508
1175	299
1176	24
1177	499
1178	512
1179	418
1180	515
1181	324
1182	48
1183	617
1184	431
1185	608
1186	171
1187	485
1188	707
1189	422
1190	224
1191	94
1192	686
1193	329
1194	565
1195	121
1196	466
1197	388
1198	620
1199	45
1200	293
1201	599
1202	46
1203	343
1204	747
1205	189
1206	370
1207	202
1208	329
1209	505
1210	39
1211	393
1212	136
1213	35
1214	136
1215	496
1216	416
1217	197
1218	602
1219	634
1220	124
1221	48
1222	674
1223	656
1224	9
1225	300
1226	547
1227	85
1228	724
1229	412
1230	601
1231	486
1232	375
1233	456
1234	51
1235	307
1236	240
1237	67
1238	633
1239	507
1240	250
1241	358
1242	342
1243	376
1244	386
1245	743
1246	286
1247	637
1248	62
1249	116
1250	602
1251	314
1252	673
1253	46
1254	510
1255	436
1256	552
1257	529
1258	139
1259	723
1260	51
1261	700
1262	378
1263	456
1264	601
1265	250
1266	553
1267	140
1268	317
1269	202
1270	372
1271	243
1272	161
1273	741
1274	564
1275	172
1276	233
1277	223
1278	297
1279	102
1280	447
1281	680
1282	161
1283	399
1284	71
1285	292
1286	437
1287	301
1288	132
1289	172
1290	591
1291	82
1292	696
1293	220
1294	669
1295	581
1296	649
1297	683
1298	623
1299	191
1300	475
1301	168
1302	639
1303	639
1304	557
1305	316
1306	364
1307	240
1308	148
1309	412
1310	87
1311	443
1312	130
1313	281
1314	638
1315	197
1316	682
1317	328
1318	331
1319	417
1320	649
1321	506
1322	702
1323	462
1324	21
1325	499
1326	374
1327	524
1328	536
1329	243
1330	364
1331	561
1332	178
1333	226
1334	11
1335	208
1336	477
1337	32
1338	316
1339	289
1340	320
1341	253
1342	261
1343	96
1344	382
1345	365
1346	239
1347	334
1348	731
1349	165
1350	247
1351	144
1352	372
1353	437
1354	507
1355	292
1356	289
1357	251
1358	83
1359	699
1360	317
1361	71
1362	239
1363	466
1364	307
1365	613
1366	312
1367	296
1368	561
1369	630
1370	401
1371	422
1372	328
1373	123
1374	577
1375	435
1376	731
1377	375
1378	449
1379	236
1380	454
1381	255
1382	528
1383	114
1384	87
1385	104
1386	96
1387	514
1388	350
1389	393
1390	247
1391	392
1392	116
1393	255
1394	322
1395	25
1396	165
1397	73
1398	516
1399	418
1400	319
1401	684
1402	314
1403	669
1404	89
1405	585
1406	223
1407	185
1408	251
1409	226
1410	362
1411	611
1412	31
1413	388
1414	549
1415	555
1416	344
1417	24
1418	536
1419	743
1420	672
1421	167
1422	608
1423	720
1424	173
1425	445
1426	744
1427	685
1428	720
1429	624
1430	557
1431	79
1432	435
1433	294
1434	517
1435	654
1436	517
1437	587
1438	218
1439	141
1440	311
1441	654
1442	650
1443	337
1444	643
1445	514
1446	643
1447	680
1448	207
1449	89
1450	640
1451	192
1452	305
1453	102
1454	85
1455	78
1456	49
1457	733
1458	27
1459	308
1460	60
1461	10
1462	477
1463	27
1464	646
1465	280
1466	589
1467	218
1468	633
1469	613
1470	677
1471	291
1472	280
1473	351
1474	362
1475	135
1476	53
1477	464
1478	359
1479	147
1480	494
1481	147
1482	702
1483	174
1484	60
1485	145
1486	192
1487	562
1488	562
1489	322
1490	390
1491	750
1492	37
1493	191
1494	663
1495	277
1496	253
1497	351
1498	589
1499	36
1500	36
Class Times	10
Rooms	150
1	530
2	456
3	977
4	296
5	961
6	26
7	172
8	250
9	834
10	135
11	207
12	338
13	113
14	703
15	354
16	376
17	723
18	988
19	784
20	921
21	248
22	847
23	682
24	913
25	382
26	793
27	361
28	360
29	370
30	270
31	399
32	691
33	268
34	306
35	206
36	648
37	514
38	126
39	700
40	111
41	74
42	520
43	363
44	474
45	163
46	138
47	485
48	797
49	269
50	530
51	965
52	787
53	294
54	81
55	626
56	535
57	359
58	912
59	560
60	66
61	366
62	298
63	398
64	363
65	908
66	446
67	799
68	753
69	484
70	248
71	232
72	950
73	928
74	750
75	397
76	996
77	155
78	57
79	242
80	910
81	909
82	42
83	845
84	101
85	811
86	944
87	947
88	724
89	206
90	362
91	445
92	831
93	297
94	999
95	85
96	27
97	910
98	998
99	43
100	460
101	871
102	939
103	669
104	761
105	678
106	488
107	190
108	455
109	466
110	46
111	525
112	980
113	41
114	279
115	784
116	231
117	803
118	956
119	679
120	744
121	34
122	869
123	567
124	229
125	105
126	176
127	604
128	81
129	962
130	39
131	745
132	933
133	822
134	93
135	907
136	700
137	865
138	86
139	681
140	765
141	715
142	278
143	647
144	579
145	287
146	811
147	577
148	769
149	105
150	252
Classes	1500
Teachers	750
1	489
2	268
3	453
4	295
5	131
6	600
7	585
8	105
9	1
10	83
11	706
12	504
13	692
14	526
15	537
16	147
17	253
18	675
19	646
20	582
21	142
22	600
23	388
24	302
25	581
26	9
27	63
28	405
29	73
30	84
31	529
32	623
33	50
34	729
35	204
36	156
37	683
38	248
39	163
40	127
41	721
42	577
43	454
44	125
45	80
46	689
47	285
48	526
49	8
50	72
51	562
52	689
53	78
54	234
55	730
56	384
57	476
58	571
59	127
60	253
61	35
62	432
63	362
64	24
65	648
66	654
67	350
68	237
69	123
70	473
71	691
72	78
73	52
74	614
75	425
76	205
77	33
78	358
79	641
80	486
81	687
82	432
83	108
84	477
85	408
86	596
87	259
88	480
89	711
90	463
91	259
92	141
93	439
94	479
95	442
96	376
97	38
98	316
99	443
100	475
101	422
102	209
103	655
104	45
105	731
106	23
107	412
108	140
109	279
110	185
111	261
112	635
113	8
114	284
115	427
116	319
117	572
118	341
119	274
120	81
121	118
122	682
123	284
124	513
125	271
126	425
127	725
128	431
129	105
130	370
131	124
132	406
133	530
134	541
135	225
136	413
137	696
138	604
139	10
140	346
141	643
142	130
143	354
144	306
145	462
146	452
147	51
148	347
149	700
150	210
151	720
152	445
153	650
154	392
155	733
156	722
157	501
158	382
159	265
160	607
161	702
162	485
163	446
164	25
165	134
166	280
167	537
168	565
169	75
170	61
171	518
172	646
173	668
174	209
175	59
176	464
177	126
178	202
179	313
180	441
181	607
182	199
183	460
184	462
185	485
186	392
187	422
188	476
189	61
190	419
191	638
192	682
193	19
194	188
195	191
196	87
197	486
198	687
199	520
200	463
201	360
202	400
203	241
204	271
205	251
206	67
207	475
208	272
209	388
210	411
211	227
212	145
213	620
214	159
215	391
216	743
217	517
218	184
219	724
220	223
221	365
222	267
223	582
224	4
225	700
226	364
227	443
228	245
229	223
230	677
231	300
232	11
233	654
234	166
235	304
236	450
237	321
238	524
239	60
240	16
241	707
242	577
243	339
244	67
245	435
246	150
247	305
248	335
249	491
250	561
251	300
252	730
253	683
254	473
255	437
256	606
257	247
258	37
259	453
260	440
261	321
262	724
263	444
264	118
265	349
266	254
267	216
268	508
269	543
270	174
271	376
272	490
273	206
274	740
275	398
276	573
277	744
278	369
279	636
280	423
281	457
282	210
283	53
284	166
285	458
286	222
287	184
288	91
289	82
290	726
291	429
292	265
293	662
294	495
295	330
296	411
297	743
298	237
299	710
300	317
301	640
302	331
303	707
304	570
305	609
306	281
307	346
308	545
309	373
310	568
311	484
312	541
313	718
314	159
315	493
316	643
317	25
318	272
319	19
320	505
321	68
322	427
323	222
324	137
325	358
326	182
327	472
328	491
329	200
330	393
331	44
332	393
333	189
334	471
335	380
336	744
337	97
338	631
339	722
340	530
341	589
342	354
343	481
344	252
345	650
346	631
347	143
348	675
349	73
350	160
351	528
352	177
353	728
354	95
355	602
356	18
357	44
358	719
359	320
360	108
361	89
362	451
363	276
364	448
365	282
366	79
367	391
368	512
369	528
370	219
371	240
372	146
373	181
374	413
375	470
376	532
377	96
378	153
379	193
380	135
381	250
382	262
383	164
384	296
385	609
386	572
387	447
388	278
389	434
390	139
391	673
392	527
393	454
394	82
395	304
396	94
397	590
398	306
399	197
400	98
401	239
402	198
403	532
404	375
405	568
406	581
407	674
408	248
409	198
410	228
411	444
412	21
413	350
414	255
415	710
416	640
417	133
418	497
419	257
420	534
421	588
422	316
423	381
424	626
425	426
426	93
427	150
428	363
429	564
430	136
431	168
432	338
433	69
434	735
435	736
436	720
437	517
438	415
439	620
440	733
441	736
442	238
443	4
444	247
445	52
446	667
447	482
448	549
449	75
450	585
451	433
452	14
453	24
454	383
455	680
456	99
457	546
458	703
459	138
460	717
461	571
462	126
463	715
464	217
465	270
466	604
467	448
468	742
469	368
470	556
471	120
472	66
473	676
474	279
475	398
476	402
477	334
478	519
479	196
480	512
481	487
482	283
483	331
484	328
485	335
486	241
487	177
488	153
489	545
490	31
491	246
492	488
493	464
494	60
495	513
496	395
497	31
498	461
499	621
500	428
501	704
502	671
503	470
504	535
505	634
506	698
507	3
508	86
509	621
510	359
511	500
512	1
513	116
514	83
515	466
516	116
517	750
518	676
519	701
520	114
521	189
522	417
523	548
524	608
525	647
526	233
527	33
528	29
529	515
530	293
531	649
532	278
533	520
534	122
535	228
536	693
537	673
538	677
539	688
540	415
541	246
542	706
543	96
544	29
545	636
546	361
547	252
548	603
549	651
550	68
551	100
552	434
553	616
554	635
555	165
556	176
557	218
558	201
559	726
560	88
561	98
562	341
563	244
564	360
565	708
566	297
567	353
568	419
569	380
570	160
571	297
572	618
573	224
574	337
575	727
576	169
577	80
578	45
579	355
580	739
581	418
582	337
583	34
584	138
585	174
586	649
587	301
588	202
589	477
590	158
591	519
592	745
593	497
594	334
595	37
596	143
597	729
598	714
599	199
600	701
601	13
602	236
603	317
604	23
605	428
606	495
607	36
608	460
609	9
610	627
611	309
612	426
613	97
614	504
615	312
616	402
617	182
618	101
619	214
620	260
621	533
622	703
623	371
624	554
625	394
626	429
627	94
628	319
629	41
630	681
631	155
632	99
633	332
634	357
635	547
636	239
637	288
638	690
639	459
640	187
641	685
642	275
643	420
644	662
645	641
646	740
647	696
648	36
649	81
650	7
651	699
652	684
653	525
654	136
655	618
656	149
657	657
658	266
659	91
660	633
661	10
662	717
663	351
664	586
665	48
666	41
667	263
668	616
669	301
670	500
671	739
672	87
673	669
674	680
675	57
676	431
677	230
678	28
679	205
680	569
681	16
682	655
683	723
684	292
685	474
686	534
687	666
688	63
689	734
690	377
691	180
692	529
693	197
694	548
695	111
696	446
697	498
698	215
699	576
700	546
701	433
702	727
703	588
704	100
705	518
706	162
707	345
708	617
709	566
710	188
711	292
712	124
713	663
714	678
715	544
716	383
717	266
718	32
719	74
720	22
721	638
722	225
723	356
724	666
725	251
726	243
727	161
728	405
729	270
730	570
731	173
732	690
733	681
734	734
735	164
736	437
737	195
738	157
739	634
740	598
741	340
742	685
743	172
744	535
745	357
746	718
747	137
748	639
749	549
750	642
751	175
752	107
753	275
754	494
755	507
756	670
757	245
758	573
759	318
760	695
761	554
762	750
763	542
764	65
765	344
766	140
767	390
768	155
769	181
770	132
771	738
772	296
773	731
774	647
775	390
776	449
777	133
778	627
779	64
780	212
781	538
782	216
783	274
784	660
785	183
786	440
787	161
788	742
789	171
790	417
791	450
792	693
793	567
794	178
795	42
796	318
797	723
798	721
799	481
800	623
801	725
802	262
803	459
804	602
805	64
806	294
807	236
808	196
809	679
810	508
811	747
812	356
813	363
814	215
815	461
816	93
817	557
818	345
819	147
820	5
821	3
822	394
823	276
824	285
825	514
826	12
827	204
828	449
829	351
830	339
831	639
832	468
833	511
834	49
835	104
836	11
837	610
838	169
839	234
840	203
841	613
842	679
843	92
844	101
845	694
846	575
847	397
848	154
849	249
850	258
851	163
852	365
853	194
854	102
855	560
856	584
857	359
858	333
859	152
860	746
861	501
862	614
863	217
864	741
865	632
866	349
867	55
868	715
869	713
870	62
871	54
872	146
873	524
874	424
875	593
876	489
877	32
878	113
879	521
880	106
881	375
882	134
883	221
884	92
885	312
886	560
887	514
888	565
889	516
890	103
891	102
892	505
893	62
894	362
895	596
896	468
897	709
898	226
899	158
900	7
901	286
902	672
903	455
904	261
905	242
906	110
907	144
908	490
909	695
910	737
911	579
912	691
913	84
914	439
915	244
916	88
917	579
918	303
919	320
920	125
921	556
922	457
923	48
924	219
925	694
926	289
927	85
928	173
929	193
930	550
931	507
932	111
933	333
934	594
935	593
936	474
937	648
938	34
939	612
940	58
941	28
942	53
943	587
944	355
945	295
946	451
947	397
948	288
949	49
950	109
951	308
952	224
953	626
954	260
955	424
956	698
957	12
958	642
959	401
960	538
961	364
962	382
963	227
964	144
965	190
966	746
967	57
968	74
969	688
970	175
971	286
972	130
973	555
974	327
975	552
976	191
977	373
978	289
979	608
980	172
981	503
982	54
983	65
984	21
985	539
986	59
987	89
988	283
989	305
990	672
991	149
992	531
993	148
994	277
995	668
996	187
997	583
998	107
999	412
1000	18
1001	183
1002	619
1003	624
1004	214
1005	123
1006	574
1007	176
1008	435
1009	539
1010	409
1011	615
1012	232
1013	487
1014	438
1015	56
1016	17
1017	370
1018	536
1019	665
1020	186
1021	564
1022	148
1023	697
1024	562
1025	122
1026	2
1027	599
1028	231
1029	70
1030	628
1031	396
1032	624
1033	369
1034	603
1035	658
1036	633
1037	132
1038	26
1039	561
1040	408
1041	131
1042	264
1043	629
1044	269
1045	544
1046	645
1047	374
1048	240
1049	493
1050	381
1051	277
1052	218
1053	555
1054	423
1055	702
1056	719
1057	311
1058	663
1059	704
1060	353
1061	372
1062	257
1063	531
1064	185
1065	686
1066	741
1067	14
1068	231
1069	708
1070	389
1071	509
1072	441
1073	597
1074	632
1075	469
1076	128
1077	208
1078	13
1079	697
1080	414
1081	307
1082	525
1083	145
1084	410
1085	628
1086	139
1087	686
1088	523
1089	85
1090	492
1091	104
1092	656
1093	151
1094	671
1095	213
1096	324
1097	47
1098	471
1099	378
1100	498
1101	342
1102	516
1103	310
1104	344
1105	106
1106	233
1107	466
1108	499
1109	162
1110	589
1111	322
1112	716
1113	400
1114	559
1115	569
1116	409
1117	407
1118	310
1119	178
1120	254
1121	543
1122	374
1123	47
1124	109
1125	207
1126	322
1127	269
1128	226
1129	510
1130	347
1131	27
1132	599
1133	547
1134	625
1135	506
1136	617
1137	387
1138	119
1139	372
1140	438
1141	597
1142	112
1143	494
1144	112
1145	674
1146	458
1147	165
1148	421
1149	563
1150	558
1151	542
1152	657
1153	232
1154	594
1155	467
1156	352
1157	152
1158	17
1159	121
1160	117
1161	745
1162	669
1163	238
1164	384
1165	230
1166	70
1167	716
1168	76
1169	410
1170	229
1171	26
1172	377
1173	2
1174	407
1175	200
1176	747
1177	574
1178	653
1179	644
1180	263
1181	552
1182	445
1183	540
1184	699
1185	255
1186	563
1187	665
1188	598
1189	496
1190	465
1191	113
1192	550
1193	332
1194	79
1195	56
1196	557
1197	378
1198	587
1199	273
1200	692
1201	737
1202	749
1203	302
1204	282
1205	195
1206	291
1207	456
1208	190
1209	613
1210	119
1211	40
1212	712
1213	192
1214	622
1215	267
1216	399
1217	536
1218	511
1219	653
1220	732
1221	256
1222	324
1223	610
1224	735
1225	129
1226	455
1227	250
1228	591
1229	229
1230	249
1231	39
1232	442
1233	342
1234	522
1235	315
1236	447
1237	58
1238	77
1239	338
1240	625
1241	256
1242	15
1243	293
1244	590
1245	420
1246	483
1247	20
1248	622
1249	612
1250	566
1251	55
1252	368
1253	280
1254	714
1255	678
1256	114
1257	69
1258	361
1259	156
1260	586
1261	121
1262	180
1263	553
1264	207
1265	328
1266	472
1267	484
1268	591
1269	186
1270	661
1271	670
1272	120
1273	313
1274	403
1275	201
1276	268
1277	299
1278	258
1279	168
1280	15
1281	128
1282	418
1283	705
1284	273
1285	27
1286	629
1287	644
1288	141
1289	709
1290	95
1291	595
1292	206
1293	86
1294	129
1295	298
1296	606
1297	387
1298	50
1299	192
1300	416
1301	336
1302	396
1303	366
1304	567
1305	66
1306	151
1307	660
1308	311
1309	242
1310	90
1311	661
1312	479
1313	522
1314	492
1315	76
1316	540
1317	584
1318	30
1319	115
1320	748
1321	630
1322	22
1323	208
1324	329
1325	684
1326	615
1327	456
1328	348
1329	287
1330	39
1331	510
1332	732
1333	142
1334	379
1335	527
1336	658
1337	291
1338	619
1339	601
1340	40
1341	213
1342	330
1343	51
1344	290
1345	467
1346	559
1347	713
1348	194
1349	406
1350	430
1351	551
1352	728
1353	43
1354	212
1355	5
1356	281
1357	705
1358	327
1359	110
1360	329
1361	749
1362	366
1363	637
1364	315
1365	385
1366	465
1367	478
1368	179
1369	651
1370	309
1371	637
1372	6
1373	656
1374	478
1375	77
1376	583
1377	294
1378	307
1379	667
1380	652
1381	211
1382	103
1383	367
1384	499
1385	179
1386	592
1387	452
1388	343
1389	90
1390	343
1391	659
1392	235
1393	480
1394	235
1395	469
1396	580
1397	389
1398	298
1399	379
1400	523
1401	135
1402	46
1403	115
1404	290
1405	578
1406	580
1407	264
1408	506
1409	303
1410	348
1411	336
1412	502
1413	287
1414	42
1415	553
1416	399
1417	712
1418	38
1419	154
1420	367
1421	170
1422	371
1423	414
1424	323
1425	515
1426	395
1427	157
1428	436
1429	6
1430	645
1431	352
1432	314
1433	325
1434	595
1435	551
1436	601
1437	30
1438	401
1439	20
1440	711
1441	592
1442	611
1443	211
1444	171
1445	403
1446	630
1447	314
1448	503
1449	72
1450	738
1451	521
1452	576
1453	221
1454	748
1455	220
1456	299
1457	117
1458	416
1459	482
1460	496
1461	664
1462	43
1463	404
1464	308
1465	385
1466	35
1467	340
1468	558
1469	659
1470	605
1471	611
1472	243
1473	325
1474	170
1475	167
1476	404
1477	605
1478	502
1479	421
1480	323
1481	436
1482	578
1483	46
1484	533
1485	220
1486	488
1487	430
1488	652
1489	167
1490	203
1491	575
1492	483
1493	664
1494	509
1495	386
1496	71
1497	326
1498	386
1499	71
1500	326
