Students	1000
1	839 350 329 80
2	1024 190 1169 830
3	1039 340 714 1420
4	622 351 617 592
5	469 117 551 1436
6	805 514 1076 566
7	27 1246 69 1146
8	890 26 306 880
9	416 102 1457 1495
10	1059 334 444 647
11	259 1347 653 145
12	248 173 1288 1188
13	1185 606 1496 956
14	1486 622 449 415
15	1469 85 409 1119
16	580 297 872 362
17	426 364 1136 1200
18	814 313 1170 704
19	3 258 1415 1227
20	366 1411 1289 1227
21	718 1337 1176 1202
22	448 1222 300 1131
23	1409 58 1059 1273
24	1347 1111 63 561
25	614 426 1090 31
26	946 385 583 673
27	750 126 1410 1182
28	32 278 210 52
29	238 789 831 578
30	225 726 251 629
31	1166 783 1400 839
32	174 786 1200 763
33	643 858 885 1484
34	1286 855 1105 437
35	543 941 1307 217
36	164 931 1033 1005
37	490 494 278 672
38	124 158 261 1179
39	1067 84 1409 611
40	1207 202 1130 1408
41	1500 1107 58 1201
42	1346 241 959 504
43	774 584 1036 152
44	1 1365 127 335
45	1490 956 707 89
46	1435 625 201 540
47	116 493 161 1182
48	517 1227 528 673
49	682 680 264 1091
50	1419 505 1377 1289
51	1421 314 1483 906
52	358 804 46 1403
53	874 41 354 1300
54	128 737 1385 322
55	493 1157 906 137
56	540 12 1359 233
57	1389 178 665 842
58	562 590 1155 501
59	1500 528 1128 826
60	933 844 843 934
61	643 588 303 1253
62	793 705 339 832
63	1140 1396 962 933
64	941 1415 1256 1436
65	506 1414 834 572
66	1182 21 317 1384
67	974 1055 384 73
68	1420 1088 694 554
69	550 976 177 999
70	71 379 1041 1155
71	681 165 170 1247
72	1160 1293 553 153
73	1092 1382 1416 369
74	1495 1313 117 1069
75	365 731 864 352
76	1174 534 540 885
77	1388 920 950 581
78	320 971 1384 714
79	1420 1176 181 514
80	384 417 239 544
81	645 304 285 462
82	596 1447 151 283
83	333 1496 357 204
84	1179 959 27 1427
85	924 725 646 942
86	283 708 1111 61
87	183 416 1295 419
88	200 1263 569 496
89	893 534 1465 1297
90	396 145 811 666
91	462 1278 741 136
92	67 1054 479 984
93	1225 762 168 81
94	978 179 482 155
95	1236 329 634 590
96	166 427 1085 480
97	853 43 61 1233
98	675 215 1342 941
99	1004 401 1084 315
100	1440 49 661 893
101	1138 407 507 746
102	600 111 913 873
103	1041 389 1372 747
104	572 1406 1305 579
105	907 749 929 141
106	1497 705 248 199
107	828 1274 696 600
108	248 1096 1075 1286
109	159 199 1080 368
110	141 1334 831 995
111	1092 844 787 1043
112	1123 510 1320 1436
113	658 942 1373 633
114	241 115 301 34
115	1335 614 876 643
116	1463 144 1049 161
117	954 466 1455 24
118	1019 182 1020 431
119	93 849 1386 1363
120	796 644 53 869
121	301 1045 80 186
122	503 1416 891 288
123	581 437 90 815
124	1316 65 1353 483
125	772 164 1198 159
126	1438 1074 676 924
127	707 763 838 322
128	1131 1211 934 408
129	271 971 74 397
130	607 141 985 1158
131	851 1091 1358 218
132	826 1274 1114 593
133	1011 1187 109 315
134	1234 540 1443 1492
135	153 347 487 716
136	200 892 232 6
137	1404 323 417 1136
138	1481 1276 1431 403
139	454 1060 1074 8
140	1389 1102 263 150
141	1171 890 1084 639
142	976 420 680 1344
143	1380 1114 174 1170
144	494 545 803 1161
145	380 680 1418 1330
146	150 1217 1361 1412
147	467 1300 520 808
148	1164 1163 765 1383
149	463 580 1358 1386
150	539 14 189 535
151	570 88 1135 243
152	4 981 996 1216
153	679 228 103 1139
154	1098 31 1445 1382
155	192 1353 330 941
156	520 973 1393 371
157	309 727 1385 1203
158	933 903 1178 602
159	1238 1215 1208 227
160	212 859 1479 575
161	813 986 685 270
162	1240 1290 1245 847
163	74 1495 1141 738
164	776 1064 283 629
165	987 138 587 914
166	1113 1216 1197 1429
167	153 178 1120 905
168	274 1458 715 1089
169	1079 869 291 681
170	260 200 419 821
171	825 1155 687 175
172	1500 1345 34 238
173	681 1349 247 73
174	1032 1073 1293 1100
175	1354 365 82 504
176	623 1069 863 864
177	1082 1346 194 922
178	1064 1304 22 294
179	1006 372 92 1085
180	110 1465 1086 1263
181	665 480 775 537
182	1181 476 148 980
183	486 745 960 100
184	251 762 832 1235
185	777 1434 1307 864
186	1103 488 157 839
187	1322 525 604 1196
188	528 922 639 227
189	897 1319 104 1289
190	878 872 1435 278
191	239 1395 258 232
192	421 1274 1249 1165
193	1293 1294 1175 1069
194	806 1048 733 1069
195	1372 594 518 247
196	130 1169 865 866
197	246 357 1471 287
198	539 662 652 351
199	601 433 1173 952
200	554 773 1094 812
201	264 1161 727 549
202	1378 71 58 1216
203	111 204 546 927
204	762 1471 143 445
205	628 548 1331 1074
206	1189 389 177 1474
207	712 1104 969 93
208	547 243 240 11
209	444 866 532 1158
210	217 1376 1046 548
211	771 1192 383 891
212	1045 1253 1099 1354
213	779 538 142 893
214	470 367 805 360
215	1039 1273 1418 974
216	1262 741 1161 1436
217	832 701 813 1381
218	1196 259 266 411
219	1484 959 712 606
220	741 711 166 757
221	1430 607 791 79
222	882 490 499 1153
223	643 567 1058 317
224	955 779 47 1172
225	1082 1382 1468 1257
226	52 807 1094 119
227	878 845 903 767
228	1422 398 1444 1039
229	124 577 1397 457
230	1021 1480 1126 153
231	779 429 22 608
232	368 580 1086 462
233	422 843 1337 1189
234	1157 521 708 1452
235	1367 291 657 547
236	1184 585 90 1285
237	436 937 1240 1000
238	550 820 1410 525
239	574 817 184 1162
240	759 454 656 373
241	851 625 492 1397
242	383 1494 1193 14
243	409 26 344 411
244	675 1095 495 570
245	333 441 1085 512
246	164 622 866 745
247	546 319 1373 138
248	107 49 675 1133
249	357 118 268 1255
250	853 906 487 199
251	472 31 781 1271
252	163 905 1004 280
253	933 1413 116 565
254	300 1182 450 1020
255	1206 407 405 759
256	244 726 873 887
257	905 375 303 775
258	789 574 1432 508
259	957 536 205 705
260	421 1229 1420 240
261	412 1028 771 452
262	827 466 695 1447
263	490 1111 1188 1478
264	164 1302 715 620
265	444 285 842 465
266	742 320 669 984
267	1326 798 1191 512
268	651 866 1040 1375
269	805 801 1197 1405
270	983 289 1059 151
271	1277 836 638 846
272	261 1423 1243 1006
273	1194 829 537 345
274	921 1389 140 495
275	1202 900 1263 832
276	220 1031 1484 677
277	1454 550 86 1329
278	302 423 1259 1159
279	1243 1091 667 1335
280	248 1307 81 921
281	446 180 1008 331
282	1401 1188 1433 1130
283	1163 1343 944 1102
284	445 945 62 207
285	856 75 1146 294
286	1279 894 823 1249
287	298 365 492 860
288	495 108 1346 1381
289	637 1395 907 1276
290	1438 1081 228 947
291	503 1149 5 1086
292	1182 1416 1424 903
293	150 296 1449 1043
294	1027 1213 618 43
295	852 413 6 1251
296	54 1155 723 645
297	446 449 1241 1387
298	151 990 1100 1336
299	204 1262 657 1227
300	467 670 249 1418
301	9 120 413 767
302	1174 294 1102 1069
303	175 194 1475 1423
304	1105 815 462 742
305	659 359 200 789
306	823 1068 905 1235
307	1358 466 430 76
308	957 1183 223 1272
309	671 265 164 388
310	747 804 1054 69
311	1081 714 1297 10
312	1086 728 1018 666
313	64 1151 739 1467
314	60 669 38 1448
315	1307 1085 1003 56
316	1433 1259 1046 30
317	1374 1305 1028 610
318	1302 706 522 276
319	1203 523 1082 684
320	242 664 122 991
321	105 923 165 364
322	74 1390 267 335
323	239 1217 724 1289
324	1092 602 741 786
325	1428 1181 401 482
326	1041 1227 1257 1436
327	596 615 1299 1436
328	1364 1255 3 1155
329	1068 1241 1486 347
330	1320 1416 440 1093
331	990 1241 72 756
332	905 1145 485 690
333	696 430 259 726
334	1168 522 853 802
335	1433 1484 747 52
336	942 848 1024 668
337	1032 1132 761 830
338	262 1429 1268 1405
339	1309 1354 1315 537
340	1268 866 734 773
341	208 877 38 576
342	1236 766 885 868
343	521 587 1083 46
344	1006 733 483 485
345	1347 1422 702 272
346	494 329 478 697
347	331 1394 110 368
348	1213 865 1389 1303
349	680 51 1153 881
350	739 937 1250 582
351	917 1452 681 1291
352	391 1494 324 801
353	1377 656 293 823
354	478 1010 55 240
355	507 685 1297 779
356	1413 926 737 1458
357	1179 57 1390 728
358	185 29 999 788
359	1365 701 1052 97
360	679 230 511 514
361	1268 1375 153 853
362	649 1450 832 1376
363	1245 164 1136 1064
364	1253 836 1446 1022
365	182 179 941 316
366	919 955 382 661
367	326 223 1081 1002
368	569 1403 1313 614
369	1492 465 414 121
370	639 367 190 1093
371	10 35 1236 313
372	1186 696 329 395
373	1281 933 1304 360
374	1428 883 374 860
375	334 246 839 496
376	429 58 249 236
377	1400 368 849 338
378	853 173 1094 702
379	131 1210 930 785
380	661 989 162 1130
381	287 853 831 242
382	1391 261 424 679
383	1444 1076 709 469
384	1267 1163 955 1131
385	564 1368 1009 356
386	181 499 240 1385
387	571 767 343 846
388	1337 134 774 281
389	978 233 1138 188
390	721 1273 1180 415
391	1007 725 1079 1089
392	388 826 196 316
393	621 1230 1112 262
394	1053 1027 1046 837
395	1400 198 742 1361
396	797 185 285 249
397	590 1166 703 339
398	982 935 731 536
399	1205 356 891 976
400	633 309 135 905
401	1429 1445 97 125
402	883 1242 778 232
403	183 31 940 943
404	199 529 643 398
405	592 605 22 947
406	912 49 1243 896
407	223 1049 322 352
408	362 1294 494 592
409	1212 1014 1471 1324
410	1339 813 557 1371
411	640 320 1303 488
412	1166 6 647 1320
413	1206 1463 822 540
414	810 601 597 91
415	527 670 475 1160
416	1312 324 1018 617
417	1266 706 815 1011
418	578 1042 131 911
419	807 339 333 1023
420	1184 136 398 339
421	1309 1002 1450 399
422	1347 504 269 374
423	160 1198 785 1235
424	17 915 368 114
425	1212 1201 518 2
426	768 1395 1135 1050
427	106 1443 1248 187
428	701 534 875 441
429	1018 821 914 838
430	7 859 855 1445
431	366 370 919 393
432	72 1007 995 129
433	710 897 1212 1215
434	1194 1018 824 363
435	529 1235 130 1017
436	1422 1485 792 653
437	1487 1304 388 933
438	402 272 594 1484
439	403 35 122 900
440	838 1213 545 352
441	383 582 1434 1176
442	711 1069 609 1278
443	815 995 402 1287
444	1356 47 5 816
445	416 211 481 1490
446	1285 898 1364 768
447	1008 827 760 876
448	1271 969 700 120
449	354 623 938 139
450	1240 1164 1463 1020
451	1140 1291 376 153
452	863 1450 1212 508
453	539 643 1015 7
454	489 1466 422 1119
455	768 405 320 863
456	118 1359 1177 1444
457	111 399 882 74
458	1093 1165 424 1256
459	1101 37 1140 347
460	946 20 197 361
461	312 638 1076 879
462	1057 524 120 438
463	1140 518 1102 334
464	744 343 654 1303
465	468 747 171 271
466	1345 64 959 1202
467	724 1242 1001 678
468	539 904 1371 522
469	581 1153 70 1085
470	804 152 354 1076
471	1385 1131 872 1372
472	323 648 863 970
473	871 1166 673 307
474	523 225 441 443
475	750 706 1274 581
476	1049 821 859 20
477	962 174 546 120
478	567 415 1494 1283
479	650 370 1213 778
480	162 1078 1106 93
481	291 17 1083 628
482	857 1224 475 203
483	1447 405 136 972
484	889 607 874 768
485	187 699 36 419
486	390 275 555 492
487	451 1040 1319 1362
488	391 477 432 314
489	959 1492 1170 1500
490	1331 529 335 834
491	713 1327 808 656
492	268 792 649 469
493	1169 372 1149 519
494	893 1240 838 1196
495	819 457 505 1150
496	774 111 751 1148
497	698 76 669 1068
498	813 296 1260 757
499	1197 987 313 1034
500	467 469 650 664
501	530 971 192 1210
502	80 976 1310 645
503	1342 353 1157 285
504	906 707 1098 888
505	93 273 1055 791
506	1475 1498 1355 611
507	202 906 67 367
508	1378 195 1347 681
509	853 1053 44 1428
510	1327 156 969 137
511	371 92 886 838
512	515 908 330 283
513	1247 336 462 980
514	1289 1167 1350 1371
515	619 760 32 840
516	1025 686 268 728
517	1390 960 46 1139
518	310 773 936 1138
519	617 963 133 314
520	652 891 1490 733
521	395 754 484 709
522	328 976 965 161
523	144 994 1211 681
524	846 1041 107 1378
525	1000 1467 1160 1459
526	1122 1184 532 992
527	913 1282 481 570
528	497 1388 588 762
529	589 740 119 1344
530	621 924 141 1041
531	14 1113 705 581
532	967 259 122 214
533	541 1308 133 1272
534	814 625 85 956
535	380 1074 404 1423
536	1036 384 1058 502
537	246 1481 103 926
538	335 1378 1361 985
539	1031 427 1111 1166
540	1224 1289 79 1350
541	989 330 435 80
542	131 452 726 325
543	738 560 1237 680
544	1371 212 627 1462
545	268 389 377 1178
546	1000 697 349 1338
547	1114 481 479 1274
548	1185 374 993 1122
549	1014 33 199 348
550	684 1361 410 1393
551	33 726 76 1343
552	388 322 857 808
553	518 1111 450 879
554	53 1226 358 465
555	1127 937 1110 784
556	1418 1422 410 152
557	785 735 1436 1088
558	1301 322 421 491
559	1011 697 398 1250
560	65 456 1115 417
561	1382 1045 393 344
562	946 373 1331 1371
563	239 143 425 1246
564	760 673 988 581
565	730 624 754 1433
566	318 1497 615 364
567	394 191 619 387
568	636 1484 197 1456
569	673 609 228 1279
570	1055 548 658 520
571	1061 1147 656 568
572	831 898 119 1177
573	519 437 1348 1452
574	56 1382 637 1132
575	324 284 358 1129
576	396 156 388 229
577	130 517 1452 1241
578	157 1191 294 622
579	1317 1405 617 499
580	547 387 349 108
581	515 1019 499 954
582	730 1417 377 582
583	691 243 1155 660
584	859 1015 1179 1044
585	1251 1315 950 1479
586	217 658 1488 125
587	1288 1434 305 670
588	884 975 843 101
589	434 519 1341 33
590	1049 826 405 45
591	135 188 883 321
592	59 1223 1412 360
593	228 1414 552 369
594	228 1204 1365 662
595	792 150 1068 938
596	1132 1352 642 246
597	483 955 136 606
598	244 432 139 113
599	435 1304 619 1135
600	209 43 95 1441
601	718 387 1466 233
602	376 1311 1117 217
603	1434 166 607 781
604	909 414 967 706
605	1205 924 815 682
606	792 194 498 427
607	68 1390 714 1258
608	489 743 1131 299
609	202 771 866 1264
610	1249 124 1051 1237
611	1397 1263 53 992
612	1161 896 1319 66
613	1298 686 538 135
614	561 220 1284 1312
615	162 1464 305 610
616	1212 1154 218 641
617	198 119 357 1318
618	369 1229 1246 1465
619	3 822 1363 935
620	418 549 620 1077
621	145 872 1011 706
622	657 1 46 490
623	1105 191 1045 1435
624	599 643 1179 102
625	553 1063 80 820
626	279 36 1063 1228
627	808 436 306 1092
628	547 100 1155 57
629	1314 89 998 1194
630	1129 681 626 1060
631	880 770 1035 1445
632	251 947 989 1083
633	1132 211 37 439
634	508 1270 925 474
635	1476 1257 1175 248
636	246 1050 1174 1273
637	1140 6 715 757
638	729 1012 1461 136
639	296 372 1433 1392
640	1237 980 1306 804
641	577 95 1468 690
642	491 518 1491 171
643	843 587 533 1055
644	442 58 887 78
645	1135 1229 1390 293
646	371 604 1276 458
647	544 628 718 586
648	1288 844 5 445
649	268 94 519 394
650	424 1057 1259 1166
651	861 110 1079 222
652	1374 277 266 728
653	82 1345 197 1204
654	1057 944 1397 1270
655	220 1310 450 1143
656	213 721 1412 672
657	621 1248 892 1470
658	518 572 1000 195
659	1128 714 1253 805
660	1258 1029 726 237
661	513 658 327 1072
662	1034 811 1200 1430
663	215 1407 337 1374
664	1041 1273 695 416
665	1448 848 395 441
666	292 1134 1046 632
667	22 1331 827 247
668	200 808 1281 1394
669	463 350 704 341
670	271 166 1277 877
671	742 363 297 581
672	155 1097 66 1409
673	635 745 1431 729
674	104 1286 959 664
675	452 1246 850 867
676	371 780 737 477
677	539 1080 655 716
678	1323 43 390 1017
679	1123 739 226 254
680	15 465 716 58
681	1242 1438 237 533
682	200 1011 12 431
683	113 713 1416 1222
684	633 531 1153 569
685	935 571 131 768
686	783 1100 499 1199
687	279 634 539 899
688	1159 350 555 214
689	1401 455 510 80
690	1190 512 70 935
691	895 363 331 637
692	1071 203 878 1025
693	968 948 746 349
694	1012 680 116 75
695	1284 1172 750 400
696	1060 237 991 782
697	12 295 482 775
698	1413 926 674 1087
699	920 129 642 120
700	971 1136 1334 286
701	1332 820 743 951
702	184 643 806 1144
703	1457 821 450 1030
704	1288 464 1247 1208
705	68 1137 1218 1411
706	948 652 548 649
707	1366 226 1206 62
708	683 4 1226 483
709	599 1266 920 1358
710	1428 1467 1420 700
711	1091 96 263 1233
712	1136 237 30 960
713	767 368 119 774
714	47 1153 909 290
715	1082 353 313 607
716	26 602 1418 425
717	420 686 531 1277
718	57 1464 839 540
719	1463 191 515 762
720	334 1023 1268 1051
721	982 1336 865 1284
722	1425 953 550 621
723	1098 881 1114 406
724	1058 712 974 1221
725	574 1103 499 245
726	242 884 409 1206
727	828 511 213 121
728	699 713 459 289
729	1061 753 514 1097
730	1058 78 585 210
731	1389 475 1204 634
732	124 1106 169 892
733	1314 1257 997 1357
734	907 355 807 298
735	28 225 771 801
736	833 1186 734 956
737	1301 251 1341 44
738	1306 174 703 1232
739	718 627 458 1213
740	858 572 1332 907
741	622 1359 439 63
742	1203 519 953 1461
743	486 176 1039 190
744	946 312 1301 1137
745	1386 581 931 339
746	1112 1246 464 1442
747	912 197 502 1336
748	430 1093 419 1134
749	207 1329 976 825
750	1060 923 193 29
751	1278 1096 344 1251
752	110 575 1126 79
753	959 602 963 409
754	815 113 569 1191
755	686 531 1250 1355
756	1311 1210 1361 576
757	813 114 387 1095
758	784 913 876 646
759	862 312 1084 1123
760	1172 1286 48 1058
761	1454 615 1048 738
762	806 424 317 394
763	232 662 1036 968
764	1097 843 141 300
765	250 983 55 456
766	458 222 863 522
767	218 1381 588 1321
768	671 434 515 310
769	514 60 31 741
770	375 261 356 494
771	101 1310 1396 1369
772	709 1118 1369 303
773	892 1067 1274 1162
774	1423 18 715 549
775	651 1386 5 1281
776	509 932 175 266
777	763 825 995 909
778	505 66 984 179
779	1115 420 741 116
780	221 1458 586 62
781	417 365 1148 834
782	71 644 798 49
783	11 159 954 1491
784	135 994 91 1353
785	684 400 1230 491
786	859 138 1263 593
787	74 501 186 467
788	1081 691 574 517
789	1002 995 811 564
790	208 1315 1083 1388
791	61 674 1212 466
792	1473 908 820 103
793	1341 1154 909 455
794	701 462 1175 1297
795	1489 9 1266 1434
796	447 1417 886 744
797	255 422 1243 664
798	1235 1017 1356 1223
799	277 1353 654 1315
800	368 1439 601 322
801	1195 456 1219 472
802	24 614 87 1229
803	1116 1020 805 798
804	917 396 388 560
805	619 420 917 1328
806	397 1352 1120 609
807	1291 550 229 149
808	1280 630 916 574
809	784 1410 210 1186
810	115 488 1270 908
811	515 955 176 1347
812	384 193 22 819
813	500 1013 521 1447
814	854 88 1417 241
815	761 450 703 581
816	484 235 662 717
817	1488 1448 592 510
818	1310 1103 711 642
819	904 598 1215 79
820	268 835 575 634
821	866 1155 529 823
822	815 157 327 1061
823	393 638 419 1072
824	36 44 687 1259
825	655 26 251 1202
826	197 239 1493 1476
827	1042 650 20 120
828	1390 744 673 1295
829	1080 887 1345 546
830	493 363 901 492
831	879 91 336 857
832	727 345 1450 767
833	318 684 716 473
834	515 137 462 648
835	1412 1096 413 1112
836	216 168 282 1113
837	1196 1228 783 763
838	628 28 765 46
839	500 839 585 1231
840	312 1277 529 1093
841	265 705 1343 1365
842	985 1040 459 284
843	428 1097 1280 313
844	1236 384 1434 1459
845	988 1048 134 1115
846	828 346 158 1049
847	1134 543 1295 1408
848	727 1316 1265 155
849	214 640 946 172
850	1350 804 848 98
851	1434 191 572 668
852	1227 918 951 733
853	950 677 65 69
854	1482 193 641 1247
855	1435 246 949 234
856	1079 157 256 30
857	1326 1432 154 131
858	345 1327 99 334
859	1244 36 193 1098
860	140 19 1410 1015
861	24 987 603 1408
862	983 628 1238 529
863	414 1042 499 1488
864	1129 731 971 1112
865	327 409 708 1140
866	1367 73 671 710
867	1463 1439 542 1248
868	375 655 594 1162
869	1295 220 1449 124
870	1030 853 256 25
871	191 916 510 1023
872	1034 612 232 1075
873	977 368 984 768
874	1088 402 455 610
875	1350 444 445 462
876	1180 267 688 1081
877	922 1287 383 963
878	1240 1371 528 1331
879	1156 7 1079 6
880	1099 556 806 895
881	139 1032 464 1279
882	759 989 10 1273
883	1462 707 239 719
884	938 1043 459 1440
885	32 305 998 1384
886	328 95 839 597
887	791 31 764 1487
888	783 943 1369 694
889	194 609 418 947
890	459 1065 858 227
891	842 912 1246 782
892	580 948 1183 1069
893	1347 614 517 1158
894	118 158 1275 750
895	1400 138 1298 72
896	707 341 576 1127
897	561 701 49 392
898	1039 1238 82 1230
899	494 1492 903 326
900	1377 775 57 291
901	282 527 449 383
902	1102 177 752 582
903	516 425 812 1435
904	920 1472 1006 600
905	563 333 844 702
906	1002 628 1472 1448
907	383 1389 777 1268
908	871 953 356 440
909	1268 568 324 146
910	836 716 975 464
911	699 382 341 413
912	676 1309 214 1026
913	895 830 383 80
914	1089 97 480 137
915	1243 605 1235 1077
916	1179 875 73 317
917	48 929 765 596
918	395 696 1067 1432
919	515 495 338 958
920	459 565 1157 412
921	1438 1309 360 272
922	797 289 720 1075
923	1399 310 8 1292
924	430 1484 310 830
925	203 424 145 162
926	145 1017 138 1398
927	417 278 1478 664
928	1019 319 723 1494
929	677 518 1060 1024
930	1094 1252 1282 488
931	1398 1230 1400 508
932	1087 1377 1147 566
933	146 668 571 1188
934	591 1122 1020 1230
935	287 975 1461 652
936	161 30 640 1188
937	466 1294 1046 1317
938	579 1393 583 225
939	657 1095 897 1084
940	1391 671 761 1056
941	844 1237 1462 208
942	35 1261 936 459
943	1399 173 607 1035
944	41 696 988 599
945	393 368 1308 634
946	835 992 1038 431
947	416 867 1417 313
948	695 1380 32 1468
949	517 66 954 1136
950	309 716 1344 1361
951	35 97 460 730
952	220 390 1081 340
953	494 289 1113 1004
954	724 564 269 968
955	215 1024 464 1308
956	1427 563 1384 1491
957	1054 1326 1392 1107
958	321 217 214 1153
959	517 316 668 858
960	1220 946 965 1414
961	1070 694 1326 75
962	1375 779 1129 339
963	663 637 1418 861
964	926 975 1126 1154
965	1413 31 151 720
966	673 316 472 71
967	401 1121 884 495
968	1337 1029 1282 409
969	346 1190 929 1471
970	118 216 767 349
971	1248 1487 233 8
972	919 995 28 1323
973	1238 1134 1053 441
974	598 956 886 568
975	1085 327 936 500
976	963 340 745 744
977	1242 96 1002 1170
978	1106 694 6 776
979	1425 1478 777 577
980	876 553 1383 1147
981	456 349 601 400
982	1461 1 115 1383
983	1072 738 24 1201
984	158 718 982 236
985	977 292 419 170
986	1390 1427 766 1281
987	1249 604 1060 434
988	1489 1333 319 676
989	94 960 813 1356
990	1080 451 1200 739
991	1156 540 182 658
992	734 374 1494 721
993	292 417 494 678
994	1177 755 1297 821
995	793 697 625 210
996	1042 481 1092 427
997	575 1361 1377 55
998	621 130 719 405
999	1260 354 1268 278
1000	91 13 478 1489
Students	1000
1	1097 445 1384 442
2	482 1306 832 43
3	447 984 18 589
4	896 1092 761 764
5	1221 391 870 1418
6	1323 1288 378 771
7	1266 700 671 407
8	1107 728 161 665
9	104 152 404 1276
10	646 178 1123 489
11	1491 47 1131 238
12	863 768 642 423
13	459 391 226 828
14	181 764 1432 509
15	1345 1374 454 1325
16	549 1190 87 741
17	889 216 1406 208
18	1100 176 337 49
19	1359 1062 1028 431
20	1069 1108 723 48
21	737 1204 761 1028
22	1084 596 1330 982
23	794 612 1268 1285
24	968 590 1011 470
25	1469 489 1217 296
26	639 1500 167 61
27	717 1329 265 227
28	681 1070 178 643
29	1038 304 1108 1101
30	603 907 918 459
31	127 1156 1338 1253
32	1237 519 555 1404
33	593 216 1316 902
34	130 482 1362 1320
35	914 601 328 505
36	210 910 780 1234
37	1230 201 516 1190
38	371 723 221 925
39	306 1080 322 621
40	9 903 281 747
41	385 1056 149 118
42	1382 1324 1088 1413
43	831 368 389 273
44	518 1011 1323 1361
45	848 1030 659 602
46	1212 1201 272 406
47	702 730 777 545
48	957 935 1306 174
49	711 1433 860 751
50	472 512 179 230
51	1397 662 1403 1224
52	213 590 1351 1435
53	495 1351 718 1365
54	1085 1418 205 1338
55	600 78 830 916
56	260 237 590 894
57	1034 973 668 1130
58	258 161 1499 872
59	522 1127 306 303
60	1176 13 1461 173
61	585 411 1493 1473
62	623 958 834 1214
63	505 706 1328 709
64	615 1016 675 671
65	3 772 150 1481
66	860 35 182 728
67	204 1120 544 1031
68	493 1481 904 408
69	1207 1108 1298 1077
70	479 1052 487 775
71	982 1199 1197 964
72	10 1465 599 1081
73	1019 253 183 1119
74	329 496 990 467
75	1056 1075 699 825
76	1005 1324 751 1473
77	843 925 880 1367
78	262 527 333 486
79	1304 176 1266 645
80	1009 645 246 238
81	539 354 783 713
82	274 631 555 186
83	1498 1392 957 89
84	763 167 1372 1457
85	687 61 120 1401
86	1292 795 463 1051
87	133 223 814 1135
88	802 613 890 245
89	355 298 1104 1359
90	688 1307 1232 1476
91	873 1101 1168 801
92	1116 205 971 1044
93	326 529 768 1124
94	435 1158 965 1208
95	509 1470 1083 611
96	266 540 1164 125
97	1117 703 1339 1235
98	1228 398 330 1142
99	1235 40 244 1352
100	1183 851 437 710
101	534 1461 946 831
102	1259 159 1245 1072
103	366 565 2 41
104	1295 71 1221 466
105	325 268 1273 1064
106	688 454 470 1345
107	1050 810 652 408
108	470 991 246 1022
109	414 368 192 826
110	1272 734 1352 1256
111	863 295 1385 578
112	640 666 830 1051
113	62 300 748 1148
114	1436 1029 1307 898
115	1076 749 753 5
116	1376 1111 687 776
117	152 1118 775 519
118	987 424 47 34
119	245 600 340 569
120	511 1197 1153 1209
121	1211 1321 1271 1225
122	37 452 385 1479
123	652 181 1220 1168
124	332 35 138 1244
125	1127 863 46 722
126	1051 383 872 1289
127	1003 240 1148 453
128	697 516 465 638
129	1396 12 539 885
130	846 267 856 1005
131	166 679 813 280
132	1334 529 1155 769
133	1131 180 61 886
134	219 939 1462 1000
135	1086 853 859 1293
136	1447 283 1053 1454
137	411 736 105 1315
138	779 1105 1331 416
139	1440 112 236 452
140	112 520 1124 1456
141	443 1173 739 1031
142	888 965 1366 1011
143	1396 663 853 676
144	1364 1267 1053 219
145	382 401 1461 107
146	58 1234 93 623
147	785 196 1338 1155
148	1188 684 1223 216
149	15 279 1297 119
150	464 291 602 1347
151	335 1080 620 262
152	68 1400 474 687
153	1412 1403 263 879
154	642 31 947 869
155	975 335 907 1359
156	1073 645 1441 910
157	8 535 216 621
158	808 1431 221 306
159	149 1450 3 195
160	362 815 1153 29
161	951 905 474 978
162	612 1140 428 748
163	888 971 804 418
164	1353 1038 413 336
165	943 556 483 528
166	501 853 1116 96
167	311 704 161 661
168	176 1121 1405 277
169	659 696 1148 1486
170	265 1049 646 645
171	1077 708 694 475
172	1415 193 809 1327
173	708 1471 1365 556
174	692 560 324 756
175	1201 647 1002 815
176	509 1181 1094 756
177	493 892 125 1306
178	1149 1354 494 1323
179	500 1461 1107 609
180	56 1180 41 1189
181	165 1065 1463 292
182	1267 214 586 1112
183	836 1148 321 348
184	149 613 1405 721
185	282 713 385 63
186	303 446 480 440
187	176 1375 1109 1500
188	738 1470 25 1242
189	126 1383 293 532
190	96 572 896 26
191	383 1473 1421 1426
192	396 1296 39 986
193	531 1095 292 68
194	1451 1369 943 215
195	1006 262 293 340
196	229 459 755 711
197	928 544 644 569
198	609 969 298 176
199	1232 1022 1437 1266
200	1058 108 602 768
201	209 893 7 609
202	394 623 373 10
203	1023 313 1382 756
204	378 114 940 1216
205	868 1009 474 168
206	1443 608 694 128
207	352 201 134 93
208	448 656 925 1006
209	1268 911 800 303
210	855 624 78 301
211	1334 660 987 286
212	979 445 113 246
213	565 577 989 420
214	1397 382 940 1197
215	701 1420 1226 161
216	1250 71 1413 1148
217	17 1010 772 20
218	109 236 714 791
219	245 2 66 1113
220	292 802 431 1265
221	1262 282 695 98
222	1097 101 1060 407
223	1417 827 1042 348
224	358 781 991 1007
225	593 1423 383 41
226	709 635 581 323
227	108 742 258 269
228	479 24 663 37
229	1062 1432 17 646
230	10 1331 1251 552
231	1269 205 1075 1267
232	813 593 1277 445
233	69 1289 1312 1227
234	453 457 933 1035
235	927 1135 507 1254
236	255 482 1153 1449
237	445 389 999 306
238	987 574 818 174
239	660 886 997 1340
240	2 917 1064 447
241	794 754 664 197
242	449 1243 15 1460
243	1462 1160 1135 873
244	587 593 837 638
245	727 326 194 1166
246	472 1400 852 868
247	842 69 227 1478
248	1299 276 1347 320
249	1484 1443 931 1228
250	1494 1260 863 43
251	822 416 1046 1102
252	784 1068 76 812
253	835 1040 52 20
254	1360 1480 284 668
255	422 158 1416 1415
256	982 993 234 1355
257	1009 1445 1500 1056
258	357 689 276 326
259	574 356 193 1338
260	439 970 1350 698
261	788 47 249 1051
262	402 371 456 1466
263	265 336 77 808
264	904 63 1102 1475
265	264 459 487 378
266	1498 945 191 548
267	630 1119 542 284
268	499 836 1038 326
269	647 1209 1215 89
270	415 300 992 1233
271	1042 1086 79 1357
272	1136 956 201 1113
273	1373 834 142 808
274	1459 361 224 1422
275	149 1195 295 730
276	1189 104 60 440
277	158 138 1095 1196
278	45 696 1200 287
279	181 1447 288 173
280	367 610 1010 77
281	475 773 69 28
282	681 502 630 1326
283	1213 694 124 1464
284	555 104 1110 750
285	1371 1126 415 330
286	830 715 262 1348
287	957 222 1071 679
288	283 358 545 1140
289	348 1435 12 894
290	5 1345 1410 666
291	1025 1446 1153 1083
292	378 1359 744 804
293	1458 363 184 1329
294	821 20 1466 1147
295	1482 412 1451 1257
296	1190 1039 903 119
297	112 198 964 745
298	597 1094 1346 1161
299	379 193 1452 929
300	695 447 1065 1208
301	487 675 194 476
302	997 57 215 1320
303	342 1112 1125 1422
304	129 1047 283 685
305	274 815 843 662
306	547 1351 686 795
307	649 1135 779 426
308	191 671 1256 1459
309	919 46 1257 389
310	1247 573 87 358
311	127 128 624 754
312	1229 1064 220 652
313	1345 738 485 922
314	905 425 750 190
315	551 553 842 548
316	200 1296 1218 1137
317	1047 1172 142 1489
318	135 1144 664 342
319	615 557 350 339
320	51 1231 1306 3
321	1304 1334 1205 1413
322	888 1010 1188 149
323	929 1281 298 1178
324	1080 586 52 696
325	1157 786 452 288
326	738 937 1418 730
327	343 1085 742 1486
328	1171 499 131 1395
329	137 1266 681 245
330	1015 1477 165 121
331	307 771 276 608
332	696 1412 643 1121
333	642 21 1194 1262
334	771 485 1371 933
335	1328 752 1327 945
336	754 423 191 898
337	210 768 1400 311
338	1421 55 1190 1328
339	1465 1494 142 922
340	269 666 96 190
341	323 545 1295 1041
342	777 195 1292 443
343	1190 934 902 1396
344	872 634 37 1216
345	237 1084 923 551
346	600 619 374 324
347	1293 941 778 524
348	346 733 1264 1090
349	237 734 1309 1185
350	1108 865 191 247
351	416 792 1088 448
352	803 253 1382 144
353	62 1304 729 1170
354	1325 1366 1338 716
355	651 958 1116 52
356	1126 279 1136 1145
357	1125 113 67 774
358	468 945 340 297
359	17 437 528 909
360	583 1486 442 1497
361	549 858 1359 1049
362	492 99 38 305
363	517 1177 673 1427
364	412 1094 319 397
365	1386 838 523 1089
366	1254 296 584 1263
367	840 563 1458 1054
368	1033 1159 751 1285
369	785 912 1144 120
370	1150 398 256 898
371	149 1287 1346 798
372	418 252 1364 803
373	733 949 42 605
374	1453 697 1193 839
375	774 795 907 179
376	1042 933 196 861
377	878 922 747 1425
378	948 1404 491 1042
379	1013 899 215 120
380	197 1326 1205 1274
381	816 1153 377 569
382	837 851 1498 344
383	1094 503 285 645
384	328 958 1035 1304
385	590 88 766 146
386	1269 481 1028 928
387	748 752 1093 623
388	1435 413 937 1339
389	547 392 600 903
390	1216 140 62 1360
391	217 1339 1098 1204
392	946 212 125 786
393	545 1466 668 816
394	289 500 407 709
395	382 7 593 1418
396	1355 226 695 655
397	391 436 716 677
398	1489 1373 1141 676
399	1087 233 1039 331
400	782 1279 645 169
401	781 1479 1280 500
402	710 1495 57 496
403	90 890 444 995
404	493 1387 1125 1356
405	754 223 920 253
406	1288 1184 770 1474
407	611 221 1319 794
408	801 1022 1086 382
409	89 1105 161 1424
410	1443 1348 1266 706
411	419 313 856 584
412	1410 523 382 951
413	917 1369 1492 709
414	1052 1112 582 905
415	576 280 387 1232
416	885 850 254 437
417	871 707 1489 857
418	918 294 1450 1271
419	1480 385 37 812
420	1417 895 1368 352
421	782 1351 297 623
422	1500 148 347 997
423	809 117 559 1110
424	171 522 271 601
425	237 906 427 735
426	367 180 429 841
427	489 950 773 685
428	526 1357 1282 1022
429	696 1202 62 1095
430	386 417 204 1442
431	1436 1015 1047 161
432	1362 1341 139 466
433	1069 51 643 533
434	1257 844 709 822
435	401 1241 547 1263
436	960 451 1127 541
437	997 629 948 369
438	1370 599 864 1378
439	611 888 405 1036
440	1414 852 780 538
441	506 110 1212 1348
442	1350 1372 512 1078
443	302 1282 1278 1008
444	1358 137 620 403
445	21 541 731 458
446	1011 357 1067 914
447	65 917 691 487
448	1184 659 776 534
449	635 1320 1246 452
450	1343 454 38 1058
451	1359 1493 399 499
452	284 1374 205 1010
453	410 518 317 315
454	1000 1311 85 549
455	375 1305 1397 302
456	747 450 1093 271
457	831 1165 1220 1273
458	1145 1160 691 1340
459	793 577 259 799
460	1292 425 1133 437
461	979 326 308 1403
462	791 19 739 196
463	425 394 1217 657
464	12 40 880 1013
465	1419 257 550 8
466	1363 1206 311 996
467	1472 1313 1453 345
468	225 908 1079 1112
469	287 9 746 1140
470	137 1143 855 211
471	1094 1131 76 890
472	962 210 1114 40
473	4 610 1423 1300
474	594 1371 346 522
475	554 191 1192 1190
476	1332 1195 1321 1319
477	1051 733 1213 468
478	1275 40 1298 552
479	721 1360 1480 1229
480	1457 1148 1486 523
481	1424 594 691 136
482	38 18 31 366
483	1428 7 1216 180
484	580 1192 328 1235
485	873 1300 1449 212
486	1338 286 499 1431
487	601 118 1175 822
488	1120 1012 485 1286
489	8 724 506 1143
490	960 609 393 1126
491	1478 40 675 554
492	813 471 1366 1269
493	1285 837 35 1493
494	1072 428 1071 240
495	575 1222 434 689
496	458 456 140 731
497	1228 1300 242 1088
498	780 220 260 292
499	1471 714 790 67
500	1184 176 495 294
501	1129 1015 638 701
502	780 504 361 872
503	829 532 1171 905
504	1484 498 651 1359
505	836 1190 791 141
506	1069 1499 1034 79
507	1452 1398 1123 1180
508	178 794 38 1394
509	633 844 1043 1476
510	1046 864 642 4
511	1071 1224 553 724
512	1327 1129 1368 1196
513	561 78 1034 500
514	1204 779 1493 97
515	391 1088 212 555
516	985 1028 250 401
517	430 1291 256 924
518	11 29 702 597
519	843 826 851 889
520	565 1389 1345 1369
521	1136 395 749 645
522	932 1123 1361 341
523	1236 1320 609 476
524	29 1446 1458 769
525	977 396 339 1420
526	1349 1087 866 207
527	273 778 1369 28
528	191 234 590 384
529	712 185 963 600
530	37 899 1206 847
531	968 56 382 29
532	736 847 355 169
533	203 1145 674 1215
534	706 1230 1464 67
535	1219 571 1294 328
536	115 260 1298 128
537	835 73 497 1299
538	596 272 1363 867
539	429 1101 967 1451
540	72 1371 908 269
541	544 1005 3 1415
542	1011 1233 135 1368
543	1369 557 315 365
544	1442 1028 1194 165
545	1345 1309 569 1162
546	247 929 627 1439
547	1032 310 750 749
548	1246 148 604 1119
549	777 96 1240 1031
550	247 46 80 935
551	569 1470 658 56
552	671 1420 941 1062
553	1345 568 1022 583
554	32 762 676 867
555	338 419 701 8
556	921 981 279 1164
557	383 770 849 766
558	300 1289 1295 1176
559	413 1246 105 541
560	259 317 266 20
561	1153 594 338 474
562	288 1309 1149 320
563	1128 993 610 1475
564	523 1085 1173 870
565	769 1303 1259 1351
566	472 1121 1434 1111
567	1069 669 1107 356
568	1419 1210 53 200
569	1419 384 1152 1392
570	1090 1012 923 1277
571	286 164 1056 1135
572	1415 1468 862 1182
573	689 46 107 543
574	860 264 211 877
575	396 697 1095 262
576	379 1292 238 1376
577	259 19 95 378
578	295 368 1160 127
579	955 606 142 205
580	625 942 958 1425
581	996 699 434 209
582	240 32 17 73
583	1238 1167 27 1376
584	44 1317 786 85
585	834 835 1000 1200
586	1314 56 367 1344
587	1080 97 224 159
588	252 884 958 675
589	1346 761 237 885
590	327 534 615 369
591	1410 1408 1209 365
592	509 101 1174 737
593	1377 264 714 1369
594	1107 194 1045 782
595	1029 159 845 843
596	1039 110 828 108
597	1453 69 778 872
598	571 601 882 1170
599	44 22 57 331
600	768 834 1103 1454
601	1058 1315 789 134
602	1215 273 1158 135
603	1244 468 1451 1026
604	342 981 1404 210
605	1269 739 255 97
606	1109 176 1063 54
607	1074 226 1397 196
608	698 1364 520 225
609	89 678 82 638
610	1323 430 1342 291
611	1260 1078 464 67
612	1309 1284 1225 311
613	1205 875 521 7
614	616 1409 143 971
615	471 890 496 576
616	1117 622 960 752
617	267 951 771 999
618	81 322 143 1323
619	840 1201 453 1436
620	1020 1152 1067 1195
621	168 758 576 270
622	297 233 1114 963
623	1467 1005 560 1390
624	1191 963 1454 763
625	676 1246 21 562
626	960 829 490 864
627	975 1305 647 839
628	334 254 420 1038
629	1134 1296 109 515
630	1282 650 859 1138
631	13 338 1458 948
632	1412 1146 261 1014
633	1336 1411 1081 1067
634	1372 356 1185 626
635	995 268 64 207
636	196 1015 152 419
637	1045 1463 317 370
638	662 1478 1431 669
639	1241 26 925 268
640	919 238 159 1246
641	516 1132 1022 488
642	311 1480 1149 809
643	53 338 1470 290
644	149 623 127 659
645	235 1495 1273 37
646	426 1332 1449 45
647	146 849 1487 1383
648	394 1152 66 345
649	1480 648 906 1295
650	1268 180 667 1139
651	713 1164 455 1105
652	1313 1056 6 741
653	680 572 1064 678
654	40 49 1386 845
655	781 1445 1355 375
656	802 1106 718 1452
657	914 854 105 882
658	668 417 396 308
659	418 132 843 495
660	1068 394 997 1045
661	1288 263 484 824
662	427 352 980 1268
663	1173 202 58 1394
664	210 1227 1174 272
665	272 511 1033 919
666	76 801 374 543
667	61 1255 219 545
668	1190 661 297 1169
669	1493 955 503 102
670	591 1463 31 188
671	240 100 32 1407
672	1435 59 386 835
673	308 338 1050 368
674	927 599 1288 65
675	424 390 289 104
676	213 1437 1477 73
677	409 1041 776 488
678	1135 444 326 1455
679	444 722 450 433
680	1288 233 84 964
681	533 1228 763 1425
682	525 340 1247 1193
683	737 1496 847 1168
684	730 1016 1062 798
685	1277 1095 1441 1365
686	434 500 445 1228
687	938 711 518 505
688	1139 531 737 683
689	1346 335 1004 628
690	565 760 809 326
691	98 221 595 1363
692	916 1325 52 1011
693	973 310 1449 1125
694	692 1500 703 1061
695	1450 910 993 123
696	577 1114 326 1339
697	601 779 1208 387
698	430 831 516 1077
699	1008 33 1058 295
700	1007 886 638 131
701	1311 917 190 64
702	656 466 963 1005
703	1156 1438 189 1428
704	395 146 1185 662
705	341 1232 1463 1184
706	1497 144 685 280
707	773 175 846 1000
708	1487 550 860 1272
709	910 364 144 820
710	1224 1273 1088 474
711	797 949 189 869
712	666 580 168 1037
713	472 623 1462 690
714	734 380 1203 152
715	21 1172 523 1255
716	1232 264 1462 1275
717	1347 492 831 1110
718	696 1327 271 124
719	1284 328 48 96
720	648 840 376 224
721	1102 717 129 556
722	1299 611 579 830
723	585 152 823 995
724	870 1114 184 1051
725	1382 1451 1290 512
726	1423 947 497 998
727	1046 1077 711 340
728	1279 165 206 1273
729	818 1317 1144 620
730	423 714 1002 1055
731	998 727 957 1086
732	89 1400 1251 1012
733	967 624 1351 1038
734	104 223 1382 182
735	361 628 1408 517
736	494 1353 965 401
737	637 838 1142 789
738	312 110 656 242
739	854 685 786 214
740	166 990 311 325
741	827 293 937 754
742	1481 587 651 225
743	1438 347 276 1328
744	142 1159 813 60
745	880 4 316 835
746	816 99 1037 1187
747	1292 242 78 1115
748	446 1201 1052 740
749	1323 804 1160 696
750	676 1352 986 75
751	478 1475 1451 1077
752	1227 602 1258 1465
753	734 421 186 363
754	123 41 29 668
755	831 104 126 1429
756	33 963 1277 744
757	1386 980 450 329
758	925 965 14 1275
759	986 249 890 483
760	230 1418 1483 1315
761	1232 272 1279 1204
762	1228 125 1488 175
763	833 590 957 1406
764	943 509 167 297
765	1243 538 1474 304
766	1463 733 171 176
767	1062 964 1165 716
768	777 1426 734 970
769	416 1378 1473 970
770	915 981 75 43
771	326 1067 895 709
772	1459 1346 481 383
773	700 741 1088 1255
774	1301 1257 200 1413
775	446 1217 476 1421
776	880 43 531 330
777	926 1395 245 1032
778	1018 883 603 207
779	439 442 726 93
780	1454 254 460 1152
781	1223 1062 81 896
782	154 1340 526 891
783	1036 1088 153 973
784	16 1207 1442 1161
785	767 373 596 1171
786	698 292 630 859
787	1211 971 1207 1178
788	915 567 170 874
789	582 85 453 657
790	258 113 764 540
791	163 1008 1365 1210
792	1291 946 1180 1126
793	1006 1444 374 1146
794	496 1000 71 739
795	505 1117 678 581
796	1428 979 534 284
797	1413 1480 124 839
798	117 611 83 1346
799	1056 819 906 435
800	864 768 265 1142
801	380 767 929 907
802	599 1053 1313 295
803	736 1021 163 878
804	133 312 1417 1069
805	1320 1319 1016 983
806	113 362 1061 1291
807	952 1173 1223 1386
808	273 19 1177 905
809	777 1203 368 719
810	1060 284 1089 65
811	1303 225 1122 97
812	1240 778 598 706
813	896 393 455 1139
814	857 311 1382 377
815	1478 928 1393 702
816	728 1088 655 241
817	107 918 511 385
818	642 173 328 575
819	466 791 705 1231
820	973 828 657 841
821	1451 1327 1295 1032
822	586 1285 624 1388
823	585 546 382 62
824	1222 1338 515 1208
825	1399 432 1357 654
826	1397 461 387 737
827	1152 246 1268 63
828	890 1299 796 1145
829	406 153 1225 716
830	474 1055 361 229
831	1439 39 795 1097
832	1281 283 888 568
833	291 687 1272 234
834	15 1103 1454 365
835	1483 498 950 39
836	147 1211 449 1022
837	444 1068 439 1023
838	1308 876 242 886
839	149 785 754 1306
840	717 335 702 794
841	702 598 328 720
842	261 658 919 531
843	757 798 1201 765
844	222 223 1025 612
845	1143 1467 80 1161
846	1128 418 1092 1376
847	433 317 12 810
848	1282 637 120 1259
849	1381 1271 809 45
850	1260 1437 639 793
851	1236 549 416 699
852	1440 515 981 352
853	874 525 1247 207
854	580 1313 777 935
855	470 341 48 1185
856	475 1198 1182 356
857	577 1120 1141 703
858	1360 1149 1332 38
859	495 711 1432 1313
860	1003 1373 1465 1337
861	686 555 786 249
862	244 596 74 701
863	684 219 397 131
864	759 108 1392 286
865	82 663 490 495
866	355 315 1375 183
867	586 62 628 1461
868	824 717 788 1237
869	443 408 1125 1418
870	1173 270 1315 128
871	215 689 963 723
872	430 1066 509 289
873	400 1215 1277 1045
874	779 676 723 1500
875	252 554 1383 701
876	370 1319 975 8
877	1456 1163 417 75
878	397 754 537 402
879	832 551 557 1500
880	1384 476 293 37
881	1283 1255 1366 334
882	65 1366 228 801
883	966 17 140 333
884	798 1463 135 1170
885	1371 847 1207 1389
886	152 1457 901 588
887	1018 577 1429 1136
888	49 1363 945 464
889	898 195 674 12
890	1272 1085 95 742
891	518 1473 1334 1394
892	112 806 1412 376
893	43 1450 918 563
894	68 246 122 774
895	504 405 1021 442
896	1214 860 1004 1271
897	358 1320 444 1230
898	1175 1029 1226 986
899	417 783 419 356
900	1103 1176 267 1034
901	670 471 857 956
902	77 28 661 948
903	981 1146 212 956
904	12 4 1440 361
905	885 1135 449 235
906	1429 328 1199 490
907	858 1411 257 1292
908	1319 60 322 742
909	916 754 40 851
910	1288 724 1435 870
911	751 971 289 868
912	313 615 1205 447
913	340 373 849 1001
914	91 1240 641 1149
915	494 24 115 247
916	310 49 267 285
917	360 42 624 1076
918	1370 288 187 559
919	927 1402 1023 1267
920	479 1478 1094 377
921	1419 490 621 219
922	845 1238 59 266
923	699 14 1065 908
924	460 514 1324 499
925	727 654 1050 1143
926	1101 475 1030 366
927	717 252 764 750
928	1108 1367 930 971
929	397 1351 720 323
930	4 631 1149 53
931	1477 197 432 784
932	411 469 1419 1113
933	867 581 1016 791
934	1263 914 358 1306
935	216 1265 854 1468
936	314 809 296 1074
937	159 426 648 406
938	318 1456 417 877
939	519 937 1369 529
940	591 502 1484 137
941	849 935 1376 163
942	408 942 1290 76
943	1453 1490 739 965
944	356 918 566 129
945	1454 1271 186 340
946	340 766 1046 1413
947	107 471 442 525
948	1463 524 71 399
949	322 273 698 704
950	918 848 677 510
951	1322 985 1386 782
952	900 1044 895 1229
953	1489 968 528 345
954	804 1099 623 73
955	250 777 429 836
956	175 328 345 1416
957	320 1429 164 584
958	1014 410 165 1102
959	1266 439 962 1022
960	53 774 645 127
961	667 1265 1285 1298
962	94 425 728 386
963	634 969 1189 383
964	397 973 633 2
965	108 893 367 839
966	1389 697 997 1192
967	187 267 595 570
968	1207 137 746 1384
969	232 1128 252 1145
970	236 746 642 950
971	1179 39 1004 646
972	1369 251 774 380
973	316 484 1248 482
974	228 888 1308 1108
975	1328 444 1466 719
976	964 261 222 886
977	575 1475 1212 146
978	132 69 1411 689
979	438 715 114 1145
980	1381 971 1020 42
981	1106 67 1433 828
982	1358 1351 1153 1484
983	884 323 1489 946
984	863 730 657 1481
985	951 313 497 716
986	808 27 35 668
987	98 175 1224 957
988	1447 1325 243 106
989	632 567 721 285
990	271 242 1039 1012
991	1082 676 1326 1094
992	194 397 1327 992
993	1365 64 1079 1106
994	913 1387 14 229
995	1336 1364 213 1000
996	929 1078 196 418
997	529 24 459 1366
998	1295 857 679 887
999	491 1230 980 211
1000	615 886 774 1353
Students	1000
1	1470 1499 263 791
2	203 842 196 1062
3	651 1313 694 1000
4	1073 335 1479 320
5	335 1414 284 561
6	1031 952 310 77
7	958 303 514 985
8	543 909 645 1233
9	768 435 248 1452
10	918 651 1381 1012
11	374 613 482 1254
12	348 1413 1078 1210
13	402 501 1426 1169
14	1469 206 1389 901
15	655 1180 667 10
16	946 1246 876 1188
17	1093 666 349 1260
18	1445 677 183 1426
19	189 1385 1106 712
20	1240 1109 1218 473
21	1086 210 1395 1063
22	554 1400 1500 755
23	197 793 867 769
24	67 894 226 1361
25	731 1159 572 1311
26	358 316 1342 965
27	1299 1259 1009 269
28	347 413 511 1165
29	588 464 366 748
30	1101 993 1327 250
31	209 347 276 802
32	641 1019 946 1011
33	1133 1476 445 1012
34	1151 562 485 1018
35	1228 1364 1211 797
36	1236 510 577 1214
37	168 1227 837 887
38	104 674 364 821
39	560 1218 1275 187
40	1257 1126 982 1347
41	885 378 599 418
42	995 1441 182 948
43	843 166 926 576
44	1181 1282 1239 1043
45	449 620 882 1266
46	1429 227 1117 407
47	1195 1385 966 951
48	1497 585 1045 923
49	1287 1133 626 517
50	1305 995 242 368
51	1416 199 888 1380
52	643 47 914 415
53	706 119 558 1088
54	1207 1325 1434 1026
55	874 645 1263 494
56	210 773 745 123
57	285 294 1474 705
58	391 1070 515 220
59	1488 1446 150 1426
60	285 293 1430 253
61	386 1085 1219 1320
62	677 499 1213 522
63	585 345 831 766
64	1189 1078 1041 505
65	1017 1173 1113 211
66	437 1157 438 373
67	273 106 593 1460
68	1231 1143 35 1192
69	609 881 1475 874
70	732 536 226 724
71	383 1385 1112 947
72	1467 26 244 1240
73	1210 286 737 1207
74	1046 534 578 524
75	857 1026 410 726
76	353 1320 842 1092
77	402 1323 1069 842
78	1413 554 1318 1260
79	889 1247 195 1389
80	521 765 831 898
81	189 1495 1241 868
82	1128 461 925 625
83	446 1009 1300 63
84	819 348 1451 1286
85	421 212 1398 1063
86	1110 7 232 792
87	1219 1287 780 58
88	1100 667 828 838
89	243 121 1228 844
90	1183 1184 103 1401
91	784 135 886 1144
92	742 518 1303 1396
93	1204 441 245 710
94	867 304 408 70
95	1058 1475 235 949
96	298 494 448 93
97	756 298 1338 1395
98	476 812 1114 329
99	1363 333 790 1023
100	1440 1 807 1063
101	762 844 416 1443
102	1230 283 925 742
103	1400 697 225 171
104	1001 1068 1481 724
105	542 861 227 373
106	503 1056 86 959
107	553 214 45 658
108	1228 1346 517 833
109	937 407 1441 187
110	604 1019 859 1317
111	547 404 315 976
112	843 830 1242 324
113	150 237 1159 1446
114	1221 736 1299 568
115	853 1057 218 367
116	896 858 1353 434
117	748 221 1349 971
118	1123 284 303 762
119	517 1427 742 570
120	179 1220 877 75
121	1228 778 1196 118
122	593 30 752 198
123	1010 1135 170 1192
124	395 5 1053 795
125	1373 1221 242 1423
126	943 455 968 705
127	510 139 422 430
128	1081 1267 1008 556
129	52 1271 552 313
130	845 1004 1063 427
131	462 458 694 1279
132	730 1409 1015 903
133	450 380 1011 1431
134	55 1329 137 627
135	588 717 173 1222
136	1380 581 470 4
137	635 376 1261 1035
138	535 1142 1166 1422
139	933 491 526 770
140	839 276 114 1400
141	188 818 126 244
142	1288 1304 282 725
143	1373 244 704 606
144	579 1151 396 1177
145	49 832 778 358
146	169 119 534 548
147	1421 1085 992 955
148	720 505 245 660
149	79 555 746 780
150	1232 189 589 1196
151	512 1408 609 676
152	376 1208 903 583
153	706 206 775 991
154	1122 1080 697 263
155	837 1372 532 1445
156	1043 738 338 596
157	436 1180 887 886
158	341 1382 1149 190
159	173 1038 1106 294
160	551 1397 129 1306
161	839 411 386 161
162	113 1163 291 66
163	31 882 855 601
164	3 593 602 455
165	1019 1164 926 795
166	1465 673 1064 180
167	802 233 301 61
168	1475 11 863 700
169	1458 755 135 587
170	976 518 902 236
171	980 122 1479 1482
172	162 831 1237 337
173	1487 86 1153 536
174	559 1425 202 1012
175	1409 832 186 1175
176	477 532 34 182
177	501 775 822 1268
178	994 576 437 115
179	857 1379 1399 52
180	539 1215 879 207
181	1448 1001 659 49
182	317 1367 883 1361
183	1124 980 164 428
184	831 734 793 388
185	449 92 1086 352
186	528 1320 292 686
187	1253 1478 1134 1407
188	178 1297 9 1127
189	826 1230 1283 1244
190	986 1271 1211 367
191	1270 1029 310 94
192	1106 99 1446 432
193	151 554 422 331
194	699 1296 48 200
195	299 1271 1408 260
196	465 393 1098 483
197	1330 786 875 767
198	613 247 326 185
199	1216 1038 156 453
200	133 793 989 526
201	107 899 894 1312
202	380 1126 1466 92
203	1431 1079 710 1440
204	934 496 218 1439
205	738 717 638 1212
206	955 907 1317 1213
207	739 1107 1218 1207
208	334 1446 987 1206
209	962 1206 776 1112
210	732 775 3 946
211	546 864 1487 162
212	1308 874 882 1365
213	284 1100 279 1043
214	337 1164 548 1229
215	674 811 536 529
216	1171 1004 61 1415
217	451 1371 405 1435
218	45 304 630 1254
219	316 1355 217 799
220	40 99 1358 516
221	363 935 1229 1457
222	1168 392 142 708
223	1070 1471 1468 6
224	1456 1382 1217 697
225	67 359 1464 1368
226	638 380 179 1222
227	1389 900 1108 1426
228	583 266 1206 175
229	330 698 689 951
230	1398 1214 880 48
231	624 15 490 1220
232	776 679 1278 238
233	1174 1494 467 1454
234	53 282 1479 363
235	1240 784 186 377
236	660 650 788 40
237	128 799 1234 849
238	649 162 265 1482
239	1141 686 253 715
240	789 212 665 529
241	335 519 1178 1102
242	304 155 32 145
243	1422 256 512 61
244	1265 1038 512 89
245	3 1187 744 14
246	772 965 992 1389
247	1255 341 143 603
248	1128 597 1281 876
249	1104 695 235 557
250	1437 759 967 428
251	1454 33 771 1297
252	164 510 539 178
253	552 1371 897 528
254	80 202 584 797
255	1182 583 1097 1064
256	1177 1150 735 22
257	1016 166 706 705
258	1129 1470 1045 948
259	1115 14 4 912
260	630 1397 218 1121
261	851 84 486 1058
262	17 81 442 287
263	1239 1000 1432 975
264	953 350 177 123
265	1045 371 347 1458
266	1099 280 939 1094
267	1381 965 1215 845
268	166 1173 1002 505
269	1426 1358 1299 1188
270	996 1097 547 1078
271	882 1233 918 1437
272	366 1102 978 1334
273	769 215 298 954
274	72 1039 556 234
275	257 416 1109 1027
276	479 44 80 481
277	800 752 321 938
278	168 801 92 1031
279	522 640 368 937
280	581 570 6 1254
281	989 790 475 844
282	1040 200 647 829
283	757 30 1210 766
284	429 956 987 1298
285	1375 482 502 744
286	872 957 257 1316
287	858 807 474 895
288	755 1322 1473 1064
289	356 407 399 580
290	311 953 100 281
291	1184 611 398 1231
292	1303 1443 807 1401
293	207 347 1136 5
294	1307 908 509 486
295	1139 661 1358 1386
296	1023 577 983 700
297	1367 257 1195 1474
298	7 137 984 1138
299	21 1110 953 645
300	1062 1158 709 780
301	223 571 1368 576
302	221 954 851 19
303	306 181 1073 24
304	452 1257 1190 952
305	267 1302 622 1380
306	244 1257 1135 961
307	717 1465 1079 896
308	1120 369 777 447
309	1301 71 745 689
310	1460 120 428 1493
311	1271 729 1207 1104
312	577 192 788 680
313	1317 592 475 311
314	537 1016 1228 1280
315	1213 1041 992 1100
316	28 344 1313 593
317	442 1471 406 196
318	824 1375 526 785
319	1164 803 1453 135
320	1431 416 741 1220
321	1206 61 1364 658
322	944 1067 295 479
323	169 82 674 416
324	447 624 1091 1467
325	1278 1484 309 286
326	1412 1277 402 800
327	1248 576 1268 15
328	559 1230 616 506
329	682 825 205 523
330	48 85 1366 406
331	376 366 599 699
332	533 1222 525 13
333	878 1338 1162 1247
334	1258 482 1222 1194
335	228 23 1014 205
336	774 178 531 1411
337	474 1431 537 602
338	187 391 1153 379
339	395 991 1209 387
340	993 61 329 1094
341	212 525 59 656
342	595 659 425 1348
343	142 50 720 14
344	968 1119 458 539
345	232 792 409 1374
346	1183 1354 522 335
347	656 539 418 1380
348	95 1379 901 543
349	15 121 65 250
350	987 572 1256 881
351	114 1385 252 263
352	740 660 628 228
353	1255 571 604 332
354	1315 1339 523 382
355	776 376 369 1157
356	1349 1361 190 808
357	810 1413 7 1220
358	84 1074 713 1426
359	1173 471 102 1046
360	78 175 804 1015
361	242 253 928 534
362	297 1432 1200 490
363	842 829 206 891
364	133 1246 1305 1422
365	330 609 1208 687
366	754 258 171 1429
367	437 1113 581 874
368	860 681 651 807
369	328 667 337 1191
370	498 1208 960 1086
371	1415 1490 1116 293
372	998 658 593 1059
373	1098 1354 428 602
374	834 527 421 1218
375	875 636 144 919
376	406 815 469 8
377	1143 192 124 1066
378	1166 788 225 1498
379	416 380 954 412
380	409 460 1430 412
381	823 1257 1329 256
382	1324 1383 1097 1416
383	799 1103 139 349
384	158 35 1366 159
385	919 450 424 1388
386	926 1136 1041 1216
387	437 685 926 189
388	535 1168 254 980
389	1126 1205 148 794
390	767 1237 711 1146
391	704 982 1498 62
392	1156 796 764 53
393	1494 1439 784 567
394	390 1050 395 976
395	869 954 791 1353
396	293 866 1071 961
397	288 246 1442 689
398	960 220 426 352
399	977 258 73 894
400	1395 176 1232 364
401	1410 604 223 128
402	378 84 187 828
403	837 943 973 190
404	898 109 132 165
405	1039 61 314 1391
406	1203 851 990 657
407	443 242 262 971
408	974 1235 1414 1172
409	996 849 1488 1236
410	219 949 1361 803
411	1493 838 38 730
412	1223 1099 628 653
413	681 735 368 179
414	868 820 711 487
415	1062 847 1359 806
416	228 940 1240 51
417	840 1293 653 753
418	112 331 686 1469
419	360 1136 733 920
420	726 914 1002 986
421	265 154 438 899
422	697 298 1403 149
423	869 497 249 968
424	549 1292 65 1065
425	1417 178 581 1199
426	1155 1072 629 942
427	1053 519 521 1231
428	1357 477 93 1391
429	846 1352 476 80
430	243 418 1361 730
431	1171 427 1467 62
432	59 558 8 529
433	647 97 446 957
434	408 888 611 1128
435	140 6 352 450
436	186 1489 366 1070
437	1048 60 379 172
438	1240 1175 100 602
439	247 609 868 1273
440	1380 1362 258 1310
441	659 1299 1047 1477
442	1242 388 422 1424
443	1374 614 922 404
444	501 1114 976 422
445	1199 1205 1493 1151
446	1128 998 623 764
447	1311 87 665 1212
448	758 388 1085 902
449	490 319 1181 734
450	732 1133 21 136
451	1063 1279 676 880
452	139 134 911 1409
453	1289 616 1036 1258
454	1490 236 950 273
455	971 933 1086 836
456	1278 928 309 529
457	983 694 818 671
458	1327 495 997 1367
459	815 800 803 468
460	1287 1337 982 836
461	991 172 1211 101
462	652 325 1184 524
463	953 98 888 163
464	1441 1055 980 32
465	122 488 1326 904
466	1064 556 1409 1116
467	423 36 1465 1096
468	507 399 878 1282
469	1003 156 737 387
470	1196 859 1331 1115
471	322 1406 1494 60
472	330 138 1018 283
473	566 910 505 415
474	569 306 1286 1355
475	118 621 522 505
476	238 1482 1073 1433
477	458 1062 1063 21
478	132 1350 1154 56
479	469 429 491 1338
480	628 471 59 378
481	122 744 1165 499
482	593 384 19 306
483	964 949 1491 397
484	523 1325 1304 1071
485	152 601 1009 834
486	1488 890 1295 572
487	1095 7 746 400
488	1242 260 857 420
489	1369 1013 708 1333
490	112 1399 203 1130
491	661 7 1030 204
492	1067 893 470 341
493	156 81 180 1056
494	995 414 1244 1454
495	152 1381 212 1266
496	1217 318 211 15
497	594 538 1298 1080
498	50 257 789 905
499	507 995 854 45
500	144 940 1354 443
501	720 658 1051 361
502	1108 244 106 592
503	1372 1329 1054 8
504	1442 406 1201 72
505	25 123 949 18
506	1012 1094 1406 1104
507	922 1426 668 837
508	579 1283 281 620
509	1223 1204 1438 300
510	1345 913 1418 209
511	9 725 1135 316
512	538 1202 1256 45
513	297 669 1394 220
514	1220 409 148 493
515	94 399 95 772
516	259 1395 969 95
517	1095 311 165 582
518	670 1429 1076 104
519	969 694 1233 1248
520	1349 484 385 160
521	863 889 352 256
522	1126 87 1182 661
523	194 764 432 687
524	1438 281 594 793
525	77 120 57 1462
526	934 815 852 565
527	1256 58 130 367
528	808 1388 103 1112
529	292 687 1164 1239
530	720 38 1098 869
531	377 666 647 157
532	1294 1215 51 114
533	606 130 628 613
534	798 1044 879 161
535	261 1431 137 69
536	847 1445 319 365
537	721 841 1093 374
538	199 505 220 371
539	425 494 679 958
540	1007 816 1411 851
541	944 788 1054 739
542	1249 1478 173 730
543	1177 801 409 67
544	1420 510 350 698
545	356 930 152 61
546	29 80 41 1004
547	128 27 1460 21
548	910 263 691 1303
549	745 1197 50 103
550	398 1412 177 1011
551	1041 666 860 742
552	977 1221 147 827
553	282 760 1230 293
554	1157 696 1039 288
555	1169 6 908 1107
556	482 431 704 845
557	290 698 922 1227
558	793 940 41 653
559	131 985 928 92
560	653 1230 944 354
561	822 45 745 591
562	117 830 134 1295
563	228 1394 157 970
564	914 1167 1216 691
565	160 579 20 1010
566	3 934 926 374
567	1486 186 1443 44
568	914 474 117 292
569	200 75 591 247
570	780 171 510 1026
571	1096 77 1243 254
572	523 979 179 616
573	576 647 1360 519
574	1231 1351 552 500
575	1284 989 1339 371
576	414 215 475 1411
577	754 638 120 596
578	11 15 79 58
579	16 239 33 871
580	242 877 778 1377
581	1176 437 1153 695
582	1188 132 1255 148
583	842 785 470 464
584	806 620 252 1175
585	958 443 410 1096
586	458 112 1327 1196
587	521 685 616 1106
588	440 1117 1049 82
589	463 1284 2 1235
590	996 954 805 797
591	480 328 274 720
592	269 608 539 485
593	992 285 571 449
594	248 244 1281 898
595	10 1342 925 1216
596	337 602 1312 264
597	185 1020 6 390
598	361 561 1220 1496
599	1493 1487 33 1276
600	487 737 908 13
601	111 710 340 513
602	826 1260 1365 1206
603	1313 697 1331 748
604	744 1183 178 1402
605	391 45 1029 929
606	1265 1443 346 1459
607	499 811 1494 360
608	841 862 482 360
609	79 932 709 261
610	690 332 386 946
611	501 1424 963 353
612	388 1116 868 152
613	914 22 1379 538
614	930 1107 1436 306
615	895 647 72 495
616	61 833 697 781
617	391 1240 345 41
618	1275 677 1396 1440
619	1177 940 498 1320
620	78 931 104 1016
621	1034 443 649 368
622	309 688 987 1183
623	179 1078 922 809
624	83 458 9 248
625	1060 663 541 372
626	227 496 193 479
627	521 651 187 600
628	447 1440 819 1222
629	1066 1321 976 1018
630	340 652 584 1028
631	392 415 592 205
632	868 1007 792 84
633	196 1122 1460 539
634	1335 880 1192 814
635	311 136 1341 60
636	29 663 1434 55
637	630 751 1452 186
638	228 843 1496 223
639	419 505 1044 140
640	430 1490 679 1419
641	649 842 914 732
642	1345 431 1439 909
643	194 1010 52 721
644	426 901 1449 381
645	341 95 1457 233
646	1494 1117 786 882
647	907 1091 1256 258
648	821 968 601 1232
649	946 251 929 983
650	934 1354 497 205
651	942 225 884 725
652	1302 1216 114 134
653	185 1047 145 921
654	549 325 167 535
655	54 494 189 1129
656	1325 135 266 1208
657	1285 134 348 645
658	72 759 964 152
659	451 561 293 790
660	966 64 906 1491
661	1320 1307 353 577
662	537 380 1368 1444
663	503 343 1347 1355
664	616 1443 1325 182
665	1328 284 1220 665
666	1033 939 378 253
667	1230 47 514 1391
668	282 1336 78 1012
669	53 144 1157 414
670	1203 1170 761 307
671	1110 128 183 268
672	1116 989 1000 900
673	1051 898 1231 401
674	304 353 745 370
675	127 71 679 1427
676	177 545 536 470
677	243 1068 860 785
678	526 566 483 1108
679	1323 305 114 1000
680	1321 1450 879 360
681	897 1475 1412 243
682	136 588 450 1045
683	51 1418 410 621
684	962 1426 766 135
685	1389 385 621 594
686	1382 262 826 849
687	927 1211 877 1151
688	832 281 182 482
689	473 958 1398 267
690	1498 31 805 1086
691	930 1011 131 400
692	1260 687 96 765
693	641 1374 512 644
694	1471 218 121 1422
695	405 49 488 321
696	840 452 1198 851
697	1067 1377 959 189
698	172 507 970 663
699	659 563 359 1011
700	248 162 20 42
701	483 825 731 1132
702	267 438 1389 371
703	1162 171 1051 1244
704	834 963 676 1283
705	695 741 1081 1367
706	246 637 8 175
707	790 939 721 115
708	999 623 835 709
709	358 1221 1224 90
710	1246 339 988 293
711	369 433 1168 781
712	1248 883 911 1474
713	472 1426 826 1093
714	756 663 819 118
715	1213 934 939 1116
716	645 491 357 1162
717	1457 1274 476 972
718	1126 968 524 127
719	665 1351 1193 23
720	838 1175 768 1473
721	523 307 1233 931
722	1220 1485 211 1233
723	1074 1252 47 473
724	1132 206 1448 741
725	1443 93 208 178
726	1385 305 761 580
727	982 323 1093 1249
728	3 548 399 725
729	1200 397 505 1353
730	1323 172 343 1152
731	688 905 578 1241
732	807 1001 614 972
733	853 726 243 237
734	797 411 794 444
735	730 663 653 1490
736	318 1085 911 952
737	1354 1230 732 1417
738	1495 684 307 319
739	686 313 476 1100
740	589 322 419 512
741	919 321 773 1420
742	1242 164 219 1050
743	98 690 1283 1456
744	1035 405 1216 97
745	406 237 1403 1238
746	637 61 83 1417
747	659 1331 488 614
748	1473 1167 1470 1039
749	1081 661 803 1010
750	538 1343 569 113
751	222 1129 1173 563
752	777 1101 337 604
753	472 1379 1453 513
754	745 336 1134 68
755	1034 458 770 965
756	119 67 221 855
757	1417 826 991 1007
758	39 298 748 1213
759	970 80 1051 1323
760	708 710 1395 1272
761	294 269 102 1325
762	1176 402 1371 532
763	1453 1494 979 934
764	1272 973 840 929
765	254 1218 1165 988
766	759 464 721 666
767	81 284 287 1339
768	899 461 49 431
769	1218 552 222 1010
770	1316 111 262 186
771	876 369 82 1353
772	1274 308 1403 145
773	1205 226 741 902
774	772 1469 720 535
775	439 965 598 659
776	1160 551 123 697
777	481 775 1 1306
778	390 825 1307 507
779	188 1418 1142 1292
780	401 905 147 2
781	387 744 1309 1017
782	620 78 1190 524
783	693 466 104 1237
784	1075 700 182 1057
785	1045 505 638 53
786	1172 195 656 318
787	540 1333 829 233
788	1288 117 49 16
789	1068 329 131 1307
790	1009 736 1253 1021
791	2 1463 979 747
792	8 742 1296 1022
793	1235 952 827 683
794	337 1403 103 553
795	1179 59 407 967
796	187 822 468 1070
797	982 222 795 992
798	1012 446 925 19
799	1146 1473 1458 1013
800	800 486 748 1114
801	935 834 1277 1264
802	715 115 210 283
803	521 367 1441 485
804	311 1079 609 967
805	1085 994 1290 508
806	554 1244 336 1180
807	745 936 1441 289
808	1443 1109 943 425
809	1079 244 523 1325
810	1189 914 1313 1257
811	1217 1371 483 1094
812	12 702 554 937
813	478 570 739 642
814	410 16 1207 791
815	353 1098 1442 148
816	950 1335 1246 1000
817	202 1258 767 242
818	986 934 1161 700
819	450 222 1481 516
820	36 1472 612 1338
821	765 1367 40 1091
822	484 1398 836 852
823	160 1461 146 735
824	691 1133 531 304
825	784 49 514 1404
826	1121 1477 430 138
827	732 1247 162 718
828	623 266 1231 815
829	1084 316 177 686
830	99 531 336 1061
831	59 538 307 115
832	432 203 654 1006
833	661 1249 238 437
834	732 330 374 972
835	1437 262 1143 235
836	1184 1330 1243 1158
837	1068 1497 438 38
838	1068 899 881 428
839	1335 677 1254 1490
840	344 983 1140 1347
841	224 1300 841 212
842	1067 64 857 1076
843	323 335 1009 708
844	313 467 1162 610
845	482 1151 294 1359
846	780 508 705 284
847	711 1182 1241 518
848	708 447 794 1329
849	681 63 146 903
850	1358 40 1006 656
851	1296 1218 1126 1420
852	1383 370 309 377
853	791 1320 1195 192
854	59 1164 1112 428
855	16 9 1397 1487
856	83 1416 1018 1480
857	116 921 177 342
858	854 1385 260 117
859	665 729 1420 556
860	476 866 501 1087
861	405 349 27 1323
862	1047 1088 1237 1163
863	713 265 27 107
864	193 665 1069 950
865	105 127 478 916
866	242 186 538 1204
867	635 1313 1382 947
868	900 807 565 459
869	845 25 474 1103
870	354 120 315 1467
871	546 1265 514 1143
872	257 1051 1006 180
873	1130 658 715 1256
874	215 1150 1293 149
875	1293 37 56 50
876	1037 375 411 407
877	597 73 1054 1445
878	737 273 707 55
879	552 408 568 1170
880	1037 415 1083 1396
881	1050 309 1323 480
882	939 1476 193 583
883	331 272 236 903
884	1271 32 430 364
885	1386 291 1056 744
886	39 871 426 85
887	682 606 1073 182
888	1347 26 1339 179
889	373 1288 1431 718
890	167 1204 191 461
891	1261 816 1155 1320
892	761 1379 1458 42
893	635 545 1147 1456
894	162 1029 1431 240
895	1298 26 791 798
896	1265 295 625 367
897	79 63 828 1196
898	1248 271 1216 259
899	871 694 1385 1065
900	1286 171 62 400
901	841 898 887 608
902	803 1236 1412 1462
903	778 894 156 342
904	807 1021 328 525
905	250 200 719 1105
906	278 1040 1251 168
907	171 896 718 756
908	933 731 886 563
909	641 1102 1405 1475
910	1212 263 1340 68
911	485 610 1427 520
912	809 917 38 747
913	250 951 1016 17
914	1159 542 40 571
915	576 807 271 761
916	863 21 325 442
917	1295 219 493 673
918	228 175 1024 1003
919	1356 417 1432 953
920	772 162 907 532
921	1205 1347 911 1099
922	794 186 177 518
923	1084 563 64 809
924	413 621 761 803
925	856 116 357 923
926	1329 680 1416 986
927	355 891 166 1326
928	408 740 956 486
929	1040 1030 495 1368
930	679 687 323 971
931	193 1099 827 1105
932	787 855 617 41
933	760 77 280 743
934	958 72 931 795
935	1040 1482 493 886
936	1150 797 1065 1100
937	822 86 1158 1244
938	652 961 807 68
939	303 1131 273 1159
940	69 326 1489 399
941	98 1297 452 798
942	1365 513 14 933
943	1492 371 1184 553
944	875 287 1420 856
945	644 128 1029 1147
946	1023 233 1356 638
947	367 820 1103 107
948	1333 605 81 395
949	815 988 1202 674
950	732 410 1223 945
951	870 1388 573 883
952	579 646 1143 407
953	822 1376 1199 887
954	365 1118 708 743
955	26 879 1486 762
956	81 325 220 1199
957	589 868 1408 331
958	306 129 1055 113
959	1318 236 1045 1147
960	1259 735 368 84
961	143 983 988 1101
962	190 911 353 973
963	986 858 259 151
964	1259 423 686 703
965	1128 770 1301 960
966	810 809 1292 293
967	1496 278 138 258
968	768 331 1015 480
969	914 864 994 1486
970	780 351 1155 761
971	384 370 1101 275
972	624 798 109 56
973	1162 617 1448 22
974	878 7 91 1143
975	473 137 484 310
976	360 1378 1000 859
977	562 267 1178 1074
978	907 600 1109 962
979	900 997 1440 861
980	172 1112 188 888
981	343 1033 133 703
982	1254 1446 1087 490
983	736 354 355 1477
984	709 278 642 641
985	539 843 742 1302
986	710 1183 975 1439
987	849 639 1324 345
988	1424 498 471 1492
989	1340 316 408 539
990	521 595 750 578
991	564 1353 59 1012
992	131 464 1015 215
993	282 973 537 630
994	954 1155 542 422
995	1020 540 24 1331
996	1273 1432 463 202
997	349 542 557 459
998	1097 847 1245 1467
999	517 977 930 110
1000	265 990 992 325
