Students	500
1	15 16 8 18
2	6 15 3 17
3	5 13 6 1
4	1 6 15 11
5	14 20 5 16
6	14 13 6 10
7	18 6 5 9
8	10 5 19 18
9	15 17 1 19
10	15 7 20 13
11	4 9 10 11
12	11 9 14 16
13	12 9 1 20
14	4 14 1 11
15	13 6 15 7
16	16 19 10 8
17	7 2 17 1
18	19 8 10 3
19	15 12 20 14
20	9 10 6 17
21	2 11 1 14
22	15 1 10 2
23	11 8 17 3
24	5 12 4 3
25	6 4 10 3
26	4 14 12 5
27	5 1 8 9
28	4 1 20 19
29	6 14 4 1
30	17 4 10 12
31	12 2 5 15
32	10 11 2 17
33	16 2 17 12
34	5 4 12 2
35	2 17 13 12
36	14 15 10 13
37	8 11 15 3
38	8 5 16 9
39	3 1 7 12
40	2 8 1 7
41	5 8 1 2
42	3 19 1 7
43	18 1 15 8
44	10 5 14 20
45	7 19 20 17
46	20 17 18 9
47	17 9 5 11
48	18 9 5 17
49	4 7 3 2
50	17 19 1 3
51	16 3 17 2
52	9 15 13 20
53	16 1 10 19
54	2 19 9 18
55	3 8 19 9
56	20 7 13 17
57	7 20 6 8
58	6 15 8 18
59	12 14 4 13
60	3 20 4 16
61	1 7 5 14
62	15 11 6 7
63	4 17 1 14
64	13 7 1 14
65	17 8 6 9
66	17 19 15 2
67	6 8 2 13
68	15 7 2 9
69	4 11 1 5
70	5 3 16 19
71	9 8 12 18
72	6 10 8 17
73	7 1 19 3
74	4 8 7 12
75	19 2 16 6
76	7 2 13 3
77	15 14 13 19
78	8 18 5 14
79	20 18 8 13
80	1 11 5 6
81	17 2 9 16
82	20 16 15 3
83	17 19 5 4
84	11 9 20 17
85	16 1 20 2
86	1 17 10 20
87	5 14 16 17
88	8 18 6 4
89	20 11 1 17
90	9 4 12 17
91	7 4 9 1
92	5 12 3 4
93	12 8 9 19
94	20 4 6 11
95	2 17 20 14
96	10 6 17 12
97	3 18 12 4
98	16 13 14 3
99	15 2 8 11
100	20 9 1 14
101	4 9 5 3
102	4 14 15 13
103	8 7 11 5
104	19 17 18 4
105	10 12 14 15
106	2 20 17 4
107	5 4 13 9
108	12 5 15 7
109	8 14 13 20
110	4 11 5 3
111	8 3 12 14
112	15 10 14 8
113	11 2 9 7
114	4 14 16 15
115	13 5 4 3
116	13 4 17 3
117	3 11 9 12
118	8 13 14 19
119	7 9 17 8
120	7 5 15 16
121	7 19 9 17
122	11 1 13 10
123	4 7 8 3
124	13 7 14 15
125	9 12 4 15
126	10 2 5 19
127	10 5 12 20
128	7 9 11 14
129	14 17 16 9
130	1 16 15 11
131	9 12 3 16
132	18 10 6 7
133	11 17 18 1
134	18 6 15 2
135	8 5 18 14
136	9 10 3 11
137	9 7 3 10
138	14 4 18 6
139	13 11 5 19
140	13 18 11 16
141	14 17 20 3
142	9 7 4 10
143	11 5 10 17
144	4 17 19 8
145	6 5 12 19
146	10 14 16 15
147	6 17 20 15
148	19 6 7 9
149	19 3 11 16
150	1 19 20 6
151	3 15 9 6
152	12 6 20 3
153	11 7 1 16
154	6 20 1 16
155	14 6 1 18
156	15 13 18 1
157	16 7 19 14
158	11 1 18 8
159	12 5 8 20
160	20 9 10 12
161	8 1 5 6
162	9 10 14 13
163	19 1 15 9
164	6 7 11 19
165	2 17 14 3
166	9 11 14 4
167	14 6 9 18
168	5 14 6 4
169	16 6 9 11
170	12 16 7 11
171	17 14 20 13
172	17 5 19 16
173	13 17 20 2
174	7 12 10 4
175	15 16 17 7
176	12 1 4 19
177	15 2 14 7
178	6 18 17 9
179	20 11 18 12
180	9 17 4 15
181	19 15 3 13
182	13 10 15 6
183	15 1 18 10
184	19 1 10 6
185	19 12 14 1
186	20 1 9 8
187	19 17 8 15
188	10 13 7 15
189	8 2 16 17
190	2 19 8 9
191	19 11 12 4
192	15 2 13 16
193	17 8 16 12
194	1 4 14 10
195	14 5 20 2
196	12 17 18 13
197	19 13 14 7
198	6 19 17 12
199	6 19 10 9
200	5 16 9 17
201	13 12 5 7
202	1 10 20 19
203	16 7 13 6
204	12 8 18 17
205	9 1 18 20
206	10 1 16 7
207	13 12 5 2
208	1 2 7 12
209	15 7 4 3
210	7 14 12 2
211	13 11 16 5
212	15 16 1 13
213	18 19 12 9
214	1 20 9 16
215	17 11 4 13
216	20 8 13 17
217	7 4 13 10
218	17 12 16 2
219	1 19 8 2
220	19 6 13 3
221	2 12 7 10
222	8 19 10 9
223	5 2 6 12
224	17 2 15 16
225	8 17 3 18
226	10 20 1 7
227	2 16 17 8
228	14 5 10 15
229	10 17 20 3
230	13 8 14 5
231	20 11 14 15
232	12 2 1 4
233	12 11 8 5
234	17 6 4 14
235	10 2 14 6
236	12 9 6 16
237	7 12 11 13
238	18 12 6 4
239	15 6 13 3
240	1 2 10 13
241	14 9 6 20
242	2 7 3 5
243	12 6 9 11
244	12 16 5 17
245	20 10 3 17
246	9 1 13 20
247	18 17 8 1
248	12 19 14 5
249	3 14 13 6
250	3 12 6 11
251	7 8 1 10
252	14 4 20 10
253	10 4 16 6
254	19 1 13 10
255	11 10 6 12
256	11 20 6 18
257	18 4 16 19
258	15 13 5 2
259	20 7 4 18
260	17 9 1 3
261	4 12 13 9
262	7 4 12 3
263	2 3 8 16
264	15 20 8 2
265	10 16 11 5
266	3 13 14 1
267	9 7 15 20
268	18 9 12 4
269	9 3 7 18
270	9 12 16 19
271	17 14 1 12
272	15 3 4 10
273	11 3 2 4
274	3 17 7 8
275	15 2 18 19
276	7 14 2 17
277	8 11 6 17
278	8 9 16 7
279	14 10 15 13
280	16 8 10 7
281	5 16 8 14
282	13 2 5 3
283	15 4 14 2
284	10 20 3 11
285	12 1 14 17
286	13 4 14 17
287	20 15 16 11
288	4 1 19 13
289	16 10 13 11
290	16 2 8 3
291	6 18 8 3
292	18 14 9 6
293	15 12 11 20
294	16 14 7 20
295	14 15 20 6
296	18 6 19 16
297	7 5 12 1
298	6 1 17 3
299	8 6 17 10
300	8 9 17 10
301	12 19 4 10
302	2 11 9 1
303	1 3 11 2
304	8 9 15 7
305	12 17 19 10
306	13 19 8 1
307	18 16 3 17
308	3 9 13 12
309	2 1 13 18
310	13 9 20 14
311	3 15 18 1
312	18 7 5 12
313	8 6 18 4
314	18 2 7 5
315	14 13 9 4
316	7 13 15 2
317	14 10 9 11
318	1 12 19 13
319	15 3 18 13
320	2 17 7 12
321	12 16 17 5
322	13 14 5 20
323	11 8 12 10
324	10 1 15 3
325	8 18 20 1
326	19 12 1 11
327	10 17 19 4
328	9 10 6 20
329	15 11 9 2
330	12 17 3 6
331	2 12 19 13
332	7 17 12 19
333	13 5 10 3
334	12 15 2 20
335	14 12 20 10
336	2 9 16 1
337	18 13 16 4
338	8 7 14 3
339	3 14 13 7
340	16 19 17 5
341	4 6 12 9
342	15 14 12 3
343	20 1 9 10
344	12 10 15 6
345	1 5 20 7
346	4 17 6 15
347	19 17 18 8
348	8 10 4 20
349	10 9 5 7
350	1 19 6 5
351	1 12 8 13
352	11 5 15 10
353	20 14 16 4
354	2 10 15 9
355	15 6 1 2
356	16 18 10 6
357	11 15 14 12
358	6 5 7 1
359	19 5 15 2
360	4 19 14 12
361	20 13 17 7
362	8 17 11 18
363	14 16 17 18
364	9 3 4 5
365	16 2 1 4
366	1 4 11 9
367	3 14 4 18
368	5 4 20 9
369	2 11 7 19
370	17 11 8 1
371	4 9 20 3
372	16 14 4 9
373	19 3 17 10
374	2 8 14 19
375	8 14 18 11
376	19 4 8 6
377	8 6 16 20
378	5 16 6 2
379	7 1 5 11
380	11 3 9 4
381	18 19 2 5
382	12 8 9 5
383	7 3 9 19
384	6 4 5 14
385	6 13 20 4
386	17 7 11 14
387	9 11 1 2
388	3 15 11 9
389	13 18 6 14
390	3 17 4 1
391	6 11 2 16
392	3 7 9 6
393	2 15 20 19
394	14 12 17 18
395	2 20 7 17
396	9 8 19 2
397	5 20 3 1
398	2 8 6 1
399	8 1 4 15
400	2 8 4 20
401	16 7 1 20
402	7 20 11 18
403	15 16 14 1
404	20 2 9 16
405	14 4 5 11
406	18 9 2 8
407	4 17 20 11
408	11 2 12 5
409	20 1 6 4
410	13 1 2 11
411	19 15 5 18
412	12 6 13 19
413	17 16 20 14
414	20 19 10 16
415	13 19 11 4
416	15 6 5 12
417	12 7 13 8
418	20 1 15 8
419	5 19 10 14
420	6 2 16 9
421	7 4 18 19
422	4 18 20 17
423	12 14 18 16
424	4 5 8 11
425	4 10 13 8
426	9 8 18 20
427	13 7 15 9
428	4 12 19 13
429	8 7 20 3
430	17 14 6 16
431	5 10 17 20
432	9 4 18 8
433	10 11 19 18
434	6 10 11 15
435	1 18 16 9
436	12 13 17 18
437	19 15 2 12
438	11 17 14 9
439	17 13 7 8
440	9 2 4 12
441	14 1 15 3
442	15 2 20 12
443	9 15 10 4
444	5 2 8 19
445	15 18 10 20
446	17 14 16 15
447	17 9 2 6
448	1 8 2 10
449	14 6 3 15
450	11 5 1 14
451	15 11 17 19
452	20 13 1 3
453	19 17 11 1
454	1 19 20 11
455	7 11 12 16
456	12 17 1 19
457	4 18 13 14
458	18 17 4 14
459	4 9 11 8
460	5 4 12 8
461	5 13 1 17
462	20 5 15 8
463	15 9 18 16
464	11 13 9 16
465	15 8 7 18
466	7 6 8 10
467	8 9 6 19
468	10 11 17 15
469	7 5 4 13
470	7 18 13 15
471	19 18 6 13
472	17 2 4 18
473	10 5 2 20
474	13 5 11 10
475	7 6 17 19
476	16 15 17 1
477	12 11 17 4
478	13 7 17 9
479	13 7 4 14
480	6 3 20 13
481	6 5 4 11
482	17 9 1 2
483	9 18 2 15
484	9 16 6 15
485	4 20 5 2
486	17 2 13 9
487	10 5 15 19
488	14 15 10 12
489	14 13 2 19
490	19 20 12 1
491	19 18 3 6
492	3 11 7 1
493	13 9 4 5
494	17 2 18 7
495	13 12 19 10
496	15 14 19 1
497	11 7 12 10
498	15 8 19 7
499	10 17 3 8
500	17 5 11 12
Students	500
1	6 18 16 10
2	20 6 14 19
3	9 7 13 14
4	8 20 3 15
5	6 8 17 13
6	18 8 11 1
7	16 5 17 14
8	20 11 2 17
9	11 1 14 5
10	20 1 10 5
11	12 20 16 18
12	19 15 13 17
13	3 6 19 2
14	10 7 1 15
15	1 3 9 10
16	1 4 2 10
17	17 9 18 13
18	5 2 6 18
19	11 8 1 3
20	8 9 16 13
21	10 15 3 20
22	20 1 17 11
23	2 9 20 8
24	20 13 12 17
25	20 18 7 16
26	6 11 8 13
27	2 18 9 17
28	16 8 12 20
29	13 15 18 1
30	6 4 5 9
31	14 3 19 20
32	5 17 10 9
33	6 17 4 3
34	5 20 4 14
35	15 11 10 19
36	3 9 14 13
37	15 3 17 8
38	13 2 19 14
39	5 14 2 15
40	14 5 16 13
41	10 15 17 16
42	10 17 5 1
43	3 11 4 15
44	12 1 6 9
45	6 12 16 15
46	16 2 10 6
47	9 15 4 20
48	12 10 5 7
49	17 7 10 11
50	8 3 19 11
51	19 15 7 20
52	6 11 14 17
53	20 8 17 5
54	16 13 20 5
55	15 17 1 9
56	16 14 7 5
57	8 16 13 6
58	16 1 15 14
59	17 19 20 11
60	9 5 16 3
61	5 4 15 10
62	13 20 6 11
63	8 19 14 1
64	13 1 12 9
65	6 7 1 11
66	2 20 8 5
67	15 9 4 2
68	12 14 8 18
69	12 14 10 1
70	20 8 3 10
71	11 2 12 10
72	10 14 1 9
73	13 20 8 12
74	14 7 12 18
75	16 12 2 7
76	5 1 18 16
77	15 4 12 19
78	14 4 2 16
79	7 17 5 15
80	13 2 1 4
81	8 9 19 12
82	6 12 15 20
83	12 8 11 4
84	8 1 10 17
85	2 9 15 17
86	9 4 19 14
87	18 5 13 16
88	7 14 15 4
89	2 14 10 15
90	14 13 19 7
91	20 11 7 2
92	19 16 14 1
93	9 2 18 10
94	10 18 9 5
95	15 19 11 14
96	14 7 18 19
97	6 5 10 16
98	16 8 6 9
99	19 13 17 11
100	8 19 10 3
101	11 9 15 13
102	7 8 9 17
103	2 13 1 9
104	11 18 12 17
105	3 15 7 12
106	7 16 8 11
107	10 3 14 7
108	2 20 12 5
109	20 16 9 17
110	12 15 6 13
111	6 15 20 13
112	10 15 3 19
113	4 9 15 3
114	15 11 5 18
115	12 15 3 4
116	20 7 16 9
117	11 18 19 9
118	15 6 20 7
119	20 1 10 11
120	1 16 14 4
121	4 11 20 18
122	16 6 3 20
123	10 1 2 18
124	16 6 3 2
125	7 5 1 8
126	5 9 15 11
127	8 15 13 18
128	2 3 20 1
129	3 1 16 11
130	20 10 4 13
131	4 20 2 12
132	2 6 4 11
133	15 1 5 19
134	13 3 14 20
135	20 4 15 2
136	17 6 18 13
137	12 2 5 8
138	9 16 17 2
139	10 14 16 4
140	7 3 8 10
141	9 14 17 16
142	14 12 1 18
143	5 19 12 3
144	12 4 17 15
145	11 6 8 9
146	16 18 14 4
147	8 1 17 15
148	8 4 15 16
149	19 8 5 12
150	14 19 10 3
151	18 6 1 5
152	5 12 9 2
153	18 16 17 6
154	3 20 16 13
155	12 11 15 3
156	1 14 20 4
157	3 11 4 15
158	8 13 17 16
159	17 20 4 12
160	4 17 7 19
161	17 1 13 5
162	20 5 3 10
163	11 18 2 6
164	5 6 11 17
165	2 10 4 6
166	6 18 19 17
167	18 8 3 11
168	6 9 4 17
169	10 12 15 1
170	8 6 4 2
171	6 9 12 13
172	5 18 12 8
173	10 20 6 18
174	3 11 4 6
175	20 16 7 9
176	15 9 1 6
177	13 10 9 16
178	6 4 9 20
179	11 15 19 14
180	19 12 4 1
181	6 10 19 17
182	15 17 19 1
183	3 20 10 4
184	20 12 6 11
185	1 20 18 6
186	4 17 12 7
187	6 14 18 11
188	8 13 17 10
189	5 9 14 15
190	1 2 12 8
191	12 18 14 17
192	19 20 15 13
193	19 17 6 5
194	15 13 1 12
195	7 11 19 14
196	4 7 6 18
197	9 18 10 8
198	5 17 4 11
199	4 16 10 15
200	17 4 16 2
201	10 7 15 11
202	11 12 10 19
203	16 1 6 13
204	12 7 11 18
205	3 8 5 14
206	5 8 10 7
207	9 13 18 2
208	19 9 6 10
209	13 16 14 15
210	18 6 3 2
211	19 15 17 7
212	1 10 7 5
213	14 18 10 6
214	11 5 20 2
215	6 19 12 8
216	10 9 14 19
217	20 9 13 10
218	19 13 11 2
219	1 2 3 13
220	17 5 10 12
221	10 15 19 12
222	11 17 7 10
223	12 3 14 9
224	15 14 12 7
225	9 5 13 17
226	1 12 7 2
227	8 4 20 3
228	15 4 16 19
229	6 16 14 17
230	19 8 12 7
231	1 2 8 19
232	4 16 18 2
233	16 17 8 7
234	3 17 8 19
235	9 3 19 20
236	6 20 15 19
237	6 17 2 1
238	19 10 18 15
239	5 12 8 18
240	7 1 6 14
241	14 20 7 10
242	13 14 19 11
243	8 7 11 9
244	19 12 4 2
245	18 3 14 20
246	20 3 13 8
247	6 8 14 17
248	8 9 6 18
249	2 14 17 19
250	1 7 9 8
251	17 20 12 10
252	2 13 14 18
253	11 5 3 15
254	2 6 7 18
255	15 10 17 9
256	5 12 11 18
257	6 12 5 1
258	1 20 13 9
259	17 11 14 3
260	20 1 4 14
261	10 15 16 9
262	7 16 9 5
263	14 15 12 19
264	4 19 15 8
265	1 7 8 20
266	10 8 1 4
267	2 14 16 18
268	11 3 10 14
269	13 3 18 8
270	3 12 19 5
271	14 8 4 2
272	4 15 3 17
273	15 12 9 14
274	9 19 6 5
275	11 8 12 18
276	9 2 4 8
277	16 11 15 5
278	4 10 3 13
279	13 10 17 11
280	19 17 2 5
281	19 18 4 9
282	2 12 19 3
283	2 3 15 5
284	17 7 4 5
285	6 10 2 7
286	8 11 9 10
287	4 1 7 15
288	13 11 17 9
289	1 15 16 11
290	17 3 20 16
291	6 9 14 13
292	15 5 18 4
293	13 3 8 6
294	1 7 16 17
295	17 11 12 3
296	9 5 17 6
297	14 3 7 16
298	7 12 8 1
299	15 17 2 6
300	17 1 11 5
301	18 17 2 3
302	4 11 16 13
303	11 17 14 3
304	3 14 20 15
305	17 14 15 3
306	18 7 12 2
307	12 3 8 4
308	20 19 9 6
309	1 13 5 2
310	11 3 14 2
311	2 18 17 4
312	15 1 14 13
313	14 8 15 4
314	19 7 12 1
315	13 3 10 17
316	1 10 15 12
317	5 19 15 3
318	3 9 14 5
319	9 17 3 4
320	5 16 19 9
321	17 6 4 7
322	19 4 14 9
323	16 8 10 7
324	13 15 20 7
325	8 2 18 16
326	1 5 11 19
327	11 13 8 2
328	13 19 2 14
329	11 1 8 19
330	5 12 19 17
331	12 1 20 14
332	7 3 10 17
333	14 3 5 8
334	6 19 8 10
335	2 3 7 9
336	20 14 4 3
337	2 8 20 11
338	16 6 20 8
339	18 12 10 14
340	11 9 15 3
341	14 16 4 2
342	6 3 8 11
343	20 5 13 1
344	2 1 20 10
345	14 2 17 4
346	5 4 7 14
347	7 10 1 3
348	12 9 4 14
349	14 2 18 16
350	2 4 11 3
351	1 10 19 11
352	19 4 13 1
353	10 15 11 16
354	20 11 8 9
355	3 17 19 12
356	19 7 9 18
357	10 3 11 5
358	16 11 8 2
359	12 5 6 13
360	8 16 6 13
361	8 4 1 9
362	6 3 4 13
363	7 10 2 11
364	15 8 14 9
365	11 17 20 5
366	17 6 4 2
367	10 4 16 3
368	16 14 11 19
369	3 14 12 6
370	4 8 7 13
371	14 9 1 8
372	4 12 10 19
373	15 5 11 17
374	7 15 20 16
375	7 10 12 1
376	6 13 10 9
377	1 17 20 10
378	5 11 2 20
379	9 8 19 6
380	15 19 9 17
381	2 12 11 3
382	12 17 10 1
383	19 2 17 8
384	1 8 2 3
385	16 12 6 4
386	15 16 9 7
387	13 6 1 17
388	11 18 16 15
389	14 16 2 9
390	10 4 6 2
391	9 17 20 4
392	10 4 16 1
393	13 17 18 8
394	20 1 5 14
395	15 17 16 19
396	19 16 18 5
397	19 11 1 15
398	17 8 12 11
399	9 10 16 13
400	6 9 1 7
401	2 17 7 20
402	4 17 6 7
403	3 18 11 8
404	6 10 15 1
405	3 20 16 4
406	4 18 6 7
407	6 10 18 3
408	2 7 16 1
409	12 13 11 2
410	1 11 16 10
411	1 10 6 14
412	7 9 3 2
413	10 5 17 20
414	20 5 9 18
415	14 8 19 9
416	15 2 18 6
417	5 19 2 8
418	13 1 10 9
419	4 1 12 17
420	19 20 18 10
421	17 18 8 11
422	10 1 7 11
423	15 18 3 8
424	13 20 19 17
425	5 15 2 16
426	3 19 8 1
427	14 7 11 16
428	20 16 19 11
429	13 17 15 6
430	13 19 8 16
431	5 9 8 2
432	6 18 14 11
433	11 9 6 1
434	13 10 16 6
435	2 10 8 20
436	14 11 2 16
437	16 19 4 3
438	13 17 11 7
439	1 13 2 3
440	4 7 6 2
441	9 20 15 14
442	7 10 2 14
443	19 13 4 6
444	17 1 9 3
445	2 13 6 20
446	5 7 15 6
447	11 12 3 13
448	3 12 15 10
449	3 18 19 16
450	16 12 14 9
451	9 13 14 5
452	15 16 11 17
453	5 4 20 11
454	20 12 4 3
455	15 6 5 7
456	5 3 18 10
457	1 19 14 9
458	2 15 17 10
459	17 10 7 2
460	20 2 19 17
461	12 20 10 2
462	15 1 5 11
463	20 8 19 4
464	8 11 6 20
465	12 13 19 11
466	8 4 11 2
467	8 18 11 10
468	12 8 3 14
469	3 20 11 12
470	1 20 9 17
471	13 12 5 6
472	2 3 5 15
473	13 3 15 10
474	17 10 14 9
475	1 13 7 15
476	17 18 14 6
477	13 19 15 20
478	16 14 9 8
479	16 17 11 5
480	13 11 10 6
481	5 3 19 17
482	4 3 18 17
483	8 6 5 15
484	18 15 7 5
485	13 14 17 5
486	4 3 16 17
487	2 12 15 3
488	14 8 2 3
489	7 8 9 5
490	19 11 15 4
491	17 6 4 3
492	7 17 16 6
493	16 13 20 19
494	14 17 15 13
495	12 11 3 17
496	3 8 18 12
497	13 14 4 8
498	4 3 20 16
499	11 10 18 12
500	7 8 15 2
Students	500
1	11 5 20 17
2	1 11 10 9
3	3 14 8 11
4	18 15 10 3
5	5 13 15 6
6	5 20 18 11
7	5 16 20 8
8	2 15 14 3
9	8 12 9 6
10	8 11 20 5
11	18 8 6 9
12	1 15 3 9
13	10 17 18 13
14	8 4 10 7
15	17 10 11 14
16	20 14 13 19
17	12 8 13 7
18	1 17 8 18
19	1 18 20 5
20	9 16 3 8
21	18 8 6 2
22	17 4 15 6
23	15 3 5 17
24	3 15 1 8
25	16 6 3 11
26	20 18 16 19
27	10 8 2 16
28	20 17 18 19
29	16 15 2 19
30	9 15 12 13
31	1 13 9 7
32	15 20 4 2
33	15 2 7 3
34	16 9 12 2
35	20 2 6 5
36	9 6 2 7
37	20 19 13 7
38	17 14 7 20
39	13 15 1 5
40	13 18 4 16
41	19 14 6 17
42	5 16 18 17
43	8 15 18 6
44	2 10 20 1
45	2 15 12 16
46	12 15 11 3
47	6 8 19 13
48	5 9 3 6
49	10 13 16 20
50	12 19 3 10
51	6 17 8 13
52	5 10 2 9
53	7 14 12 19
54	6 5 1 16
55	7 1 8 12
56	11 10 9 13
57	8 19 16 12
58	18 3 16 6
59	12 1 14 19
60	18 4 8 15
61	17 19 16 1
62	17 13 5 16
63	14 19 18 17
64	3 11 18 1
65	3 12 2 4
66	13 1 4 10
67	9 11 4 10
68	11 1 20 16
69	10 20 12 6
70	18 19 4 8
71	2 16 7 20
72	17 9 8 15
73	3 17 5 12
74	7 11 19 17
75	16 19 2 18
76	4 18 11 2
77	14 13 20 11
78	2 13 12 4
79	7 8 1 12
80	19 4 5 20
81	20 8 13 1
82	4 11 2 14
83	7 9 4 13
84	15 7 1 17
85	7 18 2 5
86	2 19 8 4
87	14 13 16 8
88	4 7 14 18
89	11 20 6 14
90	2 19 17 9
91	3 14 7 1
92	10 18 19 9
93	14 17 13 7
94	2 4 13 16
95	16 6 17 12
96	7 9 4 1
97	1 2 5 14
98	6 18 2 1
99	19 14 18 6
100	16 1 4 12
101	19 7 1 14
102	15 2 1 18
103	17 14 18 3
104	3 2 12 8
105	13 4 5 12
106	4 6 7 17
107	14 15 13 8
108	16 3 19 8
109	10 16 9 7
110	8 15 3 14
111	16 20 13 9
112	18 10 11 19
113	15 4 12 11
114	15 20 9 12
115	5 7 11 18
116	9 8 1 11
117	20 8 14 9
118	15 7 6 12
119	14 8 9 5
120	9 8 7 20
121	14 10 6 11
122	19 4 5 1
123	3 2 14 12
124	19 4 15 11
125	18 6 3 20
126	14 12 15 1
127	15 1 8 14
128	12 2 8 16
129	13 19 3 15
130	4 18 13 17
131	20 14 9 6
132	16 13 3 15
133	2 11 6 13
134	20 5 8 11
135	20 19 15 17
136	20 4 16 13
137	10 3 1 9
138	1 20 3 2
139	5 11 15 10
140	11 2 20 3
141	7 3 6 5
142	1 7 11 19
143	20 8 5 16
144	7 2 20 4
145	20 2 1 17
146	14 12 8 16
147	15 2 10 19
148	4 10 7 9
149	1 19 13 11
150	17 9 16 20
151	11 5 1 2
152	1 13 6 16
153	12 4 16 13
154	1 7 12 10
155	4 12 18 5
156	10 14 13 8
157	4 11 7 15
158	4 10 17 15
159	19 2 1 20
160	10 9 4 18
161	8 12 20 4
162	12 5 7 20
163	10 11 18 3
164	15 12 16 8
165	3 15 9 16
166	2 7 4 5
167	13 3 11 10
168	4 2 6 16
169	18 20 5 2
170	6 3 14 17
171	12 17 6 4
172	7 6 16 15
173	10 20 8 4
174	17 19 14 10
175	16 12 3 17
176	13 3 11 19
177	1 19 17 14
178	16 14 1 18
179	10 13 14 7
180	14 13 9 12
181	15 17 19 2
182	18 6 10 5
183	6 1 11 5
184	18 16 2 4
185	2 15 1 8
186	8 18 10 17
187	10 15 7 12
188	1 6 14 16
189	1 15 4 14
190	5 19 12 11
191	6 19 4 7
192	14 7 13 16
193	1 4 14 12
194	13 1 16 18
195	8 18 7 12
196	11 13 10 3
197	16 20 1 2
198	14 18 19 16
199	20 8 6 11
200	6 10 4 13
201	1 15 20 3
202	16 13 15 3
203	17 3 12 15
204	10 16 12 14
205	19 7 3 4
206	11 4 1 10
207	4 15 7 12
208	8 2 14 5
209	2 10 15 1
210	20 11 8 15
211	2 12 17 19
212	9 19 12 15
213	20 16 19 10
214	8 15 2 7
215	7 8 3 16
216	14 6 9 13
217	2 13 18 9
218	13 12 1 9
219	1 20 7 16
220	12 7 9 10
221	1 16 7 13
222	1 13 20 9
223	3 14 7 4
224	10 9 1 18
225	6 1 5 20
226	3 10 11 8
227	18 13 8 9
228	12 17 18 15
229	17 14 6 20
230	2 3 8 4
231	17 16 11 14
232	1 18 16 4
233	14 2 16 1
234	10 11 19 17
235	9 8 14 20
236	10 5 12 2
237	8 19 3 15
238	19 12 20 17
239	4 7 17 2
240	1 3 14 8
241	10 4 8 7
242	11 7 5 20
243	17 14 5 13
244	9 1 3 6
245	15 10 17 5
246	17 1 13 20
247	6 3 12 1
248	2 3 18 16
249	10 9 11 6
250	3 7 19 20
251	20 1 13 8
252	7 3 10 14
253	1 20 10 18
254	8 13 14 20
255	11 20 8 4
256	4 2 8 7
257	19 11 14 15
258	16 20 8 14
259	16 11 10 2
260	10 5 9 6
261	13 12 5 9
262	13 17 5 3
263	4 18 1 11
264	13 10 16 17
265	7 10 1 13
266	3 10 17 5
267	3 2 13 18
268	12 7 5 2
269	18 12 17 4
270	7 19 3 9
271	11 16 5 13
272	15 17 20 9
273	15 6 17 13
274	11 14 6 13
275	18 1 17 20
276	14 6 17 7
277	17 14 11 16
278	1 15 8 19
279	12 17 6 7
280	3 6 1 2
281	5 7 14 4
282	17 11 1 14
283	3 17 8 18
284	13 1 2 7
285	18 13 11 1
286	12 17 16 4
287	7 13 8 20
288	17 12 7 5
289	7 9 11 16
290	12 17 9 3
291	10 11 13 8
292	4 18 12 11
293	12 19 10 3
294	11 2 9 12
295	16 5 12 6
296	13 18 12 11
297	8 18 20 14
298	15 18 11 7
299	1 14 17 4
300	2 3 11 20
301	6 19 1 9
302	19 9 5 2
303	19 3 10 5
304	13 5 11 7
305	2 7 17 13
306	10 17 3 16
307	5 4 13 14
308	13 17 11 12
309	4 3 12 2
310	7 2 13 6
311	9 18 5 2
312	3 14 4 8
313	5 10 7 17
314	1 3 4 5
315	20 19 8 11
316	12 9 7 8
317	18 7 10 20
318	17 6 13 3
319	4 16 7 5
320	6 11 5 10
321	12 15 8 5
322	11 15 1 9
323	9 2 20 1
324	11 1 13 10
325	20 8 15 13
326	20 10 16 9
327	11 2 8 9
328	14 12 19 2
329	3 9 14 19
330	17 20 11 12
331	6 3 18 7
332	11 20 8 1
333	9 20 4 1
334	17 14 5 9
335	8 18 12 15
336	10 13 1 12
337	8 13 2 6
338	20 14 10 12
339	2 20 4 13
340	20 18 8 2
341	3 4 12 7
342	15 12 10 4
343	19 14 7 10
344	6 13 10 8
345	6 2 18 5
346	4 13 15 9
347	7 2 4 3
348	19 14 4 16
349	10 19 9 17
350	5 9 7 11
351	18 8 6 16
352	4 15 5 7
353	4 14 7 12
354	13 10 17 6
355	7 18 14 10
356	7 18 20 15
357	14 4 12 17
358	5 1 9 8
359	14 1 15 8
360	13 12 18 19
361	2 14 13 9
362	5 16 1 17
363	11 10 17 16
364	5 10 20 14
365	4 20 16 8
366	5 18 2 12
367	6 16 1 20
368	15 17 5 9
369	8 18 10 1
370	3 12 20 14
371	15 3 14 4
372	2 10 15 1
373	19 9 12 15
374	8 18 14 19
375	10 14 11 9
376	19 16 13 12
377	5 14 18 1
378	13 20 2 4
379	8 20 11 9
380	11 20 9 6
381	10 11 3 19
382	3 5 9 13
383	4 18 3 19
384	8 10 13 6
385	12 9 10 18
386	15 19 11 6
387	19 11 9 5
388	11 6 15 7
389	5 6 12 17
390	18 3 2 17
391	9 10 3 17
392	13 3 20 9
393	5 9 6 20
394	7 17 20 5
395	3 7 9 16
396	9 8 16 20
397	13 5 7 14
398	9 14 2 11
399	1 12 16 3
400	19 12 10 18
401	1 18 9 4
402	10 18 17 16
403	15 10 6 4
404	13 12 4 1
405	18 3 10 5
406	12 3 20 15
407	11 7 8 9
408	16 12 8 6
409	1 16 5 6
410	2 18 9 10
411	6 3 14 7
412	17 3 10 19
413	20 14 16 17
414	4 20 9 5
415	10 5 16 11
416	17 9 4 12
417	4 11 7 13
418	13 12 1 5
419	3 14 15 20
420	6 9 8 1
421	11 15 2 1
422	10 5 14 16
423	5 9 14 16
424	9 3 6 12
425	4 2 1 19
426	6 14 7 11
427	7 14 15 2
428	5 6 9 17
429	17 16 5 4
430	7 4 2 8
431	10 4 7 20
432	6 17 19 10
433	5 14 6 8
434	15 8 6 2
435	4 17 8 15
436	14 9 16 7
437	18 7 19 3
438	19 10 12 11
439	20 8 7 9
440	15 2 14 1
441	11 9 16 4
442	16 15 14 6
443	3 20 16 5
444	14 2 16 17
445	2 3 11 4
446	18 6 4 16
447	11 2 16 6
448	14 3 12 7
449	4 13 7 20
450	18 20 12 9
451	11 18 15 13
452	8 7 15 16
453	4 2 20 17
454	3 20 4 5
455	8 4 11 2
456	17 7 5 12
457	13 18 19 11
458	19 16 11 18
459	7 9 5 3
460	2 8 18 12
461	6 17 16 4
462	2 14 15 10
463	5 11 17 10
464	1 20 16 8
465	6 17 15 5
466	6 9 4 15
467	11 12 8 20
468	6 16 10 18
469	15 3 13 9
470	6 4 17 7
471	13 3 17 4
472	10 7 18 17
473	2 14 1 8
474	2 20 1 15
475	12 15 19 16
476	17 5 6 4
477	14 9 16 4
478	1 7 9 11
479	15 1 18 10
480	20 19 4 8
481	20 1 16 12
482	6 16 4 18
483	6 14 1 7
484	15 19 12 4
485	2 7 11 18
486	4 15 7 19
487	17 3 18 20
488	16 4 17 15
489	20 7 19 2
490	14 7 15 1
491	18 19 2 8
492	8 3 14 5
493	7 13 4 8
494	2 9 4 5
495	9 8 13 10
496	15 1 9 12
497	4 3 14 18
498	11 20 9 13
499	12 19 11 10
500	10 13 18 2
Students	500
1	8 1 13 14
2	3 2 1 20
3	6 15 12 2
4	13 16 5 15
5	13 5 8 3
6	19 14 3 5
7	4 5 6 9
8	20 7 1 13
9	8 11 5 1
10	3 16 2 11
11	18 20 19 1
12	13 19 17 18
13	10 6 16 2
14	16 17 8 4
15	15 16 7 8
16	10 15 17 9
17	9 8 16 20
18	15 2 3 17
19	4 15 10 8
20	20 13 12 3
21	6 8 18 13
22	17 20 13 1
23	9 7 15 3
24	14 6 12 7
25	14 13 4 15
26	8 11 5 10
27	3 14 8 11
28	9 3 10 5
29	16 15 9 19
30	16 14 13 15
31	11 8 6 5
32	17 3 1 10
33	11 4 3 17
34	12 10 6 2
35	5 2 18 7
36	3 10 20 1
37	8 15 16 14
38	4 9 11 6
39	12 2 7 4
40	16 17 3 1
41	9 2 20 3
42	1 18 9 5
43	19 7 4 10
44	13 4 18 12
45	18 16 14 12
46	20 15 4 6
47	16 8 11 20
48	6 3 13 18
49	15 12 5 13
50	14 13 15 18
51	10 8 5 12
52	16 15 6 11
53	7 1 5 16
54	7 19 12 3
55	1 18 15 2
56	16 4 13 9
57	16 5 8 17
58	3 12 7 17
59	17 19 12 7
60	4 20 17 9
61	5 17 16 10
62	19 13 18 6
63	15 11 10 20
64	14 6 18 12
65	2 13 11 4
66	12 18 17 10
67	6 17 19 4
68	4 13 1 11
69	5 1 13 6
70	15 1 11 2
71	14 19 3 13
72	15 7 5 20
73	4 16 17 19
74	3 17 16 15
75	2 6 16 5
76	8 20 3 12
77	18 8 16 12
78	15 18 1 10
79	16 20 12 9
80	11 13 7 5
81	10 11 12 17
82	19 7 13 18
83	20 18 8 13
84	3 16 4 20
85	13 19 20 11
86	11 7 3 14
87	18 14 4 3
88	10 8 5 7
89	18 17 13 15
90	1 8 7 6
91	4 6 5 11
92	20 14 8 10
93	19 15 4 17
94	2 13 15 16
95	6 16 12 20
96	13 1 5 18
97	15 20 5 7
98	13 5 7 6
99	2 7 18 5
100	14 4 17 11
101	18 4 12 11
102	15 14 6 20
103	18 12 14 9
104	10 7 14 17
105	10 15 20 14
106	14 2 16 5
107	5 17 15 10
108	1 6 5 7
109	2 13 5 1
110	10 20 6 19
111	4 6 2 12
112	12 3 18 6
113	13 5 11 16
114	7 16 11 15
115	11 10 7 12
116	17 18 2 5
117	20 14 11 16
118	9 16 19 18
119	4 12 5 18
120	16 8 14 20
121	4 14 3 2
122	8 20 11 18
123	3 15 9 10
124	19 20 5 17
125	2 16 11 8
126	10 11 18 1
127	1 18 6 5
128	6 5 14 7
129	3 15 6 13
130	6 13 7 17
131	3 8 9 7
132	13 1 20 16
133	2 16 15 8
134	6 2 4 14
135	9 16 8 7
136	13 15 6 12
137	1 20 11 7
138	12 14 5 11
139	20 11 12 3
140	6 11 15 7
141	10 15 12 5
142	19 18 9 16
143	18 2 20 6
144	10 7 16 15
145	15 17 19 1
146	5 18 15 7
147	9 1 17 14
148	16 6 19 2
149	2 6 13 18
150	3 2 18 8
151	9 1 13 3
152	19 20 1 18
153	5 3 20 2
154	16 5 14 12
155	20 18 13 11
156	18 4 13 17
157	6 12 10 5
158	16 20 10 11
159	15 11 18 14
160	1 4 15 7
161	6 1 16 2
162	1 12 18 10
163	3 12 1 15
164	17 20 10 13
165	1 10 11 8
166	4 9 19 14
167	13 10 2 4
168	12 9 10 3
169	12 3 5 14
170	6 17 15 7
171	6 18 10 5
172	17 5 6 4
173	20 7 11 18
174	17 1 7 12
175	11 4 5 3
176	6 1 5 8
177	7 12 1 17
178	20 5 17 7
179	9 16 17 13
180	13 4 6 11
181	12 2 13 16
182	19 16 17 8
183	10 4 19 11
184	12 3 18 9
185	16 10 6 14
186	15 20 17 8
187	19 6 17 18
188	12 5 16 2
189	7 16 6 12
190	13 5 18 17
191	1 8 12 19
192	11 3 8 19
193	11 19 2 15
194	2 7 20 17
195	14 12 1 11
196	17 7 2 20
197	18 10 11 20
198	6 1 18 4
199	5 7 3 2
200	14 9 11 10
201	12 6 4 7
202	1 7 13 19
203	1 6 2 14
204	12 4 14 17
205	5 8 10 2
206	11 6 4 14
207	7 4 16 19
208	19 11 6 7
209	7 12 2 13
210	12 20 13 4
211	13 12 10 11
212	10 12 2 8
213	10 9 7 16
214	16 14 9 19
215	8 10 17 12
216	4 14 6 10
217	13 19 10 14
218	11 5 18 2
219	7 4 1 5
220	6 12 8 4
221	17 7 5 15
222	8 3 6 1
223	10 9 16 15
224	3 20 4 8
225	6 4 2 17
226	10 11 8 19
227	9 11 1 4
228	15 13 5 19
229	3 2 19 12
230	16 1 10 20
231	1 2 8 10
232	9 18 7 1
233	19 11 9 16
234	15 4 3 1
235	5 16 15 12
236	12 10 2 6
237	3 10 4 19
238	5 15 12 16
239	7 4 10 20
240	9 1 19 7
241	12 8 14 2
242	17 13 9 11
243	13 11 16 19
244	14 2 10 18
245	3 12 17 4
246	8 16 7 17
247	16 18 1 15
248	7 9 4 17
249	1 17 6 14
250	19 18 1 14
251	11 3 16 4
252	3 1 10 19
253	14 17 20 9
254	16 14 12 11
255	16 7 8 15
256	8 11 6 13
257	20 18 5 11
258	8 3 20 16
259	19 3 20 7
260	14 13 12 2
261	9 7 19 1
262	20 9 15 5
263	12 4 8 1
264	9 20 18 19
265	5 1 16 2
266	20 4 2 14
267	3 19 13 2
268	11 9 4 8
269	6 3 10 1
270	14 13 15 3
271	9 11 17 2
272	7 18 11 14
273	7 18 16 1
274	2 14 10 11
275	1 18 3 11
276	11 2 15 4
277	6 8 19 7
278	3 16 4 1
279	5 6 3 16
280	10 20 9 18
281	15 7 3 16
282	7 3 5 14
283	9 14 6 2
284	17 10 7 16
285	11 9 15 7
286	18 12 9 7
287	8 5 2 14
288	8 11 3 4
289	7 13 19 9
290	2 11 1 3
291	13 4 20 6
292	7 13 2 17
293	10 4 2 16
294	2 12 14 7
295	15 13 16 7
296	13 17 9 6
297	9 6 15 12
298	2 15 16 1
299	20 9 3 6
300	3 16 20 9
301	15 11 8 2
302	5 3 19 16
303	16 3 11 7
304	1 9 12 20
305	20 16 13 4
306	8 19 2 1
307	14 12 6 4
308	19 11 7 14
309	11 7 18 14
310	10 8 9 11
311	17 4 16 11
312	7 13 14 10
313	14 3 15 11
314	20 3 7 8
315	3 14 9 1
316	1 3 13 17
317	15 4 17 6
318	2 9 18 7
319	12 3 8 4
320	4 5 11 9
321	8 9 10 15
322	19 16 14 12
323	15 18 10 17
324	17 20 3 2
325	14 15 9 5
326	6 2 7 17
327	9 19 5 3
328	13 11 20 6
329	17 9 6 16
330	8 10 7 11
331	6 5 10 15
332	20 5 13 17
333	3 12 20 17
334	19 7 18 8
335	2 20 5 12
336	6 16 10 8
337	17 9 15 2
338	4 17 15 3
339	4 3 12 8
340	14 16 17 12
341	1 20 13 18
342	11 9 7 4
343	4 14 20 18
344	16 15 5 13
345	9 2 10 14
346	4 18 15 10
347	18 11 4 13
348	8 16 4 11
349	6 15 4 19
350	7 13 5 1
351	14 1 16 3
352	5 12 10 6
353	12 3 5 14
354	3 16 13 7
355	18 9 17 8
356	11 5 12 4
357	18 4 1 3
358	18 20 4 5
359	7 4 1 18
360	12 16 13 20
361	2 13 15 19
362	16 20 15 14
363	10 5 8 14
364	16 15 6 10
365	16 4 3 9
366	12 11 16 10
367	3 5 17 2
368	15 11 17 3
369	7 18 17 3
370	9 2 3 12
371	18 15 7 10
372	11 13 6 10
373	4 17 13 10
374	4 18 9 6
375	12 2 6 9
376	10 11 17 6
377	8 10 20 12
378	2 18 14 6
379	19 8 2 5
380	10 5 6 4
381	13 17 7 12
382	13 17 19 16
383	3 10 16 11
384	8 1 4 9
385	15 14 4 5
386	2 12 19 13
387	7 5 13 2
388	8 7 3 13
389	5 14 10 2
390	2 10 19 5
391	3 20 7 2
392	1 14 3 6
393	17 19 4 18
394	20 4 5 6
395	16 14 7 13
396	9 15 19 20
397	3 13 4 17
398	16 19 7 5
399	6 10 8 14
400	5 19 11 3
401	15 5 2 19
402	13 19 2 10
403	15 7 4 19
404	2 20 9 15
405	15 8 14 6
406	10 3 13 18
407	13 6 1 5
408	17 18 7 16
409	9 15 7 16
410	1 13 3 4
411	10 8 15 16
412	11 15 7 3
413	5 19 1 17
414	16 15 5 3
415	5 19 17 16
416	4 18 12 15
417	2 13 12 7
418	4 17 8 12
419	19 10 7 11
420	14 9 16 3
421	19 17 9 1
422	2 14 13 4
423	9 5 3 17
424	9 3 18 14
425	4 9 11 16
426	3 20 4 1
427	2 3 4 1
428	19 5 13 20
429	12 1 17 9
430	3 14 8 18
431	5 15 10 16
432	20 1 15 17
433	11 7 18 8
434	4 19 15 16
435	7 5 19 2
436	17 4 1 20
437	5 9 19 11
438	19 12 15 9
439	13 5 1 11
440	3 11 14 6
441	9 15 11 17
442	7 3 11 17
443	5 9 14 6
444	7 2 6 10
445	9 19 6 16
446	4 16 6 7
447	2 11 14 10
448	18 16 9 4
449	19 12 15 8
450	15 6 10 9
451	18 9 13 1
452	17 13 20 1
453	4 18 8 10
454	12 3 11 14
455	8 5 17 3
456	2 12 3 14
457	6 10 18 14
458	20 4 11 7
459	1 11 9 16
460	2 15 18 10
461	1 17 2 14
462	12 15 11 16
463	19 17 14 1
464	18 19 11 14
465	10 18 9 13
466	12 8 1 16
467	16 3 15 17
468	2 17 7 1
469	10 1 14 8
470	7 5 12 17
471	9 11 19 4
472	17 7 19 8
473	6 15 20 1
474	6 14 4 17
475	18 15 12 6
476	11 6 10 12
477	12 9 19 17
478	17 19 15 6
479	1 16 14 9
480	17 7 18 5
481	7 14 8 9
482	14 16 10 1
483	3 11 7 13
484	11 12 5 19
485	10 2 11 4
486	13 3 9 17
487	19 20 17 16
488	19 15 7 2
489	5 13 6 10
490	6 10 13 12
491	18 9 4 7
492	8 10 14 4
493	18 4 20 3
494	8 20 2 9
495	2 4 15 9
496	2 11 3 9
497	14 13 8 5
498	14 2 11 16
499	6 7 15 1
500	9 20 11 14
Students	500
1	20 13 11 5
2	16 10 14 8
3	3 17 15 9
4	13 18 20 10
5	6 7 5 14
6	14 13 2 15
7	16 11 20 7
8	9 1 20 14
9	1 5 11 12
10	17 13 16 2
11	6 7 11 19
12	7 1 2 4
13	17 18 4 2
14	9 3 14 16
15	20 2 10 5
16	5 14 11 6
17	1 18 7 12
18	7 17 11 10
19	17 5 11 10
20	4 1 2 14
21	12 11 20 8
22	8 4 11 19
23	3 1 10 4
24	17 16 18 13
25	9 17 8 2
26	16 18 9 12
27	9 10 18 13
28	19 10 2 17
29	18 10 11 5
30	11 1 3 14
31	17 20 9 14
32	20 16 1 13
33	7 2 13 6
34	19 16 1 14
35	18 1 15 8
36	13 6 1 16
37	2 7 12 3
38	20 11 10 13
39	10 7 18 15
40	3 20 7 8
41	11 4 6 12
42	19 14 1 13
43	11 7 19 17
44	13 14 5 19
45	4 19 5 15
46	7 1 3 15
47	17 1 16 4
48	11 3 10 7
49	18 17 9 16
50	5 12 2 9
51	13 19 14 10
52	7 19 12 6
53	17 10 7 6
54	17 2 6 19
55	7 8 12 14
56	8 11 19 13
57	17 11 10 16
58	10 16 20 4
59	9 20 14 6
60	18 11 10 15
61	16 14 20 9
62	10 2 7 12
63	12 14 4 16
64	12 5 14 15
65	19 17 7 2
66	6 20 18 1
67	19 8 17 16
68	8 10 13 19
69	17 8 5 20
70	1 20 9 6
71	15 19 4 17
72	15 20 17 11
73	12 4 14 11
74	18 11 10 17
75	7 5 12 13
76	16 20 4 6
77	17 11 8 13
78	17 4 1 12
79	20 18 16 7
80	11 3 6 17
81	13 7 5 3
82	17 19 10 15
83	2 14 16 1
84	19 16 10 7
85	18 5 17 4
86	15 18 9 12
87	18 17 19 5
88	3 17 9 7
89	20 2 9 7
90	2 17 1 8
91	10 13 9 7
92	2 5 10 8
93	3 5 15 14
94	5 19 11 20
95	5 12 9 15
96	15 8 19 9
97	6 1 16 20
98	19 17 10 11
99	15 14 9 10
100	10 5 2 17
101	17 1 8 10
102	1 5 20 14
103	2 19 16 1
104	11 17 9 6
105	4 19 6 8
106	1 15 7 19
107	20 3 18 10
108	7 15 9 17
109	10 12 4 7
110	13 3 4 11
111	1 6 4 18
112	1 7 16 4
113	4 8 6 5
114	16 7 19 6
115	6 20 10 19
116	14 17 16 9
117	4 1 17 20
118	16 12 10 1
119	12 19 10 14
120	15 16 1 6
121	19 20 4 1
122	8 20 12 14
123	2 8 16 18
124	2 13 18 9
125	8 9 1 3
126	3 5 17 20
127	16 12 13 4
128	3 5 9 16
129	2 18 12 9
130	13 4 1 17
131	16 7 10 9
132	12 10 14 7
133	19 13 4 2
134	14 8 18 16
135	19 17 18 7
136	11 8 5 3
137	14 10 16 18
138	8 2 13 14
139	13 10 18 14
140	12 4 20 11
141	6 1 9 8
142	18 9 8 15
143	4 1 15 11
144	14 16 12 11
145	5 11 15 20
146	19 5 1 2
147	13 20 18 3
148	16 3 7 1
149	18 1 20 16
150	15 19 1 3
151	20 2 19 10
152	6 15 2 9
153	6 2 1 12
154	18 19 14 12
155	6 11 1 10
156	11 6 17 2
157	4 7 15 3
158	16 7 5 15
159	8 4 17 18
160	10 8 4 20
161	4 2 6 20
162	2 15 13 14
163	19 1 9 13
164	18 1 9 8
165	5 14 16 12
166	20 15 4 18
167	9 17 12 6
168	1 16 14 12
169	3 4 1 17
170	15 2 1 6
171	6 19 4 10
172	8 10 19 16
173	1 14 7 12
174	4 17 9 1
175	4 3 18 16
176	16 1 13 2
177	17 15 11 2
178	15 4 3 7
179	6 19 9 13
180	1 9 15 10
181	9 16 4 12
182	18 20 12 14
183	6 8 19 3
184	1 18 4 8
185	3 10 15 2
186	16 8 19 12
187	14 7 4 8
188	5 12 18 7
189	16 11 18 2
190	3 17 19 18
191	10 4 18 2
192	11 19 14 5
193	13 19 8 11
194	16 4 3 5
195	18 8 17 4
196	4 1 8 16
197	16 4 20 8
198	17 20 13 11
199	16 7 19 5
200	10 4 13 14
201	3 5 15 2
202	5 12 9 11
203	6 12 10 8
204	11 14 15 9
205	16 19 20 7
206	12 20 18 8
207	15 18 12 20
208	17 12 10 15
209	19 10 16 13
210	7 2 19 17
211	3 4 12 17
212	20 2 13 6
213	8 15 12 14
214	4 19 20 10
215	15 10 18 12
216	2 10 7 16
217	15 4 19 12
218	17 9 19 12
219	3 20 14 8
220	14 16 4 7
221	5 13 11 20
222	19 6 20 5
223	20 12 4 5
224	16 7 2 17
225	3 20 7 13
226	2 1 12 20
227	14 6 2 20
228	1 15 12 3
229	11 6 2 16
230	1 17 12 16
231	19 9 2 6
232	16 2 7 3
233	14 20 17 1
234	5 8 11 3
235	7 19 2 17
236	11 15 20 5
237	1 18 13 3
238	16 2 7 6
239	16 20 17 6
240	9 5 19 2
241	12 5 16 6
242	3 10 2 7
243	19 11 3 13
244	13 16 14 19
245	15 1 17 7
246	16 3 5 20
247	4 9 17 12
248	10 3 7 15
249	8 7 15 1
250	15 2 6 20
251	2 11 7 3
252	15 16 7 8
253	10 4 15 9
254	19 16 15 10
255	10 20 19 12
256	1 16 10 19
257	12 4 20 15
258	17 20 11 5
259	3 4 2 18
260	6 13 12 14
261	7 18 12 2
262	17 18 12 11
263	15 12 8 14
264	12 7 2 16
265	9 6 5 16
266	15 1 12 3
267	6 10 3 4
268	14 15 8 16
269	1 17 15 7
270	5 1 9 10
271	10 16 6 12
272	3 12 6 1
273	3 10 6 19
274	14 6 15 4
275	19 7 2 8
276	7 1 10 2
277	9 8 5 13
278	17 14 9 15
279	9 14 2 8
280	18 1 11 9
281	18 5 1 13
282	4 12 2 6
283	5 10 4 19
284	20 15 5 8
285	10 1 15 9
286	17 10 14 3
287	10 2 9 5
288	11 6 19 2
289	3 20 5 15
290	16 14 8 12
291	9 7 19 5
292	18 13 8 5
293	12 1 6 9
294	15 2 13 5
295	18 16 5 8
296	19 9 18 12
297	4 1 15 16
298	9 3 10 13
299	5 7 13 17
300	3 13 8 19
301	16 6 14 12
302	4 20 13 8
303	12 3 17 20
304	18 15 17 16
305	1 15 13 9
306	6 8 14 4
307	20 16 9 12
308	7 4 11 19
309	10 3 15 14
310	11 8 16 12
311	5 2 8 11
312	18 14 6 17
313	11 2 16 9
314	2 11 17 3
315	13 3 15 17
316	17 18 9 3
317	17 10 7 3
318	9 19 10 12
319	20 16 6 17
320	7 10 6 8
321	2 20 5 12
322	12 3 5 11
323	19 6 15 3
324	13 18 7 9
325	20 17 5 12
326	7 1 8 6
327	12 11 3 5
328	4 2 8 15
329	19 3 8 20
330	17 13 20 6
331	2 12 11 20
332	9 4 1 6
333	9 15 7 20
334	10 16 11 17
335	2 5 4 1
336	2 9 5 1
337	7 10 15 12
338	5 2 16 20
339	18 11 6 9
340	19 7 18 12
341	20 6 7 19
342	5 16 13 19
343	11 6 4 9
344	9 8 3 4
345	8 19 14 9
346	19 1 17 15
347	2 11 16 9
348	8 4 12 18
349	18 5 1 19
350	6 19 12 7
351	11 10 14 15
352	10 8 4 9
353	16 6 20 5
354	16 15 2 18
355	7 16 2 15
356	17 20 10 2
357	19 15 5 20
358	18 3 1 12
359	10 5 9 12
360	9 14 8 15
361	9 17 13 18
362	14 10 13 8
363	3 8 11 20
364	10 14 15 16
365	17 13 3 11
366	12 1 7 3
367	4 16 18 2
368	4 5 10 13
369	13 7 4 16
370	2 15 13 19
371	10 1 6 8
372	4 10 7 14
373	8 4 12 5
374	12 14 6 15
375	3 12 15 11
376	20 9 12 19
377	4 15 12 7
378	19 4 20 7
379	8 20 19 5
380	4 19 1 11
381	13 16 9 15
382	2 13 15 20
383	11 14 20 5
384	5 6 10 19
385	14 10 17 11
386	15 5 20 7
387	18 15 2 20
388	13 5 3 16
389	4 19 17 20
390	2 6 1 14
391	1 13 10 5
392	9 8 13 3
393	15 18 5 17
394	3 10 4 7
395	15 6 17 5
396	12 8 15 19
397	11 19 12 18
398	12 11 15 10
399	13 3 19 2
400	8 19 15 9
401	3 15 4 12
402	14 19 12 7
403	14 13 12 5
404	17 9 1 19
405	6 4 8 11
406	16 15 8 1
407	19 4 14 20
408	13 7 9 1
409	12 11 8 5
410	11 9 19 6
411	4 12 14 8
412	15 18 9 12
413	9 7 6 4
414	2 20 3 11
415	12 9 10 14
416	7 3 5 13
417	19 10 15 18
418	3 2 6 16
419	4 19 2 10
420	2 10 20 8
421	8 10 15 16
422	10 7 9 2
423	4 2 8 17
424	1 18 3 20
425	3 9 15 7
426	8 5 15 1
427	7 2 18 10
428	7 12 14 8
429	13 16 5 18
430	19 11 8 17
431	6 15 10 9
432	14 18 11 17
433	9 16 15 6
434	5 11 19 12
435	16 19 2 7
436	6 4 11 15
437	16 20 19 10
438	10 1 5 2
439	5 20 13 12
440	8 4 13 18
441	4 20 1 16
442	8 12 3 10
443	6 9 15 12
444	20 17 13 11
445	1 2 14 19
446	18 17 7 13
447	12 16 8 11
448	11 17 6 4
449	7 20 13 10
450	6 20 3 19
451	7 15 8 19
452	10 2 14 19
453	13 20 10 12
454	6 12 8 15
455	3 15 7 6
456	20 10 5 11
457	13 6 5 10
458	20 5 17 6
459	18 7 4 20
460	3 16 6 12
461	11 3 16 19
462	15 12 17 4
463	6 20 1 9
464	8 9 5 19
465	19 20 11 17
466	6 13 11 8
467	5 18 7 1
468	17 16 15 7
469	5 10 9 20
470	9 11 18 4
471	1 17 6 15
472	7 15 10 2
473	11 8 13 20
474	11 16 12 13
475	9 8 3 6
476	15 4 13 11
477	5 19 7 6
478	15 20 1 18
479	10 19 1 15
480	5 20 18 15
481	5 3 1 8
482	17 12 2 15
483	2 18 12 15
484	9 18 1 4
485	4 12 11 19
486	6 15 3 1
487	16 18 1 3
488	6 20 7 4
489	9 5 14 3
490	10 5 15 17
491	11 12 5 3
492	12 3 9 2
493	6 2 5 1
494	15 18 16 17
495	8 10 9 15
496	3 20 9 8
497	18 8 2 9
498	17 10 18 5
499	1 17 7 8
500	18 4 20 1
Students	500
1	8 14 9 2
2	11 7 1 3
3	2 17 12 20
4	8 3 17 14
5	10 11 8 12
6	11 20 17 7
7	18 6 3 19
8	15 7 16 17
9	10 5 20 6
10	2 17 20 18
11	17 8 18 20
12	20 16 11 12
13	5 11 14 4
14	19 9 5 7
15	3 5 8 18
16	11 19 2 14
17	12 4 8 18
18	4 2 20 9
19	16 12 8 5
20	10 17 16 7
21	20 3 18 5
22	11 4 15 8
23	19 20 17 8
24	3 10 14 11
25	11 6 17 9
26	5 3 8 6
27	7 3 14 9
28	5 1 6 14
29	6 3 20 7
30	14 19 20 12
31	19 14 3 11
32	13 10 16 19
33	6 16 17 5
34	17 1 11 14
35	11 3 2 20
36	5 15 19 20
37	11 15 5 18
38	9 10 1 8
39	10 1 17 3
40	7 11 4 17
41	13 12 7 9
42	3 11 20 15
43	3 13 4 1
44	2 3 1 12
45	12 6 15 4
46	13 16 2 10
47	7 5 18 15
48	12 13 14 2
49	4 5 13 2
50	7 1 2 8
51	8 14 16 5
52	2 3 4 9
53	9 3 2 16
54	1 20 7 18
55	1 17 6 2
56	12 11 7 20
57	6 15 11 20
58	6 14 16 19
59	2 11 1 7
60	2 10 9 18
61	16 10 20 2
62	6 20 14 19
63	15 4 7 5
64	10 19 13 2
65	17 14 15 1
66	4 3 20 16
67	20 2 7 3
68	8 6 11 12
69	3 6 17 18
70	9 3 17 5
71	8 7 17 13
72	12 16 9 4
73	13 20 17 2
74	10 16 4 14
75	15 7 2 13
76	4 6 10 5
77	3 19 4 13
78	17 12 16 6
79	5 10 16 20
80	3 17 18 2
81	10 2 17 13
82	12 9 17 10
83	16 15 14 9
84	10 2 1 20
85	2 10 13 1
86	1 10 8 2
87	12 9 3 17
88	17 14 13 6
89	6 8 1 17
90	9 8 10 16
91	15 6 17 10
92	8 17 20 5
93	19 20 18 10
94	14 11 8 18
95	2 15 20 5
96	3 19 18 10
97	7 1 12 4
98	2 14 10 6
99	10 4 2 15
100	6 19 9 4
101	2 16 8 10
102	8 12 13 5
103	5 20 7 16
104	5 20 18 7
105	20 7 8 3
106	15 9 19 7
107	8 2 5 11
108	19 1 12 5
109	8 1 19 6
110	1 6 11 20
111	11 9 1 7
112	19 16 5 4
113	15 5 13 16
114	11 10 20 5
115	12 20 2 6
116	11 4 16 3
117	2 11 4 10
118	2 14 15 19
119	9 12 13 4
120	7 9 20 18
121	6 16 11 18
122	12 3 6 11
123	16 6 1 3
124	6 9 12 5
125	16 11 8 20
126	1 18 2 9
127	5 10 15 13
128	17 1 9 16
129	7 15 14 10
130	7 11 13 10
131	17 7 8 2
132	14 18 19 2
133	10 7 12 9
134	5 1 8 11
135	16 17 19 2
136	2 7 19 6
137	11 14 4 6
138	20 9 17 2
139	7 13 1 15
140	13 11 9 2
141	18 19 20 17
142	17 1 11 15
143	14 17 16 8
144	9 3 18 8
145	15 16 8 4
146	15 9 3 11
147	2 4 3 19
148	14 11 18 4
149	14 15 20 2
150	18 9 1 5
151	13 8 18 5
152	12 2 3 13
153	18 19 17 20
154	1 15 9 6
155	13 8 9 12
156	1 15 6 14
157	18 10 11 17
158	9 14 17 12
159	17 2 6 14
160	14 4 12 15
161	14 20 9 17
162	1 20 5 4
163	6 2 11 1
164	20 3 8 5
165	14 2 12 9
166	14 10 8 11
167	9 3 14 6
168	15 1 12 17
169	3 9 20 11
170	14 16 11 17
171	1 7 15 20
172	4 14 6 3
173	17 20 5 18
174	10 9 17 19
175	10 18 9 8
176	5 3 20 18
177	19 18 11 8
178	6 2 18 13
179	13 4 11 2
180	20 15 19 8
181	4 6 13 5
182	15 7 13 16
183	16 15 18 5
184	4 11 1 7
185	2 6 15 5
186	4 13 12 6
187	10 14 12 15
188	17 18 14 15
189	3 15 8 14
190	16 3 18 10
191	6 19 9 13
192	11 6 13 9
193	18 9 14 5
194	20 10 13 5
195	3 8 20 7
196	1 6 16 14
197	14 16 2 20
198	20 19 8 16
199	6 19 15 9
200	17 6 4 7
201	10 8 14 3
202	10 11 18 2
203	20 11 13 1
204	19 18 10 1
205	9 18 11 1
206	20 15 3 19
207	14 4 15 1
208	2 19 20 1
209	19 10 16 5
210	17 12 13 1
211	17 15 20 14
212	1 16 12 4
213	13 8 11 9
214	3 19 17 15
215	19 18 2 13
216	11 8 15 18
217	20 14 9 16
218	10 19 1 3
219	2 7 15 14
220	12 17 6 19
221	3 16 1 19
222	6 10 4 3
223	15 19 2 11
224	18 5 19 12
225	10 1 20 11
226	10 7 16 2
227	6 11 20 16
228	12 4 5 14
229	20 12 1 10
230	17 1 18 4
231	1 9 7 2
232	9 15 1 18
233	9 13 20 2
234	18 17 8 7
235	5 14 19 6
236	17 8 13 11
237	5 18 20 13
238	9 13 14 11
239	18 11 12 10
240	19 8 15 13
241	15 9 1 7
242	14 4 11 13
243	16 13 9 5
244	7 9 20 2
245	20 19 12 2
246	7 13 8 18
247	8 3 9 13
248	4 19 3 9
249	1 12 13 17
250	4 11 6 5
251	1 6 5 7
252	1 6 19 20
253	11 3 1 16
254	5 19 18 1
255	14 5 15 20
256	14 12 8 17
257	7 8 18 16
258	15 3 7 5
259	9 16 17 5
260	16 7 2 11
261	13 19 7 10
262	4 18 17 16
263	4 2 6 17
264	18 17 1 9
265	16 19 12 15
266	7 10 16 1
267	9 16 20 18
268	5 8 10 7
269	1 12 11 7
270	18 9 14 7
271	9 11 3 4
272	2 6 15 3
273	4 12 15 16
274	2 14 3 9
275	14 3 13 4
276	1 16 13 10
277	5 8 20 1
278	4 2 13 11
279	15 11 10 20
280	3 19 1 12
281	10 6 17 16
282	17 14 8 13
283	17 5 12 3
284	8 19 1 18
285	20 3 1 15
286	11 9 14 19
287	12 9 7 8
288	6 4 5 11
289	19 20 14 15
290	20 19 17 9
291	9 20 3 7
292	12 10 14 17
293	11 19 9 4
294	8 4 6 18
295	13 4 6 20
296	18 3 19 12
297	16 19 12 20
298	15 6 3 14
299	11 1 7 5
300	8 2 12 5
301	13 7 20 11
302	13 10 6 18
303	13 9 6 16
304	13 12 16 17
305	16 10 3 7
306	18 17 11 13
307	19 14 10 7
308	10 16 2 19
309	13 6 4 7
310	1 13 10 4
311	14 13 7 15
312	8 12 9 18
313	19 7 8 11
314	4 5 11 7
315	5 8 16 17
316	3 16 20 10
317	4 1 16 17
318	15 10 7 14
319	10 16 12 4
320	12 20 4 19
321	11 12 2 19
322	9 10 3 15
323	9 5 4 11
324	3 19 10 12
325	1 17 12 6
326	5 6 18 2
327	13 12 1 6
328	13 5 20 18
329	8 19 1 18
330	9 5 3 2
331	19 11 5 16
332	2 13 7 4
333	4 9 7 11
334	5 14 10 12
335	5 16 15 7
336	1 17 16 3
337	8 11 2 4
338	19 10 6 1
339	10 11 8 18
340	16 5 1 15
341	10 1 4 18
342	12 4 10 6
343	15 9 7 2
344	18 1 8 14
345	12 4 13 15
346	19 9 1 3
347	9 10 1 17
348	15 3 1 13
349	8 20 10 12
350	5 20 8 19
351	11 4 5 3
352	13 15 2 11
353	7 18 11 8
354	7 19 14 2
355	12 10 15 19
356	11 17 12 16
357	13 19 1 15
358	20 10 13 9
359	11 7 19 10
360	11 9 1 7
361	18 7 6 13
362	3 2 6 18
363	15 20 17 18
364	4 9 7 15
365	6 12 19 8
366	4 19 3 8
367	6 5 3 7
368	6 10 15 16
369	15 8 12 6
370	15 8 5 19
371	11 15 13 8
372	20 11 6 13
373	10 1 16 20
374	3 8 13 1
375	7 1 3 2
376	1 16 18 2
377	7 16 3 20
378	7 17 12 14
379	6 3 18 4
380	14 18 7 5
381	10 20 13 16
382	4 16 14 2
383	7 10 4 20
384	19 14 11 8
385	13 17 9 7
386	17 3 9 11
387	4 18 17 3
388	15 4 12 3
389	3 17 6 5
390	16 15 9 17
391	17 10 18 12
392	13 2 1 10
393	2 1 18 12
394	6 17 12 1
395	5 20 10 6
396	1 13 8 14
397	17 11 13 18
398	9 15 19 12
399	5 2 8 4
400	7 14 10 6
401	8 2 5 18
402	16 18 4 2
403	10 14 1 8
404	3 6 2 11
405	7 17 18 12
406	12 6 2 18
407	3 5 1 17
408	6 19 20 3
409	7 14 15 3
410	7 5 1 14
411	2 6 9 1
412	1 2 20 16
413	2 3 16 7
414	4 12 18 8
415	2 16 3 4
416	2 15 1 16
417	9 19 3 10
418	6 4 20 14
419	1 19 7 16
420	17 19 3 18
421	17 13 14 16
422	10 20 19 1
423	6 1 16 15
424	13 6 5 14
425	8 18 1 10
426	19 11 3 4
427	7 9 11 5
428	14 2 13 9
429	4 19 14 16
430	4 14 17 11
431	2 4 18 6
432	10 11 2 3
433	18 12 9 13
434	3 16 18 14
435	19 6 17 3
436	6 7 9 13
437	15 1 14 13
438	20 17 19 13
439	6 13 12 2
440	10 14 11 5
441	14 12 9 15
442	7 12 8 19
443	7 8 5 15
444	7 14 18 6
445	20 19 12 6
446	8 5 3 19
447	7 17 10 1
448	16 12 5 9
449	10 20 7 17
450	9 6 1 13
451	6 14 4 17
452	4 14 19 20
453	7 13 17 4
454	2 10 17 18
455	1 9 11 8
456	20 1 7 12
457	5 10 3 19
458	15 7 4 18
459	19 14 9 4
460	1 8 7 15
461	15 8 13 11
462	16 3 2 19
463	12 3 10 17
464	4 3 12 7
465	8 4 6 12
466	20 2 7 12
467	16 13 20 6
468	15 2 3 13
469	14 20 7 2
470	18 8 9 6
471	18 10 9 11
472	15 10 19 11
473	14 15 11 20
474	11 3 10 18
475	3 9 11 5
476	19 2 10 1
477	16 14 19 5
478	12 8 9 13
479	1 5 4 15
480	2 18 7 20
481	8 16 4 1
482	8 16 9 1
483	12 18 3 7
484	10 4 5 8
485	10 4 2 8
486	6 17 4 18
487	19 16 20 14
488	20 18 1 11
489	1 2 7 10
490	11 16 15 13
491	14 7 19 10
492	14 17 16 20
493	10 7 17 20
494	4 6 11 15
495	10 11 15 3
496	16 5 9 8
497	20 12 3 16
498	18 11 19 6
499	12 20 17 18
500	17 5 8 14
Students	500
1	16 17 18 15
2	17 4 3 9
3	7 19 2 15
4	9 3 6 17
5	6 10 16 12
6	19 16 7 5
7	18 11 5 8
8	8 5 18 16
9	3 20 13 16
10	4 11 16 7
11	12 14 10 17
12	2 15 20 13
13	12 18 19 3
14	3 18 9 17
15	1 10 2 16
16	3 2 15 18
17	19 1 14 10
18	14 2 16 18
19	12 9 11 6
20	10 3 13 15
21	8 20 19 13
22	7 11 15 14
23	5 19 13 2
24	15 1 13 3
25	1 2 12 10
26	14 19 3 2
27	6 16 12 19
28	3 7 1 17
29	18 4 20 12
30	13 9 15 18
31	9 14 17 18
32	7 11 10 4
33	2 9 13 8
34	4 14 2 16
35	8 5 18 4
36	13 2 14 18
37	13 4 20 5
38	2 4 20 15
39	15 12 2 9
40	1 9 16 7
41	1 15 9 8
42	13 10 1 4
43	17 12 6 19
44	8 19 11 16
45	10 1 6 20
46	20 1 7 17
47	7 4 19 12
48	9 1 10 17
49	12 18 19 4
50	16 1 4 13
51	19 7 12 16
52	2 7 12 8
53	11 7 13 1
54	9 20 16 17
55	5 13 15 8
56	18 20 19 11
57	5 12 15 6
58	20 18 14 17
59	17 14 8 20
60	7 1 9 8
61	15 5 6 19
62	3 2 8 5
63	20 12 14 17
64	7 18 10 13
65	2 17 18 3
66	14 5 2 7
67	4 16 13 6
68	18 17 3 12
69	18 20 15 12
70	11 19 14 3
71	2 11 15 14
72	17 3 12 7
73	1 6 2 17
74	7 6 12 13
75	16 17 15 19
76	6 10 19 13
77	13 18 2 16
78	2 14 15 5
79	19 1 2 17
80	5 6 1 16
81	20 14 8 10
82	14 7 4 10
83	9 11 19 16
84	20 17 6 13
85	2 1 3 16
86	19 4 20 18
87	9 5 2 13
88	13 14 18 6
89	10 17 14 19
90	7 6 5 13
91	10 17 3 1
92	7 19 17 16
93	19 12 6 5
94	11 15 12 13
95	12 8 10 16
96	13 10 1 8
97	12 7 9 17
98	20 5 14 19
99	5 3 1 20
100	1 14 7 16
101	7 12 20 6
102	11 1 10 17
103	15 14 2 12
104	20 17 9 3
105	10 13 2 14
106	16 17 13 5
107	16 20 1 3
108	16 2 19 14
109	8 10 15 12
110	13 9 1 5
111	8 19 11 15
112	7 8 2 5
113	17 4 7 16
114	2 13 15 18
115	2 3 13 8
116	2 6 16 17
117	16 7 4 20
118	3 8 5 13
119	11 19 13 17
120	4 6 12 19
121	6 12 8 11
122	5 7 1 8
123	20 19 7 13
124	5 20 1 11
125	14 9 18 3
126	20 3 8 1
127	8 3 10 15
128	4 17 5 8
129	10 14 16 11
130	10 13 18 7
131	17 13 20 2
132	7 6 1 19
133	14 11 12 7
134	7 5 2 6
135	2 13 20 8
136	20 6 13 11
137	6 3 5 19
138	16 8 15 14
139	20 16 6 15
140	18 10 2 1
141	16 13 3 5
142	12 14 3 17
143	4 15 1 20
144	18 4 11 3
145	4 19 18 2
146	11 5 14 19
147	20 17 19 10
148	20 6 5 11
149	1 16 6 10
150	16 2 6 8
151	5 20 12 8
152	13 4 12 16
153	18 16 14 8
154	11 16 7 8
155	1 13 16 10
156	18 19 10 7
157	8 13 1 3
158	4 15 11 3
159	19 3 11 10
160	3 12 1 2
161	19 9 16 10
162	18 3 16 19
163	8 9 6 14
164	12 15 17 5
165	7 17 11 1
166	19 20 1 5
167	6 2 18 8
168	4 14 19 1
169	12 11 7 15
170	2 8 5 20
171	7 5 4 14
172	2 7 8 10
173	20 2 5 10
174	15 1 14 7
175	8 2 11 1
176	14 2 20 13
177	10 19 16 12
178	1 19 11 5
179	19 1 7 18
180	10 12 11 16
181	4 6 1 7
182	7 1 2 11
183	9 14 7 17
184	12 17 3 1
185	13 16 10 17
186	12 10 11 1
187	15 14 4 18
188	7 14 5 11
189	9 12 19 10
190	11 18 19 8
191	11 15 14 3
192	2 3 20 9
193	7 12 15 9
194	12 13 2 16
195	4 5 19 18
196	20 7 12 10
197	11 10 13 6
198	16 10 11 1
199	6 2 20 8
200	17 2 13 3
201	1 20 16 14
202	13 20 1 17
203	2 3 8 1
204	17 3 16 7
205	8 10 15 3
206	10 4 6 7
207	19 13 18 10
208	13 20 3 6
209	10 3 9 4
210	14 4 1 18
211	11 19 8 3
212	17 1 15 16
213	17 9 12 3
214	5 2 3 10
215	7 12 5 19
216	5 10 15 9
217	20 8 7 14
218	15 19 6 16
219	5 4 2 10
220	7 4 10 5
221	7 14 16 8
222	17 15 1 12
223	6 11 12 3
224	6 18 10 20
225	6 12 13 14
226	1 4 5 14
227	3 5 2 6
228	10 1 20 16
229	11 8 13 16
230	10 6 7 9
231	20 15 2 10
232	14 19 8 11
233	4 9 19 2
234	1 15 8 2
235	8 20 14 17
236	13 14 8 18
237	7 3 16 14
238	7 11 17 10
239	3 6 4 16
240	2 18 10 11
241	4 7 13 9
242	12 18 9 4
243	10 16 12 6
244	7 9 20 6
245	18 2 10 17
246	15 2 7 14
247	8 16 4 17
248	7 20 17 15
249	1 4 13 8
250	14 8 7 17
251	10 17 6 5
252	14 15 4 18
253	2 8 7 20
254	13 10 15 16
255	18 2 13 14
256	10 15 13 1
257	5 8 17 12
258	6 15 18 3
259	4 6 10 15
260	13 12 4 20
261	2 6 12 4
262	20 1 15 13
263	18 5 8 4
264	8 14 5 4
265	8 13 12 2
266	3 13 17 12
267	17 8 11 5
268	13 16 11 2
269	2 17 3 12
270	4 16 10 20
271	20 13 10 3
272	8 13 3 17
273	17 16 19 9
274	14 3 10 9
275	3 12 18 11
276	3 12 8 7
277	16 15 2 14
278	10 18 17 5
279	13 9 17 18
280	7 16 2 5
281	12 17 15 6
282	16 10 2 9
283	6 19 13 20
284	2 3 7 11
285	2 12 6 17
286	19 15 18 3
287	1 3 9 5
288	20 9 1 3
289	12 7 11 9
290	18 7 19 6
291	6 1 18 9
292	5 9 13 4
293	8 5 1 9
294	13 20 12 15
295	20 4 11 17
296	20 4 16 8
297	9 13 1 10
298	18 4 6 16
299	17 10 2 14
300	14 8 20 18
301	19 7 11 18
302	16 15 7 11
303	1 12 16 10
304	11 20 5 6
305	20 1 9 8
306	13 2 17 3
307	17 16 8 9
308	10 16 15 4
309	3 13 1 20
310	6 15 19 14
311	3 12 13 1
312	7 8 6 15
313	20 1 3 14
314	11 12 3 20
315	6 20 2 4
316	19 16 4 11
317	17 20 3 4
318	7 1 11 18
319	4 3 14 9
320	13 11 6 7
321	13 9 6 10
322	7 3 19 13
323	7 12 1 20
324	1 5 17 13
325	9 6 11 4
326	16 6 14 19
327	7 8 3 10
328	17 20 2 4
329	19 1 15 18
330	17 12 19 7
331	5 13 6 2
332	3 11 16 4
333	12 19 20 16
334	1 17 19 18
335	10 1 5 3
336	5 4 17 12
337	19 4 13 20
338	4 5 18 15
339	6 1 19 12
340	6 7 16 1
341	17 4 11 16
342	11 12 10 3
343	20 10 11 18
344	14 3 16 19
345	12 7 10 4
346	3 13 7 17
347	7 9 12 5
348	3 13 10 12
349	12 8 17 20
350	9 11 8 12
351	16 17 5 3
352	2 15 9 10
353	10 5 15 7
354	11 7 17 2
355	10 1 2 12
356	4 6 19 7
357	1 14 12 16
358	5 18 2 7
359	12 6 18 20
360	7 2 19 13
361	12 14 16 13
362	15 17 11 3
363	8 7 19 17
364	5 10 17 6
365	5 20 8 9
366	5 8 2 13
367	9 20 17 13
368	8 4 17 2
369	20 17 2 15
370	10 17 20 18
371	3 8 19 14
372	5 14 10 8
373	10 7 19 8
374	15 13 12 2
375	3 4 19 14
376	10 5 9 3
377	9 2 10 20
378	10 13 15 16
379	8 15 5 11
380	13 2 17 20
381	12 20 1 19
382	12 10 4 16
383	19 2 7 12
384	3 7 2 18
385	11 13 16 17
386	9 19 2 6
387	4 5 8 19
388	14 6 11 8
389	9 16 15 6
390	18 15 4 9
391	19 12 16 8
392	6 13 19 4
393	5 8 6 7
394	12 6 10 19
395	7 5 1 3
396	7 12 1 17
397	17 15 8 20
398	5 7 13 9
399	18 9 4 3
400	12 4 6 14
401	8 13 12 2
402	5 20 8 6
403	5 9 10 3
404	6 4 7 18
405	5 14 2 1
406	1 3 2 14
407	1 6 8 9
408	8 19 4 18
409	14 2 1 17
410	12 2 14 15
411	17 14 4 11
412	7 10 15 17
413	9 10 6 20
414	5 6 9 14
415	3 11 20 18
416	15 8 13 4
417	13 16 17 10
418	15 9 19 10
419	17 20 16 19
420	17 2 11 10
421	16 5 12 13
422	20 4 8 9
423	14 6 5 11
424	13 16 9 11
425	5 4 13 3
426	13 16 19 2
427	1 12 11 14
428	15 10 4 3
429	8 19 1 7
430	5 14 15 1
431	3 16 19 4
432	20 17 9 3
433	5 7 17 6
434	4 14 10 16
435	15 5 8 12
436	15 3 10 18
437	4 1 15 19
438	5 6 8 3
439	6 2 18 12
440	7 17 9 20
441	14 11 5 4
442	9 20 3 16
443	1 18 17 9
444	1 20 8 10
445	16 18 14 19
446	2 20 8 5
447	16 18 15 20
448	7 15 3 4
449	13 1 16 14
450	14 1 16 9
451	9 6 5 20
452	17 16 18 7
453	4 10 3 8
454	8 16 7 19
455	7 2 19 11
456	6 18 12 15
457	3 1 6 17
458	11 4 19 9
459	3 15 5 10
460	16 7 3 17
461	10 12 20 4
462	14 8 2 3
463	14 16 19 9
464	16 20 8 19
465	3 18 16 1
466	18 13 12 16
467	5 11 12 8
468	16 14 10 4
469	9 16 2 1
470	3 11 12 13
471	8 15 6 17
472	18 7 5 4
473	12 9 10 3
474	2 5 6 19
475	14 15 13 19
476	20 12 3 16
477	18 7 20 19
478	6 12 2 5
479	5 7 11 15
480	18 8 3 1
481	19 6 16 4
482	14 18 7 5
483	8 9 1 17
484	2 12 15 6
485	8 6 12 14
486	11 13 17 7
487	16 5 14 6
488	20 8 12 13
489	15 1 13 16
490	13 3 10 6
491	13 10 5 17
492	7 20 1 15
493	16 5 6 17
494	12 2 18 9
495	10 9 6 11
496	4 3 19 18
497	10 20 1 12
498	7 17 6 4
499	20 18 3 4
500	12 15 17 20
Students	500
1	10 3 5 1
2	4 1 20 16
3	11 17 1 3
4	4 2 18 12
5	16 11 10 3
6	5 9 13 10
7	8 2 5 6
8	9 20 8 15
9	2 6 14 3
10	14 20 19 10
11	1 6 16 8
12	10 18 2 14
13	4 2 11 6
14	15 7 3 8
15	14 19 11 17
16	7 6 18 4
17	2 8 17 1
18	16 4 5 20
19	15 5 14 18
20	9 8 13 7
21	4 7 16 2
22	12 17 16 18
23	5 16 17 9
24	8 17 11 13
25	18 3 20 12
26	4 5 6 1
27	15 10 7 11
28	6 18 15 10
29	9 17 10 11
30	6 14 9 12
31	2 19 12 3
32	11 17 18 1
33	7 5 3 4
34	17 13 6 5
35	10 18 13 17
36	10 6 2 4
37	9 2 12 10
38	8 7 16 12
39	2 10 20 17
40	5 7 9 20
41	16 17 18 13
42	18 20 19 12
43	3 13 6 16
44	8 17 16 18
45	18 7 17 8
46	18 16 20 6
47	5 14 18 16
48	13 18 14 6
49	5 2 11 10
50	9 19 20 2
51	20 1 10 18
52	17 10 7 16
53	11 20 9 13
54	2 18 10 8
55	7 16 1 18
56	13 2 15 12
57	17 18 20 15
58	19 13 16 7
59	18 9 2 4
60	1 11 2 6
61	13 3 18 16
62	20 4 9 5
63	17 10 3 12
64	15 20 17 3
65	6 18 16 15
66	9 16 14 3
67	13 14 20 5
68	11 17 10 1
69	20 1 16 15
70	11 9 10 15
71	6 4 11 14
72	14 16 5 18
73	14 13 11 15
74	19 8 5 9
75	13 14 2 16
76	18 15 11 2
77	1 10 9 2
78	10 19 4 14
79	5 19 14 4
80	5 3 17 13
81	3 4 10 20
82	9 20 6 13
83	11 9 12 19
84	3 2 12 5
85	18 16 9 13
86	15 4 5 17
87	11 20 10 7
88	5 4 14 18
89	7 8 4 14
90	14 11 6 16
91	17 11 9 4
92	7 2 19 20
93	5 19 2 1
94	13 18 5 8
95	11 12 8 17
96	8 18 10 6
97	9 4 14 3
98	9 4 17 20
99	6 14 19 8
100	20 11 17 9
101	14 1 5 20
102	12 19 16 14
103	16 20 8 19
104	10 2 20 5
105	2 13 19 16
106	5 13 7 8
107	6 19 11 7
108	1 7 12 8
109	18 9 7 11
110	7 9 11 13
111	15 4 11 7
112	18 4 11 14
113	1 12 14 6
114	2 20 7 1
115	20 11 2 4
116	9 20 11 1
117	4 13 16 19
118	14 16 17 2
119	14 11 3 15
120	19 16 15 11
121	2 20 3 5
122	10 20 15 18
123	6 7 9 3
124	3 2 4 19
125	12 18 14 17
126	5 3 10 4
127	17 7 12 2
128	1 9 12 16
129	2 7 4 19
130	19 2 15 9
131	5 10 1 15
132	7 4 6 15
133	14 11 20 7
134	9 8 7 20
135	8 6 10 12
136	12 8 14 17
137	20 4 15 9
138	5 7 16 10
139	9 12 8 20
140	20 8 1 6
141	20 5 7 18
142	9 1 12 10
143	16 18 6 10
144	17 1 8 3
145	11 3 17 9
146	8 11 13 12
147	20 7 14 17
148	14 15 3 11
149	17 5 12 7
150	19 10 15 11
151	7 19 6 14
152	8 7 6 12
153	12 4 2 8
154	16 5 1 12
155	20 13 2 19
156	12 16 20 15
157	19 2 3 15
158	19 18 16 5
159	5 2 7 12
160	7 1 16 11
161	11 4 7 12
162	1 3 20 6
163	15 17 20 9
164	4 15 17 5
165	7 20 10 15
166	6 20 11 7
167	5 2 20 17
168	6 19 1 3
169	14 16 2 7
170	19 2 10 13
171	20 11 19 1
172	20 11 5 6
173	9 6 8 20
174	1 5 7 18
175	8 5 19 10
176	2 19 17 9
177	14 19 13 2
178	6 8 1 7
179	5 4 10 3
180	18 6 17 3
181	19 4 1 7
182	3 15 5 10
183	8 6 1 4
184	9 20 7 1
185	14 15 20 7
186	2 12 11 7
187	17 2 5 12
188	2 14 11 3
189	7 1 6 2
190	14 2 11 18
191	7 5 17 16
192	6 8 1 16
193	19 16 3 9
194	19 1 8 16
195	3 8 20 4
196	13 7 2 14
197	8 2 15 10
198	8 19 14 1
199	12 15 11 4
200	19 17 7 3
201	11 3 20 7
202	15 14 9 19
203	4 2 14 15
204	13 1 18 4
205	9 19 18 10
206	15 13 9 5
207	2 1 15 17
208	18 19 1 10
209	3 12 8 6
210	13 2 7 8
211	13 14 9 18
212	5 4 13 11
213	18 8 3 11
214	1 10 9 17
215	5 10 15 2
216	17 11 6 13
217	6 8 5 11
218	16 5 1 8
219	8 17 12 19
220	6 5 10 20
221	10 2 20 12
222	6 3 15 4
223	17 6 20 18
224	5 17 15 1
225	2 10 5 4
226	19 3 13 6
227	8 3 10 18
228	14 6 18 16
229	6 13 15 5
230	6 18 19 1
231	3 8 15 16
232	15 10 19 16
233	12 9 16 20
234	15 13 6 4
235	1 9 3 2
236	10 12 4 16
237	18 2 4 11
238	15 11 19 13
239	17 3 8 16
240	1 10 9 7
241	19 5 2 9
242	2 16 20 18
243	3 5 1 8
244	5 4 16 14
245	10 19 13 2
246	9 6 3 18
247	11 12 6 8
248	10 6 12 9
249	4 6 8 7
250	2 16 8 13
251	16 13 18 15
252	6 2 4 3
253	10 13 2 19
254	19 5 6 17
255	12 2 18 13
256	7 2 3 18
257	17 7 18 15
258	10 12 20 3
259	17 1 8 7
260	19 9 5 17
261	18 1 5 7
262	10 11 6 19
263	19 10 15 13
264	9 2 1 8
265	13 11 10 15
266	12 16 8 10
267	6 5 4 13
268	1 12 6 14
269	5 16 2 6
270	6 12 8 16
271	10 13 2 19
272	3 14 7 10
273	3 9 16 11
274	10 7 11 9
275	4 6 8 14
276	9 14 6 19
277	14 5 11 8
278	6 1 16 14
279	6 19 15 20
280	8 19 3 12
281	11 4 12 10
282	10 4 18 11
283	17 19 10 12
284	13 14 2 19
285	20 15 19 3
286	9 8 15 2
287	16 5 17 15
288	15 5 18 20
289	9 16 17 18
290	14 18 6 1
291	11 13 18 19
292	7 8 12 5
293	11 5 3 2
294	9 2 5 16
295	3 13 1 12
296	1 6 3 16
297	20 10 8 1
298	10 4 8 3
299	1 14 16 15
300	3 5 6 10
301	6 10 16 2
302	2 15 9 5
303	6 20 19 15
304	5 6 13 14
305	14 1 5 15
306	16 6 1 18
307	5 6 13 1
308	10 4 16 19
309	1 3 13 18
310	12 20 18 17
311	15 5 6 11
312	14 16 4 20
313	5 17 4 19
314	3 13 2 17
315	13 20 11 19
316	15 3 7 9
317	8 5 9 2
318	18 1 16 2
319	8 20 17 6
320	9 5 16 15
321	8 20 12 5
322	18 12 11 6
323	19 1 6 16
324	1 20 12 18
325	12 11 15 6
326	18 5 14 7
327	11 20 7 12
328	8 9 7 12
329	16 15 19 6
330	2 20 4 13
331	3 8 2 6
332	15 17 9 14
333	19 11 14 2
334	13 16 4 8
335	11 13 7 1
336	6 8 1 12
337	13 4 19 1
338	18 17 20 16
339	1 20 19 7
340	5 18 8 19
341	14 3 19 11
342	8 3 7 9
343	9 11 5 18
344	2 4 14 6
345	17 10 3 18
346	5 16 2 1
347	2 4 18 17
348	7 13 16 4
349	1 13 18 9
350	11 16 13 14
351	9 1 7 19
352	15 2 4 18
353	20 16 1 8
354	3 19 18 17
355	6 9 20 8
356	13 18 20 1
357	16 6 7 4
358	4 8 20 2
359	11 4 13 15
360	19 16 14 12
361	8 14 11 3
362	19 7 13 20
363	17 16 20 15
364	15 7 1 18
365	12 15 5 10
366	5 11 4 19
367	4 6 16 15
368	7 19 18 13
369	11 16 7 17
370	13 17 16 3
371	10 15 4 20
372	16 13 2 5
373	9 1 10 13
374	20 2 11 7
375	12 19 18 16
376	9 12 17 10
377	18 15 6 4
378	15 14 19 13
379	8 18 20 12
380	11 2 9 18
381	3 17 5 19
382	6 4 2 13
383	6 18 17 9
384	6 12 8 18
385	9 6 2 7
386	18 2 11 17
387	18 9 1 3
388	10 3 15 20
389	13 17 19 11
390	20 6 11 12
391	16 4 14 17
392	17 5 19 18
393	17 6 1 2
394	9 18 19 8
395	5 12 6 10
396	1 20 18 11
397	1 17 19 4
398	16 10 8 15
399	5 13 10 17
400	15 13 11 9
401	9 14 3 7
402	2 13 4 14
403	19 18 14 3
404	18 14 19 17
405	10 12 5 20
406	14 11 16 5
407	6 20 15 17
408	4 8 18 1
409	20 4 11 16
410	3 19 16 18
411	19 17 11 8
412	12 14 16 5
413	8 16 6 4
414	14 19 16 11
415	7 2 10 17
416	13 4 14 12
417	17 8 13 7
418	9 15 2 4
419	6 11 10 5
420	4 8 17 7
421	1 12 14 13
422	20 12 19 7
423	7 17 12 2
424	18 19 17 20
425	14 4 8 9
426	6 2 18 20
427	2 1 6 14
428	18 4 1 13
429	3 12 20 16
430	6 2 11 16
431	9 8 7 10
432	19 2 5 8
433	1 6 17 11
434	12 19 5 15
435	20 6 14 19
436	3 10 17 12
437	7 11 2 6
438	15 14 12 7
439	3 18 19 9
440	4 10 17 8
441	20 13 14 1
442	7 5 1 11
443	18 19 6 7
444	7 12 3 18
445	3 11 17 19
446	1 3 16 17
447	8 17 20 1
448	15 11 8 3
449	11 8 15 3
450	6 9 18 15
451	17 19 8 13
452	9 10 13 11
453	19 9 16 1
454	20 11 8 7
455	12 8 13 11
456	9 14 8 15
457	18 11 17 19
458	7 19 10 12
459	16 10 13 20
460	15 2 10 6
461	7 5 6 9
462	19 13 16 15
463	6 19 15 5
464	4 12 16 13
465	7 4 12 9
466	11 20 4 1
467	1 5 18 17
468	11 15 19 6
469	16 18 13 10
470	20 10 2 13
471	3 8 11 9
472	2 20 17 1
473	7 14 5 13
474	15 3 12 10
475	1 8 14 9
476	2 9 13 5
477	8 14 10 15
478	17 8 11 7
479	16 10 14 12
480	7 4 13 16
481	14 6 3 1
482	10 15 2 17
483	1 13 18 19
484	11 13 5 7
485	17 13 10 16
486	3 10 19 2
487	7 15 20 8
488	9 3 12 7
489	17 15 3 7
490	16 8 19 1
491	4 12 20 6
492	7 15 1 18
493	11 2 15 9
494	3 13 4 15
495	16 19 2 1
496	12 16 5 2
497	6 14 11 2
498	6 16 14 11
499	9 19 15 18
500	4 16 10 15
Students	500
1	15 4 7 17
2	13 4 6 2
3	12 17 5 3
4	13 15 8 17
5	8 14 1 3
6	15 2 13 17
7	16 8 19 14
8	20 14 2 15
9	4 15 9 10
10	8 6 16 3
11	15 4 12 18
12	6 18 16 15
13	1 5 4 10
14	4 20 17 5
15	10 6 20 12
16	8 18 2 10
17	4 19 12 5
18	10 12 8 15
19	12 7 9 2
20	10 4 17 15
21	8 18 3 9
22	16 7 20 18
23	12 18 1 11
24	11 4 15 16
25	1 10 16 18
26	16 6 11 14
27	12 2 6 17
28	10 9 15 17
29	7 9 13 20
30	14 12 18 8
31	19 12 4 5
32	20 5 13 11
33	1 16 15 20
34	18 3 7 9
35	8 2 6 9
36	5 8 10 13
37	9 6 5 18
38	8 9 13 1
39	19 9 6 11
40	9 4 6 3
41	17 14 9 2
42	20 2 18 19
43	16 5 8 1
44	17 3 19 11
45	18 8 19 6
46	7 10 18 4
47	2 8 17 4
48	15 19 10 6
49	5 1 14 13
50	1 20 10 19
51	16 17 10 4
52	14 6 15 11
53	12 2 13 19
54	4 15 12 17
55	10 20 8 12
56	12 10 16 14
57	8 5 14 20
58	20 13 11 16
59	2 8 15 4
60	20 15 16 1
61	18 7 13 16
62	17 6 20 12
63	9 4 20 18
64	20 10 2 8
65	9 1 19 15
66	7 13 2 18
67	17 18 10 13
68	12 11 10 13
69	17 16 2 14
70	13 4 6 2
71	18 17 13 11
72	20 11 7 18
73	11 1 4 8
74	1 11 20 3
75	9 6 16 3
76	16 13 6 8
77	14 8 17 12
78	3 16 9 8
79	14 15 20 16
80	14 20 12 6
81	11 18 1 12
82	2 6 19 18
83	16 6 2 9
84	14 20 4 12
85	15 4 3 18
86	10 13 5 17
87	18 6 17 8
88	8 18 3 1
89	4 1 2 18
90	9 4 8 10
91	20 6 7 2
92	12 8 2 17
93	8 4 2 6
94	9 4 8 11
95	17 16 4 1
96	4 18 17 19
97	10 15 7 20
98	16 4 5 15
99	14 13 15 8
100	17 20 2 1
101	18 20 13 12
102	17 19 2 15
103	16 5 15 11
104	8 10 16 1
105	7 5 18 13
106	20 11 8 3
107	17 19 6 8
108	4 8 16 14
109	4 6 2 18
110	15 2 9 7
111	14 17 4 15
112	15 6 11 8
113	10 18 14 17
114	10 9 2 17
115	11 14 8 2
116	15 3 14 9
117	16 9 2 3
118	9 15 14 18
119	2 9 6 15
120	19 9 4 2
121	12 17 10 20
122	15 18 5 10
123	9 8 17 12
124	7 6 13 17
125	8 4 6 13
126	11 18 5 1
127	19 2 12 10
128	4 10 16 2
129	8 3 16 20
130	16 4 8 2
131	11 1 14 18
132	20 13 3 16
133	17 1 18 14
134	5 15 10 3
135	5 20 4 7
136	8 1 11 14
137	5 4 20 11
138	7 8 10 19
139	6 14 13 12
140	13 5 3 2
141	12 15 14 18
142	14 4 2 6
143	15 13 7 17
144	14 6 16 12
145	10 6 9 8
146	2 6 9 1
147	5 3 1 15
148	19 2 11 7
149	11 15 9 6
150	16 1 3 19
151	7 6 17 1
152	1 3 9 11
153	14 5 12 7
154	3 9 12 6
155	18 5 10 14
156	3 13 8 9
157	12 7 4 1
158	9 5 16 14
159	10 17 1 4
160	17 6 12 3
161	4 7 15 6
162	20 18 14 1
163	5 14 4 13
164	3 8 5 7
165	11 5 12 19
166	15 11 16 8
167	16 18 1 9
168	12 5 16 19
169	5 12 2 17
170	19 12 4 8
171	16 14 9 5
172	7 8 2 14
173	13 4 5 9
174	12 5 6 8
175	16 3 1 11
176	9 15 20 11
177	10 12 4 13
178	12 17 10 19
179	3 10 16 20
180	12 8 4 13
181	11 16 19 9
182	16 4 5 14
183	20 18 11 3
184	4 5 13 6
185	10 8 14 5
186	15 8 6 12
187	5 20 10 13
188	16 14 5 11
189	18 12 6 10
190	20 11 16 1
191	4 15 7 18
192	12 18 3 7
193	17 5 2 9
194	7 20 5 19
195	15 5 4 16
196	16 10 17 18
197	17 12 14 8
198	15 3 13 7
199	12 6 2 1
200	10 19 5 6
201	5 16 13 10
202	6 8 10 5
203	7 9 6 15
204	6 16 7 17
205	16 8 19 4
206	12 4 15 16
207	4 18 1 9
208	13 14 8 3
209	14 2 4 17
210	7 11 15 10
211	17 4 12 7
212	12 13 6 10
213	12 8 7 5
214	1 10 4 17
215	5 15 3 13
216	9 17 4 5
217	19 6 9 15
218	10 16 8 19
219	2 11 16 9
220	4 10 17 9
221	6 17 8 4
222	15 14 17 6
223	20 14 16 3
224	13 14 12 20
225	20 14 11 8
226	9 10 19 4
227	4 20 3 15
228	6 3 20 8
229	2 1 13 14
230	2 11 7 9
231	12 8 13 15
232	6 10 9 19
233	5 14 12 4
234	19 17 12 9
235	11 7 10 18
236	9 20 2 5
237	19 6 15 1
238	1 7 12 14
239	19 3 16 7
240	2 1 5 14
241	14 5 10 6
242	10 12 1 5
243	2 10 14 7
244	14 13 5 2
245	4 12 15 2
246	11 1 4 2
247	12 11 18 7
248	4 3 2 19
249	3 11 19 10
250	20 10 15 4
251	7 6 8 15
252	12 17 6 15
253	13 3 12 18
254	8 14 3 9
255	11 16 3 17
256	19 7 14 1
257	15 14 12 11
258	17 11 10 7
259	19 8 12 1
260	19 6 2 4
261	4 1 9 8
262	18 15 9 19
263	14 18 11 19
264	2 9 17 18
265	10 14 20 6
266	5 17 9 4
267	2 3 12 15
268	8 13 16 3
269	19 20 5 8
270	15 13 6 5
271	12 3 18 17
272	18 17 1 14
273	14 8 4 13
274	17 20 13 9
275	14 9 8 7
276	12 8 7 15
277	18 17 19 20
278	9 12 18 3
279	1 17 16 14
280	5 4 17 6
281	20 17 14 16
282	8 14 1 5
283	1 12 8 5
284	8 7 2 16
285	2 11 15 7
286	16 10 4 1
287	19 7 6 11
288	20 8 15 6
289	16 12 11 1
290	15 20 19 18
291	19 2 20 15
292	3 10 20 9
293	8 10 1 16
294	19 2 9 8
295	10 14 18 1
296	4 13 3 19
297	6 9 20 5
298	5 15 19 6
299	4 3 15 19
300	8 18 13 10
301	4 20 14 2
302	13 19 18 14
303	15 3 4 11
304	19 12 2 14
305	2 20 16 4
306	18 15 20 12
307	6 10 15 16
308	15 12 6 1
309	17 4 7 8
310	12 17 10 5
311	9 7 13 8
312	14 3 7 11
313	8 18 19 9
314	9 2 18 15
315	17 2 8 16
316	5 17 10 4
317	3 17 2 14
318	11 16 2 8
319	1 6 3 2
320	20 10 6 13
321	15 10 5 12
322	14 4 2 6
323	9 6 13 14
324	11 3 15 16
325	3 4 2 12
326	20 15 18 19
327	14 9 1 16
328	10 2 7 9
329	20 6 1 13
330	11 10 13 5
331	13 17 2 9
332	2 19 6 1
333	16 5 18 17
334	9 3 14 19
335	18 13 17 10
336	7 8 4 19
337	14 8 12 6
338	11 8 15 19
339	18 19 12 11
340	15 18 9 12
341	17 13 18 1
342	5 2 16 17
343	2 8 17 20
344	19 2 1 3
345	8 15 11 5
346	15 13 11 5
347	10 13 7 9
348	6 8 7 10
349	12 8 15 16
350	2 19 7 14
351	17 15 7 16
352	18 9 3 16
353	8 16 6 12
354	9 18 16 11
355	16 12 17 8
356	16 10 1 6
357	12 14 5 1
358	15 19 11 18
359	18 3 6 13
360	2 4 1 13
361	10 3 14 9
362	19 1 7 12
363	18 4 12 11
364	2 8 6 15
365	3 10 1 8
366	10 7 12 6
367	15 1 10 7
368	6 13 15 14
369	16 2 5 1
370	7 17 13 20
371	1 13 2 7
372	9 20 8 18
373	6 18 3 13
374	13 2 9 5
375	16 12 19 7
376	3 16 18 4
377	7 11 1 9
378	14 9 15 11
379	1 10 4 15
380	15 20 17 11
381	13 2 12 16
382	15 7 14 3
383	1 14 4 5
384	9 16 14 17
385	20 10 18 16
386	14 5 8 12
387	8 2 6 10
388	20 13 4 17
389	13 12 17 1
390	3 20 18 11
391	16 20 5 9
392	3 1 4 13
393	3 8 14 16
394	19 3 17 12
395	19 1 12 17
396	3 2 5 4
397	12 14 17 20
398	11 16 14 5
399	13 19 12 10
400	19 12 1 9
401	16 9 19 10
402	9 11 17 6
403	19 8 20 18
404	9 12 13 5
405	7 14 1 20
406	19 2 16 5
407	20 15 16 14
408	6 1 12 7
409	9 4 3 16
410	4 10 8 14
411	18 8 14 15
412	5 8 11 13
413	2 15 5 6
414	20 5 3 12
415	17 12 13 10
416	6 8 13 11
417	3 10 14 12
418	14 6 13 18
419	6 9 19 5
420	2 13 17 16
421	4 12 1 20
422	10 11 13 18
423	6 2 8 5
424	14 15 9 8
425	7 6 17 5
426	7 5 19 8
427	12 1 3 7
428	5 18 20 11
429	10 14 16 8
430	9 4 12 17
431	19 8 5 17
432	20 19 14 9
433	15 17 1 13
434	20 5 9 15
435	9 14 20 18
436	5 13 8 18
437	19 2 9 10
438	3 16 6 4
439	9 17 5 15
440	6 3 5 9
441	8 3 12 9
442	12 9 2 14
443	6 11 17 19
444	12 17 20 8
445	7 18 14 8
446	14 8 20 7
447	13 14 17 11
448	9 18 4 14
449	9 3 14 11
450	14 15 2 11
451	1 17 8 19
452	6 5 12 10
453	7 18 3 14
454	14 18 13 3
455	17 4 16 3
456	7 13 15 11
457	8 15 2 11
458	13 6 19 10
459	5 8 18 10
460	13 11 16 8
461	16 10 6 18
462	5 10 16 1
463	7 1 13 12
464	19 4 8 6
465	14 7 9 20
466	8 4 5 19
467	10 13 2 14
468	3 19 2 18
469	6 1 15 20
470	9 16 20 4
471	19 17 5 2
472	9 12 19 14
473	7 20 4 12
474	5 14 3 13
475	16 7 4 13
476	7 1 12 14
477	4 14 2 19
478	6 8 4 14
479	10 3 2 20
480	3 18 1 8
481	14 20 4 12
482	7 9 20 14
483	6 13 1 8
484	18 16 13 6
485	18 10 15 5
486	13 20 6 1
487	13 3 9 1
488	10 11 20 3
489	16 17 10 12
490	11 1 17 2
491	6 20 13 5
492	11 18 10 8
493	3 7 5 16
494	11 7 18 9
495	4 13 12 20
496	13 5 18 16
497	14 13 2 18
498	14 2 11 4
499	18 7 5 17
500	18 7 4 20
Students	500
1	13 19 3 8
2	3 9 7 19
3	8 9 18 17
4	6 12 10 2
5	18 19 6 14
6	20 15 10 12
7	3 16 17 19
8	6 8 2 13
9	16 15 6 9
10	18 14 5 4
11	10 19 4 16
12	10 11 17 19
13	6 3 18 15
14	2 14 1 5
15	13 16 3 18
16	17 19 2 6
17	13 2 6 12
18	12 3 9 20
19	13 2 10 20
20	13 2 18 20
21	14 17 8 9
22	18 20 5 19
23	15 14 2 8
24	20 2 5 16
25	13 9 12 18
26	3 20 10 17
27	10 7 18 8
28	12 10 9 4
29	8 18 7 10
30	7 5 4 6
31	2 19 3 6
32	14 13 15 8
33	2 1 16 3
34	5 17 4 20
35	12 19 7 6
36	12 13 14 2
37	17 11 3 15
38	18 13 14 17
39	10 14 17 11
40	19 17 4 15
41	2 20 11 6
42	20 15 2 3
43	4 9 2 7
44	20 11 16 6
45	11 4 12 16
46	9 5 18 1
47	11 7 1 6
48	16 5 15 14
49	9 13 17 16
50	17 12 7 4
51	2 4 8 12
52	20 13 7 6
53	5 3 2 6
54	20 4 18 14
55	2 14 9 18
56	14 16 20 10
57	1 6 10 12
58	1 16 2 20
59	5 19 11 2
60	5 19 12 10
61	19 2 13 15
62	14 6 13 12
63	14 18 17 5
64	4 3 20 15
65	1 15 5 2
66	4 5 14 17
67	13 12 1 6
68	1 4 5 14
69	6 2 9 18
70	5 16 7 2
71	3 11 5 2
72	3 12 11 14
73	6 3 11 16
74	17 18 13 7
75	3 20 18 8
76	9 13 8 10
77	18 11 9 16
78	10 3 11 15
79	3 16 8 1
80	7 12 1 5
81	18 2 9 4
82	2 8 6 3
83	13 15 19 20
84	1 11 4 8
85	15 5 14 8
86	13 4 2 8
87	17 15 2 7
88	17 10 18 7
89	20 11 5 17
90	4 6 17 14
91	12 2 3 1
92	19 9 2 15
93	7 17 19 10
94	17 20 18 1
95	3 1 14 12
96	10 4 2 18
97	6 13 1 4
98	2 1 17 13
99	20 3 19 12
100	3 16 5 15
101	11 3 1 19
102	14 7 20 13
103	6 17 4 5
104	6 18 12 9
105	7 5 2 19
106	8 10 5 16
107	5 14 19 2
108	9 8 17 18
109	19 14 20 18
110	8 14 1 3
111	1 7 19 15
112	9 12 2 13
113	15 2 11 7
114	20 17 18 19
115	7 6 14 17
116	9 16 17 6
117	11 15 4 17
118	14 19 7 9
119	9 13 18 4
120	1 6 12 10
121	12 18 13 10
122	6 5 8 14
123	1 2 11 5
124	9 13 1 12
125	2 1 18 6
126	5 2 6 8
127	10 6 2 13
128	16 18 15 10
129	7 2 8 19
130	9 7 12 10
131	1 7 10 13
132	8 9 16 6
133	3 15 17 20
134	16 4 9 2
135	10 11 4 18
136	8 20 12 13
137	7 5 17 8
138	1 12 14 6
139	6 3 13 17
140	4 2 14 7
141	19 10 8 20
142	13 15 5 6
143	16 19 3 11
144	5 11 13 15
145	17 16 12 13
146	11 9 12 14
147	10 7 14 16
148	9 17 8 3
149	14 18 3 15
150	12 17 19 10
151	2 8 7 1
152	11 7 16 20
153	15 13 16 6
154	10 14 18 9
155	1 8 4 15
156	5 6 15 9
157	18 16 12 2
158	18 15 1 16
159	20 5 15 13
160	10 13 18 9
161	16 14 19 15
162	15 16 12 19
163	15 11 8 17
164	11 8 18 12
165	7 4 20 14
166	18 12 16 2
167	15 6 13 5
168	2 4 19 17
169	12 17 20 9
170	19 3 5 1
171	12 10 7 4
172	6 13 2 3
173	14 11 19 9
174	7 1 11 16
175	10 8 6 4
176	16 5 11 13
177	5 6 15 10
178	3 10 18 15
179	5 3 20 8
180	11 8 12 7
181	19 13 4 3
182	18 13 19 17
183	8 9 18 7
184	20 19 4 12
185	14 2 9 12
186	16 2 1 15
187	8 20 9 13
188	17 12 13 6
189	1 15 18 11
190	12 8 1 4
191	20 6 5 2
192	18 1 17 19
193	19 18 1 15
194	13 3 7 2
195	8 11 12 18
196	6 19 16 8
197	5 19 9 7
198	17 6 20 14
199	12 10 6 18
200	5 18 3 1
201	17 6 19 20
202	9 4 5 7
203	10 1 12 19
204	11 13 3 4
205	15 12 10 20
206	15 6 18 2
207	7 11 17 16
208	14 11 3 15
209	11 15 6 12
210	18 13 10 9
211	16 9 15 6
212	2 15 17 7
213	8 18 17 10
214	10 19 9 14
215	2 12 13 7
216	3 17 14 19
217	3 12 10 6
218	1 20 10 15
219	12 1 8 9
220	10 1 4 12
221	19 10 13 15
222	19 9 5 10
223	4 2 6 12
224	13 15 9 2
225	3 11 8 14
226	17 10 20 16
227	20 6 2 11
228	10 8 20 13
229	14 18 9 8
230	17 4 9 10
231	16 12 15 3
232	7 20 3 13
233	14 20 19 9
234	10 17 20 7
235	13 2 20 5
236	5 4 7 10
237	5 1 15 10
238	16 10 13 19
239	14 7 16 13
240	4 1 15 3
241	13 15 12 14
242	15 1 13 19
243	7 2 18 11
244	11 20 8 17
245	12 15 17 14
246	7 6 10 14
247	2 19 16 13
248	8 18 9 19
249	19 2 5 13
250	3 13 8 1
251	2 8 7 9
252	15 5 11 1
253	3 7 1 14
254	19 17 16 5
255	16 1 17 2
256	14 11 20 8
257	10 6 15 9
258	1 16 7 2
259	19 18 20 14
260	15 9 20 7
261	1 9 19 11
262	8 4 17 10
263	10 15 4 18
264	16 12 5 14
265	4 20 7 14
266	20 19 9 16
267	13 19 12 14
268	2 3 19 4
269	8 12 20 13
270	5 11 14 8
271	14 11 1 16
272	4 2 15 19
273	14 10 18 19
274	6 17 16 12
275	6 14 7 16
276	14 19 20 6
277	2 15 7 6
278	1 10 19 4
279	10 13 4 6
280	14 2 20 18
281	19 12 13 5
282	2 3 18 15
283	1 2 15 18
284	14 20 13 18
285	20 3 13 1
286	16 10 15 18
287	12 15 1 20
288	9 12 7 18
289	3 19 5 16
290	7 17 12 16
291	8 19 20 10
292	18 11 15 20
293	12 3 17 19
294	10 3 2 19
295	2 17 3 16
296	6 5 17 11
297	16 6 8 4
298	15 19 14 2
299	16 9 4 1
300	12 2 7 11
301	14 11 4 19
302	4 6 10 16
303	4 3 14 19
304	8 18 6 11
305	15 4 16 14
306	12 9 20 17
307	1 20 19 14
308	8 16 7 5
309	19 5 9 8
310	6 20 14 4
311	11 9 13 8
312	18 5 19 15
313	20 10 8 18
314	7 6 5 19
315	7 15 14 18
316	6 13 7 4
317	15 14 16 20
318	9 4 5 8
319	4 1 9 2
320	18 6 15 19
321	9 15 19 10
322	16 11 9 3
323	19 20 14 17
324	15 16 6 7
325	2 19 6 12
326	5 1 18 11
327	19 13 3 14
328	11 20 6 13
329	19 3 17 5
330	9 20 3 2
331	6 14 9 7
332	17 2 13 5
333	10 2 1 16
334	11 1 5 12
335	16 4 10 1
336	9 10 17 5
337	12 20 11 8
338	19 18 20 17
339	8 5 18 12
340	7 16 1 11
341	2 6 1 12
342	18 7 19 14
343	1 11 3 5
344	19 4 8 6
345	12 19 11 9
346	7 10 19 18
347	12 15 9 20
348	10 8 20 13
349	19 17 20 6
350	4 8 20 6
351	4 1 11 15
352	15 7 11 2
353	13 7 9 16
354	19 15 9 11
355	5 6 11 4
356	1 3 14 5
357	19 3 13 10
358	20 16 13 10
359	2 19 7 20
360	4 2 16 1
361	15 4 5 9
362	10 15 13 19
363	5 14 17 19
364	17 16 13 11
365	13 9 10 16
366	20 1 16 18
367	12 18 7 5
368	6 11 3 20
369	3 5 2 16
370	17 10 11 3
371	6 3 13 18
372	18 14 15 19
373	17 7 9 12
374	3 7 2 1
375	19 10 7 18
376	13 3 11 5
377	2 16 3 14
378	17 8 14 19
379	8 2 3 19
380	17 6 18 5
381	5 10 6 11
382	13 17 3 9
383	7 14 6 4
384	20 12 18 7
385	16 17 20 4
386	13 5 1 3
387	7 1 19 9
388	19 8 6 14
389	15 2 3 9
390	5 19 18 4
391	17 18 20 8
392	8 11 15 7
393	5 9 18 3
394	8 6 5 7
395	13 12 19 15
396	1 17 12 15
397	6 8 3 1
398	17 14 9 16
399	4 17 8 1
400	11 5 9 1
401	11 4 3 5
402	17 6 13 18
403	12 19 13 2
404	13 2 17 6
405	7 15 16 17
406	19 9 15 3
407	10 15 4 11
408	16 4 3 8
409	20 11 15 3
410	19 4 20 12
411	6 5 8 16
412	19 15 12 18
413	3 1 13 5
414	15 11 6 14
415	7 12 18 15
416	8 5 17 16
417	19 10 5 11
418	2 1 9 18
419	11 2 6 7
420	15 2 17 3
421	9 8 5 18
422	5 2 16 8
423	19 4 16 6
424	20 15 17 16
425	14 20 19 13
426	2 1 16 3
427	20 16 1 18
428	6 14 9 4
429	3 6 15 2
430	7 2 5 18
431	10 13 19 18
432	8 15 9 11
433	5 15 6 17
434	16 12 17 7
435	15 4 7 13
436	7 9 8 12
437	13 19 8 2
438	2 16 15 18
439	10 5 8 2
440	7 6 2 12
441	8 12 3 16
442	16 11 9 12
443	19 12 10 13
444	7 15 19 17
445	5 10 12 20
446	2 14 12 5
447	10 15 8 18
448	13 3 6 7
449	5 20 3 19
450	13 8 2 18
451	19 4 10 11
452	16 10 6 14
453	15 11 1 5
454	15 14 2 7
455	19 13 10 20
456	18 20 10 19
457	13 19 17 10
458	9 20 7 1
459	13 8 17 10
460	6 2 8 14
461	1 2 19 10
462	15 18 16 4
463	11 19 4 6
464	7 12 10 15
465	6 19 17 18
466	3 16 14 13
467	12 9 13 4
468	8 11 2 12
469	10 2 4 12
470	5 10 6 9
471	14 5 17 3
472	20 7 9 2
473	7 18 12 9
474	3 18 14 20
475	12 15 2 16
476	6 8 16 2
477	17 9 14 18
478	10 19 15 3
479	14 8 4 9
480	18 6 12 16
481	3 19 1 15
482	12 15 20 7
483	1 4 3 8
484	7 11 17 18
485	4 16 5 20
486	4 5 11 20
487	5 11 16 3
488	12 20 2 7
489	16 13 15 6
490	15 8 6 19
491	8 13 1 12
492	2 10 4 15
493	3 17 18 16
494	17 4 7 12
495	2 15 16 6
496	16 17 19 13
497	12 18 7 6
498	6 10 9 16
499	6 2 14 20
500	15 19 5 9
Students	500
1	17 16 7 19
2	4 6 11 1
3	20 7 10 17
4	7 19 18 6
5	7 8 4 18
6	3 15 5 9
7	3 9 7 20
8	3 8 4 18
9	11 3 8 7
10	13 1 18 9
11	7 4 1 2
12	4 6 1 16
13	10 20 19 5
14	4 20 17 19
15	1 8 14 17
16	8 2 19 20
17	4 3 12 5
18	7 10 12 17
19	9 11 10 20
20	16 10 12 5
21	18 16 9 3
22	16 7 8 12
23	16 13 19 15
24	12 18 6 7
25	12 17 15 20
26	15 12 3 18
27	3 18 14 2
28	15 19 10 4
29	17 9 7 10
30	15 7 6 19
31	15 16 13 5
32	18 7 16 5
33	1 15 6 3
34	12 9 17 1
35	17 14 11 1
36	8 14 1 3
37	5 18 12 1
38	13 4 1 17
39	4 6 19 7
40	8 12 20 6
41	17 4 18 2
42	4 20 1 16
43	6 20 14 16
44	17 9 4 12
45	12 14 6 11
46	18 10 19 1
47	20 17 2 9
48	17 16 10 8
49	9 2 7 20
50	6 19 1 8
51	1 7 2 19
52	10 8 20 13
53	9 12 7 5
54	17 6 9 19
55	3 7 6 11
56	7 13 14 20
57	4 7 18 14
58	3 19 17 15
59	14 11 19 18
60	15 17 11 6
61	13 19 15 18
62	9 3 8 1
63	9 14 13 15
64	2 7 4 1
65	14 18 9 7
66	20 15 1 4
67	15 9 13 4
68	14 12 11 6
69	5 11 20 9
70	9 17 15 12
71	1 10 12 5
72	16 2 5 18
73	9 1 20 2
74	7 18 10 13
75	15 10 4 19
76	13 9 11 4
77	19 4 10 17
78	5 17 7 20
79	3 8 16 1
80	11 2 3 18
81	1 15 12 8
82	12 4 18 9
83	7 2 10 3
84	7 8 20 14
85	19 12 4 3
86	7 14 2 4
87	12 19 15 16
88	5 6 20 10
89	17 4 19 12
90	8 4 5 3
91	2 19 15 14
92	3 13 15 20
93	3 13 9 6
94	12 20 13 15
95	5 17 7 6
96	16 20 2 14
97	3 4 5 14
98	18 10 20 19
99	13 16 8 15
100	16 11 4 9
101	15 5 3 14
102	2 15 17 16
103	18 2 5 11
104	15 11 9 5
105	14 13 2 16
106	19 10 16 18
107	7 16 8 4
108	10 7 3 12
109	16 8 13 14
110	6 13 11 14
111	8 19 18 14
112	18 15 7 1
113	11 13 14 16
114	5 11 12 18
115	13 10 11 17
116	16 3 11 1
117	17 19 20 16
118	10 16 13 11
119	18 1 12 13
120	13 17 18 15
121	13 15 18 19
122	2 6 3 12
123	20 19 17 10
124	1 9 20 17
125	18 14 6 5
126	14 11 7 6
127	3 13 19 5
128	3 16 11 13
129	11 9 16 4
130	13 15 12 16
131	5 3 17 20
132	13 1 12 2
133	18 8 9 15
134	2 11 18 8
135	1 8 5 7
136	9 14 8 5
137	8 10 3 20
138	11 9 16 10
139	1 2 16 15
140	5 9 4 18
141	3 16 9 20
142	8 7 2 3
143	10 11 9 18
144	17 6 1 16
145	8 9 14 6
146	9 15 3 19
147	16 17 8 15
148	12 17 20 11
149	3 5 10 11
150	15 4 12 17
151	1 4 15 3
152	10 13 5 20
153	20 17 5 3
154	4 5 10 18
155	9 19 18 17
156	15 9 7 3
157	10 1 2 18
158	7 19 5 8
159	2 8 9 1
160	20 17 18 3
161	12 5 9 3
162	16 17 8 18
163	9 20 8 15
164	9 2 3 19
165	4 9 1 2
166	12 17 19 4
167	14 6 9 8
168	18 9 15 6
169	5 6 7 15
170	5 7 1 14
171	2 5 13 9
172	4 15 14 17
173	16 20 17 2
174	14 8 15 17
175	12 3 7 18
176	4 9 5 20
177	7 10 4 8
178	11 12 8 18
179	16 7 2 6
180	19 9 11 16
181	3 13 20 4
182	20 15 16 2
183	11 5 7 2
184	16 17 2 1
185	16 8 7 3
186	6 9 13 4
187	18 6 2 20
188	19 13 10 18
189	7 2 9 17
190	17 4 12 8
191	16 17 19 9
192	8 13 1 4
193	17 4 11 20
194	1 5 3 9
195	10 8 12 7
196	15 8 3 18
197	11 6 8 19
198	17 8 9 16
199	10 20 8 12
200	6 19 4 5
201	17 3 10 14
202	14 20 15 2
203	7 2 9 8
204	11 2 7 5
205	9 5 1 12
206	9 20 3 18
207	20 1 11 14
208	1 13 12 18
209	12 7 17 1
210	8 9 6 20
211	6 9 1 7
212	19 7 8 16
213	1 13 6 8
214	4 2 16 19
215	20 1 11 17
216	14 1 19 18
217	2 19 3 13
218	5 3 14 4
219	10 13 14 19
220	11 1 6 5
221	14 2 13 5
222	8 10 7 15
223	12 7 9 13
224	11 12 14 16
225	6 5 15 9
226	8 5 3 6
227	18 14 19 6
228	13 14 12 20
229	9 6 1 11
230	12 16 6 17
231	9 3 5 8
232	15 13 3 7
233	2 7 14 8
234	11 17 14 5
235	3 6 5 18
236	17 20 1 3
237	18 14 17 13
238	12 1 2 13
239	16 14 19 2
240	1 18 15 14
241	17 5 15 8
242	3 19 20 5
243	18 1 4 8
244	11 2 8 5
245	17 15 3 16
246	13 11 18 19
247	5 16 10 14
248	16 10 4 13
249	8 20 2 6
250	12 3 13 17
251	17 3 7 2
252	12 19 16 8
253	17 8 13 12
254	15 20 1 4
255	2 9 3 12
256	4 17 8 12
257	13 15 7 12
258	7 9 16 2
259	2 11 3 15
260	11 10 1 4
261	9 2 3 7
262	1 14 2 12
263	6 11 16 20
264	12 15 5 17
265	16 3 5 9
266	10 16 5 17
267	1 17 7 12
268	7 20 1 17
269	13 14 9 1
270	2 20 7 13
271	2 13 7 19
272	6 14 17 10
273	19 10 14 7
274	1 6 17 20
275	6 20 10 3
276	1 6 8 14
277	6 17 14 18
278	13 20 17 4
279	2 1 16 15
280	2 7 3 13
281	20 13 9 10
282	14 11 9 7
283	3 2 20 1
284	10 14 13 20
285	17 8 10 7
286	16 19 9 15
287	7 8 2 18
288	4 13 5 12
289	20 14 15 16
290	19 15 16 3
291	14 18 16 12
292	19 20 14 9
293	7 14 5 10
294	19 2 1 10
295	7 20 16 10
296	14 4 13 3
297	2 9 8 16
298	18 13 12 10
299	20 17 5 4
300	9 19 7 1
301	7 18 17 14
302	10 3 14 18
303	12 14 5 1
304	13 8 10 9
305	5 16 12 17
306	12 14 17 13
307	1 16 4 14
308	8 2 12 20
309	8 13 17 2
310	20 10 15 3
311	15 16 13 2
312	12 9 2 8
313	18 2 14 5
314	3 16 9 8
315	15 12 9 20
316	11 20 9 10
317	16 14 10 7
318	3 5 14 12
319	3 16 15 11
320	17 8 15 3
321	6 8 1 11
322	2 16 10 12
323	9 18 12 8
324	10 2 7 16
325	4 7 3 19
326	4 20 17 2
327	14 3 2 19
328	16 8 1 10
329	19 4 18 10
330	18 1 9 2
331	10 5 9 12
332	18 12 8 9
333	6 18 8 14
334	9 19 15 6
335	19 17 11 5
336	11 12 4 14
337	18 15 16 8
338	15 16 3 9
339	20 2 5 17
340	18 11 17 12
341	9 15 16 19
342	18 19 5 15
343	15 16 8 9
344	6 12 3 13
345	3 1 11 13
346	9 11 17 12
347	3 2 15 12
348	4 1 12 10
349	15 13 9 14
350	5 19 12 20
351	2 9 8 20
352	6 19 10 8
353	9 16 1 4
354	12 1 2 6
355	8 17 6 11
356	17 15 3 4
357	12 2 3 13
358	3 13 6 4
359	13 16 7 9
360	8 3 13 6
361	9 18 1 11
362	11 9 15 3
363	12 15 3 10
364	6 2 1 7
365	18 9 16 2
366	11 7 16 15
367	18 19 13 7
368	11 20 8 3
369	19 6 7 14
370	1 2 15 19
371	1 10 4 2
372	9 19 7 12
373	6 7 5 3
374	5 6 12 2
375	6 20 5 19
376	3 11 15 13
377	20 3 1 13
378	5 16 17 8
379	11 12 8 19
380	3 17 19 4
381	6 18 8 19
382	9 2 3 18
383	9 4 5 3
384	2 4 17 14
385	16 19 9 13
386	8 2 16 9
387	1 5 20 17
388	13 8 14 11
389	1 14 2 6
390	2 6 10 8
391	15 18 14 11
392	19 11 10 8
393	5 18 13 12
394	11 2 7 12
395	6 15 11 9
396	11 16 7 1
397	1 10 9 7
398	10 3 16 2
399	3 9 16 15
400	6 2 19 10
401	9 7 16 10
402	5 7 20 12
403	1 7 16 12
404	9 19 13 17
405	14 20 3 1
406	17 16 7 6
407	6 14 9 1
408	10 17 14 9
409	16 17 14 5
410	14 15 8 9
411	13 10 3 20
412	5 13 15 11
413	10 14 17 3
414	4 3 12 16
415	20 7 18 3
416	10 1 14 5
417	18 2 19 1
418	20 2 15 18
419	12 7 8 9
420	19 18 13 5
421	20 8 19 11
422	1 9 10 5
423	13 10 5 4
424	5 20 13 12
425	13 4 14 12
426	19 4 7 17
427	18 16 4 2
428	15 16 17 4
429	3 7 14 20
430	15 9 3 14
431	18 8 5 11
432	20 1 6 18
433	5 6 1 12
434	11 16 10 5
435	16 4 5 9
436	9 17 14 12
437	3 15 9 14
438	14 7 10 9
439	18 10 13 3
440	14 11 12 5
441	15 3 4 8
442	20 18 13 11
443	14 3 12 20
444	19 5 20 15
445	16 9 18 11
446	6 10 11 8
447	16 19 11 2
448	9 8 3 7
449	17 19 14 20
450	12 13 19 4
451	2 20 12 13
452	15 20 18 17
453	6 5 10 15
454	13 15 11 17
455	13 7 17 8
456	16 3 4 8
457	7 19 13 1
458	16 3 9 6
459	8 15 14 19
460	16 12 10 15
461	19 2 10 3
462	10 2 7 14
463	11 7 12 4
464	7 9 2 3
465	16 17 13 11
466	14 8 20 1
467	13 1 14 4
468	2 9 13 8
469	5 11 10 13
470	18 16 7 19
471	15 1 19 17
472	4 8 16 3
473	18 3 16 12
474	13 5 18 6
475	19 1 13 5
476	9 14 2 15
477	7 12 19 8
478	11 2 14 12
479	8 1 13 18
480	7 20 10 13
481	15 11 13 18
482	13 12 4 17
483	11 20 8 3
484	6 18 15 1
485	8 7 6 11
486	4 16 10 1
487	19 15 8 4
488	7 3 4 20
489	18 10 1 11
490	1 10 8 12
491	3 1 5 16
492	7 9 1 16
493	2 15 8 9
494	7 17 14 9
495	1 16 4 7
496	19 17 4 10
497	9 1 4 11
498	4 16 11 20
499	12 18 20 2
500	12 17 9 15
Students	500
1	8 16 2 4
2	4 13 18 8
3	17 1 16 10
4	5 11 16 15
5	9 4 14 10
6	19 5 2 9
7	9 11 8 17
8	11 20 16 1
9	5 16 11 6
10	16 13 7 2
11	6 14 7 20
12	12 7 9 2
13	7 17 12 19
14	7 14 3 8
15	10 7 15 14
16	17 18 19 11
17	5 2 19 10
18	15 17 3 2
19	19 15 8 18
20	17 6 4 16
21	7 8 16 11
22	19 18 9 16
23	7 18 9 19
24	6 11 12 15
25	7 18 19 5
26	7 11 16 17
27	8 9 6 20
28	18 1 17 2
29	13 19 4 5
30	11 15 14 3
31	12 10 8 20
32	3 17 5 9
33	7 14 2 17
34	12 7 1 2
35	12 5 16 6
36	5 13 2 4
37	20 7 8 17
38	16 13 4 1
39	17 19 14 16
40	12 13 16 17
41	2 13 8 1
42	11 2 16 1
43	20 7 17 12
44	13 10 2 7
45	12 9 20 16
46	9 20 3 15
47	16 10 6 13
48	3 20 2 10
49	12 17 6 11
50	12 18 9 14
51	11 13 19 14
52	5 2 3 13
53	1 2 7 17
54	16 15 6 2
55	19 15 11 5
56	16 9 12 14
57	17 13 3 6
58	6 12 16 10
59	5 4 16 7
60	13 18 16 17
61	5 15 6 8
62	12 11 2 8
63	5 7 8 16
64	12 8 16 5
65	19 20 6 3
66	15 17 9 10
67	9 7 13 12
68	20 17 19 9
69	15 12 4 6
70	3 6 7 15
71	12 6 4 17
72	3 10 11 17
73	15 2 17 19
74	5 9 16 2
75	10 13 11 7
76	17 6 19 13
77	14 20 15 1
78	18 12 5 13
79	19 2 6 11
80	14 8 12 20
81	13 16 20 3
82	7 14 10 15
83	3 12 4 15
84	6 16 12 14
85	2 11 7 5
86	11 17 2 18
87	17 2 13 1
88	5 10 15 18
89	14 12 19 5
90	12 11 17 2
91	4 12 17 8
92	19 2 8 18
93	14 2 10 11
94	11 8 10 6
95	16 17 18 13
96	20 10 5 12
97	14 19 11 9
98	14 8 7 10
99	12 4 16 2
100	15 14 6 10
101	15 6 13 17
102	13 14 2 5
103	18 3 17 16
104	20 1 3 18
105	12 6 16 13
106	13 7 6 15
107	2 9 17 1
108	12 1 14 6
109	19 16 1 17
110	7 14 16 19
111	6 14 1 18
112	1 8 16 7
113	5 13 10 12
114	5 10 8 17
115	12 1 10 6
116	10 1 15 18
117	7 5 2 3
118	13 5 18 6
119	13 9 4 5
120	7 11 20 9
121	10 9 14 5
122	9 11 14 7
123	6 1 17 20
124	13 9 4 2
125	16 4 18 7
126	10 1 7 15
127	9 8 15 4
128	16 20 9 7
129	6 13 12 1
130	9 4 3 19
131	5 6 12 9
132	6 2 9 16
133	10 9 17 5
134	18 4 1 2
135	16 19 11 20
136	2 8 7 1
137	3 12 2 10
138	13 10 7 4
139	20 1 5 6
140	11 13 19 4
141	7 11 16 3
142	9 10 4 18
143	11 17 5 8
144	1 2 7 18
145	1 11 9 4
146	4 15 18 1
147	18 19 12 9
148	17 1 9 5
149	19 20 3 8
150	8 6 13 19
151	11 4 10 19
152	1 19 4 18
153	10 18 4 20
154	12 8 6 16
155	7 18 13 2
156	10 9 20 11
157	8 19 16 12
158	13 10 5 15
159	8 7 17 11
160	5 1 14 9
161	11 13 7 15
162	3 15 20 9
163	13 9 18 8
164	1 17 5 9
165	10 8 7 6
166	5 16 9 3
167	20 12 11 14
168	12 5 14 10
169	18 20 15 19
170	7 10 14 4
171	7 8 18 14
172	10 17 9 13
173	19 1 16 18
174	20 13 9 7
175	17 12 18 13
176	8 19 1 17
177	20 12 1 19
178	19 7 2 3
179	4 15 20 9
180	17 9 5 8
181	9 20 4 16
182	5 3 1 2
183	18 12 9 1
184	2 16 1 19
185	12 2 16 1
186	19 8 5 15
187	13 16 20 18
188	11 17 18 13
189	3 17 16 8
190	2 4 7 12
191	20 11 14 5
192	20 10 7 17
193	13 7 9 2
194	7 6 12 8
195	1 7 4 2
196	3 8 17 7
197	3 15 20 13
198	7 1 18 9
199	4 18 14 10
200	1 14 3 2
201	9 7 18 8
202	20 16 2 1
203	17 2 11 18
204	19 4 10 16
205	3 6 19 8
206	9 20 4 10
207	7 9 19 1
208	5 14 10 9
209	2 16 5 20
210	11 2 19 16
211	18 19 13 10
212	18 20 3 6
213	10 16 15 7
214	1 10 12 14
215	5 13 4 1
216	18 14 3 17
217	9 11 18 7
218	11 6 4 19
219	12 9 5 2
220	2 15 5 9
221	13 9 19 1
222	8 9 18 7
223	8 5 13 16
224	14 13 2 7
225	10 15 7 5
226	2 13 1 11
227	10 17 8 18
228	15 7 9 19
229	9 10 3 2
230	4 11 6 10
231	15 17 4 3
232	4 5 14 8
233	17 14 15 18
234	19 15 5 9
235	12 6 5 14
236	3 18 14 17
237	4 12 9 18
238	3 2 10 9
239	12 5 20 8
240	6 15 1 12
241	17 10 6 1
242	16 13 2 20
243	2 15 1 6
244	1 20 14 11
245	14 7 15 9
246	19 17 13 7
247	16 7 3 8
248	9 14 4 16
249	10 18 7 6
250	20 18 10 11
251	9 14 10 7
252	16 13 11 18
253	8 2 18 3
254	15 17 9 4
255	18 8 4 12
256	4 11 16 3
257	17 10 12 6
258	3 1 9 7
259	3 15 2 12
260	19 18 9 12
261	6 14 15 7
262	17 9 11 19
263	7 20 16 1
264	13 2 11 5
265	5 7 11 2
266	14 1 13 4
267	3 14 13 17
268	10 3 9 8
269	3 16 15 6
270	1 9 20 7
271	8 11 16 12
272	3 6 13 19
273	12 4 7 14
274	18 13 1 15
275	10 6 19 1
276	1 3 13 15
277	6 3 2 19
278	1 17 20 5
279	5 7 3 13
280	18 8 1 3
281	13 7 9 3
282	7 2 18 6
283	13 6 20 5
284	5 3 17 9
285	18 16 8 6
286	11 8 5 9
287	6 1 10 17
288	16 14 15 6
289	13 6 14 10
290	2 19 10 5
291	1 17 19 6
292	15 13 4 20
293	12 10 16 20
294	6 1 12 16
295	20 11 2 5
296	14 18 1 2
297	19 2 16 10
298	5 10 18 15
299	7 19 3 14
300	19 5 2 16
301	11 10 14 5
302	11 7 1 16
303	6 7 4 3
304	9 8 16 11
305	17 12 15 2
306	9 2 19 14
307	8 3 20 14
308	17 1 18 7
309	8 18 15 12
310	16 15 3 17
311	5 6 3 2
312	3 8 15 5
313	18 1 16 19
314	4 16 17 7
315	3 18 8 14
316	17 2 15 18
317	3 1 18 13
318	19 8 12 4
319	17 2 1 4
320	14 20 6 10
321	20 18 4 5
322	16 19 13 15
323	14 16 13 19
324	5 3 2 4
325	19 15 6 20
326	1 17 12 7
327	9 20 17 19
328	17 5 19 10
329	9 14 18 12
330	3 16 11 6
331	20 9 14 2
332	14 20 9 6
333	19 2 13 15
334	18 13 9 16
335	3 14 16 5
336	8 19 10 17
337	4 13 5 19
338	18 19 7 15
339	18 19 2 20
340	15 8 19 20
341	20 2 18 5
342	14 18 11 4
343	12 17 11 14
344	16 2 13 4
345	1 8 20 19
346	6 19 2 3
347	4 13 5 14
348	4 1 9 3
349	7 2 15 13
350	19 13 20 3
351	18 20 13 19
352	2 16 12 19
353	19 12 16 7
354	2 1 18 20
355	12 16 17 20
356	9 8 3 5
357	15 20 2 9
358	6 2 20 13
359	20 13 7 9
360	8 15 7 1
361	7 12 3 4
362	1 5 15 18
363	2 17 9 1
364	10 15 7 1
365	5 15 19 20
366	15 10 8 7
367	14 10 3 11
368	16 9 7 4
369	12 9 2 5
370	9 19 6 12
371	15 14 16 12
372	3 8 2 11
373	7 19 14 1
374	17 13 7 18
375	18 4 2 20
376	10 12 7 17
377	4 20 16 14
378	15 16 13 9
379	3 13 4 14
380	11 6 8 1
381	14 4 15 8
382	10 15 19 6
383	18 13 17 20
384	12 14 11 8
385	7 6 11 10
386	7 2 19 1
387	9 2 4 18
388	16 6 19 1
389	13 3 8 5
390	15 7 13 19
391	13 20 10 18
392	20 3 8 10
393	15 13 19 7
394	15 3 20 10
395	6 1 13 17
396	1 19 16 5
397	11 5 1 16
398	10 13 15 2
399	5 6 18 3
400	3 14 9 16
401	16 4 7 9
402	3 17 10 20
403	17 10 6 20
404	8 13 10 14
405	1 16 4 19
406	20 5 4 8
407	6 17 19 18
408	16 6 2 14
409	2 4 16 19
410	19 11 4 9
411	5 1 15 14
412	20 13 6 17
413	18 9 14 5
414	3 12 15 20
415	14 10 4 17
416	4 15 12 17
417	14 18 10 4
418	16 7 15 2
419	6 1 3 19
420	1 5 10 19
421	14 4 20 18
422	16 9 8 14
423	5 4 16 8
424	19 18 9 2
425	13 11 7 3
426	13 15 7 9
427	2 20 7 14
428	4 15 14 11
429	16 20 3 9
430	2 13 14 17
431	5 3 20 14
432	6 15 17 3
433	13 8 10 12
434	5 1 4 3
435	7 10 18 9
436	13 15 12 2
437	19 13 10 11
438	18 14 7 20
439	14 7 15 10
440	7 13 4 15
441	10 20 19 7
442	19 12 3 15
443	16 12 4 2
444	15 4 20 16
445	16 9 13 15
446	15 9 14 5
447	20 17 2 1
448	3 16 9 2
449	2 3 19 20
450	10 18 6 9
451	15 18 20 16
452	12 15 17 5
453	9 19 12 6
454	8 2 10 15
455	18 20 13 17
456	1 6 18 15
457	17 13 18 9
458	7 20 1 9
459	20 4 12 6
460	4 1 19 18
461	12 13 5 2
462	2 3 12 6
463	10 5 19 16
464	6 3 7 12
465	13 8 7 11
466	10 7 14 16
467	16 13 20 14
468	5 20 19 9
469	18 16 3 12
470	10 16 5 13
471	7 3 18 11
472	6 15 12 3
473	18 19 15 3
474	7 18 20 12
475	10 2 8 4
476	19 16 20 18
477	6 15 10 3
478	3 17 7 8
479	20 15 3 12
480	15 11 16 4
481	14 12 16 8
482	4 13 3 19
483	6 12 17 15
484	12 6 10 9
485	4 7 20 10
486	11 18 12 14
487	17 7 1 6
488	14 6 20 13
489	11 6 3 8
490	20 1 7 5
491	12 16 13 6
492	10 14 19 6
493	17 8 13 2
494	15 14 5 6
495	3 18 11 8
496	2 20 18 5
497	12 8 4 15
498	20 18 2 9
499	20 2 1 15
500	16 2 3 17
Students	500
1	2 10 4 12
2	13 9 10 4
3	3 5 11 12
4	1 11 5 6
5	12 2 1 19
6	6 8 12 4
7	6 10 11 20
8	16 19 11 1
9	11 20 18 7
10	18 5 10 9
11	16 6 15 8
12	18 7 5 12
13	9 5 20 15
14	20 3 6 5
15	11 15 2 1
16	17 5 12 6
17	8 15 9 12
18	8 4 2 5
19	15 19 16 5
20	9 19 6 2
21	1 10 2 13
22	13 11 1 19
23	19 1 8 17
24	9 8 15 19
25	8 4 9 17
26	11 14 10 1
27	11 3 9 16
28	10 11 1 9
29	7 1 2 8
30	15 2 18 17
31	6 3 11 5
32	11 18 14 5
33	14 6 10 5
34	6 16 3 20
35	5 6 11 8
36	18 17 19 1
37	7 17 5 16
38	12 5 14 10
39	4 19 11 13
40	16 3 9 19
41	7 19 1 15
42	7 18 13 11
43	1 11 12 3
44	7 2 17 15
45	1 10 16 8
46	10 5 8 1
47	9 8 4 16
48	11 5 18 14
49	13 15 14 9
50	1 12 19 7
51	3 1 16 7
52	16 15 9 10
53	7 16 8 12
54	6 8 17 2
55	6 9 18 7
56	11 17 15 13
57	18 12 5 1
58	7 8 14 9
59	13 17 4 6
60	9 3 11 2
61	16 3 6 5
62	17 15 4 18
63	8 4 11 13
64	4 20 12 14
65	5 1 12 13
66	12 10 11 16
67	11 14 5 8
68	10 7 13 1
69	11 2 19 8
70	6 20 14 11
71	15 11 20 5
72	17 5 13 19
73	3 13 14 5
74	2 13 18 5
75	4 17 2 10
76	3 13 9 11
77	10 15 16 7
78	5 9 3 15
79	19 14 12 4
80	20 4 6 8
81	4 5 20 7
82	12 14 2 15
83	3 5 20 18
84	9 10 2 11
85	2 18 9 4
86	18 8 5 3
87	5 3 1 12
88	19 5 6 4
89	20 9 19 3
90	11 14 1 18
91	13 6 11 1
92	14 8 11 15
93	3 8 5 15
94	20 15 3 8
95	10 8 9 6
96	16 4 8 17
97	18 14 8 3
98	4 18 12 3
99	11 5 2 20
100	16 2 17 3
101	18 6 9 13
102	9 20 16 19
103	20 1 15 9
104	18 10 2 1
105	16 13 5 15
106	11 2 19 5
107	11 7 1 15
108	6 11 9 18
109	15 14 2 19
110	16 18 14 9
111	2 9 4 18
112	6 5 10 3
113	9 5 8 18
114	2 15 13 14
115	18 5 19 9
116	7 6 4 14
117	1 14 20 10
118	16 2 13 17
119	1 10 7 11
120	5 7 17 3
121	2 18 5 15
122	7 3 11 10
123	16 8 18 13
124	3 9 1 12
125	10 1 18 4
126	6 4 14 7
127	18 7 1 16
128	6 12 8 9
129	5 15 13 4
130	1 2 11 4
131	14 19 7 18
132	17 14 11 9
133	20 4 8 18
134	5 17 4 10
135	5 2 20 13
136	16 8 5 19
137	6 2 14 17
138	17 19 2 4
139	6 17 7 9
140	20 11 1 13
141	16 20 10 15
142	19 13 15 16
143	16 11 4 10
144	4 3 10 17
145	13 10 17 7
146	20 18 1 10
147	4 12 3 10
148	11 10 12 7
149	16 4 5 17
150	14 17 4 20
151	1 14 15 20
152	16 18 19 15
153	15 14 19 8
154	7 18 10 9
155	6 2 8 10
156	19 7 2 8
157	4 8 6 15
158	17 11 12 7
159	1 16 8 7
160	19 3 9 13
161	11 14 6 8
162	20 16 2 13
163	12 15 6 13
164	5 20 7 8
165	2 6 16 5
166	6 15 3 18
167	11 9 5 1
168	8 16 18 20
169	13 7 14 5
170	12 4 9 2
171	6 1 19 17
172	9 7 17 1
173	2 9 11 16
174	18 1 11 19
175	3 15 5 20
176	18 16 1 11
177	1 15 3 14
178	9 10 20 16
179	10 9 12 13
180	20 5 7 10
181	8 11 10 5
182	15 7 8 4
183	18 19 14 17
184	1 16 8 11
185	18 5 7 14
186	19 15 12 16
187	6 12 8 1
188	20 12 6 2
189	3 6 14 9
190	17 10 4 9
191	3 11 12 17
192	8 13 5 17
193	11 6 19 16
194	7 17 16 10
195	12 19 2 7
196	5 1 6 18
197	12 3 17 18
198	1 5 17 20
199	9 7 5 1
200	12 17 3 19
201	18 8 13 19
202	20 18 7 13
203	18 17 13 16
204	18 6 16 20
205	14 15 13 17
206	8 10 2 18
207	8 20 17 3
208	10 9 7 18
209	20 10 8 15
210	3 18 19 8
211	5 8 19 9
212	12 10 11 7
213	6 17 7 3
214	4 3 19 9
215	5 2 7 14
216	10 1 15 5
217	4 19 13 3
218	11 15 12 3
219	14 7 15 8
220	6 19 20 12
221	8 17 18 14
222	11 4 2 1
223	17 13 11 3
224	6 11 7 2
225	1 20 16 12
226	2 1 9 7
227	11 13 14 6
228	9 1 19 20
229	16 10 3 20
230	13 17 18 3
231	2 4 11 13
232	11 15 10 18
233	20 7 8 14
234	18 14 9 20
235	14 8 10 19
236	5 1 19 9
237	6 4 13 17
238	5 7 19 18
239	18 9 8 17
240	12 2 5 18
241	1 12 7 18
242	9 11 12 2
243	9 15 13 5
244	20 15 14 1
245	10 12 13 5
246	4 17 8 5
247	17 18 15 13
248	4 9 2 12
249	4 5 14 13
250	5 11 15 20
251	5 12 2 7
252	16 9 13 7
253	5 7 2 12
254	20 14 17 19
255	10 3 18 1
256	3 13 2 20
257	17 13 20 15
258	13 11 10 16
259	3 4 19 5
260	11 3 15 1
261	11 14 13 4
262	12 2 9 20
263	15 19 11 20
264	11 10 12 19
265	7 19 9 13
266	18 11 5 4
267	12 2 6 5
268	10 7 8 2
269	13 20 12 3
270	9 11 7 6
271	4 7 15 17
272	13 6 16 7
273	8 18 17 11
274	1 8 19 15
275	5 11 20 1
276	14 13 19 5
277	3 14 7 20
278	17 3 2 13
279	9 19 2 4
280	11 16 5 4
281	6 5 1 19
282	13 16 20 15
283	6 17 18 14
284	5 19 14 18
285	1 9 17 4
286	8 14 20 12
287	11 19 20 3
288	15 12 7 2
289	3 13 18 6
290	4 12 2 14
291	11 18 10 14
292	17 7 6 10
293	13 16 3 12
294	2 5 10 16
295	15 9 13 5
296	7 19 5 6
297	18 6 20 2
298	9 18 13 16
299	13 17 18 1
300	16 13 14 1
301	18 4 7 9
302	10 1 14 5
303	1 17 18 16
304	8 10 12 15
305	19 12 18 7
306	10 15 8 6
307	10 9 13 12
308	9 12 4 8
309	10 17 12 20
310	2 13 18 10
311	14 9 4 16
312	4 17 8 7
313	3 20 15 11
314	10 20 6 15
315	10 18 9 13
316	10 9 11 20
317	2 19 8 15
318	16 17 8 14
319	2 15 9 12
320	3 19 4 1
321	15 5 12 10
322	10 7 15 12
323	17 5 18 6
324	1 20 11 17
325	16 5 9 10
326	19 3 17 4
327	4 16 1 12
328	4 2 5 7
329	13 6 8 19
330	8 12 19 15
331	16 9 17 8
332	11 1 12 15
333	20 19 1 6
334	1 17 3 16
335	11 5 8 15
336	15 16 19 5
337	2 16 9 17
338	12 3 9 19
339	6 8 9 14
340	4 6 20 2
341	14 9 3 17
342	10 17 16 15
343	13 2 20 14
344	19 12 18 8
345	1 2 20 5
346	11 6 20 7
347	2 9 7 3
348	8 7 12 5
349	13 19 11 9
350	8 4 10 12
351	5 18 13 12
352	3 10 20 9
353	9 11 18 13
354	13 1 12 10
355	16 1 20 7
356	14 15 17 8
357	8 4 16 5
358	19 2 20 1
359	20 14 17 13
360	15 1 7 12
361	7 8 14 12
362	11 14 20 19
363	20 5 6 14
364	7 9 19 3
365	15 2 8 9
366	20 11 17 4
367	8 17 16 11
368	9 15 18 11
369	9 13 19 2
370	20 18 7 12
371	3 7 16 4
372	10 14 6 4
373	20 13 5 10
374	1 5 15 20
375	10 11 15 9
376	11 18 1 20
377	8 13 20 14
378	13 3 4 10
379	3 1 16 12
380	10 7 15 1
381	12 7 16 10
382	19 6 12 16
383	10 6 17 1
384	9 6 11 8
385	10 17 20 8
386	15 8 7 6
387	3 1 7 11
388	12 10 11 3
389	11 6 5 13
390	10 6 9 1
391	15 14 5 2
392	13 10 12 7
393	18 3 8 11
394	14 16 1 12
395	3 14 16 15
396	13 8 16 12
397	9 1 13 16
398	9 5 19 8
399	20 19 1 16
400	19 8 16 6
401	4 14 17 19
402	11 20 12 14
403	18 9 13 10
404	9 3 19 10
405	8 2 9 15
406	3 11 4 19
407	1 17 2 12
408	16 11 15 7
409	19 6 10 11
410	4 16 20 10
411	11 18 14 6
412	12 1 11 13
413	6 14 8 11
414	5 17 1 12
415	8 5 6 13
416	11 12 15 20
417	20 8 7 2
418	10 19 4 12
419	6 8 17 14
420	14 17 18 3
421	3 20 12 4
422	8 11 20 1
423	7 18 1 10
424	19 1 11 8
425	5 6 14 19
426	19 18 16 2
427	6 16 7 3
428	19 14 6 1
429	7 18 11 2
430	13 3 4 18
431	14 20 3 18
432	9 5 11 15
433	16 11 15 17
434	1 5 15 14
435	11 5 8 6
436	9 10 6 2
437	10 12 7 9
438	7 4 17 10
439	3 2 18 12
440	2 18 16 9
441	13 9 11 7
442	14 15 2 6
443	3 6 20 7
444	7 14 2 13
445	5 15 20 2
446	11 15 2 4
447	5 11 15 3
448	6 8 20 5
449	11 13 4 19
450	17 20 2 6
451	2 6 8 13
452	1 4 2 5
453	18 7 11 13
454	4 7 19 18
455	17 11 16 18
456	2 5 10 9
457	5 3 11 6
458	17 5 10 6
459	7 2 10 1
460	3 6 20 5
461	14 19 4 1
462	6 10 12 9
463	17 4 20 7
464	9 5 1 20
465	15 18 10 16
466	20 12 11 2
467	16 13 1 8
468	16 4 19 20
469	15 9 16 10
470	8 20 9 15
471	10 13 6 9
472	1 20 8 14
473	8 20 7 14
474	19 2 20 12
475	3 7 12 10
476	17 6 10 19
477	13 7 8 15
478	7 16 4 5
479	13 12 2 18
480	20 6 4 10
481	16 9 8 15
482	14 11 7 17
483	15 1 2 4
484	4 12 17 11
485	20 13 8 6
486	9 1 5 7
487	13 2 6 1
488	9 12 20 14
489	16 19 18 11
490	6 4 8 2
491	6 4 20 2
492	20 3 6 4
493	1 2 19 9
494	2 5 12 3
495	15 17 16 5
496	6 20 4 1
497	4 5 11 19
498	13 18 11 2
499	12 20 17 7
500	13 15 9 1
Students	500
1	7 18 3 11
2	12 17 15 4
3	8 18 11 19
4	16 18 15 10
5	16 7 19 4
6	8 7 16 15
7	1 7 16 18
8	1 2 19 5
9	10 17 1 3
10	10 18 15 1
11	1 14 7 15
12	18 9 8 15
13	13 3 18 16
14	8 2 19 15
15	14 9 8 1
16	13 9 10 6
17	11 15 3 20
18	19 7 5 4
19	17 3 14 18
20	7 13 1 19
21	1 6 16 8
22	6 8 16 4
23	2 6 10 16
24	12 4 6 14
25	2 12 19 8
26	5 20 19 4
27	14 12 18 2
28	7 15 19 9
29	14 15 1 16
30	12 3 20 13
31	13 1 3 10
32	17 18 2 10
33	16 11 18 6
34	10 9 13 11
35	1 2 4 9
36	1 9 3 15
37	20 9 2 7
38	7 2 9 8
39	1 6 2 17
40	19 14 18 6
41	3 6 12 13
42	14 8 1 6
43	16 12 1 19
44	16 4 1 13
45	3 9 4 12
46	5 13 18 20
47	6 19 18 7
48	10 4 1 9
49	18 16 1 15
50	2 3 5 11
51	7 12 15 6
52	14 7 19 20
53	11 6 18 16
54	14 8 7 20
55	18 9 19 16
56	13 17 9 8
57	13 16 19 11
58	10 12 13 17
59	4 8 11 7
60	11 7 1 15
61	11 7 15 14
62	4 10 20 1
63	12 2 6 4
64	10 2 7 12
65	4 8 18 20
66	8 6 15 19
67	13 11 4 20
68	2 9 15 11
69	14 8 17 9
70	2 20 18 14
71	19 2 11 5
72	2 11 14 17
73	15 6 4 17
74	11 7 6 1
75	5 15 6 12
76	15 2 18 5
77	17 4 11 13
78	7 11 13 15
79	7 9 17 1
80	19 7 16 2
81	2 17 3 20
82	17 5 13 8
83	19 14 2 18
84	9 3 8 17
85	13 10 20 9
86	11 3 7 9
87	8 10 13 18
88	16 9 14 10
89	10 16 7 19
90	4 14 6 18
91	16 8 11 15
92	1 13 16 4
93	14 3 18 12
94	11 12 9 20
95	1 5 16 13
96	17 20 10 11
97	6 16 7 8
98	10 12 11 6
99	14 5 11 8
100	8 17 6 16
101	15 5 10 3
102	2 3 9 4
103	15 7 20 6
104	17 1 16 9
105	4 3 11 12
106	20 12 4 10
107	3 12 9 7
108	20 1 3 9
109	20 14 6 13
110	15 9 1 13
111	12 19 6 14
112	1 5 13 15
113	4 10 13 19
114	16 3 15 5
115	15 8 4 17
116	1 6 4 16
117	3 8 5 16
118	19 13 8 12
119	10 9 8 20
120	19 16 18 12
121	12 1 10 14
122	15 13 14 6
123	13 18 8 20
124	6 14 13 16
125	15 4 20 14
126	11 3 2 12
127	3 5 14 9
128	13 3 5 20
129	5 12 14 15
130	12 2 1 7
131	11 20 13 1
132	4 16 13 14
133	7 20 13 11
134	15 1 16 10
135	12 10 9 1
136	15 11 18 6
137	12 10 17 8
138	14 12 15 4
139	17 3 18 16
140	2 17 1 12
141	1 3 16 8
142	4 2 14 3
143	7 11 6 4
144	13 15 2 1
145	13 11 5 17
146	2 17 5 1
147	17 15 9 13
148	1 6 14 19
149	2 15 20 12
150	2 3 9 1
151	7 19 14 16
152	7 16 5 11
153	11 5 2 13
154	11 15 13 17
155	4 15 13 12
156	9 2 11 15
157	12 1 14 2
158	14 17 4 12
159	4 1 14 16
160	15 7 17 18
161	11 6 12 8
162	11 20 9 16
163	10 15 19 14
164	2 7 12 1
165	8 15 11 20
166	20 10 11 6
167	16 2 7 10
168	4 13 19 18
169	10 14 2 8
170	7 13 4 18
171	10 1 3 4
172	15 19 4 18
173	10 11 19 13
174	15 20 17 12
175	16 14 2 4
176	8 17 20 9
177	14 18 7 1
178	3 18 15 20
179	5 6 8 14
180	12 7 5 17
181	7 1 3 11
182	15 2 1 11
183	5 9 2 16
184	16 17 1 13
185	8 20 7 11
186	20 1 4 11
187	12 13 9 15
188	6 8 9 3
189	19 1 9 17
190	15 1 10 5
191	17 8 1 3
192	18 19 10 11
193	6 10 17 11
194	20 12 4 18
195	15 20 13 14
196	5 19 3 16
197	10 13 16 2
198	13 18 10 8
199	18 6 2 4
200	4 11 8 20
201	3 17 6 4
202	11 17 16 2
203	11 12 9 20
204	9 1 16 19
205	6 12 15 10
206	4 13 5 3
207	12 18 16 14
208	8 15 12 7
209	7 5 20 13
210	19 16 20 6
211	9 16 6 15
212	17 7 19 8
213	15 12 20 7
214	16 3 11 17
215	16 7 15 4
216	13 16 10 7
217	16 17 14 6
218	3 13 17 1
219	8 13 15 11
220	7 8 1 13
221	1 18 8 4
222	16 6 1 20
223	18 6 10 1
224	16 17 4 8
225	8 18 19 12
226	18 4 5 10
227	6 5 13 8
228	6 19 20 17
229	9 20 8 6
230	17 3 11 10
231	9 4 5 18
232	5 3 7 17
233	7 16 10 18
234	18 14 3 13
235	13 11 4 1
236	15 9 16 6
237	6 12 10 2
238	10 17 18 1
239	18 16 10 3
240	7 2 16 15
241	1 9 17 20
242	20 10 19 18
243	20 3 7 10
244	10 13 3 18
245	13 12 14 9
246	8 16 1 20
247	9 1 11 16
248	14 5 20 4
249	14 18 6 15
250	9 11 16 19
251	12 16 3 20
252	6 4 1 8
253	4 17 5 2
254	9 5 20 8
255	19 15 17 8
256	8 7 12 17
257	8 16 12 9
258	11 16 20 13
259	9 13 6 1
260	16 14 10 17
261	17 16 10 1
262	18 15 12 17
263	5 20 18 4
264	19 1 3 8
265	3 15 20 17
266	18 15 13 20
267	17 1 10 3
268	16 4 8 20
269	9 13 12 7
270	14 5 7 11
271	13 18 1 8
272	7 12 8 19
273	3 11 13 1
274	4 5 6 8
275	4 10 13 17
276	20 9 18 2
277	12 9 3 4
278	12 15 5 16
279	4 7 18 3
280	11 13 9 14
281	12 19 17 14
282	13 19 16 2
283	13 5 4 9
284	8 1 14 7
285	9 16 11 13
286	4 6 8 18
287	3 7 11 12
288	19 2 8 14
289	13 2 3 10
290	4 6 2 8
291	7 6 13 10
292	2 10 17 1
293	8 14 5 2
294	19 2 3 12
295	18 16 12 19
296	17 10 12 6
297	18 15 7 10
298	16 9 8 6
299	13 10 16 12
300	12 1 9 2
301	20 18 15 8
302	4 5 8 1
303	2 3 15 13
304	16 20 19 14
305	12 5 9 4
306	4 8 18 15
307	17 4 14 16
308	17 10 13 16
309	11 8 12 4
310	2 18 15 9
311	8 15 16 2
312	8 20 7 15
313	7 16 11 5
314	9 10 16 6
315	3 17 15 1
316	19 3 17 13
317	17 3 19 12
318	7 16 11 4
319	16 9 15 10
320	11 20 3 15
321	16 8 4 6
322	3 1 4 5
323	14 18 11 5
324	19 7 4 14
325	14 2 11 15
326	3 9 19 8
327	9 17 15 8
328	19 20 16 4
329	8 1 10 2
330	8 12 18 19
331	5 12 19 13
332	18 4 9 16
333	19 13 8 6
334	2 12 19 6
335	3 11 9 13
336	1 10 11 2
337	20 10 8 16
338	6 3 2 17
339	6 5 15 10
340	7 12 4 5
341	6 19 10 15
342	19 17 20 5
343	19 2 4 16
344	5 18 16 9
345	15 1 4 6
346	20 19 13 2
347	18 2 6 5
348	7 8 10 15
349	6 8 4 15
350	20 19 9 15
351	2 18 3 17
352	8 17 5 1
353	15 13 2 7
354	10 7 6 4
355	14 1 4 20
356	9 15 5 10
357	1 7 16 6
358	11 12 17 13
359	12 10 6 15
360	15 1 19 14
361	1 15 8 2
362	16 6 8 2
363	11 14 9 2
364	5 3 18 6
365	4 10 17 9
366	4 8 1 16
367	16 7 14 12
368	5 3 10 17
369	11 14 5 16
370	3 6 19 7
371	6 9 15 16
372	5 15 1 3
373	8 10 20 19
374	9 14 4 3
375	3 6 7 12
376	14 2 9 1
377	10 17 19 9
378	16 17 9 2
379	5 17 9 14
380	2 15 4 19
381	6 1 16 4
382	18 1 2 13
383	6 20 10 11
384	7 12 15 8
385	1 19 3 2
386	9 19 1 20
387	9 11 17 6
388	6 2 5 17
389	18 4 15 3
390	17 3 11 9
391	19 16 5 3
392	9 1 10 4
393	11 1 18 8
394	6 14 7 13
395	20 19 6 8
396	4 17 2 12
397	4 3 8 14
398	2 20 4 7
399	9 4 7 15
400	14 7 18 19
401	20 19 7 6
402	3 7 5 15
403	14 11 15 12
404	15 6 2 9
405	2 13 14 15
406	12 18 5 13
407	15 4 17 2
408	16 3 19 12
409	18 7 10 5
410	8 12 18 2
411	8 7 19 5
412	6 13 7 4
413	8 6 5 20
414	20 3 19 7
415	18 10 13 16
416	7 10 12 18
417	5 12 17 1
418	13 4 10 17
419	17 19 13 3
420	5 8 3 10
421	9 2 7 6
422	14 17 19 20
423	11 4 14 10
424	10 13 9 12
425	8 16 6 3
426	5 12 6 8
427	1 11 7 5
428	7 3 5 20
429	2 6 10 7
430	15 1 20 13
431	14 5 15 1
432	4 5 16 11
433	1 14 6 17
434	4 20 6 3
435	2 4 3 1
436	9 12 16 6
437	1 20 18 15
438	5 12 17 11
439	7 17 2 11
440	20 19 15 11
441	4 20 10 16
442	2 14 13 17
443	13 19 15 10
444	14 16 11 15
445	8 15 9 2
446	20 1 14 2
447	9 12 7 19
448	17 6 1 5
449	20 9 4 14
450	11 15 6 19
451	12 6 20 1
452	13 7 1 12
453	16 10 1 14
454	3 16 13 5
455	4 14 13 16
456	8 2 5 13
457	18 14 3 1
458	17 8 5 10
459	6 7 2 19
460	3 2 19 18
461	7 11 8 6
462	6 2 12 1
463	7 11 18 5
464	2 10 19 3
465	14 18 6 2
466	2 13 1 4
467	12 6 7 2
468	2 19 16 11
469	13 1 16 9
470	18 1 5 12
471	8 17 10 1
472	19 13 18 3
473	8 18 11 13
474	11 13 10 7
475	2 9 3 6
476	5 4 20 2
477	5 7 17 15
478	15 2 6 5
479	17 12 8 15
480	5 1 17 12
481	19 16 17 7
482	19 14 2 5
483	7 9 13 18
484	4 12 5 18
485	5 2 10 14
486	13 5 6 9
487	16 6 1 7
488	13 1 9 20
489	8 6 9 10
490	17 18 12 14
491	17 20 6 14
492	3 4 9 6
493	16 3 13 20
494	7 12 4 1
495	16 9 20 18
496	10 4 8 12
497	12 11 19 16
498	8 9 13 6
499	5 19 10 12
500	15 17 12 11
