Course	Room	Teacher	Time	Students
010957	TH3F	1167978	1	0145661 0982172 1170479 
006023	DAL204	0213446	1	0254082 0480377 0787159 0945809 0954240 0971073 0988826 1005548 1006105 1008967 1017492 1029210 1044791 1056024 1056815 1063875 1065646 1065732 1066982 1067251 1067297 1067382 1077413 1077683 1080272 1080808 1081250 1086867 1087116 1088636 1088785 1090564 1092187 1094929 1099178 1100383 1100625 1102030 1104151 1122905 1139478 1141167 1146782 1149344 1150758 1162008 1163391 1169331 1169386 1169962 1169968 1170071 1170470 1170479 1171002 3069991 3070344 3070881 3072447 3073004 3073138 3073143 3073146 3073568 
006848	PK328	0031347	1	0254082 1025460 1080654 1084909 3072594 3079862 3081669 3085649 3089081 3089892 3093369 3094719 3094992 3097636 3099359 3100835 
008763	PK338	0899465	1	0254082 0917334 0988625 0999689 1056024 1083594 1086710 1087116 1088785 1161960 1165961 1169331 1170709 3068353 3070374 3071136 3074167 3074711 3079862 3080198 3080473 3085728 3087493 3088124 3088521 3090785 3092431 3093697 3095625 3099704 3100408 3100678 3102153 3102380 3102915 3104541 3105046 3105802 3105821 3106074 3106953 3107589 3112067 3195980 
003007	CARP25	0222805	1	0480377 0856128 0948568 1001894 1008967 1021751 1034405 1078819 1081249 1081917 1131602 1139392 1146782 1150758 3072477 3073066 3076896 3077064 3085513 3089651 3102057 3104731 3107980 
003009	CARP15	0375562	1	0480377 0906447 0945264 0966414 0998972 1026650 1056963 1078836 1131602 1160658 3073004 3073169 3077472 3085403 
008782	CAN314	0576472	1	0480377 1088690 1161132 3073702 3074891 3078408 
006500	PK229	3198623	1	0672478 0821922 0918549 0992186 1008925 1017492 1025623 1028249 1029787 1055078 1055590 1059677 1076531 1088120 1088690 1093044 1094929 1096113 1096152 1116854 1136830 1170860 3064977 3070374 3087347 3087407 3088352 3091573 3092880 3092999 3093221 3094287 3094695 3099468 3099729 3102884 3104653 3104658 3105862 3106068 
009263	DAL112	3196642	1	0672478 0773276 0909942 0917165 0992189 1058893 3099957 
002568	PK236	1168490	1	0700408 1017339 1171297 
007397	CARP13	0603646	1	0731629 0852608 0914076 0986367 0989395 1003100 1055441 
009322	PK243	0127086	1	0731629 0757321 0896929 0915648 0915885 0919283 0945959 0958879 0959200 0960037 0960497 0964596 0971315 0972660 0988990 1002248 1005068 1007348 1007554 1013197 1016434 1025460 1036225 1049299 1055078 1055590 1067933 1068371 1143723 1150699 3073666 
010961	EHIII	0492451	1	0731629 0852608 0914076 0945449 0999733 1003128 1005112 1015275 
008500	DAL318	0031619	1	0746213 0751788 0827963 0906085 0907596 0913989 0945635 0967042 0971073 0972633 0976318 0988544 1006405 1009104 
006525	PK200	1075274	1	0751788 1067251 1076238 1096152 1169360 
001845	CARP21	0123161	1	0756739 0849713 0907217 0920095 0970262 0991672 0993268 1045379 1056688 1067297 1067933 1079993 1082907 1083626 1090564 1099059 1128560 1158007 1158026 3071015 3073357 3076930 
001862	TH104	0031557	1	0757321 0915885 0920095 0945969 0959200 0966299 0989590 0992744 1003020 1006744 1021867 1029566 1029787 1036442 1038420 1049299 1055290 1078921 1083594 1084909 1172397 
002855	PK25	0031573	1	0757321 1056024 1056910 1066982 1076531 1077683 1079756 1080654 1080808 1082708 1087116 1087490 1088120 1088214 1099178 1102354 1112377 1141167 1161482 1161960 1162008 1162293 1163278 1163326 1163391 1163417 1163664 1163855 1163860 1164190 1164206 1165573 1165961 1166163 1167438 1167714 1167996 1169386 1170709 1170820 1171905 3070017 3070476 3070881 3071136 3072397 3072890 3073146 3073568 3074289 3074314 3074634 3074711 3074792 3074891 3074965 3075163 3075371 3075829 3076456 3076489 3077033 3077623 3077762 3079369 3079370 
007008	TAYE	0316015	1	0757321 0852502 1000750 1004324 1005427 1006899 1056738 1056970 1059677 1065148 1067862 1078390 1080757 1112377 1121871 1149344 3075745 3085504 3085986 3087493 3088124 3088651 3092431 3095009 3095928 3099359 3102057 3106525 3107658 
006562	PEMSTD	0031573	2	0773276 1002706 3074023 
011056	CAN311	3198619	1	0773276 0911936 0998799 1004968 1007952 1025522 
001183	PK11	0406445	1	0779081 0912439 1055078 3082398 3090785 
001444	TH102	0031403	1	0779081 0901262 0911361 0954830 0987276 0993532 1010741 1056281 1077815 1078819 1083627 1095157 1117264 1169968 3073066 3074551 
001473	TH251	0024218	1	0779081 0900240 0912439 0913880 0950504 0993532 0999195 1005149 1007196 
001836	TH110	0205229	1	0781523 0870197 0948390 0972660 1005102 1006105 1008925 1017492 1036225 1040045 1040874 1058180 1064752 1065148 1077874 1078896 1080648 1080757 1082315 1082842 1084057 1085106 1088558 1092187 1095157 1099178 1102030 1111549 1116854 1122905 1139478 1143639 1143723 1150699 1159063 1160158 1160614 1170823 1171002 1171905 3064940 3068353 3068712 3071015 3072208 3073169 3073507 3074314 3074965 3075371 3075829 3078500 3080198 3082682 3085986 3087444 3088117 3088978 
002160	GIL210	0301910	1	0781523 0870197 1010643 1017492 1034405 1041559 1045379 1056688 1056980 1059572 1064605 1066309 1066778 1082315 1082907 1084057 1085106 1088558 1088785 1090933 1099059 1101406 1116854 1119989 1133174 1134358 1142418 1143290 1143639 1150699 1150965 1158007 1160158 1169962 1170303 3068712 3072484 3077762 3078073 3080595 3093770 3095719 3096547 3099165 
006846	TAYG	1167884	1	0781523 0870197 0954240 0960068 0970193 0970262 0988263 1006405 1017444 1020150 1021867 1029566 1029787 1038671 1055290 1058048 1067460 1068371 1076009 1076989 1078921 1079366 1088785 1090933 1101406 1104216 1111549 1119989 1134358 1150965 1170303 3064940 3067556 3070406 3072484 3073357 3078073 3080333 3080595 
004017	GIL101	0031578	1	0795445 0832653 0900240 0959304 1017832 1019006 1039831 1065271 1076923 1078896 1079564 1085106 1095717 1099059 1104669 1169109 3078408 3099467 3104731 3107658 
006044	DAL105	0431634	1	0795445 0909240 0945449 0959337 0967988 0970193 0999715 1000355 1001039 1002248 1002405 1005112 1024283 1036027 1058223 1064780 1068052 1068526 1077482 1081917 1086916 1143290 3077471 
006059	EHII	0619470	1	0795445 0896929 0909240 0915622 0945449 0945959 0958879 0959337 0964596 0967988 0987613 0999715 1000895 1001039 1002248 1002405 1005112 1007394 1016434 1068052 1086916 
001168	TAYD	0309967	1	0821922 0871681 0904516 0909091 0917883 0920095 0952783 0957333 0988263 0989432 0991668 0993517 1010643 1021017 1038420 1045379 1055078 1056281 1078680 1080303 1081101 1082907 1085324 1087081 1088180 1088882 1095157 1129814 1170823 3073138 
010725	GOA	3092941	1	0825970 0833266 0912781 0920248 0959919 1005720 1080398 1081250 1102354 
008479	CARP25	0031619	2	0827963 0906618 0909942 0971073 0976318 0987937 0988544 0991120 1000750 1006405 1009104 1032929 1050781 1064270 1073544 1082799 1084017 
008485	CARP17	0031553	1	0827963 0906085 0906618 0945635 0986094 1016434 1019827 1032929 1077003 1079614 
001547	TAYSEM	1054236	1	0828394 0993517 1076234 1087782 1167438 3100897 
001561	ROSTUD	0031756	1	0828394 0964596 3070374 3086400 3098799 
003277	RCSEM	0675005	1	0833266 0952594 0987243 1001039 
007372	PK229	0603646	2	0833266 0911807 0919158 0952443 0959200 0991120 0993517 1003128 1025508 1041140 1042335 1044791 1055441 1056600 1060299 1065732 1066431 1066924 1095717 1102354 1122784 1139478 1143290 1150720 1169382 1169402 1170033 3064977 3074167 3075188 3089651 
002413	PK278	3207943	1	0847790 0999896 1056910 1066007 1066683 1082905 1086927 1097648 1098210 1104356 3070090 3074930 3080592 3092360 3103038 
003008	PK10	3195619	1	0847790 0877028 0911807 1002241 1007799 1021751 3077064 
003027	PK227	0375562	2	0847790 0877028 0907063 1001894 1002241 1056963 1058048 1077294 1078819 1080792 
003031	TAYB	0375562	4	0847790 0907063 0971315 0993268 
004873	EHLEC	3194193	1	0849713 0853988 0904918 0956475 0966303 0968216 0988355 0988631 0991668 1001887 1004206 1007348 1064385 
004888	TAYC	0032827	1	0849713 0912699 0913946 0919776 0920251 0966303 0970262 0988355 0989401 0991229 0991668 1001887 1004206 1007348 1085324 
004369	PK128	0138190	1	0852148 0908461 
005202	PK227	0056990	1	0852148 0985440 1041140 1056600 1057592 1080648 1116854 1143265 3094722 3107589 
002399	RCCON	3208421	1	0852192 0897034 0906085 0920237 0976421 0999896 1001806 1053370 1065945 1066007 1076854 1082905 1134015 1146215 
002712	GOCOM	0468281	1	0852192 0917732 0945809 0952008 1000939 1016793 
008810	TH251	0576472	2	0852192 0904347 0920095 0945034 0976421 1000895 1004733 1006799 1076274 
010971	PK232	0912672	1	0852502 0911802 0944831 0952008 0967411 1042335 1163417 3073507 3094906 
003484	EHSEM	0031353	1	0853174 0945034 0952008 0993506 0998815 1039943 1065238 1065646 1066335 1085061 1088192 1105086 1160614 3071734 3072397 3110771 
007125	GOB	0162976	1	0853174 0867125 0906447 0911802 0918074 0920237 0945264 0966414 0986262 0987600 1001196 1004968 1007799 1016996 1019674 1040818 1067483 1076246 1076922 1078648 1084185 3085403 
005156	PK336	0493855	1	0853988 0907596 0913115 0913989 0945449 0985440 0986367 0992186 0992796 1005112 1007882 1018817 1021017 1039679 1041140 1056320 1066308 1066431 1066924 1076274 1078646 1080894 1090564 1095814 1101336 1121871 3073692 3079272 3095009 3100876 
011046	PEMSTD	3194197	1	0859409 0945635 0986688 0993268 1005971 
005199	EHII	0493855	2	0865582 0909216 0991769 0995269 1007134 1039679 1055441 1056688 1065271 1080303 1088972 1160158 3076618 3085083 3094722 
005247	TH251	0493855	4	0865582 0917732 0976244 0986688 0992186 1076783 1088173 
008467	DAL100A	0125630	1	0865582 0913989 1000750 1002606 1005346 1020695 1025035 1082799 1086710 1133174 1143639 1170370 3076576 
009304	TAYB	0493856	1	0865582 0909216 0915648 0963528 0986688 0999833 1172030 
004023	PK273	1167978	2	0867125 1143639 1169402 
007113	DAL105	0316015	2	0867125 0919776 0920251 0920400 0981989 0986688 1001905 1013071 1025623 1040818 1066679 1067382 1067483 1067748 1076922 1083626 1086489 
007127	PK180	0162976	2	0867125 0902541 0911802 0913115 0913946 0915740 0918074 0918519 0919776 0920237 0920251 0945264 0966414 0967793 0976421 0981989 0982172 0992223 0999689 0999712 1000990 1001196 1005068 1006899 1007134 1007799 1007882 1016996 1067483 1068052 1076922 1083812 3085403 
001852	PK300	0409956	1	0868541 
007380	TH111	0987494	1	0868541 0914076 0945969 0986367 1004324 1008282 1067502 1080272 1102030 1124785 1146370 1169360 3072910 3086238 3095924 3112067 
001166	EHI	0135660	1	0871681 0903917 0904516 0918064 0950504 0958984 0966077 0966299 0986807 0987937 0991763 0992189 0992616 0993551 1006744 1007554 1007842 1017444 1021867 1078921 1080303 1092999 1101350 1102030 1115477 1170071 3064940 3085521 
001213	PK349	0031471	1	0871681 0918064 0965861 1025508 1037745 1079993 1137955 1170479 
001248	EHSEM	0031471	2	0871681 0903917 0918064 0954830 0966077 0966299 0986807 0991763 0992189 0992616 0993551 1007554 1007842 1037745 
001749	PK337	3208212	1	0877028 0998885 1096152 3072447 3080612 3087433 3103807 
007034	CARP21	1075274	2	0877028 0906447 0992223 1018183 1056738 1056970 1067862 1080792 1100899 1111901 1171461 3073143 3096693 3105612 3106074 3110771 
011066	PK264	3195964	1	0877028 0920400 0967793 0988245 1000990 1005346 1056738 1058421 
006042	TAYF	0409737	1	0896929 0909240 0915622 0952008 0954830 0964596 0967988 0970193 0987600 1000355 1002405 1005082 1006438 1006444 1007196 1007394 1009729 1016434 1018936 1020520 1024283 1040818 1049929 1056722 1064780 1067334 1068052 1076989 1077161 1081917 1088384 3073169 3077471 
001838	PK180	0168763	1	0897034 0959919 0999826 1000355 1005427 1006799 1018174 1032432 1037745 1040618 1049050 1053370 1062675 1065183 1065238 1065732 1066679 1076238 1076783 1086802 1096822 1100338 1100899 1117264 1122784 1126639 1131602 1136830 1141729 1157688 1169341 1170370 1170757 3071313 3073143 3074634 3079376 3085504 3085513 3094722 3105821 
002472	THTL	0493725	1	0897034 0907150 0907217 0909560 0914290 0914299 0945584 0949279 0980693 0991672 0993169 0999896 1000122 1005102 
004882	PK273	0531931	1	0897034 0970262 1056270 1058421 1085324 
004852	CARP15	3194193	2	0897911 0944831 0968216 0973811 0980544 1001806 1007779 1032769 1084462 1085324 3074570 3090362 
010953	TH224	0058557	1	0897911 0905682 1005346 1056217 1058421 1064270 1066335 1080398 1083812 1095349 1100338 1117142 1126639 1142212 1150720 1157688 1164190 1170033 3064977 3070440 3071734 3073300 3074734 3103807 
011079	TH111	1167851	2	0897911 0907150 0909560 0910403 0918775 0920248 0952211 0988271 0991672 0998815 0998885 1004997 1016793 1088192 
002367	GIL210	0493725	2	0897931 1005315 1039943 1056012 1056910 1058242 1067334 1079085 1083430 1086710 1086927 1087490 1097648 1101336 1149270 1169382 1171414 3068772 3071136 3072447 3073300 3073507 3073692 3074001 3074930 3074965 3076489 3079369 3080473 3080592 3085810 3087720 3088117 3089611 3097347 3098330 3103445 3107993 3195980 
002992	DAL204	3195619	2	0897931 0906618 0909560 0958879 0963413 0987347 0998799 1005315 1007952 1030369 1032929 1049929 1055348 1056910 1067241 1067334 1076246 1079363 1079564 1088180 1088365 1090564 1095814 1098099 1102530 1121871 1144234 1146215 1157047 1157506 1161482 1163664 1170703 3073507 3073568 3073666 3073702 3074001 3076489 3077336 3077809 3080473 3080612 3080794 3080937 3081368 3085509 3087352 3087449 3092360 3092972 3093190 3095105 3095649 3095842 3096962 3099757 3099774 3100989 3105046 3105511 3105612 3105820 3105854 
004733	PK278	1084458	2	0897931 1017840 1020520 1037338 1082919 1099662 1111549 1166163 3090519 3094573 3099822 3104489 3106131 
010956	GOA	0024663	2	0900240 0947693 0993169 0999195 1007196 1017840 1056281 1082919 3090519 
002869	TAYD	0004955	2	0901262 0910403 0915648 0919283 0988625 0998351 1007394 1017412 1028249 1037338 1038303 1056281 1058180 1076085 1080894 1088558 1089147 1098099 1111549 1133174 1157047 1161132 1163278 1169341 3077623 3097953 3104899 
004735	GOB	0004955	3	0901262 1058893 1076877 1094520 3074551 
010932	PK349	3098022	2	0901262 0960084 0966268 1010741 1077815 1082919 1172355 
004666	EHI	0775640	2	0903917 0906896 0966094 0966299 0973811 0992189 1001039 1001351 1007799 1020520 1034405 1038671 1057261 1076009 1085061 1105086 1128560 1142212 3075745 3085509 
001894	TAYB	0123161	2	0904516 0911936 0986094 0989590 1004733 1056980 
005243	GOCOM	3094620	2	0904516 1039679 1064752 1076783 
004278	PK264	0017611	2	0904680 0966268 1003644 1005548 1076299 1086867 1117320 
004280	PK128	0031577	2	0904680 
004282	PK200	1165566	2	0904680 0912439 0966268 1056096 
010960	DAL318	3092941	2	0904918 0910403 0912699 0945034 0952211 0959919 0965861 0965925 0980544 0990668 1015275 1079444 
001151	TH110	0309967	2	0905682 0984724 1041559 1057261 1076877 1078198 1087116 1087782 1092116 1092999 1096470 1101350 1103391 1105842 1117264 1128560 1129814 1140609 1143717 1160614 1161482 1163326 1163860 1166163 1169962 1170703 1170709 1170820 1172355 3071015 3072293 3082830 3086536 3086747 3087347 3089276 3089611 3089636 3090537 3091295 3092599 3093174 3093221 3094033 3094719 3095387 3096149 3097158 3097347 3098754 3098796 3099448 3099467 3099468 3099704 3099729 3099822 3100824 
008765	PK338	0428728	2	0906085 0908998 0918775 0999826 1007348 1020150 1025623 1059572 1065271 1066982 1067460 1079268 1087490 1087938 1088365 1093044 1100536 1100537 1101336 1102354 1122784 1129708 1141167 1160614 1167438 1169382 3071313 3072063 3073692 3075829 3076190 3076456 3076576 3077336 3077623 3081669 3087449 3088812 3092972 3094908 3095588 3095630 3095928 3096149 3096592 3097903 3098883 3099165 3099590 3100824 3100989 3103445 3105820 3107993 
011063	RCCON	3195964	2	0906447 0915740 0982172 0999712 1010750 1056203 1059677 1101031 1171461 3081061 3085810 3106074 
001839	TAYC	3202080	2	0906896 1003644 1004225 1006438 1017832 1020150 1035148 1041559 1049299 1067460 1079771 1082150 3112067 
001890	PK11	3208554	2	0906896 0915885 0989520 1084909 
011075	PK232	1063828	2	0906896 0909091 0960068 0966077 0989520 1066309 1066778 1079771 1082150 
002469	EHIII	0531931	2	0907150 0985094 0991672 0998351 1034578 1058058 1065945 1083430 
001758	CAN314	0254474	2	0907217 0918195 0967411 0998885 3074936 
003511	DAL100A	0031477	2	0908461 0965925 0990668 0993506 0993566 1005720 1039943 1056012 1056217 1065196 1085061 
009270	GIL101	1084371	2	0908998 0915622 0954831 0986807 1056320 1058048 1077815 1079756 1095349 1101031 1105086 3069337 3073169 3089824 3090537 
004274	TAYF	3092832	2	0909216 0967532 1056688 1067382 1088690 1092999 1098210 1102530 1104151 1117264 1117320 1140609 1162293 1163855 1165573 1169968 1170567 3069991 3071136 3072063 3072293 3074551 3078465 3087983 3089341 3092236 3094287 3102974 3103177 
005248	DAL112	3090017	2	0909216 0971073 0991229 1058058 1084462 1084909 1172030 
003447	TAYG	0031359	2	0909240 0910403 0956475 0988271 1015256 1018174 1019212 1020370 1029566 1030693 1058180 1065196 1068549 1079444 1081249 1085061 1100338 1116377 1131189 1149344 1169341 1170470 1170703 3069038 3072867 3080937 3083787 3088352 3095050 3095630 3105854 
006029	PK25	0409737	2	0909942 0987347 1017444 1029787 1030369 1040874 1055348 1059469 1059572 1065142 1068371 1076776 1078819 1079363 1079366 1079771 1080653 1081249 1084187 1088365 1088558 1089147 1090933 1092999 1096470 1099059 1100129 1100536 1104216 1104498 1117320 1119989 1129708 1131189 1134358 1139392 1141220 1143290 1150699 1150965 1157047 1158007 1159063 1160885 1167996 3064940 3068712 3069264 3070406 3072208 3072477 3072484 3072594 3073666 3074570 3075188 3075745 3076211 3077472 3077762 3078073 3079376 3080595 3082682 3085083 3085649 
007375	PK336	0031631	2	0909942 0919158 0960037 0963413 1002364 1002606 1003128 1015275 1041140 1042335 1056600 1066335 1067502 1077413 1079085 1083080 1086447 1095717 1095814 1100537 1104498 1129708 3072910 3074167 3086238 
004807	PK328	3092667	2	0910403 0920251 0989401 1049299 1064385 1066683 1141729 1157688 1170033 3087407 3088988 3089276 3097462 3100678 3105802 
003454	TAYE	0995587	2	0911218 0988826 1003100 1019006 1020695 1029566 1030693 1038303 1042335 1056012 1056217 1058180 1065196 1066924 1084363 1086802 1088192 1143228 1145146 1149616 1169331 1170470 3068369 3074936 3080937 
005119	PK337	0031560	2	0911218 1157688 3088651 3099986 3100628 3108036 
007920	PK236	0031386	2	0911218 0987276 
006502	CARP13	0031621	2	0911361 1056738 1084334 1088365 1100536 1100537 3093174 
006550	CARP17	3198623	2	0911936 0920261 0958186 0958897 0985440 0988990 1006105 1007952 1021017 1067297 1076299 
001892	CAN311	0814748	2	0912781 0958984 0992616 0993506 1172397 
007010	DAL204	0162976	4	0912781 0915648 0998799 1002364 1006438 1006744 1018817 1030369 1058048 1059654 1065148 1065945 1079564 1079614 1082315 1084185 1085106 1088690 1102530 1105086 1111901 1126639 1131189 1143717 1145146 1149565 1157506 1170567 1170848 1171461 1172397 3067556 3073004 3077472 3080595 3085513 3104731 
007124	TH104	1075274	4	0913115 0915740 0960068 0999689 1007134 1007882 1020695 1021751 1025623 1056815 1095596 
010934	GIL101	3098022	3	0913880 0947693 0993532 1083627 
003270	THTL	0675005	2	0913946 1001894 1002241 1025508 1044791 1066308 1088384 1096470 1121871 1169331 3072910 3074936 
011055	ROSTUD	3198619	2	0913946 0985094 1007134 1013071 
001856	PK227	1063828	4	0914299 1007842 1010643 1017832 1045379 1066309 1082150 
002464	RCSEM	3207943	2	0914299 0985094 1034578 
002182	GOB	1167863	2	0917334 0918009 0919283 0946010 0952783 0959189 0959304 0960037 0960084 0966094 0972660 0972861 0988625 1002045 1008925 1036225 
011064	PK264	3195964	4	0917732 0991769 1008387 3070648 3079370 
004827	PK243	0031373	2	0917883 0947693 0967793 0971315 0995269 1001351 1005102 1017412 1018271 1029210 1057261 1058242 1063875 1067251 1077874 1080894 1084017 1087938 1104151 1165573 1169369 1171002 3069337 3070438 3073300 3077163 3080592 3106769 
001562	PK300	0129398	2	0918009 
002173	PK10	1083806	2	0918009 0952783 0959304 0960037 0966094 0972861 1002045 
004355	TH102	0847593	2	0918074 1009729 1025629 1049050 1063875 1087938 1171002 3072397 3088090 3092999 3094287 3097133 3098796 3100835 3100927 
010947	TH104	1168489	2	0918074 0954831 0967042 1005427 1005971 1065148 1065732 1076854 1080653 1087081 1102530 1128560 1149565 3075745 3085504 3085521 
002658	TH3F	0031392	2	0918195 1078646 3104658 
007087	PK200	0031573	4	0918519 1077294 
001764	EHLEC	1165592	2	0918775 0967411 0991756 0995269 1066778 1080757 1084363 1143228 1162293 1169360 3072484 3098354 
001843	TH224	0056992	2	0918775 0989401 1000939 1004225 1006744 1035148 1041559 1055290 1067862 1077963 1078921 1081101 1088180 1088636 1095349 1169257 1170071 3071094 
007395	TAYC	0603646	4	0919158 0945969 0960497 0963413 0992577 1003100 1004324 1008282 1077413 
004065	TAYSEM	0854975	2	0920237 1039831 1040818 1065271 1076923 
003531	THTL	0031353	4	0920248 0965925 0990668 0991756 0993566 0995269 1065238 1100383 
006508	GOA	0127086	4	0920261 0984724 0985440 0986262 0988990 1025035 1067251 
001769	EHII	3099830	4	0944831 0952594 0968216 0980544 0993506 1020478 1056012 1056857 1078413 1080894 1096152 
002562	TAYG	1167856	4	0944831 0952594 1025035 1056722 1067382 1084187 1117142 1131918 1142227 1165961 1171905 3076211 3095968 3097462 3099757 3100408 3104386 3105046 
008774	TAYD	0899465	4	0945034 0987347 1006899 1009103 1013071 1065183 1079085 1082708 1088636 1115477 1131602 1160158 1169341 3098948 3106525 
008773	EHLEC	1168489	4	0945264 1019674 1112377 1134015 1142309 1170567 3068772 3075163 
004665	DAL105	3197633	4	0945584 0963528 1002364 1010741 1142418 1170848 3070440 3085509 3089081 3095649 3102153 3105820 
006054	CARP21	0207327	4	0945959 0959337 0987613 1005082 1008387 1013197 1024283 1058223 1065183 1067334 1077482 1086916 
001841	CARP15	0814748	4	0946010 0958984 0992744 1003020 1029737 1035148 1036442 1038420 1067933 
001423	PK229	3098022	4	0947693 1037338 1066007 1095157 1100129 1164206 1166163 3073138 3087983 3088812 3089341 3090519 3092580 3094573 3097341 3098796 3099822 3100824 3103177 3103933 3104489 
002151	PK25	0470544	4	0948390 0971315 1006405 1008967 1040045 1056096 1068549 1076299 1078390 1080808 1086867 1088120 1094134 1100383 1124785 1159063 1163326 1167996 1169257 1170071 1170823 3070017 3071094 3073357 3076896 3088090 3088124 3092072 3092431 3093221 3094809 3094908 3095105 3095111 3095335 3097133 3098330 3098883 3099911 3099986 3100927 3102316 3102380 3102915 3106561 3106835 
002657	DAL112	0138190	4	0948568 0990668 1005451 1020370 1115477 
002671	null	0138190	0	
001176	GIL101	0031388	4	0950504 0986807 0988263 1017840 1079993 1087081 1088882 1092116 1134015 1137955 1172355 
006038	CARP13	0031621	4	0952594 1020520 1076877 1084187 3077471 
001763	GOB	0027799	4	0956475 0988100 0993566 1030369 1059654 1077683 1077815 1083080 1133174 1149616 1158007 3071151 
005737	TAYE	0031392	4	0957333 0987937 0988657 1001894 1002241 1003644 1056203 1058223 1064385 1064605 1088214 1096113 1104151 3078408 
006863	DAL318	0031347	4	0957333 0958186 0989432 0991769 1008387 1013197 1024283 1055590 3074023 
006864	PK337	0750235	4	0957333 0958186 0989432 1078655 
007387	RCSEM	0031522	4	0958897 
002643	PK10	0765372	4	0959092 0992223 0993818 1005199 1077963 
006026	TH110	0213446	4	0959092 0965927 0976421 0988990 1001039 1001806 1019006 1020083 1020727 1038420 1056970 1077257 1079993 1087938 1098210 1140609 1141729 1158362 1163417 1169360 3065039 3070090 3071313 3079370 3081061 3082830 3085403 3087696 3088988 3091295 3095009 3095588 3097953 3099590 3100876 
011045	PK11	3213249	4	0959092 3104899 
005845	PK328	0031582	4	0965927 1010750 1049050 1077683 1077874 1080654 1096822 3074023 3086536 3091653 3093369 
004854	ROSTUD	0031632	4	0966303 1018271 
008767	PK180	0431786	4	0967532 0988826 1084185 1098099 1162293 1163664 3068369 3070344 3070440 3073568 3074792 3074930 3077064 3079376 3088652 3089009 3089566 3089636 3091295 3096011 3098292 3100110 3102832 
009266	CAN314	1083868	4	0967988 0999826 1008387 1025522 
002162	PK232	0986606	4	0970193 1009729 1025460 1025629 1038671 1040874 1065142 
002164	TH102	0180723	4	0972861 1009729 1017444 1025629 1036225 1038671 1065142 1068371 1076009 1079366 3070406 
002878	TH3F	0004955	4	0973811 
004009	PK338	0030564	4	0973811 0988263 0992801 1005149 1064045 1088214 1094134 1094929 1137955 1163664 3069337 3070017 3073702 3074314 3076211 3077762 3079369 3087347 3087394 3087696 3089892 3092236 3092580 3092599 3094695 3094809 3095719 3099911 3103807 3103933 3105511 3106561 3106769 3107774 
005123	PK236	0031560	4	0976318 
006519	EHI	0031478	4	0985094 0992801 1004206 1004968 1018174 1021017 1058421 1063875 1064270 1067297 1077065 1080398 1084462 1169369 
003029	PEMSTD	0492580	4	0986262 1064780 
003034	PK273	0222805	4	0986262 1000895 
007377	GIL210	0031522	3	0986367 0989395 1002047 1015275 1064790 1079085 1079363 1080792 1083080 1084363 1149344 1169402 3070438 3097903 3105802 
005727	EHSEM	0031543	4	0987276 0988657 1003644 1028249 1056203 1064385 1064605 1076854 1170303 3088978 
002569	PK328	1167856	3	0987613 1017339 1171297 3077471 
002571	CAN311	0564741	4	0987613 1017339 1068526 3077336 
011044	PK336	3213249	3	0987937 0991120 0993818 1005199 1084017 3088988 3097953 
007381	TH224	3208609	4	0988100 1002606 1021867 1055290 1056600 1077003 1086447 1088180 1095814 1143265 1143723 1146782 3076930 3079272 
001864	PK349	0031557	4	0988271 0999715 1002248 1017832 1035148 1067460 
005141	TAYF	0493856	4	0988826 1005720 1057592 1076274 1080808 1141167 1163860 3070017 3073146 3076618 3079675 3089009 3091653 3092880 3095588 3096150 3107323 
004013	GIL210	0163316	4	0989401 1030693 1066431 1067748 1068549 1076783 1077294 1093549 1096822 1098210 1103391 1129814 1131189 1136830 1149616 1159063 3072910 3078465 3079675 3082830 3089276 3090362 3091573 3091695 3092880 3098354 3099359 3099729 3102316 3102868 
003275	TH111	0695890	4	0991120 1001196 1066007 1066308 1095717 1116377 1149565 1170848 3069264 3076576 
001752	EHIII	0416447	4	0991668 1076234 1078413 3078500 3097903 3100110 3107774 
003422	CARP25	0024092	4	0991756 1018183 1019212 1030693 1057592 1059654 1060299 1066924 1078648 1096113 1101350 3089892 3091653 
010935	RCCON	3094084	4	0992577 0992796 1002706 1036442 1053370 1059469 1076234 1084462 1087782 
005190	TAYC	3197633	3	0992801 0999833 1141220 
002424	null	0031353	0	
002453	PK128	0031373	4	0993169 
009262	DAL100A	3196642	4	0993517 1017412 1056096 1066683 1163855 3070476 3076456 3099957 
009225	PK278	1165592	4	0998784 1018174 1080653 1080654 1100338 3086015 3089298 3092985 3094033 3097636 
009296	TAYSEM	1084371	4	0998799 1004968 1056270 3089298 
011035	PK243	3213250	4	0998815 0998972 1006444 1026650 1037745 1065238 1076854 1076989 1085324 1100899 1128560 1143265 1158362 3078073 3080937 3104653 
011031	PK300	3194524	4	0998972 
010851	PK336	0619470	4	0999715 1005082 1006438 1006444 1018936 1025629 1036027 1049929 1055348 1058223 1076989 1077482 1088384 3072208 3073666 
002637	CARP17	0827051	4	0999733 1006444 1007394 1062675 1066679 1067502 1143228 1145146 
008495	GOCOM	0316015	4	1000750 1050781 1073544 
004868	TH102	0031373	3	1001351 1001887 1018271 1029210 
002420	DAL318	0695890	3	1001806 1097648 
007905	RCCON	0367446	3	1001905 1076085 
011058	EHSEM	0431946	3	1001905 1040618 1076085 1100383 
004036	PK243	0030564	3	1004225 1056963 1158362 1167996 1169402 3070374 3076896 3078408 3107658 
007364	PK25	0031611	3	1004225 1008282 1056203 1067241 1076234 1078646 1079756 1081249 1088173 1088882 1096113 1101350 1112377 1142309 1146782 1149616 1161960 1163278 1170860 3068369 3069264 3070440 3070476 3071734 3073138 3074001 3074289 3074734 3074891 3075163 3076190 3076930 3077033 3077163 3077623 3079675 3085521 3085836 3086015 3087394 3087407 3087433 3088812 3089009 3096693 3097462 3097894 3099590 3100897 3100989 3102868 3103445 3104386 3104653 3105511 3106131 3106953 3112067 
006024	DAL204	0031454	3	1004997 1082708 1082842 1088120 1088214 1101406 1167714 1170303 1171905 3074792 3076456 3079862 3080592 3087444 3090362 3092072 3092236 3094992 3095111 3095625 3095649 3096011 3096962 3098292 3098754 3098799 3099165 3099757 3099911 3100628 3102868 3102915 3103177 3104541 3104658 3105854 
006506	null	0138190	0	
004011	null	0030564	0	
004359	PK338	0490454	3	1007196 1060299 1067382 1076234 1086867 1087960 1105842 1142418 1149565 1166163 3070648 3086747 3089341 3098799 3102974 3110771 
004806	null	0032827	0	
004014	TH110	0854975	3	1008967 1057261 1059469 1067241 1078646 1080272 1080757 1081250 1082842 1100338 1100625 1102530 1104498 1111901 1144234 1145578 1161482 1161960 1163417 1171414 1171461 3071151 3074167 3076930 3077472 3086400 3087433 3087983 3088421 3089651 3093174 3100876 3105166 
008420	null	0031553	0	
005847	CARP25	3212821	3	1010741 1119989 1140609 3072293 3087352 3198211 
006865	DAL105	0824244	3	1013197 1024283 1078655 1171297 3071151 3074023 
002567	THTL	0031621	3	1017339 1171297 
002863	TAYE	0020093	3	1017840 1037338 3074289 3075371 3086238 3086536 3090785 
005724	PK229	0984701	3	1018183 1056857 1083430 1083812 1101031 1104216 1116377 1141729 1150758 3068712 3070374 3072867 3074734 3081061 
004288	TH111	0031577	3	1018817 1056096 1076274 1076299 
002394	EHI	0020988	3	1018936 1019025 1020727 1065945 1086927 1097648 1170703 
002429	EHLEC	0031632	3	1019025 
002856	null	0031403	0	
004379	null	0138190	0	
004839	null	3207943	0	
007881	null	0367446	0	
003006	CARP21	0492580	3	1025522 1080792 3065039 3073384 3074570 3074930 
011027	TH224	3194739	3	1025522 1059677 1104356 1136830 1169109 3070344 3100897 
007026	null	3198619	0	
007887	null	0431946	0	
002682	null	0031353	0	
005856	CARP15	0031582	3	1039831 1076877 1099662 
005868	DAL100A	0555033	3	1039831 
007897	null	0367446	0	
004377	null	0056990	0	
004739	CARP17	1084458	3	1067182 
002149	PK180	0470544	3	1077413 1088636 1092187 1129814 1162008 3070344 3070438 3073146 3088521 3089566 3090266 3095928 3099448 3104541 3105818 
001185	null	0123161	0	
005121	TAYD	0031560	3	1078198 1080653 1088384 1131918 1169257 3084099 3092969 3103826 
011076	TAYF	0826964	3	1079268 1093044 1104216 1104498 1122784 1150720 1169382 1169386 3064977 3073066 3094719 
005722	null	0984701	0	
006860	null	0824244	0	
005852	null	0031582	0	
002152	TAYG	0168378	3	1163860 3076456 3083787 3086400 3087444 3092999 3095968 3096011 3096592 3097347 3098799 3102599 
007877	TH104	0031386	3	1167438 1169386 3080794 3085909 3103038 
001747	EHII	0416447	3	1170820 3070881 3077064 3095335 3097347 
002564	null	1168490	0	
002635	PK278	0765372	3	3077809 3094992 3095111 3102057 
003407	PK227	1051448	3	3104386 
