Course	Room	Teacher	Time	Students
001837	SW2	3452118	1	3105802 
002153	PK20	3415849	1	3105802 3481664 3481664 3489089 3489089 3497993 3497993 3539996 3539996 3560256 3560256 3579291 3579291 3579864 3579864 3580211 3580211 3611135 3611135 3629467 3629467 3651605 3651605 3652353 3652353 3692796 3692796 3692862 3692862 3693789 3693789 3694754 3694754 3695368 3695368 3722764 3722764 3797331 3797331 3818029 3818029 3818274 3818274 3821069 3821069 3823130 3823130 3559464 3559464 3630501 3630501 3650277 3650277 3652276 3652276 3687862 3687862 3818773 3818773 3821440 3821440 3558796 3558796 3609553 3609553 3715444 3715444 3721962 3721962 3816483 3816483 3651487 3651487 3671851 3671851 3695543 3695543 3710991 3710991 3820588 3820588 3716638 3716638 3789175 3789175 3668196 3668196 3816722 3816722 3581918 3581918 3650239 3650239 3821197 3821197 3694101 3694101 3699567 3699567 3768197 3768197 3680751 3680751 3689500 3689500 3722926 3722926 3821097 3821097 3816554 3816554 3816104 3816104 3693224 3693224 3820732 3820732 3576212 3576212 
006847	TH110	3646602	1	3105802 3430298 3461197 3461197 3475298 3475298 3480714 3480714 3481805 3481805 3489089 3489089 3493748 3493748 3496673 3496673 3516634 3516634 3579864 3579864 3591591 3591591 3651605 3651605 3693789 3693789 3693813 3693813 3695368 3695368 3483298 3483298 3558796 3558796 3574137 3574137 3631215 3496439 3496439 3521461 3521461 3529298 3529298 3650578 3650578 3668196 3668196 3575483 3575483 3470846 3470846 3481943 3481943 3591844 3591844 3650956 3650956 3691241 3691241 3638301 3638301 3651017 3651017 3693224 3693224 3482323 3482323 3482592 3482592 3576311 3576311 3576403 3576403 3576406 3576410 3576410 3576421 3576464 3576464 
012832	PK336	1168592	1	3397840 3475298 3479085 3469520 3479355 3487093 3485054 3485361 3486141 3546417 3559970 3580095 3465588 3559804 3446353 3576429 3668923 
015106	RCCON	3896857	1	3397840 3668623 3464398 3576231 3433962 3480166 3486838 3576417 3576426 3576521 3668923 
001851	TAYC	0409956	1	3426943 3461197 3474620 3476797 3558739 3576260 3581085 3581920 3694432 3823130 3485169 3487055 3486379 3529298 3470846 3467093 3481862 3576386 3576512 3599497 
008770	PK243	0428728	1	3426943 3461197 3516442 3596713 3651365 3651816 3689893 3690020 3694481 3694813 3728679 3796007 3559464 3687862 3691983 3693276 3480734 3690800 3796723 3816483 3631215 3695542 3695543 3689919 3611048 3666207 3692756 3579645 3692269 3816336 3620017 3699567 3663306 3680751 3694289 3695022 3768356 3818024 3689329 3816181 3692514 3694828 3768686 3474395 3910507 3910592 
014984	DAL1	3577231	1	3426943 3461197 3475573 3476797 3575928 3581085 3559464 3650277 3487055 3591211 3481862 3576415 3576522 3797828 
009303	DAL6	0029475	1	3432357 3445680 3465050 3467427 3561772 3591591 3479355 3487055 3433686 3579579 3478309 3581827 3467199 3486782 3457873 3476082 3506165 3575581 3576417 3576465 3576529 
013182	DAL2	1020104	1	3432357 3474374 3483511 3538688 3544254 3774943 3789070 3796732 3817668 3819367 3485628 3667503 3771747 3694810 3789464 3486838 3557478 3768972 3576548 3576563 
015113	BYC127	0820103	1	3443731 3456653 3484750 3558739 3577795 3651816 3692766 3487266 3480571 3560234 3464985 3556617 3580159 3768356 3467932 3476899 3580912 3484243 3486389 3576382 3576391 3576408 3668761 3910754 
007374	PK180	0987494	1	3444536 3480592 3483567 3578861 3579592 3581609 3606350 3608097 3651816 3689893 3693084 3694434 3694754 3695285 3704166 3774116 3818746 3531305 3621523 3574137 3667676 3671851 3483587 3821008 3595163 3620017 3651573 3789136 3693219 3480867 3560487 3577806 3612623 3642204 3692915 3692187 3440687 3580912 3651033 3487621 3581247 3576460 3578673 3797605 3797680 3797823 3910628 3910654 
007396	DAL119	0162977	1	3444536 3476927 3483567 3501476 3524963 3579592 3606350 3635008 3651816 3667319 3443522 3579099 3822613 3480939 3544945 3668196 3460569 3483587 3485636 3560234 3575309 3690482 3556617 3480867 3481894 3560487 3577806 3642204 3823113 3484324 3576397 3576419 3576449 3576457 3576631 
004394	PK247	0138190	1	3445680 3575483 
004306	CARP17	1165566	1	3451724 3466014 3468070 3474140 3480714 3456089 3469520 3477576 3482144 3451557 3576365 3576425 3576444 3576555 
007087	TH116	0031573	1	3451724 3581207 3691361 3694318 3461517 3542887 3668768 3668919 3692372 
003029	CARP25	3764395	1	3456653 3481562 3577022 3578811 3480571 3580114 3576248 3694426 3461937 3576879 3580397 3576424 3668782 3668867 3668874 3668880 3668881 3668947 3669006 3669038 3797740 
003031	TH118	0375562	1	3456653 3433686 3486569 
003478	PK200	0431946	1	3456653 3463560 3493748 3508682 3592325 3475941 3460569 3465591 3773692 3477014 3610671 3821097 3574558 3851907 3576331 3668917 
004889	GOCOM	0031373	1	3458441 3465036 3478713 3481221 3484272 3484816 3484361 3480382 3468749 1088365 3464848 3482588 3576465 3576569 
011313	TAYG	0672202	1	3458441 3465050 3481944 3482989 3486653 3521265 3560687 3581830 3609410 3695201 3695643 3712913 3818029 3469520 3484334 3597302 3694741 3619255 3691694 3821180 3540705 3468749 3559612 3820380 3456660 3480069 3818805 3581149 3477580 3474789 3576462 3576499 3576578 3668765 3668801 
006043	DAL300	0207327	1	3460338 3478356 3478506 3482288 3574873 3575898 3577022 3578811 3581980 3650596 3691575 3692771 3692796 3694006 3695373 3464850 3469615 3481643 3486852 3505157 3556970 3577109 3693276 3464327 3578804 3580114 3485288 3628726 3694426 3513947 3448314 3477425 3485727 3645471 3475933 3581952 3822535 3694797 3575916 3578252 3576420 3576530 3668782 3797740 
006874	TH223	1167884	1	3460338 3482288 3558543 3579094 3693921 3493704 3690719 
014570	PK20	0409956	2	3460338 3460338 3489089 3489089 3574519 3574519 3580251 3580251 3608097 3608097 3611135 3611135 3615055 3615055 3692098 3692098 3712888 3712888 3728679 3728679 3764208 3764208 3768625 3768625 3781152 3781152 3797331 3797331 3818762 3818762 3819332 3819332 3820885 3820885 3821069 3821069 3717137 3717137 3722992 3722992 3789573 3789573 3821231 3821231 3693712 3693712 3790244 3790244 3817427 3817427 3725997 3725997 3774808 3774808 3789507 3789507 3649880 3649880 3817487 3817487 3714653 3714653 3577187 3577187 3785953 3785953 3816722 3816722 3667404 3667404 3768620 3768620 3788897 3788897 3816336 3816336 3819304 3819304 3821166 3821166 3694101 3694101 3694668 3694668 3818807 3818807 3819645 3819645 3821254 3821254 3680751 3680751 3693219 3693219 3708949 3708949 3722926 3722926 3789529 3789529 3796247 3796247 3816486 3816486 3818024 3818024 3818025 3818025 3820768 3820768 3821269 3821269 3481894 3481894 3648970 3648970 3694712 3694712 3712905 3712905 3715174 3715174 3797164 3797164 3817419 3817419 3693286 3693286 3660063 3660063 3668812 3668912 3669028 3797625 3797625 3797643 3910533 3910741 3910741 
014571	TH110	3577231	2	3460338 3460338 3489089 3489089 3574519 3574519 3580251 3580251 3608097 3608097 3611135 3611135 3615055 3615055 3692098 3692098 3712888 3712888 3728679 3728679 3764208 3764208 3768625 3768625 3781152 3781152 3797331 3797331 3818762 3818762 3819332 3819332 3820885 3820885 3821069 3821069 3717137 3717137 3722992 3722992 3789573 3789573 3821231 3821231 3693712 3693712 3790244 3790244 3817427 3817427 3725997 3725997 3774808 3774808 3789507 3789507 3817487 3817487 3714653 3714653 3577187 3577187 3785953 3785953 3816722 3816722 3788897 3788897 3816336 3816336 3819304 3819304 3821166 3821166 3694101 3694101 3694668 3694668 3818807 
001749	TH111	3460008	1	3462240 3668366 3691140 3816203 3819309 3461937 3475327 3630915 3691783 3576534 3576535 3797634 3797729 3797803 3910518 
001474	RCSEM	3098022	1	3463560 3540662 3485361 3448314 3446353 3576313 
001843	EHLEC	0056992	1	3463768 3480868 3481664 3485912 3560256 3580326 3596713 3690020 3694318 3694432 3764208 3579143 3581081 3693712 3483640 3689375 3470846 3652273 3694101 3796247 3817962 3481862 3576403 3576542 3797594 
007128	TAYD	0162976	1	3464638 3464855 3465327 3469560 3481562 3481607 3691361 3452988 3482264 3484334 3487266 3474207 3482194 3483385 3478691 3467199 3478951 3486501 3487261 3483085 3474598 3768686 3485803 3576359 
004377	ROSTUD	0847593	1	3464666 3561026 3576360 3576626 3668881 
007040	TAYF	0162976	2	3464855 3581249 3666520 3692849 3694318 3484752 3560199 3518231 3695345 3467199 3478951 3498772 3581981 3576336 3576352 3576362 3576387 3576469 3576527 3576577 3910744 
014993	TH224	3195964	1	3464855 3478713 3481607 3558739 3568950 3577795 3580211 3581249 3652396 3655393 3668366 3692771 3695529 3452988 3484334 3581098 3576248 3559624 3560199 3478691 3652339 3602435 3642332 3464848 3694012 3581851 3576364 3576391 3576575 3576633 3662757 3668763 3668788 3669033 3797659 
005157	DAL25	3555100	1	3463560 3465036 3497948 3581389 3581907 3608602 3667654 3481203 3486623 3560511 3819196 3712286 3473086 3679221 3447322 3667311 3557478 3668941 3797710 
005723	TAYF	3648007	1	3465050 3559225 3655428 3668538 3821162 3774021 3819196 3822122 3789507 3773692 3797192 3819304 3689500 3821016 3694415 3695145 3816708 3819542 3819676 3576430 3576480 3910510 3910580 3910588 3910590 3910617 3910646 3910653 3910659 3910718 3870878 3910698 
002713	PK227	0468281	1	3465181 3465442 3480937 3483567 3487732 3480150 3462237 3478419 3576434 3576504 3576510 3576571 3576579 
003444	PK328	3818518	1	3465442 3575898 3652473 3694813 3819628 3480734 3551641 3667404 3619323 3665045 3580340 3796237 3485816 
013170	PK25	3092941	1	3465181 3465442 3484746 3544254 3629970 3667654 3689402 3485774 3815902 3821088 3578191 3581846 3768555 3551641 3464306 3665045 3480810 3485327 3487505 3488858 3480382 3576230 3790792 3478102 3464396 3910569 3931398 
015011	TH102	0138190	2	3465442 3559963 3820729 3788897 3474409 3575266 3797764 
004290	PEMSTD	3818521	1	3466014 3468070 3474140 3477824 3581962 3456089 3469520 3477576 3482144 3632720 3581220 3581918 3631042 3458061 3576365 3576425 3627845 3668767 3797728 
011865	TH104	3818521	2	3466014 3468070 3474140 3480714 3491953 3651439 3694039 3581220 3581918 3576365 3576423 3576446 3576483 3576531 3576555 3576623 3633806 
002178	DAL10	0180723	1	3466364 3477824 3480710 3481419 3582040 3581605 3574543 3487087 
012326	BYC106	3420576	1	3467452 3510665 3578036 3485028 3464398 3690800 3480423 3483467 3465245 3466962 3464306 3823113 3581851 3910517 
014204	PK243	3420576	2	3467452 3559476 3580248 3652396 3691140 3692285 3695784 3764157 3816549 3819177 3820729 3821006 3816483 3483977 3674492 3764207 3821886 3480791 3693433 3619323 3663306 3691616 3789529 3790306 3821269 3678350 3821571 3689931 3690845 3768458 3790492 3576546 3797653 3797784 3910762 
004282	TAYC	1165566	2	3468070 3581962 3651439 3456089 3694039 3581220 3581918 3694810 3631042 3458061 3576444 3576623 3627845 3633806 3668767 3797728 
004285	TAYE	0802802	1	3469119 3476908 3479085 3559900 3651293 3477576 3481798 3487093 3485361 3576231 3486141 3618222 3632720 3480791 3551641 3580159 3678357 3505185 3580407 3485504 3603544 3668842 3684090 3797709 3797744 3797768 3910481 3910605 3910763 
013191	PK229	0492451	1	3469560 3476930 3524963 3559900 3560373 3578240 3693473 3479311 3558800 3502893 3465245 3481557 3480264 3486311 3503630 3595071 3693433 3797564 3486777 3576399 3576477 3797814 
015243	TH129	0031631	1	3469560 3476930 3560373 3693473 3479311 3558800 3502893 3481557 3480264 3486311 3503630 3595071 3693433 3797564 3797814 
015244	CARP15	1167978	1	3469560 3476930 3560373 3693473 3479311 3558800 3502893 3481557 3480264 3486311 3503630 3595071 3693433 3797564 3797814 
002163	TAYD	3415849	2	3471447 3471450 3516634 3521265 3559302 3561074 3580251 3580269 3505157 3581996 3650578 3581605 3577187 3579723 3559149 3574543 3574558 3668829 
002166	PK126	0428815	1	3471447 3471450 3516634 3521265 3559302 3561074 3580248 3580251 3580269 3505157 3581996 3650578 3581605 3577187 3579723 3549272 3559149 3559857 3574558 
011827	PK229	0428815	2	3471447 3471450 3516634 3521265 3559302 3561074 3580248 3580251 3580269 3505157 3581996 3650578 3581605 3577187 3579723 3559149 3574558 
001757	PK126	3460008	2	3474374 3547282 3560687 3581389 3599090 3531305 3596492 3481102 3578392 3578443 3576299 3576474 3797590 3910744 
003514	PK337	0995587	1	3467427 3474374 3481702 3592325 3629970 3653119 3560511 3478309 3481354 3473086 3667821 3690204 3482019 3433275 3576532 3797643 
011305	GOB	0029059	1	3474374 3480732 3484272 3544254 3568950 3691361 3492361 3476860 3578842 3477004 3851907 3668801 3910478 
001899	TH251	3459335	1	3474620 3483298 3486852 3462817 3451168 3481690 3483587 3692269 3481943 3457988 
015248	TH102	3786642	1	3475298 3485548 3486834 3693368 3481643 3473086 3462019 3669013 
002161	PK182	1083806	1	3430298 3475573 3493748 3496673 3514964 3538202 3558739 3581609 3581920 3591591 3606536 3610287 3648550 3690043 3693813 3694432 3694903 3479311 3483298 3579143 3581081 3581232 3656490 3668420 3690806 3692440 3693276 3574137 3581038 3631215 3667503 3496439 3649880 3470393 3632720 3689375 3591774 3557244 3591844 3650956 3460343 3481894 3591211 3792350 3820380 3651017 3576513 
014982	DAL212E	0899465	1	3475745 3561430 3575259 3667273 3691981 3695285 3540190 3560234 3797084 3768972 3790792 
002368	PK278	1051497	1	3476864 3596713 3609407 3690346 3693280 3716057 3816203 3816960 3819598 3821006 3821116 3821162 3820756 3483977 3705083 3577187 3598090 3639772 3692294 3595071 3821008 3668365 3821632 3581469 3485816 3576467 3666161 3797787 3797827 3797829 3817001 3910529 3910636 3910645 
002403	GOHEP	1137952	1	3476908 3790244 3694810 3464985 
007377	PK338	0031522	1	3474620 3476927 3480375 3480592 3524963 3540124 3581609 3609410 3677885 3722764 3796007 3796964 3443522 3722992 3816924 3574137 3690652 3667676 3496439 3578191 3651465 3674492 3679221 3629518 3645720 3575309 3651573 3558838 3630474 3692628 3767997 3650228 3797206 3580912 3651033 3581149 3576557 3576568 3576625 3668806 3668865 3669047 3790863 3797632 3797639 3797656 3797668 3797690 3797691 3797714 3797787 3797839 3797862 3910463 3910501 3910525 3910537 3910556 3910564 
008764	TH104	3554385	1	3476927 3481075 3635008 3699593 3817637 3819628 3820030 3820257 3717137 3817682 3821048 3693185 3651487 3699536 3816463 3669069 3561280 3768088 3815949 3819433 3819645 3764422 3797429 3797206 
009225	EHIII	1061058	1	3476927 3699593 3781152 3796964 3820992 3639603 3715444 3789464 3474463 3619323 3678357 3709927 3819372 3910564 
006026	CARP21	0431634	1	3465050 3478356 3480375 3483511 3485170 3581920 3599090 3606418 3634695 3482264 3485169 3487093 3487266 3667677 3487034 3577054 3581995 3631101 3576753 3596492 3483003 3578443 3419024 3576359 3576373 3576383 3576388 3576410 3576556 3576577 3576586 3668855 3668911 3668949 3668966 3668984 3669010 3669050 3669084 3797605 3797608 3797640 3797687 3797712 3797718 3797749 3797765 3797868 
006036	PK349	1141520	1	3477824 3478356 3480668 3480710 3481419 3485228 3559534 3575898 3578811 3650596 3690799 3694006 3694738 3821439 3574349 3577109 3577485 3492361 3578804 3581282 3821393 3483651 3690361 3482019 3629518 3691416 3820774 3477425 3694289 3578842 3579949 3580397 3581913 3581952 3695554 3789283 3822535 3694797 3575916 3578252 3668782 3797727 
011319	PK264	3393853	1	3478356 3581207 3486571 3581995 3486475 3485727 3574543 3485327 3668950 
006060	TAYB	0207327	2	3478506 3484990 3485228 3581980 3464850 3469615 3486852 3485288 3483651 3513947 3448314 3485727 3475933 3576420 
002412	DAL212A	0697660	1	3479085 3690346 3716057 3793612 3576231 3486844 3821632 3576429 3797692 3797829 3797849 
001551	PK11	0031756	1	3461197 3479712 3793612 3821006 3821059 3819645 3820961 3486782 3695145 3768303 1084187 3693224 3819372 3576579 
001563	SW7	0031756	2	3479712 3483557 
001871	CARP13	1167863	1	3430298 3480375 3485912 3481813 3483638 3485550 
002571	TAYB	3792642	1	3480401 3521272 3576013 3650277 3581227 3693902 3452445 3484894 3559624 3480867 3690719 3581952 3575916 3576337 3668787 3668914 3797772 3910737 
013659	TAYSEM	0254151	1	3480592 3695784 3656490 3669069 3464306 3576518 3797593 3797747 
014865	PK338	0031522	2	3480592 3480732 3538688 3577795 3581609 3650225 3690020 3764157 3764208 3818746 3820378 3480571 3486321 3476860 3480939 3544945 3690516 3725997 3717144 3479976 3483385 3484202 3581846 3679221 3715155 3788897 3815949 3457988 3595641 3486617 3689920 3695434 3767997 3792406 3817419 3695145 3816860 3479054 3484324 3610681 3817087 3478297 3431655 3485092 3576329 3576339 3576355 3576358 3576375 3576391 3576406 3576408 3576432 3576448 3576472 3576579 3576625 3597868 3662232 3662759 3668853 3668985 3700270 3797591 3797592 3797610 3797667 3797669 3797672 3797713 3797750 3821552 3910491 3910556 3910583 
014866	PK20	0031522	3	3475745 3480592 3538688 3577795 3650225 3690020 3694006 3764157 3764208 3818746 3820378 3621523 3480571 3476860 3544945 3725997 3717144 3479976 3484202 3581846 3679221 3715155 3788897 3815949 3457988 3465588 3595641 3486617 3689920 3695434 3767997 3792406 3817419 3695145 3790792 3816860 3484324 3610681 3817087 3478297 3431655 3485092 3576329 3576339 3576355 3576358 3576375 3576391 3576406 3576432 3576448 3576457 3576472 3576625 3597868 3662232 3662759 3668853 3668985 3700270 3797591 3797592 3797610 3797667 3797669 3797672 3797750 3821552 3910491 3910556 3910583 3910591 3910624 3910628 3910766 3692316 
001187	DAL315	0031388	1	3471447 3475745 3480668 3521272 3560256 3540662 3485361 3454182 3466011 3557478 3446353 3574483 3479054 
010966	TH121	0775640	1	3480668 3764207 3821197 3691228 3668840 3797773 3797839 3910549 
006035	PK234	3839982	1	3480714 3574519 3577022 3577703 3651605 3667273 3690043 3691575 3691748 3692098 3692771 3693789 3694417 3694432 3694434 3694738 3694903 3695368 3797331 3556970 3577485 3651243 3580114 3581282 3693902 3820756 3695543 3820032 3691416 3820774 3578842 3645471 3475959 3578921 3576396 3576501 3576564 3576633 3668914 3668968 3797628 3797740 
008467	PK259	0125630	1	3480728 3559476 3559534 3574047 3575259 3577590 3724014 3482263 3482264 3525604 3487055 3666207 3575309 3663306 3661465 3502364 3576517 3669084 
013641	PK10	0893542	1	3480728 3559537 3455908 3556594 3597215 
001893	BYC239	0898918	1	3480732 3485548 3486379 3576411 
013193	DAL1	0898918	2	3480732 3485548 3582040 3462817 3521461 3470846 3481690 3692269 3457988 3487087 3576411 
013997	EHII	3575049	1	3480935 3493931 3577795 3601391 3606148 3559624 3560199 3581995 3618222 3518231 3486501 3498772 3483085 3576515 3576556 3669033 
008821	EHI	0031572	1	3480937 3470797 3483640 3430697 3481894 3478419 3478343 3565637 3576326 3576434 3576470 3603544 3668955 3797684 3797825 
013059	SW7	3212821	1	3481075 3480791 
003532	DAL2	3818982	2	3481520 3484619 3484746 3484845 3524341 3478964 3581870 3485537 3699536 3484361 3558838 3576230 3483925 3574866 3440687 3446645 
004020	TAYSEM	3646540	2	3481607 3597365 3598090 3683644 3652373 3576435 3797654 
013147	RCSEM	3332662	2	3481607 3516442 3577022 3692609 3768686 3668989 
005725	PK259	3392421	2	3481664 3579094 3634695 3671851 3650874 3817048 3689375 3481690 3493764 3650256 3692380 3651033 3668766 3910577 
012103	PK349	3393009	2	3480868 3481520 3481702 3484619 3578963 3592325 3597365 3818274 3818746 3486571 3579143 3575769 3651487 3712286 3819230 3465245 3484202 3689375 3789464 3558838 3650956 3715174 3475933 3692380 3655749 3576312 3576629 
013627	TAYE	3459335	2	3463768 3481805 3493748 3497993 3560256 3580211 3591591 3596713 3692796 3579143 3581081 3581232 3652276 3433686 3651487 3483640 3477425 3557244 3560487 3457873 3576442 
012818	PK336	3448653	2	3476908 3481875 3559815 3693280 3464327 3768025 3559645 3483003 3631042 3574866 3483950 3666161 3797849 3797856 
004874	TH129	0032827	2	3481944 3485170 3581080 3597365 3667749 3695201 3576753 3645720 3579361 3581469 3468749 3642332 
012839	SW2	3555100	2	3481944 
014381	DAL6	0053518	2	3481944 3560687 3581080 3581596 3693368 3693565 3694741 3816180 3578781 3691694 3692294 3480382 3820397 1084187 3576002 3519499 3910763 
001860	CARP13	0123161	2	3482101 3559963 3591211 3472549 3576319 3576522 
001766	DAL25	3839985	2	3482198 3606536 3649568 3693565 3774116 3693092 3481354 3471745 3465591 3695292 3576565 3668766 3668956 3797752 3797862 
006555	DAL212A	0916272	2	3482198 3579094 3650636 3485053 3668759 3668812 3669022 3797839 
006588	PK328	0031399	2	3482198 3650636 3461517 3430697 3486844 3480810 3476899 3483996 3485053 3462990 
006045	ROSTUD	0031526	2	3482288 3484990 3692796 3628726 3561280 3694797 
001896	CARP17	0987494	2	3482739 3483587 3482592 3576299 3576317 3576433 3576481 3576517 3576531 3576562 3576570 
002569	CARP25	3393847	2	3480401 3482739 3576013 3581077 3581171 3651499 3581227 3693902 3484894 3694384 3470393 3463439 3645471 3695024 3559591 3797599 3797845 
005247	PEMSTD	0493855	2	3482989 3484816 3574047 3579579 3577054 3486632 3457873 3477004 3576303 3576343 3576398 3668850 3668971 3797672 3797695 
001774	GOB	3474420	2	3483036 3559900 3438999 3600785 3447322 3475327 3487310 3576499 3576543 3668917 
011309	TH251	0180723	2	3483036 3667749 3689402 3597302 3692294 3482019 3619718 3797752 
001176	PK200	0031388	2	3483306 3491953 3574967 3578963 3579687 3582182 3650736 3666175 3639603 3695282 3671929 3695539 3650256 3576313 
004738	BYC239	3764403	2	3483306 3650736 3650997 3666175 3668795 
001164	RCCON	3646621	2	3483511 3516442 3559963 3560858 3486379 3451331 1160238 3820745 3797687 
002564	BYC127	3792642	2	3483929 3512896 3694417 3821554 3483638 3486382 3774021 3576020 3470393 3819143 3581952 3689845 3693286 3818770 3506165 3576490 3797628 3797767 3910641 
006862	CARP15	3102267	2	3483929 3558543 3579094 3579291 3693921 3465332 3441310 3479838 3581192 3506165 3576437 3669000 
004051	PK264	3646540	3	3484272 3455908 3478297 3576535 3668832 3797880 
003270	DAL119	0695890	2	3484746 3580248 3635008 3693230 3693565 3818762 3774021 3796723 3485288 3487321 3818480 3485727 3580346 3691616 3709927 3816181 3816104 3820405 3261773 3820038 3822535 3576374 3576473 3910470 
013146	RCSEM	3332662	3	3484750 3574873 3668880 3797604 3797697 
004852	PK234	3194193	2	3458441 3475298 3484816 3581830 3667749 3597302 3821048 3485537 3692852 3818227 3619255 3484361 3465244 3638956 3819433 3579116 3655749 3821047 3676165 3487621 3576584 3584685 3668832 3797690 3797713 3910553 
002397	PK25	0493725	2	3485170 3591436 3668623 3693280 3694481 3470797 3498974 3598090 3568636 3540705 3576763 3483003 3691514 3692380 3666161 3668827 3797645 3797692 3797829 3797849 3797856 
015239	TH116	3839983	2	3397840 3485170 3540190 3546417 3580389 3559970 3505185 3668923 
004072	PK264	0031578	2	3485290 3629467 3438999 3480939 3580095 3478297 3576571 3599497 
015250	PK10	3899727	2	3485548 3451168 3575483 3481943 3638301 3576522 
004012	TH224	3442425	2	3432357 3485812 3497993 3608097 3694980 3695027 3695529 3712913 3774943 3793612 3540662 3668420 3690778 3493704 3797576 3610671 3708949 3818686 3695434 3789806 3792406 3817419 3597215 3817962 3816466 3694433 
004806	DAL2	0032827	3	3486653 3597365 3695643 3712913 3652276 3820900 3693185 3817427 3819585 3820971 3821886 3792406 3796254 3797685 3910618 
013614	PK278	0375562	2	3476864 3486834 3577703 3580326 3629951 3691748 3694006 3695027 3691834 3694431 3649880 3694780 3492423 3578392 3694415 3581913 3576507 3667606 3668822 3669037 3797599 3797681 3797702 3797703 
004281	TH121	3092832	2	3491953 3651439 3694810 3458061 3576623 3627845 3797728 
012494	GOCOM	0853792	2	3491953 3582182 3666175 3667319 3667654 3816832 3820010 3546891 3612427 3448314 3650256 
013640	TH111	0893542	2	3493931 3601391 3602816 3690445 3581038 3559645 3560199 3518231 3580346 3462458 3581192 3576486 3668841 
004360	BYC106	0989327	2	3496673 3561026 3667608 3694318 3492361 3581663 3638956 3579116 3599536 3638301 3797631 
006024	PK180	3470402	2	3496673 3575259 3606536 3610287 3652353 3668623 3690799 3692862 3695027 3695510 3710476 3716140 3722764 3764157 3796906 3818029 3819177 3819598 3821179 3821439 3821554 3630501 3690778 3691834 3711797 3717137 3722992 3816180 3818773 3821077 3821440 3581663 3715444 3788990 3705083 3710991 3768339 3789175 3651465 3821195 3645720 3650239 3816336 3699567 3818064 3818807 3691616 3691783 3769368 3818024 3820037 3820768 3821097 3589576 3797164 3821588 3708638 3479054 3576002 3817087 
007882	DAL212E	0470839	2	3497948 3652473 3651243 3492423 3578392 3580671 3797679 3797764 3797833 
007904	GOHEP	0431946	2	3497948 3561026 3581249 3481354 3619718 3578392 
011075	DAL212E	3899727	3	3497993 3817668 3481203 3692440 3464327 3820745 3460586 
001152	CARP21	0254151	2	3501476 3591591 3651365 3651486 3653200 3692862 3693813 3704166 3712888 3730202 3764157 3768625 3796007 3796906 3817177 3820958 3821059 3821069 3630501 3690806 3559537 3609553 3610120 3721962 3821044 3725997 3774808 3817487 3611048 3630526 3651465 3714653 3695345 3579645 3711406 3715155 3821197 3694668 3699567 3821254 3613455 3668365 3689500 3691783 3695539 3764422 3768356 3820768 3574563 3695434 3712905 3768034 3792443 3797164 3580256 3694415 3820397 3676165 3820587 
007375	TAYG	0820103	2	3465327 3501476 3524963 3538202 3559319 3581085 3606350 3608097 3693084 3694434 3694754 3693253 3816924 3474207 3693092 3668196 3816336 3595163 3620017 3430697 3480867 3560487 3642204 3823113 3668821 3797862 
008420	DAL300	3898367	2	3501476 3580796 3635008 3665300 3691140 3691983 3693253 3722992 3483084 3559903 3816463 3817487 3820010 3666207 3821197 3578910 3689329 3816181 3817419 3818771 3597215 3668130 3695554 3818676 3668870 3797720 3797784 3821552 3910674 
001764	PK337	1000086	2	3508682 3579414 3581207 3724014 3620520 3544945 3575769 3665045 3575266 3612623 3692915 3483059 3576510 3576629 
004865	EHIII	0031373	2	3508682 3561001 3581080 3581907 3597302 3576753 3581469 1088365 3577741 3581149 3797752 
009296	PK247	0897706	2	3508682 3578036 3581469 
008778	PK11	3896858	2	3510665 3540428 3788983 3483640 3691962 3709927 3668944 3668988 3797717 3821552 3910483 
008811	TH223	0576472	2	3510665 3559225 3576260 3466962 3699561 3520989 3576470 
015245	PK227	3839981	2	3510665 3578861 3692786 3694791 3724014 3821589 3693253 3578781 3691925 3481967 3576037 
002396	DAL10	0020988	2	3512896 3668623 3580389 3533093 3691514 3577741 3668827 3668895 
006851	TH110	3102267	3	3512896 3512896 3559302 3559302 3574519 3574519 3581962 3581962 3667464 3667464 3690043 3690043 3690799 3690799 3694417 3694417 3694738 3694738 3716140 3716140 3821006 3821006 3584557 3584557 3690806 3690806 3818773 3818773 3821440 3821440 3610120 3610120 3612203 3612203 3788990 3789055 3789055 3820588 3820588 3716638 3716638 3632720 3789493 3789493 3451557 3451557 3820965 3820965 3818480 3818480 3769368 3769368 3460343 3460343 3631042 3691514 3691514 3820963 3820963 3633806 3633806 3797780 3797780 
008469	EHLEC	3420576	3	3514964 3574047 3575259 3580796 3602816 3652396 3668366 3691140 3692786 3694791 3485774 3693253 3559903 3559645 3666207 3487261 3488858 3689329 3823113 3597215 3668845 3668870 3797676 
005290	PK337	3555100	3	3521272 3560193 3561001 3579687 3819232 3486623 3560511 3533093 3818686 3576314 3576324 3576357 3576563 
003412	EHLEC	0058557	2	3482989 3524341 3692766 3481813 3691983 3815902 3699536 3705083 3690361 3513947 3630915 3708949 3542887 3630474 3821571 3460820 3476418 3581315 3668130 3910613 
003552	BYC127	0897706	3	3524341 3560687 3578240 3581171 3581596 3486382 3486571 3561318 3581870 3690733 3821729 3575769 3581846 3483278 3580407 3693612 3483925 3477580 3669048 3797640 3797805 
012107	EHII	0031619	2	3524341 3577590 3602816 3677885 3485774 3486623 3559903 3699536 3484898 3466962 3433962 3474463 3488858 3797784 
001165	PK126	3646621	3	3466364 3480935 3538688 3818762 3558796 3789315 3774808 3546891 3695539 3580341 3487310 3576548 3797839 3574639 
009304	EHI	0493856	2	3538688 3560193 3578707 3819232 3485628 3560649 3579579 3577054 3581827 3556617 3561516 3576357 
003508	DAL315	0024092	2	3539996 3547282 3561001 3581171 3575769 3502893 3650874 3479804 3578443 3580407 
001206	EHIII	0254151	3	3540124 3525604 3575735 3817682 3692756 3789493 3467983 3676089 3797782 
010949	TH118	0897399	2	3540124 3634695 3561318 3476899 3511123 
015246	PK338	0820103	3	3444536 3465327 3540124 3578861 3579592 3610287 3677885 3689893 3695784 3722764 3796007 3816992 3817668 3481798 3525604 3531305 3579099 3621523 3789573 3817682 3474207 3485931 3690652 3796723 3480939 3544945 3414205 3578191 3819585 3460569 3650239 3711406 3797192 3821008 3651573 3691616 3693219 3789529 3648970 3661465 3821016 3650228 3797206 3483085 3692187 3820479 3693224 3479350 3581497 3694433 3592680 3581247 3576376 3576422 3668959 3797605 3797806 3797823 3910541 3910622 
007368	PK182	0162977	2	3540428 3561026 3650736 3652353 3653200 3667385 3712913 3728679 3768625 3793612 3817637 3819309 3820729 3651243 3692761 3717137 3816180 3816970 3821088 3821231 3693712 3819230 3611048 3714653 3652339 3818064 3819645 3668365 3796247 3796974 3694712 3797429 3689328 3642332 3476899 3483059 3692514 3796237 3816466 3519499 
009270	PK243	0897706	6	3544254 3666801 3692519 3716140 3692761 3820900 3480734 3712286 3789055 3789175 3817260 3817487 3674492 3821886 3695292 3630915 3692628 3820405 3576565 3797813 3910677 3910685 
003454	TAYD	3443571	3	3549052 3559476 3634695 3652473 3690020 3692519 3694980 3692761 3480734 3821729 3600785 3692536 3768555 3560234 3695292 3619323 3652373 3559612 3455037 3668863 
001763	TAYB	3474420	3	3484845 3557742 3561074 3694813 3581870 3463199 3484202 3451557 3790306 3796974 3602435 3576459 3668974 3797696 
003565	PK243	3443571	4	3443731 3557742 3560511 3600785 3486083 3667404 3447306 3560234 3483278 3455037 3487040 3514920 3668805 
004275	DAL300	3646542	3	3557742 3574546 3629951 3651365 3667608 3694813 3820885 3667674 3559537 3639603 3694039 3480150 3632881 3789288 3650874 3692756 3821180 3790825 3540705 3580407 3631042 3692380 3456660 3561516 3577984 3599536 3652569 3478343 3525384 3576420 3576623 3583596 3668752 3668917 
013210	DAL25	3470325	3	3557742 3606418 3667385 3797532 3656490 3693092 3694039 3819230 3692294 3612427 3775417 3667311 3616872 3652177 3694712 
002992	PK182	3764395	3	3558543 3574047 3581249 3632103 3651439 3692609 3695643 3716057 3716140 3796230 3796732 3796906 3816203 3816764 3819598 3821116 3821439 3667674 3821048 3620520 3689991 3817427 3484898 3628726 3716638 3630526 3764207 3592208 3711406 3768088 3821008 3474463 3493764 3498772 3671929 3769368 3691228 3767997 3792443 3821034 3815898 3819372 3820732 3821047 3694797 3666161 3797803 3797856 3910476 3910596 3910630 3692316 
012303	DAL6	0576472	3	3559225 3559319 3559534 3581962 3692786 3693280 3578804 3790244 3674492 3629518 3475327 3498772 3581250 3691962 3820961 3556594 3581149 3797862 
013185	EHII	0132890	3	3559476 3577590 3578036 3578861 3581999 3694791 3485774 3514095 3578781 3503630 3576037 3668845 3668870 
001158	SW7	1020104	3	3559815 3576306 
003440	PEMSTD	0031359	3	3559900 3611135 3667385 3689402 3818274 3819196 3558796 3468281 3667311 3818675 3576303 3576310 3576404 3668846 3910478 
010842	GOB	1168490	3	3560373 3581171 3581227 3559624 3463439 3559591 3575916 3818770 
013616	PK247	0375562	3	3560770 3576452 3576490 
012334	DAL10	0031388	3	3560858 3561772 3484898 3451331 3574866 3461498 
008774	PK259	0031572	3	3561430 3611135 3691981 3788990 3578781 3789288 3631101 3693856 3714653 3690204 3818675 3661465 3797642 3797819 
006034	TAYG	0213446	3	3559534 3574519 3578240 3651499 3667273 3691575 3691981 3695285 3695368 3820030 3574349 3577485 3651243 3616918 3632881 3629518 3715155 3820774 3595641 3694289 3693612 3818782 3768303 3581913 3797610 3797641 
013213	PK336	3648217	3	3574546 3575928 3655393 3618222 3485549 3591774 3821588 3662757 3668973 3669032 3797620 3797760 3797791 3797858 
002875	DAL212A	0031582	3	3483306 3560193 3574967 3652177 3467932 3694012 3576630 
013642	PK234	3195964	3	3464638 3516442 3574967 3579414 3580211 3606148 3816764 3482144 3482263 3482264 3822122 3592208 3651573 3465588 3478951 3486838 3542887 3642204 3576011 3462019 3483950 3561516 3581315 3576347 3576438 3667606 3797673 3797702 3797731 
006523	CARP15	0031573	3	3576013 3581980 3692609 3694780 3592208 3506324 3695022 3485053 3797665 3797751 3797790 3910711 
014979	PK11	3392421	3	3540428 3576260 3484314 3577682 3580159 3577806 3693286 3599497 3910729 
008769	TH104	3896858	3	3577590 3652353 3789070 3796906 3820729 3821069 3821643 3823130 3816180 3816970 3817427 3483651 3651465 3785953 3819613 3821166 3789136 3821254 3769368 3819143 
006031	PK20	0213446	4	3481562 3577703 3578240 3579864 3629951 3651499 3651605 3653200 3667464 3690043 3691981 3692098 3694738 3695285 3797331 3816960 3817637 3820030 3821439 3821643 3574349 3577485 3581232 3584557 3650277 3774021 3610120 3612203 3616918 3721962 3768025 3816483 3821393 3631215 3651487 3632881 3789288 3492423 3789493 3785953 3715155 3768088 3820965 3818480 3595641 3694289 3790306 3796247 3818782 3819143 3820970 3821571 3690719 3768303 3820963 3479838 3475959 3576002 3581913 3789283 3820038 3668873 3668968 3910746 
011308	DAL315	0180723	3	3578707 3581596 3695529 3463199 3638956 3559804 3797834 3797840 
001443	TH102	0853792	3	3578963 3789315 3667503 3580991 3576546 3910611 
004016	TAYC	3442425	3	3579687 3692849 3819309 3584557 3630501 3820900 3693712 3695282 3768339 3816722 3768197 3613455 3818025 3796254 3581981 3576482 3668763 
012765	TH111	3555097	3	3580796 3649568 3581201 3689991 3569865 3486740 3577984 3576512 3668750 3668822 3797667 3797861 3797868 
015000	DAL119	3461209	3	3580796 3580796 3668538 3668538 3692849 3692849 3774943 3774943 3581282 3581282 3690733 3690733 3691925 3691925 3693501 3693501 3694426 3694426 3612427 3612427 3580346 3580346 3790306 3790306 3616872 3616872 
015001	TH224	0402773	3	3580796 3668538 3668538 3692849 3692849 3774943 3774943 3581282 3581282 3690733 3690733 3577682 3577682 3691925 3691925 3693501 3694426 3694426 3612427 3612427 3612427 3580346 3580346 3790306 3790306 3616872 3616872 
001750	TH251	0622960	3	3485812 3581077 3821116 3475327 3488858 3820974 3819372 
006054	TAYSEM	0031526	3	3581077 3481643 3789055 3820032 3479718 3578921 
014114	CARP25	0827051	3	3581077 3651293 3695510 3574349 3692761 3694741 3576020 3796926 3690361 3716357 3820037 3689920 3648220 3797667 3797690 3797768 3797815 3910534 
007370	TAYF	0826964	3	3581249 3816992 3817177 3652276 3816970 3485931 3690733 3667676 3521461 3817260 3645720 3486475 3620017 3575266 3652177 3689920 3816104 3478419 3692187 3638301 3651750 3668999 3797642 3797803 
005258	TH129	3819183	3	3581389 3452988 3667381 3609553 3467671 3579579 3581827 3447322 3486632 3493764 3487505 3464396 3797821 
004803	PK229	0031373	3	3456653 3486653 3581080 3581596 3581907 3653119 3693565 3796906 3789288 3821180 3699561 3519726 3576463 3797692 3797838 3910464 3910632 3910686 3910713 
014548	TH118	0428815	3	3581596 3608602 3769368 3692316 
007006	PK349	3198619	3	3561430 3581920 3602816 3609407 3650225 3655428 3690445 3690799 3694481 3820395 3822122 3690800 3694073 3618222 3631101 3669069 3652273 3815949 3668365 3797084 3820961 3821269 3486617 3715174 3821571 3816708 3819542 3581192 3606290 3797740 3910507 
003033	CARP13	0492580	3	3581980 3650636 3556970 3486617 3576445 
002182	SW2	1167863	3	3582040 
013160	GOCOM	0031632	3	3578963 3579687 3582182 3608602 3666175 3695201 3695282 3466011 3668386 3480791 3650256 
002409	ROSTUD	3839983	3	3591436 3821162 3818675 3483950 3797849 
013161	DAL300	0031632	4	3591436 3768025 3817048 3598090 3533093 3577741 3668895 3910503 
003001	TAYE	3691394	3	3577703 3601391 3629951 3691748 3695027 3695510 3690778 3691834 3694426 3492423 3581846 3578392 3695434 3694415 3695024 3576507 3576519 3667606 3668822 3668828 3797604 3797636 3797702 3797864 
014628	PK278	3575049	3	3493931 3601391 3668366 3695529 3479355 3482263 3486787 3694073 3581995 3471745 3518231 3483385 3480067 3589576 3689845 3576306 3576362 3576405 3576527 3576535 3576586 3668824 3668911 3797657 3797673 
002415	EHI	1051497	3	3560770 3606293 3482194 3560308 3689919 3580389 3575071 3639772 3579092 3568636 3668970 3797819 
015242	DAL1	0695890	3	3560770 3606293 3482194 3560308 3689919 3580389 3575071 3639772 3579092 3568636 3668970 3797819 
015251	PK227	0409737	3	3606293 3482194 3560308 3689919 3580389 3575071 3579092 3568636 3668970 
012339	PEMSTD	3420576	6	3606350 3652396 3796230 3486501 3695022 3460820 3478747 
001429	PK10	0020093	3	3606418 3650736 3650997 3695282 3668386 
011987	TH116	3764403	3	3606418 3797532 3819367 3789315 3668386 3612427 3771747 
004356	CARP17	0847593	3	3608602 3615055 3691748 3781152 3820378 3821006 3479382 3821886 3447322 3820965 3816860 3485642 
013439	GOHEP	0468281	3	3483567 3615055 3789070 3820397 3668955 
004036	BYC239	3460456	3	3629467 3705083 3692536 3668851 3668974 
005272	PK328	1137952	3	3580269 3629467 3480423 3579723 3559857 3580912 3580714 3576385 3576420 
006519	TH121	0031478	3	3482101 3629970 3581996 3462019 3483996 3484324 
002562	CARP21	3813957	3	3578811 3650997 3690346 3691575 3692786 3694980 3817379 3819177 3820958 3821179 3558800 3561318 3667381 3819196 3821231 3675467 3789055 3692536 3796926 3820032 3667821 3691694 3668386 3820971 3695292 3576763 3652373 3695539 3797084 3678350 3699561 3818782 3768972 3708638 3578921 3768458 3666570 3821273 3559172 3222918 3668753 3668947 3668971 3668974 3669006 3695281 3720506 3793534 3797665 3797722 3797781 3910527 3910754 
005196	PK243	0493855	3	3484816 3578707 3651486 3668538 3692519 3730202 3788983 3796230 3821162 3821589 3481203 3667381 3818773 3788990 3480423 3818227 3817260 3493704 3465244 3818064 3665045 3485327 3487505 3616872 3797206 3816860 3574483 3651585 3817087 3820732 3576359 3576434 3576627 3668827 3797773 3797790 
001881	PK200	0056992	3	3651816 3694754 3481203 3464327 3480999 3529298 3549272 3467093 3482592 3559189 3576299 3668759 3797758 3797881 
005846	TH224	0031582	4	3653119 3478964 3768339 3635012 3651585 
002151	PK25	3897776	3	3480868 3480868 3665300 3665300 3821643 3821643 3725997 3725997 3579645 3579645 3816336 3816336 3821166 3821166 3821269 3821269 3789806 3789806 3797164 3797164 3655749 3655749 3666570 3666570 
007032	PK20	0031573	5	3666520 3692849 3819232 3820378 3693501 3578714 3572330 3635012 3651585 3797696 3797843 
004015	PK182	3460456	4	3666801 3699613 3768625 3581663 3600785 3712286 3694668 3579361 3678350 3768034 3820970 3642332 3692187 3668130 3795999 
006562	PK338	0031573	5	3667608 3692609 3506324 3480810 3576011 3576359 3576400 3668768 
008773	TAYG	3896858	6	3575259 3667654 3689402 3692766 3816549 3820885 3483640 3693856 3818807 3797084 3818771 3790792 3676165 3627845 3797666 
003017	TH224	3332662	6	3486834 3667749 3793612 3820030 3556970 3821077 3820756 3546417 3492423 3789806 3474598 3576416 3576507 3668824 3668870 3797754 
006559	TAYE	0031478	6	3579414 3668195 3581098 3483084 3478951 3579116 3648970 3483996 3487090 3797588 3797806 3797844 3910472 
013783	DAL1	3555100	6	3480937 3484619 3669280 3584557 3446353 
005727	TH223	3648007	3	3690789 3693230 3577682 3691694 3574563 3797653 
003406	PK180	1061058	3	3561430 3651365 3691981 3692766 3693813 3694432 3797331 3816992 3817379 3820257 3821179 3821439 3821589 3816924 3816970 3675467 3768025 3821393 3816463 3820588 3669069 3789175 3611048 3817048 3764207 3785953 3797576 3820971 3768088 3771747 3819304 3820965 3768197 3789136 3818480 3818807 3820774 3591844 3764422 3768356 3789529 3816486 3818024 3818025 3818675 3792443 3820974 3821016 3820963 3821588 3792350 3820479 3694012 3819542 3820038 3821047 3690845 3816466 3821273 
006860	BYC106	3818519	3	3667464 3694738 3694903 3610120 3612203 3694431 3493704 3789493 3690719 3792350 3578252 
001747	RCCON	3896859	3	3677885 3699593 3816203 3711406 3716357 3796254 3820974 3820587 
006504	TH110	0777265	6	3610287 3692285 3699593 3820378 3467781 3789573 3821048 3821088 3821231 3816463 3710991 3717144 3652273 3694668 3790825 3818025 3821097 3792406 3689328 3585962 3651585 3692514 3479350 3578252 3817001 3910474 3910623 
001424	PK25	0020093	6	3704166 3796732 3816832 3818746 3819367 3789315 3771747 3580991 3671929 3689328 3768972 3583596 3910477 
004010	PK20	3442425	6	3486653 3609410 3704166 3710476 3816960 3818029 3819177 3820395 3820992 3693902 3717144 3821195 3551641 3768620 3788897 3821008 3821180 3821359 3796974 3591211 3692628 3816554 3816104 3792350 3820380 3820479 3820732 3580714 3821273 3797744 3910677 
012734	CARP17	0910346	6	3712888 3476085 3525384 3668752 3668917 
008439	CARP21	3898367	6	3480728 3712913 3730202 3819628 3816924 3822613 3559537 3796723 3485537 3486379 3487321 3819585 3595163 3789136 3467199 3610671 3577806 3694712 3650228 3478343 3576627 3669024 3797720 
013172	PK234	0024092	6	3712888 3764208 3620520 3789507 3483546 3716638 3482019 3819613 3821166 3790825 3630915 3645471 3816554 3574483 3581315 3651750 3419024 3576358 3692018 
006518	PK338	0777265	4	3493931 3692285 3724014 3797532 3820395 3820992 3817682 3690800 3667676 3694780 3797576 3464306 3506324 3576763 3695022 3692915 3483059 3483996 3692514 3819676 3576368 3576447 3668812 
012099	EHLEC	0020093	4	3797532 3694741 
005228	PK200	3448653	6	3465327 3692285 3816549 3486787 3690516 3695542 
014997	DAL300	0031347	6	3482198 3559534 3692098 3816992 3820030 3667677 3815902 3820756 3480423 3581827 3773692 3691962 3480067 3560487 3819143 3581913 3479350 3530220 3578488 3576382 3797826 3692316 
007878	TAYF	0470839	6	3817177 3820958 3711797 3821088 3612203 3690361 3683644 3474409 3820768 3574563 3796254 3576586 3797710 3910489 
014138	DAL119	0493855	6	3668538 3816764 3816832 3817177 3819232 3687862 3815902 3690652 3695542 3773692 3821254 3708949 3678350 3797656 3910525 
009263	BYC127	0467822	6	3695510 3695643 3817379 3715444 3485550 3818227 3649880 3819585 3691416 3716357 3820037 3610681 
015249	PK182	3212821	6	3650225 3650997 3651486 3653119 3655428 3816832 3818762 3610120 3468281 3667503 3768339 3630526 3679221 3775417 3797192 3667311 3767997 3689328 3585962 3580340 3651033 3816708 3576399 
013167	TAYD	0058557	6	3579291 3819332 3667821 3693856 3694798 3818686 3699561 0323619 3576522 3668978 
007903	PK337	0468281	6	3820958 3711797 3474409 3668997 3669033 3797710 
005120	TAYC	3400071	6	3451724 3693084 3821004 3485848 3695024 3708638 3822535 3797677 
003005	TH110	3691394	4	3580326 3581999 3653200 3693084 3816960 3817637 3821179 3467781 3498974 3690778 3486133 3580114 3820032 3821359 3613455 3638594 3820037 3481967 3797429 3820405 3578921 3580714 3668947 3797649 3910652 3910700 
007926	CARP21	0470839	7	3476085 3452445 3576463 3576471 
015247	null	0470839	0	
010968	GOHEP	3571236	6	3481643 
007404	DAL2	0987494	6	3485169 3479976 3467093 3581250 3576376 3576464 3576513 3576583 
005282	GOB	0493856	6	3485628 3556617 3486782 
003275	PK338	1061861	6	3480728 3486382 3525604 3581282 3631101 3451168 3596492 3689329 3559612 3458706 3483241 3485417 3514920 3576315 3576378 3576440 3576473 3576553 3596193 3660063 3668763 3668821 3669084 3797644 3797720 3797748 
011296	TH110	0468281	5	3497948 3540662 3561318 3467932 3635012 3575581 3617170 3797679 3797758 3797764 
006582	PK328	3792642	6	3482198 3577109 3818770 3576397 
001182	TH251	0493725	6	3581830 3580259 
004872	BYC239	0138190	6	3621523 
007923	TH116	0821481	6	3667319 3797770 
014996	PK180	3461209	6	3456653 3549052 3559534 3692098 3695285 3816992 3820030 3487266 3667677 3815902 3480423 3581827 3711406 3773692 3691962 3480067 3560487 3819143 3581913 3479350 3530220 3578488 3576382 3576522 3797826 
005154	PK126	1020104	6	3655428 3821059 3693921 3577054 3819304 3691228 3817962 
015014	DAL6	0219846	6	3691834 3821048 3486617 3821571 3694797 3565637 3576429 3576520 3797801 
002464	TH110	0493725	7	3561772 3464398 3540190 3576231 3478050 3565637 3668868 
005176	TAYB	3819183	6	3816832 3464398 3546891 3462237 3816708 3818805 3797733 
007007	PK180	0028980	4	3464855 3690445 3788983 3796964 3819309 3821004 3687862 3492361 3483977 3774808 3694426 3695345 3580346 3820961 3691228 3581981 3818805 3790492 3668827 3797740 3910685 
002379	PK264	0802802	6	3485054 3668972 
015006	GOCOM	3818518	6	3540190 3466962 3668865 3668944 3668988 
007888	BYC106	0431946	6	3560649 3692852 3576212 3797631 3797770 
004838	EHII	0697660	6	3478713 3710476 3638956 3462237 3481518 3797644 
013636	PK278	0605187	6	3650225 3467781 3484334 3821044 3820588 3461517 3478691 3464985 3576037 3817087 3576318 3576484 3668760 3668763 3910471 
013915	DAL315	1168490	6	3452445 3484894 3463439 
002398	EHIII	3839981	6	3690346 3578191 3475933 3576339 3576426 
013925	TAYG	3571236	4	3694791 3695542 3581247 3797699 3797749 
007407	EHLEC	0031631	6	3443731 3444536 3667319 3481813 3486321 3485549 3464985 3460820 3480069 3484324 3487621 3576439 3576457 
006534	CARP25	0916272	6	3648550 3577109 3632881 3486844 3572330 3589576 3668812 3910493 3910605 
013924	PK180	3571236	5	3821554 3689991 3693501 3796926 3576763 3820587 3695281 
004810	PK259	1051497	6	3821004 3820010 3559149 3579361 3797429 3519726 3910691 
002465	TH104	3839983	6	3540190 3546417 3484763 3540705 3480166 3483003 3505185 3576343 3668923 3668972 
003500	PK11	3194193	6	3692766 3692756 3768555 3580991 3910740 
015013	DAL10	0827051	6	3821554 3818064 
014969	PK20	3448653	7	3476864 3485054 3475941 3505185 3462019 3576364 3576485 3576558 3669008 3797671 
005734	RCCON	3556752	6	3561001 3447306 3576324 
001552	PK227	0129398	6	3432357 3575483 3694101 3460343 3576474 
010851	DAL212E	0409737	6	3560770 3639772 3797819 
005210	PK338	0493856	7	3667381 3667677 3576753 3816722 3483950 3561516 
001752	TH111	3896859	6	3462240 3469615 3531305 3465591 3596492 3820970 
012431	TH118	0847593	6	3559970 
005137	TH129	3900232	6	3666520 3493764 3612623 3821588 3817962 3464396 
015260	TH102	0032205	6	3581999 3690482 
006019	PK349	1141520	6	3788983 3819628 3675467 3768197 3816486 3695145 3476899 3483059 3580912 3694012 3796237 3485816 3576567 3576571 3576626 3668941 3797588 3797611 3797856 3910559 
009321	PK180	0138190	7	3579116 3542887 3768034 3819676 3519726 
011307	PK182	3898367	7	3578036 3514095 3709927 3668845 
001562	CARP21	0705542	4	3432357 3469560 3480728 3481944 3581609 3480734 3694384 3714653 3483557 3575483 3797192 3460343 3576474 3576482 3576581 3668895 3797855 3910622 3910674 3910730 3910761 
012354	CARP15	0031756	6	3460343 3668765 3668895 3910508 3910674 3910707 
012837	DAL119	0467822	4	3481202 3655749 3689931 3519726 
011050	PK336	0897399	6	3540428 3695784 3693856 3542887 3576037 3576379 3576440 
003407	PK247	0845898	6	3820963 
009233	TAYSEM	0029475	6	1088365 3668972 
005224	PK278	3900232	4	3612203 3578714 3430527 3437011 
013645	null	0493725	0	
007041	PK229	0162976	6	3578707 3560649 3581995 3478691 3483085 3483925 3487040 3576306 3576405 3668775 
010860	PK349	3461209	4	3487732 3481202 3576879 3576212 3467040 3668794 3668799 
013162	EHI	0031632	6	3481664 3581907 3796964 3485628 3467932 3668818 
005198	DAL212A	0853792	6	3463560 3486623 3797586 
002448	TH121	0031373	6	3533093 3579949 
005162	DAL25	0031582	6	3608602 3789070 3820395 3717144 3690204 3790825 3580671 3668850 
014987	CARP21	1020104	5	3667677 3581981 3910542 
015015	TH223	3431836	6	3668538 3505134 
006553	PK234	0031478	4	3540662 3694798 3462990 3576306 3576344 3669051 
003465	SW7	0599596	6	3699536 
012352	TAYF	0129398	4	3819372 3576331 3669000 3910622 
015308	PK234	3839983	7	3569865 
002663	PK182	0031478	5	3606290 
015005	PK243	3818518	5	3676165 
003450	TAYE	0599596	4	3819628 3480423 3851907 
008450	null	0493725	0	
005191	RCSEM	1137952	6	3581247 3582017 
001751	SW2	0912484	6	3578392 
004372	null	0138190	0	
005741	BYC127	3556752	4	3580159 
012813	DAL300	0847593	5	3693612 
011198	PK25	0912484	4	3694039 3820970 3910744 
012353	CARP13	0683480	6	3576331 3576474 
002401	PK243	3332662	7	3576396 3797744 
013648	TAYD	0605187	4	3576486 
013342	null	0493725	0	
001559	DAL300	0031756	7	3668765 3668895 
012355	ROSTUD	0031332	6	3668895 3797855 
002420	TH104	1061861	4	3669008 
004362	PK10	0989327	6	3692372 3693581 
008470	PK349	1061861	5	3797676 
012503	PK349	0853792	7	3694481 3797829 
