Students	1000
1	362 549 9 978
2	753 739 81 520
3	252 558 726 18
4	317 388 546 993
5	607 48 372 291
6	204 880 486 553
7	320 55 848 124
8	563 669 304 613
9	674 602 200 368
10	84 567 169 245
11	89 2 790 994
12	902 894 160 342
13	15 717 395 45
14	27 971 522 190
15	209 408 906 447
16	352 712 81 495
17	965 815 95 80
18	87 200 801 98
19	401 674 201 325
20	98 499 415 313
21	807 210 931 34
22	979 391 21 820
23	172 639 854 508
24	844 414 567 555
25	449 736 38 571
26	776 324 168 860
27	810 731 241 320
28	584 86 281 454
29	128 756 900 431
30	15 594 865 448
31	209 558 678 191
32	860 582 780 720
33	801 482 340 565
34	445 606 856 452
35	302 522 297 693
36	862 560 251 512
37	127 841 218 161
38	886 909 943 699
39	140 287 771 305
40	981 726 462 546
41	211 315 658 552
42	928 640 268 493
43	898 185 817 530
44	641 24 480 791
45	513 494 876 255
46	429 103 44 386
47	345 887 665 218
48	530 167 770 393
49	576 265 905 609
50	54 745 137 500
51	570 927 944 214
52	552 437 160 782
53	500 874 812 774
54	308 53 115 962
55	989 909 673 696
56	128 876 442 126
57	308 300 199 60
58	799 140 642 230
59	920 475 294 806
60	664 268 603 554
61	616 654 66 828
62	697 37 359 385
63	269 373 944 454
64	307 564 938 835
65	279 557 351 468
66	617 972 613 672
67	104 202 405 387
68	325 632 561 425
69	901 712 713 164
70	394 133 680 857
71	154 669 424 910
72	702 493 52 72
73	394 113 375 459
74	475 713 344 179
75	519 434 341 851
76	820 416 258 394
77	980 616 90 846
78	894 231 980 973
79	130 889 228 648
80	295 540 493 109
81	294 812 551 873
82	71 418 497 245
83	734 430 959 661
84	339 896 646 847
85	518 418 806 510
86	882 168 797 759
87	453 81 928 85
88	236 991 946 714
89	680 644 506 753
90	748 347 603 434
91	187 532 335 59
92	771 338 393 33
93	549 238 34 709
94	689 459 801 103
95	406 929 242 853
96	729 578 102 949
97	776 170 845 662
98	597 449 670 938
99	121 3 846 232
100	800 93 79 806
101	189 159 588 830
102	170 160 626 81
103	51 361 638 374
104	480 249 157 488
105	416 504 804 836
106	252 212 372 297
107	289 30 422 937
108	835 671 127 139
109	225 919 293 102
110	540 330 558 682
111	997 579 350 159
112	212 182 289 948
113	262 340 447 668
114	879 373 356 750
115	904 407 448 84
116	243 315 950 908
117	82 899 129 180
118	637 613 565 421
119	665 21 298 299
120	753 532 607 749
121	645 532 899 18
122	850 994 126 739
123	342 396 833 771
124	404 553 826 445
125	674 921 671 816
126	140 433 180 350
127	558 741 428 673
128	183 424 70 989
129	545 728 104 862
130	614 398 43 52
131	105 258 735 284
132	80 245 985 358
133	624 338 301 106
134	216 301 731 964
135	35 722 949 359
136	549 673 881 834
137	190 548 629 774
138	260 473 910 116
139	533 967 448 546
140	605 616 435 124
141	378 932 723 826
142	115 735 409 504
143	89 609 994 751
144	651 753 851 935
145	789 820 1000 734
146	266 838 659 928
147	772 590 949 528
148	386 775 994 950
149	681 108 242 342
150	211 294 701 143
151	629 370 179 887
152	387 497 239 363
153	896 359 67 770
154	945 364 637 137
155	497 855 605 115
156	221 226 56 407
157	945 889 349 614
158	970 224 653 583
159	768 387 581 480
160	171 40 563 558
161	897 807 916 935
162	79 575 989 766
163	884 386 542 930
164	939 865 576 323
165	991 214 76 764
166	375 222 494 534
167	608 465 622 156
168	913 497 883 805
169	130 12 803 115
170	246 393 635 79
171	343 114 169 617
172	850 967 776 460
173	665 38 641 746
174	283 806 99 593
175	41 271 364 407
176	69 883 59 726
177	131 469 636 163
178	337 764 352 98
179	496 371 369 72
180	512 660 76 450
181	843 726 883 585
182	225 802 806 15
183	38 701 713 736
184	254 765 476 288
185	515 303 481 879
186	765 634 446 253
187	922 148 843 147
188	322 386 747 503
189	309 258 975 698
190	152 447 75 882
191	957 665 36 524
192	923 159 752 838
193	978 305 607 302
194	868 794 526 690
195	141 42 121 293
196	412 854 787 389
197	10 723 923 808
198	616 602 498 165
199	348 811 686 97
200	620 163 906 653
201	932 526 574 855
202	997 89 874 716
203	361 370 729 676
204	369 979 517 182
205	193 624 358 926
206	895 576 657 175
207	759 659 935 497
208	288 824 509 271
209	909 841 807 805
210	490 914 886 478
211	960 17 236 269
212	306 404 281 925
213	482 100 927 563
214	68 329 921 50
215	672 824 470 156
216	753 302 770 758
217	484 423 572 216
218	525 279 244 827
219	120 147 216 530
220	431 605 193 480
221	229 21 198 992
222	721 534 848 713
223	750 417 149 676
224	967 791 502 553
225	603 75 344 596
226	579 973 196 192
227	281 741 639 78
228	900 731 594 117
229	924 682 876 310
230	788 941 481 691
231	648 964 953 46
232	476 307 94 358
233	738 515 556 609
234	553 132 542 561
235	818 693 245 327
236	105 335 151 732
237	246 265 165 283
238	412 112 457 204
239	819 484 189 781
240	109 46 914 700
241	317 181 679 264
242	391 884 137 145
243	544 632 383 486
244	663 628 622 888
245	305 277 230 654
246	19 97 454 74
247	189 244 864 74
248	583 473 834 119
249	19 845 658 965
250	805 712 145 381
251	556 368 671 784
252	909 716 724 248
253	556 186 413 324
254	880 516 65 350
255	661 197 957 758
256	350 613 785 717
257	817 811 910 823
258	475 326 773 708
259	119 783 338 129
260	224 232 245 159
261	45 654 514 453
262	165 266 714 684
263	106 349 178 268
264	591 214 12 474
265	563 748 777 311
266	627 970 30 882
267	80 245 534 656
268	744 961 492 775
269	867 408 530 671
270	17 526 171 909
271	121 851 948 207
272	296 919 200 586
273	342 365 477 542
274	397 817 735 438
275	414 132 460 951
276	366 861 82 488
277	172 602 753 237
278	850 814 550 555
279	547 241 401 189
280	597 383 689 679
281	270 863 190 740
282	173 609 310 461
283	579 753 857 554
284	42 999 642 154
285	278 83 232 854
286	256 254 270 863
287	59 412 863 590
288	142 538 21 455
289	964 226 758 444
290	540 697 816 639
291	448 495 702 766
292	322 763 607 206
293	590 273 252 249
294	187 367 912 608
295	618 163 894 47
296	944 375 125 889
297	41 336 71 75
298	820 217 746 486
299	397 408 723 448
300	627 848 906 562
301	814 151 760 355
302	988 261 73 355
303	322 457 403 180
304	196 752 626 480
305	157 428 652 366
306	714 920 72 245
307	59 757 231 311
308	740 505 26 834
309	944 803 225 612
310	768 720 728 631
311	179 887 319 66
312	566 716 785 46
313	83 373 925 153
314	539 141 41 964
315	227 31 766 184
316	21 561 948 345
317	545 61 447 882
318	629 678 591 531
319	281 853 341 943
320	459 848 566 575
321	310 292 679 38
322	564 407 233 253
323	432 908 64 785
324	847 714 473 437
325	814 721 797 469
326	234 599 986 243
327	894 938 242 656
328	757 125 335 629
329	695 6 222 403
330	945 204 365 205
331	668 673 837 469
332	771 592 416 588
333	929 847 412 766
334	228 238 719 7
335	958 998 249 339
336	522 804 682 790
337	639 813 729 297
338	752 377 352 10
339	787 598 867 467
340	906 79 188 822
341	183 650 821 1
342	5 312 451 991
343	490 453 984 839
344	186 824 882 666
345	300 103 278 682
346	598 674 125 728
347	44 778 923 115
348	31 421 252 928
349	405 455 512 606
350	324 552 78 599
351	406 294 474 373
352	700 226 472 942
353	343 298 80 541
354	368 944 700 751
355	316 922 988 574
356	919 591 954 974
357	161 251 950 698
358	270 655 619 701
359	249 285 725 928
360	165 97 469 983
361	725 632 397 354
362	543 471 997 428
363	464 604 306 527
364	391 426 246 625
365	243 315 528 165
366	63 636 97 293
367	328 883 366 898
368	429 530 709 491
369	11 255 653 436
370	616 956 921 380
371	373 468 748 380
372	584 42 770 756
373	947 428 961 880
374	219 63 936 76
375	766 361 855 456
376	163 102 819 710
377	734 174 243 630
378	116 643 192 980
379	138 893 984 440
380	954 4 840 877
381	631 168 623 514
382	552 694 353 469
383	960 631 756 168
384	903 376 312 678
385	279 527 521 878
386	725 88 430 512
387	915 611 985 581
388	492 778 787 845
389	57 780 324 469
390	530 12 257 543
391	947 288 579 346
392	574 924 324 39
393	811 684 486 143
394	988 76 989 507
395	937 788 330 910
396	668 944 189 389
397	25 140 29 428
398	474 142 155 378
399	190 350 685 636
400	972 357 462 897
401	737 684 665 200
402	131 178 59 755
403	183 55 839 905
404	591 686 485 927
405	787 293 20 7
406	105 677 557 354
407	259 210 766 344
408	736 892 295 226
409	195 504 676 788
410	463 459 503 488
411	211 3 13 555
412	902 46 458 189
413	745 72 998 33
414	943 888 386 860
415	940 291 379 8
416	277 926 968 328
417	89 659 989 628
418	893 822 962 248
419	648 629 798 980
420	880 450 107 140
421	938 301 621 926
422	51 832 895 933
423	235 914 56 694
424	193 135 447 845
425	154 629 381 799
426	26 504 710 920
427	848 244 160 42
428	277 1 387 698
429	813 86 997 699
430	622 859 583 321
431	789 867 477 546
432	645 590 891 818
433	555 633 574 988
434	372 213 759 448
435	197 331 981 445
436	372 44 339 764
437	781 678 603 71
438	922 4 623 474
439	219 186 208 62
440	216 393 651 297
441	525 215 573 88
442	141 409 725 727
443	592 872 768 825
444	746 502 90 42
445	56 421 156 189
446	76 783 281 957
447	850 638 509 617
448	731 336 406 8
449	534 179 189 670
450	147 233 940 163
451	570 618 682 320
452	290 477 238 167
453	283 290 921 470
454	201 876 852 793
455	372 418 706 717
456	566 73 919 560
457	496 344 257 821
458	299 575 324 422
459	603 829 377 138
460	921 626 112 627
461	445 499 961 51
462	387 212 593 227
463	895 542 626 497
464	909 320 925 715
465	507 642 46 830
466	196 793 510 841
467	50 957 162 611
468	529 797 415 993
469	568 698 829 354
470	32 941 161 423
471	923 463 609 954
472	513 564 652 198
473	630 37 358 258
474	316 570 719 23
475	270 802 977 231
476	651 449 739 948
477	691 254 202 265
478	12 805 54 576
479	732 377 573 421
480	410 801 462 564
481	197 784 816 850
482	310 423 893 105
483	399 612 685 184
484	354 330 467 610
485	644 107 953 426
486	211 403 559 963
487	664 746 656 775
488	102 791 132 613
489	159 517 853 831
490	881 348 580 205
491	279 646 178 862
492	856 925 547 664
493	91 711 171 139
494	894 853 701 409
495	828 529 918 887
496	722 327 253 861
497	971 667 880 47
498	773 115 76 539
499	53 692 809 873
500	357 181 653 795
501	372 562 612 384
502	421 337 697 681
503	709 614 616 811
504	670 30 265 551
505	506 718 156 481
506	351 710 315 720
507	920 47 624 33
508	601 998 213 912
509	622 802 104 452
510	823 59 415 314
511	192 960 534 206
512	221 164 621 730
513	507 790 843 629
514	281 413 16 726
515	551 444 928 847
516	659 984 829 683
517	681 406 386 690
518	712 82 333 355
519	490 947 893 502
520	609 964 575 858
521	75 54 754 237
522	805 27 588 51
523	658 447 655 982
524	429 987 567 871
525	284 452 884 855
526	46 568 507 537
527	492 433 318 302
528	73 988 101 489
529	691 481 291 906
530	117 751 281 529
531	233 796 60 222
532	368 892 628 957
533	41 973 942 591
534	240 905 39 379
535	9 13 376 522
536	390 992 445 483
537	276 425 83 52
538	335 197 98 329
539	939 211 226 421
540	938 195 901 586
541	698 893 980 510
542	126 240 551 707
543	439 996 177 769
544	368 815 800 282
545	781 533 800 743
546	571 48 955 635
547	170 153 889 929
548	279 831 889 290
549	185 542 103 391
550	255 895 165 107
551	338 575 545 459
552	821 792 612 732
553	814 487 671 884
554	599 868 601 491
555	260 43 72 25
556	608 791 521 31
557	950 251 647 990
558	54 184 478 803
559	406 715 251 169
560	513 185 19 956
561	809 88 193 275
562	618 548 786 334
563	360 438 51 824
564	831 992 338 35
565	75 537 168 968
566	330 123 53 454
567	374 245 818 735
568	571 129 911 778
569	217 158 518 30
570	616 902 186 690
571	475 660 120 174
572	886 928 557 428
573	682 360 372 422
574	611 533 906 387
575	310 653 389 582
576	878 601 124 195
577	245 782 52 858
578	833 907 583 558
579	160 388 681 54
580	307 582 519 174
581	120 974 486 546
582	852 42 496 744
583	833 95 160 792
584	933 912 265 409
585	620 383 727 709
586	815 87 798 959
587	369 706 155 938
588	509 114 13 814
589	441 846 571 884
590	973 475 730 69
591	734 103 883 414
592	684 209 659 896
593	897 124 476 282
594	573 539 872 169
595	978 100 196 672
596	295 816 977 504
597	654 168 275 718
598	755 143 452 807
599	510 509 932 838
600	507 932 39 795
601	147 392 896 333
602	109 13 122 459
603	925 737 319 88
604	836 80 857 273
605	447 533 51 577
606	526 959 238 306
607	68 439 441 142
608	733 717 801 73
609	141 86 227 391
610	205 786 492 213
611	819 339 503 385
612	171 684 82 646
613	675 696 714 505
614	853 3 331 770
615	292 993 889 129
616	295 994 958 437
617	741 730 403 560
618	763 62 951 69
619	577 364 739 933
620	433 684 926 566
621	588 619 86 226
622	66 804 29 320
623	993 408 118 851
624	664 557 375 986
625	262 291 970 716
626	851 222 102 439
627	987 466 252 127
628	878 724 917 676
629	498 172 921 335
630	695 570 456 309
631	27 54 975 70
632	483 105 840 692
633	267 465 213 942
634	421 109 584 636
635	111 889 781 134
636	214 297 407 146
637	212 706 794 456
638	111 13 552 618
639	749 261 126 435
640	690 473 940 413
641	457 790 346 772
642	703 239 861 847
643	536 91 875 234
644	669 220 914 152
645	534 957 656 732
646	687 375 629 145
647	677 280 34 118
648	162 479 498 944
649	408 461 63 26
650	746 767 179 275
651	77 182 175 891
652	835 990 270 622
653	847 885 8 141
654	344 456 362 713
655	859 320 175 436
656	380 912 50 601
657	624 332 953 752
658	604 703 203 931
659	431 672 188 38
660	777 518 63 782
661	277 964 183 173
662	997 148 696 878
663	448 143 984 935
664	615 138 885 842
665	436 608 277 756
666	662 883 829 595
667	301 48 42 92
668	917 741 887 979
669	939 406 243 353
670	393 968 185 163
671	985 732 56 455
672	125 843 123 423
673	226 730 611 239
674	610 193 672 429
675	464 652 737 190
676	181 616 885 291
677	766 831 988 107
678	845 98 254 185
679	890 524 66 660
680	881 401 355 586
681	480 953 849 24
682	564 553 726 760
683	303 390 380 142
684	921 989 99 424
685	420 875 583 478
686	359 430 890 204
687	656 701 944 545
688	313 372 323 788
689	181 113 71 884
690	825 145 706 511
691	297 748 907 618
692	104 845 120 392
693	785 243 294 192
694	658 114 251 574
695	256 65 774 419
696	563 630 162 458
697	30 86 775 467
698	788 403 563 804
699	964 627 801 43
700	269 438 535 482
701	540 700 836 570
702	595 108 713 615
703	251 960 947 851
704	773 615 685 297
705	998 438 972 322
706	495 253 674 214
707	760 494 288 729
708	759 797 676 7
709	316 506 838 783
710	471 235 831 382
711	109 774 32 99
712	883 222 219 604
713	710 771 640 515
714	327 109 206 191
715	445 354 527 720
716	715 116 175 339
717	936 788 921 965
718	733 242 854 230
719	501 909 503 453
720	812 498 149 164
721	251 49 350 349
722	121 163 136 390
723	29 290 864 347
724	513 814 733 235
725	363 886 662 583
726	361 436 30 176
727	874 619 359 999
728	853 100 67 281
729	836 444 685 793
730	176 598 636 358
731	262 624 606 969
732	679 174 435 962
733	490 519 140 965
734	879 591 431 614
735	556 465 756 358
736	696 937 300 784
737	691 592 347 188
738	159 511 369 228
739	135 7 3 305
740	903 595 568 266
741	73 506 29 459
742	209 151 520 457
743	908 847 897 560
744	970 298 67 913
745	297 692 137 635
746	958 920 159 185
747	301 491 465 567
748	969 923 313 262
749	799 964 824 567
750	963 467 529 720
751	818 336 383 732
752	115 939 870 468
753	751 152 948 727
754	734 599 694 861
755	533 331 716 800
756	438 572 872 180
757	723 87 732 884
758	533 307 190 579
759	92 486 972 514
760	535 727 536 689
761	752 722 464 609
762	935 7 406 942
763	93 604 475 995
764	813 371 711 595
765	793 395 359 681
766	672 304 888 139
767	923 886 315 496
768	892 333 798 465
769	788 501 968 688
770	569 880 11 719
771	415 316 369 478
772	72 730 596 243
773	809 112 757 365
774	581 327 711 405
775	915 946 162 174
776	17 477 901 374
777	6 293 743 485
778	234 6 208 106
779	603 499 557 61
780	87 589 908 911
781	335 144 308 343
782	1 279 924 969
783	178 924 536 929
784	954 223 754 58
785	280 840 573 135
786	393 672 36 613
787	244 792 581 464
788	425 681 746 919
789	48 177 961 784
790	806 823 341 889
791	992 695 389 520
792	637 822 111 425
793	963 410 835 21
794	410 287 397 776
795	45 17 949 514
796	17 589 316 676
797	20 387 317 760
798	603 528 112 295
799	535 751 221 604
800	690 615 290 193
801	837 254 702 70
802	839 687 233 538
803	782 232 923 602
804	218 106 103 821
805	457 261 58 304
806	833 949 423 182
807	171 944 180 766
808	859 472 924 254
809	752 418 928 175
810	463 604 868 98
811	58 788 44 920
812	735 393 328 447
813	366 37 227 838
814	876 122 604 924
815	820 466 128 575
816	575 298 252 376
817	456 425 743 274
818	595 824 7 708
819	392 861 873 959
820	946 445 194 906
821	670 248 853 520
822	665 996 141 990
823	879 569 186 161
824	137 77 440 740
825	116 324 338 569
826	119 509 894 931
827	111 976 460 783
828	86 347 411 696
829	265 890 429 962
830	297 285 110 363
831	214 519 242 806
832	37 975 437 802
833	34 587 453 392
834	803 202 138 855
835	568 25 569 817
836	842 513 931 511
837	695 729 863 150
838	244 513 178 728
839	291 947 57 903
840	986 876 993 45
841	387 558 210 349
842	7 688 766 173
843	264 376 916 681
844	691 453 890 676
845	21 480 23 9
846	874 25 51 976
847	505 664 861 575
848	640 497 748 123
849	731 134 281 709
850	443 475 772 734
851	804 537 428 925
852	338 989 151 812
853	855 381 254 689
854	54 651 630 367
855	98 910 215 812
856	249 609 367 658
857	951 553 452 146
858	475 216 895 628
859	93 108 62 208
860	374 352 808 576
861	429 963 696 663
862	97 800 841 420
863	227 755 837 126
864	211 97 209 943
865	70 52 598 559
866	217 870 106 276
867	875 839 747 686
868	308 704 267 491
869	948 804 7 200
870	227 256 352 587
871	927 698 361 240
872	869 449 721 338
873	523 309 212 550
874	817 263 831 440
875	153 937 770 980
876	125 869 124 150
877	933 592 970 498
878	492 573 732 148
879	988 524 546 685
880	409 327 788 637
881	742 112 637 754
882	16 367 403 837
883	627 584 441 516
884	161 867 630 865
885	678 526 979 330
886	593 370 830 668
887	588 620 3 18
888	316 175 932 115
889	110 630 439 920
890	878 744 977 566
891	125 190 514 748
892	767 715 229 244
893	316 578 926 684
894	146 42 850 523
895	148 275 952 173
896	884 353 828 780
897	770 780 427 244
898	201 644 401 855
899	526 856 886 762
900	278 30 689 228
901	6 92 980 916
902	864 379 638 987
903	940 444 485 434
904	270 317 660 302
905	803 189 823 461
906	104 269 543 623
907	664 570 65 753
908	784 901 305 55
909	723 237 764 903
910	170 593 678 396
911	923 492 857 552
912	602 327 807 142
913	267 258 67 182
914	283 696 576 355
915	728 620 906 886
916	202 561 692 671
917	171 803 421 697
918	732 261 290 867
919	321 409 296 471
920	636 190 359 375
921	604 821 771 997
922	454 956 717 802
923	643 732 114 32
924	144 330 652 81
925	304 850 81 190
926	426 673 540 89
927	441 988 831 199
928	469 545 969 692
929	900 904 319 821
930	459 779 931 987
931	944 430 26 888
932	88 359 634 148
933	960 699 218 277
934	220 90 352 681
935	222 495 636 301
936	794 173 536 110
937	518 76 612 997
938	560 494 82 36
939	639 116 146 972
940	358 643 263 318
941	111 774 402 21
942	494 419 331 616
943	37 290 401 519
944	215 852 217 858
945	591 907 450 661
946	399 594 48 317
947	554 380 969 996
948	388 830 461 805
949	226 794 948 334
950	275 785 793 206
951	213 938 218 28
952	104 242 272 967
953	877 13 71 846
954	140 456 288 408
955	676 23 557 121
956	804 312 647 703
957	244 804 956 646
958	903 532 498 163
959	811 283 485 815
960	519 302 247 38
961	480 208 320 854
962	284 727 373 366
963	972 309 400 590
964	796 101 517 546
965	664 564 250 88
966	622 112 596 220
967	124 998 333 685
968	661 753 978 720
969	929 248 980 373
970	658 865 967 825
971	211 943 31 238
972	293 988 909 811
973	245 779 705 677
974	599 405 273 818
975	428 104 72 406
976	394 63 938 357
977	131 675 726 850
978	86 341 767 402
979	260 257 926 384
980	442 492 247 857
981	825 680 478 5
982	861 934 612 363
983	465 972 155 471
984	302 476 409 345
985	670 255 247 623
986	232 5 905 926
987	376 139 160 600
988	884 92 71 806
989	744 448 623 927
990	671 497 153 545
991	167 281 162 996
992	814 574 988 673
993	991 523 990 297
994	114 108 297 977
995	989 165 342 859
996	332 238 143 874
997	391 993 607 764
998	814 711 666 231
999	112 465 305 248
1000	859 873 929 153
Students	1000
1	269 192 914 390
2	908 706 576 582
3	796 357 347 725
4	64 629 433 99
5	310 703 617 589
6	110 118 367 95
7	837 202 726 520
8	53 423 192 782
9	543 492 397 149
10	532 808 362 485
11	867 887 181 901
12	344 939 447 284
13	808 437 351 102
14	636 655 745 535
15	244 902 320 992
16	90 849 356 523
17	328 733 880 951
18	766 531 5 13
19	818 856 95 750
20	809 516 189 264
21	651 379 80 951
22	871 627 14 142
23	204 113 201 681
24	926 708 186 341
25	462 136 490 897
26	158 253 204 357
27	739 531 159 875
28	714 951 754 771
29	706 777 166 137
30	422 986 648 632
31	201 248 702 234
32	29 509 450 177
33	736 709 340 782
34	95 296 99 919
35	626 703 324 977
36	484 246 400 181
37	444 253 142 333
38	265 27 286 465
39	804 333 107 762
40	950 888 103 669
41	580 185 118 215
42	201 370 14 65
43	284 647 184 46
44	539 420 784 94
45	715 324 545 910
46	137 192 871 525
47	971 604 457 501
48	452 639 718 230
49	556 248 767 688
50	351 869 601 865
51	654 498 434 611
52	349 100 218 28
53	574 457 60 155
54	795 981 426 60
55	29 780 295 123
56	977 192 497 144
57	539 739 72 802
58	515 883 346 73
59	529 545 554 232
60	574 453 754 659
61	159 516 192 640
62	451 975 372 830
63	484 883 810 978
64	513 221 669 331
65	949 339 70 929
66	846 679 748 952
67	852 133 997 385
68	823 468 752 617
69	595 199 78 197
70	820 116 758 580
71	330 363 792 554
72	463 48 208 504
73	703 646 97 84
74	50 938 281 382
75	15 547 753 664
76	20 790 298 84
77	255 4 600 971
78	664 726 210 848
79	170 388 834 988
80	573 968 439 142
81	720 517 114 59
82	658 455 887 166
83	17 161 841 590
84	9 831 684 714
85	142 920 266 151
86	217 321 366 250
87	2 698 192 583
88	264 119 511 807
89	763 174 898 671
90	570 490 508 780
91	235 865 570 99
92	254 740 60 761
93	6 343 975 688
94	258 558 219 304
95	32 161 320 367
96	510 31 248 936
97	876 871 247 952
98	937 781 355 756
99	755 278 689 534
100	752 282 410 706
101	105 722 895 234
102	109 377 73 966
103	403 769 246 138
104	926 448 375 938
105	600 146 639 460
106	392 443 682 988
107	618 151 102 366
108	435 228 154 443
109	10 39 17 442
110	225 294 258 340
111	83 88 753 494
112	592 922 623 85
113	483 152 823 196
114	122 273 568 474
115	472 493 654 161
116	530 772 885 510
117	932 621 911 133
118	873 334 96 67
119	410 673 885 356
120	85 672 212 711
121	364 574 855 640
122	293 942 191 970
123	138 890 475 284
124	398 464 722 872
125	101 782 169 819
126	427 108 628 880
127	801 926 267 479
128	246 214 207 954
129	621 76 399 321
130	584 123 84 586
131	543 397 838 349
132	163 807 754 665
133	797 39 101 744
134	542 581 848 115
135	929 742 445 164
136	266 300 316 191
137	609 529 964 491
138	279 113 284 816
139	506 939 344 920
140	509 420 28 633
141	710 753 416 144
142	740 105 785 186
143	716 819 654 884
144	412 353 234 891
145	620 317 88 421
146	932 884 340 159
147	631 350 660 135
148	414 230 650 350
149	474 42 664 490
150	500 751 340 7
151	519 446 795 333
152	45 473 7 174
153	743 408 269 880
154	45 431 683 474
155	722 228 633 236
156	78 167 641 9
157	920 350 178 864
158	966 211 266 78
159	456 594 310 981
160	75 855 728 183
161	401 375 852 448
162	883 319 204 772
163	399 196 999 378
164	14 434 130 695
165	63 229 580 337
166	938 308 352 415
167	186 159 346 709
168	907 46 44 583
169	257 579 244 522
170	536 494 960 732
171	161 156 10 809
172	604 136 938 467
173	233 437 979 341
174	310 739 548 716
175	17 678 691 410
176	190 80 449 348
177	201 297 739 178
178	375 87 325 647
179	166 596 308 16
180	666 45 221 973
181	547 214 48 139
182	165 77 750 193
183	974 366 204 810
184	832 995 890 333
185	922 286 456 373
186	403 731 49 261
187	207 475 534 344
188	546 995 656 107
189	204 267 456 886
190	11 524 776 556
191	316 967 228 14
192	791 230 170 129
193	562 293 899 997
194	1000 874 759 29
195	407 166 172 586
196	225 400 681 186
197	120 927 165 801
198	656 914 1 664
199	24 919 498 265
200	129 393 649 707
201	949 4 616 276
202	559 607 372 284
203	108 973 139 54
204	948 405 290 179
205	388 9 92 918
206	239 475 181 332
207	731 337 30 440
208	836 915 750 340
209	914 934 483 14
210	527 481 945 808
211	483 707 608 611
212	877 167 872 464
213	74 867 633 953
214	893 846 951 801
215	620 320 503 758
216	930 84 761 321
217	190 761 99 193
218	327 843 440 324
219	336 831 566 181
220	250 759 603 613
221	848 125 549 758
222	562 842 489 369
223	772 57 625 216
224	321 950 445 956
225	394 597 788 414
226	686 161 926 393
227	626 678 619 238
228	579 213 893 729
229	937 618 718 874
230	457 478 868 673
231	478 268 996 243
232	944 618 942 349
233	587 706 720 689
234	850 871 699 213
235	189 222 531 756
236	346 177 378 799
237	922 9 249 684
238	659 745 580 148
239	999 451 947 82
240	662 414 480 465
241	923 159 647 77
242	194 206 827 844
243	169 928 996 139
244	741 721 963 600
245	860 605 458 662
246	368 638 726 127
247	294 445 878 390
248	446 431 379 988
249	873 932 748 672
250	737 550 629 332
251	653 163 160 620
252	896 749 423 623
253	236 866 211 221
254	290 945 402 118
255	193 818 577 565
256	310 957 863 456
257	534 947 84 434
258	32 781 572 244
259	23 672 368 641
260	160 561 44 549
261	256 99 124 658
262	676 278 739 730
263	536 559 32 292
264	530 276 169 182
265	522 551 180 374
266	973 126 96 120
267	503 622 661 691
268	880 27 826 745
269	961 850 131 695
270	505 871 134 763
271	770 596 230 813
272	624 354 456 467
273	944 935 201 577
274	976 16 865 326
275	417 716 504 129
276	207 904 727 309
277	686 482 920 120
278	303 622 149 959
279	490 628 442 421
280	604 901 17 587
281	950 7 261 586
282	69 446 945 823
283	662 867 254 477
284	417 770 464 136
285	333 447 716 25
286	118 895 590 910
287	456 773 498 672
288	996 311 290 79
289	377 186 328 620
290	371 340 408 347
291	873 940 866 680
292	259 95 360 532
293	998 751 949 144
294	132 569 261 633
295	550 529 552 828
296	135 983 172 796
297	962 656 254 149
298	464 417 855 493
299	809 67 343 846
300	814 936 749 856
301	410 106 266 778
302	418 852 889 296
303	203 558 834 14
304	220 519 131 262
305	647 550 416 311
306	165 66 377 218
307	438 19 411 956
308	384 766 425 697
309	715 279 418 837
310	347 337 732 610
311	767 781 886 601
312	650 306 623 804
313	458 580 463 682
314	183 719 431 243
315	232 151 947 42
316	885 925 643 89
317	87 127 508 460
318	134 821 359 381
319	357 292 796 316
320	117 964 302 968
321	475 611 687 889
322	183 232 147 876
323	168 407 639 347
324	278 209 173 263
325	671 825 97 744
326	29 368 104 719
327	639 587 909 566
328	980 193 540 729
329	377 666 498 573
330	735 769 558 741
331	937 903 378 950
332	503 75 904 425
333	361 790 680 68
334	655 142 701 411
335	79 612 535 493
336	403 479 744 976
337	69 885 522 199
338	659 687 262 913
339	858 560 900 364
340	446 990 499 81
341	902 788 23 514
342	989 474 591 951
343	155 125 141 244
344	760 189 970 787
345	900 918 801 212
346	270 930 998 970
347	4 319 161 613
348	414 399 598 389
349	838 743 861 886
350	491 698 403 732
351	14 872 533 972
352	816 548 341 988
353	948 262 616 46
354	9 423 661 449
355	25 413 944 275
356	639 821 77 48
357	777 723 463 827
358	867 235 116 898
359	94 87 523 52
360	172 986 771 501
361	902 37 415 475
362	980 974 235 221
363	191 209 217 1
364	295 584 850 227
365	501 634 557 533
366	993 433 394 354
367	206 801 592 25
368	483 369 480 972
369	16 706 363 813
370	865 170 152 262
371	134 113 719 3
372	538 675 733 19
373	395 92 121 567
374	467 655 596 439
375	562 471 30 761
376	945 609 816 183
377	650 237 1 464
378	754 794 581 350
379	796 49 288 24
380	64 232 847 939
381	721 994 533 264
382	316 130 962 761
383	272 423 75 346
384	548 151 874 757
385	889 200 512 315
386	349 227 135 159
387	89 992 428 265
388	688 156 82 956
389	215 278 593 244
390	348 52 478 683
391	790 617 534 195
392	603 842 423 642
393	752 317 114 485
394	81 368 517 274
395	757 82 613 802
396	441 355 101 555
397	519 373 896 513
398	637 435 912 980
399	820 220 395 880
400	37 676 625 880
401	470 942 53 912
402	604 551 575 606
403	954 794 829 962
404	685 116 404 343
405	947 844 79 666
406	669 217 527 151
407	178 501 924 190
408	958 915 59 164
409	360 986 720 292
410	202 966 298 726
411	13 675 856 180
412	754 112 942 676
413	78 722 426 692
414	619 130 976 890
415	114 545 754 904
416	986 100 546 678
417	771 789 371 869
418	572 92 227 602
419	942 155 786 823
420	605 525 775 839
421	688 37 337 864
422	277 807 861 221
423	587 274 462 795
424	861 428 274 724
425	618 428 968 565
426	516 617 797 253
427	108 916 281 493
428	1000 811 285 247
429	508 27 162 242
430	126 658 479 788
431	998 294 130 353
432	811 14 724 633
433	994 961 633 966
434	20 383 106 807
435	643 330 69 295
436	696 586 445 188
437	315 553 896 263
438	48 994 236 812
439	884 51 403 728
440	198 535 897 460
441	365 128 209 650
442	230 817 605 470
443	48 470 180 585
444	159 145 627 598
445	858 194 236 929
446	192 900 244 201
447	62 812 521 402
448	929 745 340 969
449	850 977 442 361
450	822 376 218 913
451	508 171 412 685
452	305 106 471 373
453	113 540 508 103
454	476 371 584 325
455	737 951 857 78
456	136 375 476 393
457	81 943 269 541
458	265 493 382 558
459	410 680 549 75
460	746 689 302 718
461	376 179 950 390
462	235 194 756 950
463	62 64 429 294
464	630 911 734 494
465	141 860 726 696
466	484 527 525 278
467	575 352 806 553
468	69 115 594 26
469	674 863 862 119
470	518 93 797 830
471	657 388 906 261
472	620 751 975 393
473	91 421 965 119
474	408 216 452 15
475	692 923 17 874
476	626 643 991 795
477	26 378 116 932
478	524 616 575 463
479	587 49 604 420
480	203 234 727 697
481	577 887 459 924
482	135 174 794 458
483	849 59 352 347
484	730 372 84 23
485	604 536 455 683
486	284 765 505 292
487	612 964 224 123
488	62 712 402 14
489	374 882 635 715
490	659 653 661 928
491	207 19 949 72
492	822 473 993 247
493	257 634 582 890
494	497 994 341 981
495	464 29 645 302
496	586 183 90 859
497	739 195 597 500
498	927 972 19 573
499	667 593 320 903
500	276 556 695 17
501	832 212 844 370
502	681 664 324 975
503	496 394 898 638
504	483 553 903 461
505	699 388 444 165
506	313 437 884 538
507	27 227 345 73
508	904 630 485 970
509	234 328 384 699
510	205 952 167 512
511	619 162 892 573
512	302 831 806 998
513	548 434 373 290
514	898 102 547 620
515	816 496 622 841
516	655 723 379 974
517	601 126 25 463
518	536 485 998 511
519	579 372 903 931
520	396 354 638 989
521	449 906 994 565
522	448 217 144 437
523	466 222 444 898
524	918 703 737 874
525	817 27 942 64
526	163 193 574 786
527	604 425 967 525
528	731 326 441 896
529	988 797 477 615
530	394 106 640 317
531	543 826 740 795
532	961 155 431 566
533	217 784 421 170
534	764 829 159 226
535	355 999 500 33
536	71 653 581 299
537	154 437 58 700
538	322 967 723 390
539	552 425 490 898
540	992 798 38 906
541	985 900 226 311
542	129 680 555 422
543	701 944 638 648
544	46 576 151 165
545	277 34 387 825
546	453 102 381 804
547	161 118 354 352
548	968 580 954 742
549	913 58 114 344
550	937 802 260 810
551	672 799 990 596
552	614 156 686 394
553	325 223 737 646
554	68 726 620 853
555	272 349 576 342
556	637 286 39 823
557	37 614 692 716
558	255 29 967 52
559	534 969 793 295
560	300 993 208 562
561	842 981 320 387
562	260 402 755 994
563	400 49 755 166
564	493 898 175 754
565	674 741 671 966
566	979 972 112 220
567	687 211 859 56
568	219 705 739 616
569	286 621 882 295
570	411 332 665 334
571	640 527 886 518
572	566 14 287 406
573	283 191 360 167
574	549 651 67 571
575	943 894 785 710
576	851 526 540 862
577	518 393 835 624
578	526 54 95 925
579	819 820 814 288
580	906 955 784 356
581	118 473 568 935
582	587 704 429 181
583	115 149 955 968
584	708 211 294 213
585	669 918 277 272
586	739 295 482 462
587	526 441 800 897
588	811 678 964 930
589	322 298 572 382
590	145 882 886 113
591	341 46 303 260
592	281 649 365 269
593	848 128 961 792
594	595 240 500 53
595	367 105 109 770
596	107 224 737 437
597	894 131 717 315
598	646 208 56 908
599	908 989 349 957
600	275 264 630 836
601	983 546 161 914
602	255 696 805 551
603	970 930 113 424
604	978 189 202 100
605	8 330 167 192
606	987 294 771 885
607	55 842 997 462
608	659 699 401 389
609	255 418 931 57
610	135 688 491 956
611	220 601 418 700
612	849 745 532 175
613	207 390 306 332
614	327 313 767 268
615	269 613 692 6
616	286 923 973 665
617	191 265 360 462
618	942 750 374 236
619	23 506 608 813
620	688 711 761 949
621	782 273 879 44
622	141 179 113 563
623	804 862 429 639
624	798 956 45 196
625	837 642 707 260
626	797 245 60 586
627	925 402 317 120
628	25 592 802 26
629	890 147 20 372
630	150 608 73 258
631	142 820 60 76
632	995 943 765 102
633	529 472 260 264
634	17 676 8 237
635	958 854 762 205
636	589 791 782 340
637	548 277 956 216
638	168 836 958 731
639	146 858 182 277
640	442 251 217 804
641	159 937 995 254
642	15 75 619 751
643	752 540 383 774
644	201 911 609 543
645	666 257 127 634
646	93 96 124 669
647	86 789 602 189
648	127 6 81 899
649	209 718 740 319
650	987 286 937 211
651	448 785 499 439
652	853 597 192 46
653	469 41 190 504
654	675 165 678 302
655	596 788 202 97
656	351 997 241 787
657	466 132 220 545
658	460 164 941 387
659	208 311 799 405
660	442 931 208 880
661	816 707 255 859
662	948 854 493 131
663	852 583 192 270
664	409 174 837 403
665	88 144 607 631
666	745 983 412 647
667	194 490 474 704
668	523 648 561 935
669	132 365 872 410
670	832 948 46 637
671	479 412 237 560
672	220 256 572 512
673	794 67 928 801
674	542 865 97 514
675	633 471 484 611
676	690 35 47 425
677	707 269 726 390
678	113 569 482 672
679	254 966 409 773
680	706 568 469 719
681	501 818 405 15
682	484 44 466 655
683	783 377 847 508
684	593 634 461 914
685	705 349 607 243
686	251 15 701 47
687	824 358 886 766
688	335 899 700 334
689	772 192 39 383
690	322 489 223 873
691	544 433 735 170
692	202 116 149 739
693	951 939 128 653
694	815 346 378 711
695	844 506 52 829
696	756 249 486 85
697	802 191 139 606
698	668 663 442 66
699	411 176 374 610
700	223 218 497 284
701	140 791 848 756
702	586 631 308 55
703	74 264 356 924
704	473 252 472 106
705	470 62 80 599
706	177 150 893 615
707	138 212 763 335
708	100 71 848 586
709	204 842 714 466
710	401 463 158 772
711	628 268 442 584
712	326 369 641 583
713	227 362 979 906
714	687 417 884 700
715	612 713 814 733
716	311 418 350 584
717	222 123 530 338
718	197 603 593 39
719	839 899 86 57
720	37 845 257 380
721	37 788 523 77
722	646 327 586 752
723	447 941 489 520
724	374 67 52 149
725	515 672 247 862
726	495 961 250 614
727	263 317 414 462
728	246 447 263 275
729	1 313 639 321
730	126 559 387 926
731	940 711 813 235
732	490 435 653 257
733	787 75 347 426
734	694 807 162 544
735	954 145 503 621
736	65 578 829 861
737	714 664 779 264
738	719 384 794 393
739	756 530 832 240
740	862 948 399 468
741	849 764 532 29
742	491 86 337 290
743	989 845 278 709
744	605 507 309 168
745	275 623 864 586
746	886 870 283 254
747	921 392 794 521
748	542 175 222 394
749	286 660 174 228
750	440 203 6 736
751	528 850 965 893
752	928 624 82 161
753	507 445 672 489
754	782 368 294 432
755	858 69 296 68
756	494 62 243 194
757	739 617 674 117
758	767 611 474 616
759	610 821 195 808
760	395 537 777 504
761	555 580 224 586
762	918 284 882 167
763	69 963 469 75
764	351 517 865 218
765	937 55 981 747
766	6 378 691 705
767	829 710 396 117
768	952 780 364 703
769	485 825 561 491
770	891 78 337 532
771	935 997 695 480
772	360 868 972 292
773	987 252 774 521
774	944 253 55 280
775	388 111 958 649
776	863 638 580 160
777	384 397 451 626
778	674 8 285 467
779	143 67 358 335
780	25 675 719 150
781	412 825 800 31
782	385 709 930 357
783	32 429 700 627
784	384 581 213 607
785	465 433 487 727
786	979 109 754 835
787	255 537 137 507
788	937 417 424 507
789	450 876 873 860
790	237 484 387 188
791	363 337 107 467
792	874 815 722 446
793	683 422 112 563
794	186 913 717 995
795	888 289 322 210
796	290 529 52 280
797	102 327 39 840
798	402 104 669 535
799	26 39 858 673
800	848 444 720 474
801	341 53 46 357
802	332 405 605 397
803	39 825 679 873
804	603 313 805 452
805	437 916 390 267
806	998 897 883 212
807	284 829 145 297
808	480 746 787 509
809	217 995 617 417
810	674 716 295 692
811	29 912 340 836
812	115 208 303 79
813	647 379 48 568
814	382 993 409 392
815	465 461 267 497
816	34 64 143 409
817	677 100 518 473
818	313 59 66 870
819	579 289 235 382
820	391 921 865 946
821	361 305 807 936
822	504 816 529 190
823	790 808 14 669
824	746 806 667 983
825	306 536 461 222
826	391 401 38 908
827	516 917 551 594
828	599 927 387 364
829	709 164 931 410
830	65 563 789 11
831	78 329 338 659
832	647 62 761 302
833	538 340 244 580
834	344 370 571 442
835	605 281 734 556
836	1000 824 320 611
837	638 18 616 919
838	999 166 576 170
839	838 836 808 563
840	820 334 558 897
841	786 902 732 137
842	733 903 143 961
843	14 244 525 371
844	107 63 240 519
845	993 396 609 782
846	768 251 417 281
847	224 56 344 608
848	605 877 989 358
849	584 870 246 329
850	131 136 204 15
851	905 953 526 525
852	54 531 524 707
853	836 858 496 163
854	979 581 504 912
855	388 503 747 608
856	249 156 186 824
857	222 984 860 802
858	586 25 494 947
859	652 293 805 72
860	648 497 616 955
861	530 727 134 987
862	806 483 943 15
863	695 147 507 512
864	483 914 738 871
865	400 336 110 498
866	142 213 342 642
867	192 392 39 161
868	610 434 394 227
869	73 494 761 808
870	740 773 220 626
871	331 375 396 528
872	558 356 295 289
873	369 552 616 940
874	932 625 432 799
875	7 681 683 384
876	515 188 136 831
877	190 412 253 138
878	151 661 394 325
879	776 771 350 331
880	209 940 21 257
881	88 407 108 223
882	335 315 545 215
883	223 997 686 467
884	917 21 579 235
885	670 746 45 732
886	162 146 514 979
887	669 180 133 850
888	67 292 386 416
889	883 357 367 220
890	700 36 772 599
891	356 245 233 785
892	166 12 584 15
893	466 219 327 349
894	403 751 242 545
895	579 288 143 12
896	724 820 328 102
897	503 575 481 136
898	63 699 395 167
899	106 26 216 424
900	327 888 459 46
901	119 239 343 749
902	654 763 336 948
903	254 870 847 963
904	872 699 837 286
905	480 572 358 869
906	744 67 134 164
907	297 598 815 358
908	843 460 303 495
909	589 859 38 687
910	33 775 589 434
911	767 472 717 617
912	941 191 823 334
913	765 533 818 665
914	292 405 798 221
915	883 165 837 41
916	646 957 129 873
917	592 682 622 922
918	926 886 258 938
919	233 24 741 621
920	71 446 844 176
921	926 538 478 820
922	317 129 708 830
923	133 514 578 530
924	885 771 330 48
925	883 823 606 321
926	93 104 33 395
927	889 341 692 311
928	627 186 452 278
929	571 335 214 595
930	623 430 482 441
931	419 555 645 490
932	178 71 468 653
933	596 419 560 621
934	546 252 561 995
935	735 154 175 705
936	302 791 689 480
937	416 714 938 578
938	789 201 677 782
939	101 514 437 257
940	84 56 467 868
941	451 218 367 470
942	519 810 144 957
943	699 896 544 997
944	668 594 487 548
945	968 914 976 135
946	564 373 62 227
947	217 776 842 793
948	867 46 450 586
949	780 998 784 46
950	607 764 75 855
951	333 808 342 445
952	137 747 209 799
953	456 69 467 38
954	921 379 198 12
955	889 406 36 825
956	821 191 620 977
957	982 910 965 358
958	641 638 88 196
959	835 181 65 250
960	760 236 670 222
961	70 706 21 686
962	830 716 457 648
963	261 725 972 373
964	689 342 635 5
965	544 827 4 20
966	835 428 504 1000
967	65 472 489 96
968	3 400 334 765
969	507 522 610 564
970	703 451 548 591
971	102 644 616 286
972	808 951 745 123
973	224 159 295 24
974	644 301 261 173
975	848 489 930 306
976	368 839 517 64
977	916 857 523 943
978	804 742 168 954
979	931 336 370 639
980	332 612 184 644
981	898 624 204 989
982	854 564 318 191
983	59 168 958 111
984	366 213 86 80
985	766 382 884 315
986	137 883 288 782
987	191 738 187 498
988	73 754 311 283
989	561 468 566 410
990	391 411 939 580
991	998 431 41 529
992	332 448 170 178
993	112 491 240 70
994	298 363 564 364
995	945 387 877 546
996	426 969 8 387
997	992 653 485 388
998	350 924 362 697
999	545 617 636 363
1000	594 822 371 117
Students	1000
1	529 926 389 775
2	630 290 411 622
3	154 730 760 257
4	863 244 341 574
5	47 34 699 145
6	873 642 13 365
7	20 136 599 228
8	880 262 647 850
9	383 975 683 309
10	580 880 56 420
11	124 629 212 204
12	432 614 813 758
13	905 621 484 468
14	855 942 681 951
15	900 504 332 948
16	262 364 573 939
17	551 786 312 424
18	66 478 126 224
19	3 367 142 445
20	187 953 160 906
21	291 320 255 218
22	134 684 940 570
23	406 18 494 830
24	448 251 135 299
25	942 328 119 361
26	109 628 847 89
27	423 834 243 475
28	583 3 864 240
29	295 825 788 873
30	299 452 574 891
31	242 91 813 606
32	698 191 585 709
33	756 406 834 615
34	481 73 188 899
35	788 936 353 19
36	301 44 215 105
37	962 740 375 615
38	954 264 744 509
39	15 916 106 770
40	79 724 350 380
41	77 950 412 387
42	454 247 293 628
43	947 291 835 918
44	277 921 110 435
45	725 208 140 439
46	209 172 557 893
47	57 550 449 677
48	552 871 774 666
49	765 97 960 468
50	646 113 809 94
51	807 828 158 576
52	477 551 368 834
53	378 569 194 944
54	522 463 777 82
55	442 166 802 465
56	54 635 655 146
57	554 735 68 495
58	848 604 722 363
59	805 190 480 911
60	394 68 794 111
61	551 114 322 414
62	953 181 636 662
63	955 588 296 62
64	251 925 137 1
65	748 735 86 834
66	875 388 813 655
67	730 694 283 377
68	403 402 543 84
69	506 258 37 542
70	885 60 341 489
71	193 733 404 156
72	862 401 450 365
73	261 367 320 91
74	742 719 811 156
75	696 530 951 454
76	944 550 17 66
77	167 416 691 639
78	914 367 173 506
79	967 661 471 56
80	808 415 708 619
81	47 694 123 590
82	355 912 80 75
83	624 71 481 227
84	188 76 466 609
85	455 284 588 815
86	704 2 8 822
87	65 747 812 661
88	346 495 907 383
89	941 771 992 477
90	48 338 680 100
91	921 322 686 248
92	479 342 180 284
93	808 277 483 721
94	610 751 589 453
95	519 726 876 568
96	107 216 407 710
97	946 559 607 751
98	9 614 649 54
99	39 238 538 246
100	169 438 859 465
101	554 172 31 75
102	963 362 253 887
103	314 560 569 579
104	861 825 295 90
105	811 919 809 912
106	553 199 292 984
107	455 766 588 59
108	435 142 96 162
109	819 84 416 59
110	455 271 898 319
111	756 261 886 703
112	500 142 131 736
113	387 192 14 720
114	735 871 966 174
115	552 80 946 323
116	554 384 499 407
117	462 271 681 68
118	117 467 719 69
119	996 174 370 140
120	749 233 563 691
121	279 863 574 570
122	824 608 878 584
123	916 525 330 380
124	167 745 937 688
125	553 275 244 330
126	398 8 190 662
127	222 211 873 753
128	88 343 330 223
129	269 797 581 980
130	109 360 380 212
131	538 779 681 943
132	7 465 419 937
133	886 890 110 838
134	677 796 103 4
135	549 146 534 416
136	613 143 23 37
137	568 608 688 567
138	216 274 886 436
139	703 839 982 595
140	475 99 567 21
141	470 269 439 844
142	282 32 811 301
143	278 739 554 917
144	51 937 707 664
145	365 889 870 869
146	464 610 983 173
147	420 799 364 421
148	949 910 58 368
149	60 788 553 58
150	104 142 737 633
151	517 722 902 663
152	288 11 117 410
153	979 450 963 238
154	49 505 563 795
155	79 18 716 88
156	873 327 600 802
157	865 97 733 827
158	986 120 158 903
159	469 714 111 436
160	584 545 922 294
161	377 673 606 653
162	920 448 445 681
163	847 295 42 931
164	133 759 278 315
165	548 962 854 268
166	572 462 641 393
167	955 738 575 265
168	629 989 22 944
169	352 804 194 902
170	781 624 694 791
171	589 724 565 612
172	628 73 317 201
173	864 650 459 432
174	181 173 690 404
175	885 389 452 200
176	586 842 248 244
177	757 902 546 983
178	725 730 44 840
179	770 200 313 181
180	895 742 867 281
181	118 790 420 65
182	838 530 567 72
183	202 812 559 797
184	927 301 869 257
185	825 732 181 348
186	270 802 741 868
187	56 1 944 117
188	762 124 854 655
189	969 420 465 469
190	935 89 781 833
191	771 10 749 828
192	526 293 396 938
193	66 94 715 501
194	289 542 314 731
195	122 934 311 839
196	512 370 361 499
197	46 728 61 953
198	54 464 765 51
199	730 954 282 717
200	519 381 188 132
201	248 101 866 441
202	332 656 772 992
203	172 550 257 185
204	70 462 84 389
205	919 983 168 395
206	415 339 220 311
207	803 19 680 199
208	447 62 357 353
209	959 891 574 452
210	841 684 724 735
211	662 915 156 369
212	714 880 316 665
213	881 161 350 387
214	487 250 639 866
215	60 232 575 695
216	153 926 477 857
217	253 284 735 740
218	768 846 933 776
219	730 462 691 912
220	796 390 999 327
221	77 755 754 489
222	227 616 504 743
223	640 840 42 915
224	962 205 590 491
225	878 880 43 422
226	76 382 780 792
227	836 401 369 40
228	995 478 314 968
229	458 287 452 73
230	480 518 662 20
231	932 687 918 187
232	617 202 18 829
233	582 99 456 356
234	645 905 173 859
235	104 194 273 59
236	574 894 334 245
237	67 1 640 272
238	7 741 371 749
239	709 920 617 999
240	499 90 468 100
241	9 662 766 324
242	65 250 368 895
243	880 603 558 200
244	174 836 217 376
245	160 253 212 516
246	672 564 533 51
247	724 498 925 272
248	606 600 946 390
249	664 11 783 61
250	826 330 219 526
251	983 796 173 439
252	610 262 455 183
253	659 93 182 180
254	263 807 586 860
255	258 24 287 852
256	804 82 967 641
257	478 176 638 629
258	405 500 358 844
259	179 29 339 787
260	203 828 674 162
261	434 536 484 816
262	462 626 592 841
263	125 396 85 724
264	848 445 565 926
265	436 575 692 648
266	743 917 797 592
267	349 387 250 557
268	118 956 482 96
269	915 22 629 490
270	463 576 979 952
271	641 767 396 454
272	678 477 610 512
273	802 268 569 857
274	621 408 452 246
275	872 94 518 99
276	228 530 871 692
277	548 577 719 718
278	725 408 480 182
279	44 331 751 345
280	473 45 916 211
281	420 135 785 545
282	428 346 106 520
283	711 887 858 508
284	1 725 670 766
285	567 153 338 490
286	379 137 730 936
287	871 413 366 823
288	985 675 659 512
289	591 514 511 308
290	823 21 280 767
291	709 965 511 809
292	896 460 544 454
293	610 669 792 908
294	775 854 50 589
295	792 387 379 543
296	637 3 593 1
297	49 766 930 671
298	794 23 544 803
299	586 991 898 110
300	791 979 45 960
301	660 236 225 902
302	675 797 903 696
303	406 906 560 716
304	893 617 560 565
305	496 291 723 48
306	607 123 748 633
307	155 672 26 231
308	918 70 224 342
309	825 83 88 562
310	588 173 525 362
311	488 945 18 161
312	394 768 813 881
313	242 477 158 550
314	158 162 679 588
315	231 397 118 303
316	829 401 275 832
317	441 664 478 556
318	751 235 236 277
319	197 166 395 582
320	370 463 630 690
321	409 98 297 146
322	208 444 642 379
323	753 450 990 840
324	875 494 750 188
325	13 461 835 146
326	259 114 917 903
327	738 98 48 558
328	816 443 732 358
329	229 649 811 668
330	24 126 473 550
331	620 283 664 786
332	703 820 806 585
333	491 982 511 311
334	831 901 176 327
335	983 628 713 769
336	937 525 3 217
337	915 126 921 161
338	905 123 471 852
339	722 354 721 33
340	280 534 20 541
341	367 442 689 458
342	726 488 678 274
343	549 319 170 934
344	367 842 10 202
345	624 740 934 86
346	109 9 759 19
347	684 38 885 912
348	929 326 240 376
349	118 646 177 233
350	305 662 162 779
351	832 31 386 976
352	657 443 823 260
353	992 81 908 871
354	673 421 569 461
355	819 100 359 153
356	888 911 997 706
357	468 550 561 931
358	730 947 621 17
359	498 374 647 912
360	526 791 635 51
361	756 222 921 300
362	622 477 959 360
363	784 235 383 826
364	888 640 964 474
365	993 31 221 9
366	319 707 167 797
367	935 459 185 959
368	390 621 685 435
369	959 257 459 264
370	85 683 442 680
371	444 175 542 747
372	252 751 963 18
373	548 327 707 180
374	33 2 72 212
375	153 486 788 368
376	656 690 982 243
377	236 788 413 349
378	792 856 61 592
379	447 861 312 859
380	11 733 31 667
381	37 690 990 627
382	617 692 478 956
383	652 629 897 482
384	285 903 326 831
385	680 852 191 773
386	471 545 367 796
387	997 186 333 89
388	539 333 25 381
389	2 715 57 797
390	883 303 289 793
391	740 753 694 508
392	128 313 136 921
393	790 787 442 177
394	645 462 843 269
395	346 795 935 171
396	212 689 290 919
397	559 866 391 299
398	633 141 736 689
399	807 434 682 524
400	528 508 571 228
401	9 543 898 758
402	313 404 240 910
403	482 464 392 946
404	582 82 869 47
405	150 693 798 402
406	732 162 118 111
407	63 810 243 197
408	694 867 459 372
409	329 929 825 247
410	36 196 346 605
411	533 534 422 637
412	573 830 766 278
413	644 244 102 628
414	827 95 221 971
415	227 731 695 732
416	342 206 522 571
417	495 309 583 244
418	906 124 678 192
419	368 917 412 591
420	195 807 765 649
421	252 159 209 941
422	200 324 907 747
423	674 745 330 540
424	107 295 404 624
425	277 228 811 392
426	923 377 598 848
427	918 170 903 996
428	278 82 289 32
429	791 966 24 36
430	281 13 388 255
431	541 382 944 127
432	228 754 1 682
433	331 497 717 905
434	256 998 361 377
435	691 131 788 72
436	729 201 822 482
437	768 62 741 229
438	290 997 665 579
439	289 267 355 710
440	995 835 587 291
441	143 198 979 937
442	900 828 584 910
443	2 621 770 235
444	801 588 373 118
445	801 887 992 436
446	537 918 652 668
447	221 544 408 53
448	469 573 245 237
449	552 148 768 303
450	235 964 638 519
451	411 722 544 730
452	886 580 494 38
453	871 789 355 756
454	856 121 473 89
455	459 116 967 26
456	979 824 100 665
457	352 297 378 49
458	970 215 475 238
459	859 106 228 239
460	334 586 350 776
461	911 84 735 152
462	689 800 429 442
463	876 207 401 387
464	873 678 845 984
465	487 567 969 366
466	987 64 371 992
467	23 943 517 963
468	775 878 334 786
469	214 799 99 727
470	317 898 150 932
471	488 731 48 285
472	53 752 81 64
473	314 631 927 353
474	578 633 101 943
475	366 870 97 674
476	478 516 743 462
477	188 616 81 96
478	724 263 415 606
479	799 987 183 989
480	770 861 941 209
481	459 142 335 131
482	576 155 36 738
483	407 530 775 243
484	221 889 996 203
485	935 502 946 364
486	624 560 156 746
487	605 165 955 337
488	196 571 532 424
489	751 891 57 794
490	885 443 669 176
491	685 168 865 136
492	176 398 905 998
493	162 531 417 189
494	111 427 128 924
495	757 166 829 409
496	260 123 663 460
497	736 418 939 724
498	895 873 67 773
499	939 809 299 385
500	327 759 496 60
501	928 398 873 454
502	475 399 761 218
503	378 248 7 919
504	254 247 384 148
505	276 555 613 740
506	301 360 744 753
507	993 487 987 535
508	893 443 889 984
509	716 126 396 31
510	644 74 689 84
511	37 979 340 838
512	712 348 821 516
513	730 418 429 600
514	814 845 464 934
515	846 49 908 59
516	283 734 712 951
517	347 459 197 144
518	782 40 450 396
519	386 7 228 730
520	54 571 815 195
521	213 334 989 351
522	260 786 468 32
523	468 25 440 746
524	58 927 585 456
525	220 454 894 829
526	530 51 865 136
527	741 156 9 317
528	506 244 854 604
529	446 214 799 24
530	587 149 629 879
531	811 61 435 563
532	425 147 141 78
533	379 761 157 993
534	386 962 589 254
535	136 324 333 762
536	780 207 819 427
537	675 865 534 181
538	250 403 33 38
539	516 421 523 492
540	742 303 99 788
541	925 88 220 567
542	735 915 347 180
543	325 712 32 183
544	36 512 17 871
545	185 746 413 807
546	505 27 478 342
547	834 53 158 833
548	545 665 901 280
549	246 371 747 265
550	22 277 332 503
551	237 857 969 879
552	597 4 23 208
553	887 660 191 47
554	90 6 410 837
555	253 727 907 490
556	597 575 379 854
557	594 122 573 429
558	569 836 292 304
559	401 989 378 783
560	952 286 822 106
561	493 897 267 295
562	798 847 779 633
563	331 732 470 715
564	450 782 991 318
565	476 478 799 481
566	536 751 785 656
567	813 202 201 644
568	516 551 751 242
569	766 304 396 131
570	458 589 318 169
571	238 643 942 841
572	37 912 98 435
573	396 436 752 471
574	529 748 110 775
575	773 941 898 421
576	662 810 738 703
577	361 812 521 601
578	789 317 755 387
579	499 657 811 476
580	772 561 793 404
581	411 780 314 216
582	350 81 416 342
583	172 308 258 404
584	525 979 347 670
585	740 895 219 348
586	671 685 446 315
587	454 988 202 674
588	677 519 784 873
589	38 202 109 546
590	393 742 492 475
591	736 679 691 563
592	74 367 124 888
593	674 470 259 91
594	296 941 933 565
595	915 840 844 578
596	27 627 824 988
597	972 112 50 144
598	180 419 717 868
599	730 144 514 610
600	954 20 738 419
601	827 747 767 950
602	715 951 933 230
603	538 432 292 35
604	12 753 197 981
605	156 643 762 477
606	554 721 706 589
607	618 258 720 293
608	597 464 429 184
609	915 506 516 119
610	287 737 244 707
611	397 602 878 687
612	925 411 747 787
613	669 338 350 339
614	999 144 114 34
615	178 612 736 405
616	102 311 252 790
617	959 333 820 389
618	516 6 86 914
619	266 469 900 29
620	358 492 965 200
621	953 43 51 477
622	619 299 127 547
623	575 718 673 20
624	385 258 629 134
625	110 280 546 14
626	784 196 365 431
627	109 670 551 945
628	931 642 622 66
629	868 477 228 823
630	254 889 126 196
631	897 714 563 448
632	103 951 689 306
633	560 481 736 429
634	479 516 357 42
635	279 650 92 212
636	31 754 456 5
637	84 4 247 823
638	243 946 25 210
639	634 377 80 422
640	837 240 924 266
641	33 200 344 313
642	15 495 327 188
643	918 535 751 483
644	73 94 410 174
645	299 91 700 360
646	331 815 784 578
647	630 964 255 994
648	56 305 633 809
649	365 823 589 503
650	255 533 565 837
651	70 56 872 234
652	783 563 914 562
653	796 958 507 780
654	222 394 602 307
655	985 363 676 663
656	342 164 676 318
657	653 293 415 250
658	815 957 355 256
659	998 52 796 192
660	999 574 730 323
661	823 919 369 509
662	273 132 282 838
663	405 58 677 224
664	391 61 23 800
665	501 487 569 326
666	778 81 368 198
667	211 28 981 728
668	490 70 835 638
669	316 920 88 774
670	836 279 276 127
671	529 414 16 837
672	277 229 605 706
673	835 28 794 485
674	285 767 973 997
675	692 292 860 733
676	294 166 865 622
677	442 759 255 918
678	743 881 896 880
679	695 782 540 822
680	493 536 969 37
681	810 48 626 755
682	540 994 990 74
683	839 144 944 453
684	81 919 600 755
685	485 504 797 813
686	437 47 218 454
687	672 911 338 676
688	254 507 229 241
689	291 384 318 97
690	690 928 350 355
691	611 646 649 810
692	30 729 13 358
693	560 601 883 874
694	244 951 140 916
695	845 184 887 809
696	575 229 821 380
697	424 720 365 897
698	119 1000 195 93
699	382 446 379 686
700	727 866 353 598
701	653 174 705 162
702	292 101 139 759
703	363 170 679 506
704	616 628 557 102
705	780 172 148 815
706	616 479 897 608
707	997 176 329 685
708	583 633 796 531
709	502 15 611 99
710	578 356 181 783
711	736 986 839 615
712	798 631 483 882
713	590 806 193 473
714	957 61 506 433
715	544 917 863 273
716	648 131 676 807
717	762 105 264 671
718	199 327 635 394
719	984 236 448 186
720	706 32 55 556
721	609 536 501 369
722	951 120 370 326
723	220 702 940 691
724	760 11 631 269
725	780 215 800 569
726	761 498 505 705
727	248 577 414 645
728	276 984 137 747
729	391 712 424 958
730	683 955 538 210
731	143 471 926 98
732	244 221 967 218
733	716 912 191 104
734	929 488 943 410
735	986 871 263 522
736	722 923 73 137
737	846 893 634 86
738	712 839 164 242
739	633 501 761 740
740	640 676 557 770
741	724 965 24 254
742	791 103 719 283
743	584 700 543 51
744	294 877 849 291
745	367 776 929 131
746	444 572 563 627
747	371 188 185 517
748	906 354 819 622
749	145 677 405 486
750	491 474 365 810
751	544 102 868 956
752	766 303 930 494
753	827 583 375 790
754	911 301 276 934
755	727 899 430 447
756	98 491 17 90
757	498 913 953 371
758	148 666 784 827
759	139 119 732 747
760	390 808 940 248
761	341 748 777 761
762	441 879 536 342
763	223 277 27 291
764	113 488 606 447
765	590 575 643 67
766	745 690 239 144
767	281 375 243 665
768	60 540 74 37
769	133 255 986 355
770	89 880 982 573
771	254 788 376 744
772	744 239 765 454
773	566 89 28 372
774	452 657 622 446
775	47 543 392 870
776	577 717 984 377
777	701 111 621 110
778	482 28 80 882
779	41 227 344 756
780	775 984 262 61
781	806 992 102 24
782	638 607 660 505
783	688 35 598 15
784	207 942 250 312
785	91 171 700 911
786	606 537 760 619
787	329 713 375 475
788	633 207 150 824
789	206 113 307 763
790	42 480 589 208
791	635 405 12 692
792	50 804 931 859
793	789 802 653 109
794	4 854 746 853
795	317 643 625 323
796	92 61 802 490
797	305 857 190 638
798	629 765 783 912
799	988 994 105 262
800	702 256 699 876
801	723 905 239 146
802	909 324 106 568
803	335 126 613 705
804	521 836 765 292
805	782 80 196 74
806	625 294 839 595
807	991 275 11 559
808	717 287 53 893
809	875 779 850 191
810	798 251 501 919
811	747 388 893 839
812	190 953 960 425
813	818 66 113 192
814	216 707 619 350
815	3 437 150 981
816	380 379 114 367
817	17 331 716 263
818	877 883 641 59
819	604 651 245 219
820	121 3 706 214
821	819 104 661 879
822	437 73 750 668
823	450 687 614 447
824	264 242 510 888
825	47 138 500 381
826	984 797 456 29
827	529 978 886 209
828	996 313 76 481
829	2 154 718 120
830	726 170 78 60
831	267 771 826 748
832	105 339 832 826
833	448 855 791 194
834	425 199 464 219
835	340 602 201 260
836	607 554 89 593
837	346 120 701 73
838	657 926 586 481
839	335 223 970 765
840	468 697 181 912
841	358 469 985 634
842	231 632 852 892
843	917 218 494 263
844	368 876 232 709
845	401 215 584 408
846	351 522 261 77
847	391 833 682 72
848	715 502 291 270
849	748 902 73 61
850	345 598 761 273
851	798 752 252 524
852	368 86 813 714
853	470 927 61 395
854	61 653 422 749
855	946 840 526 415
856	775 978 737 384
857	222 465 807 418
858	232 583 284 709
859	22 99 443 875
860	480 359 644 349
861	647 80 360 245
862	432 451 6 25
863	674 343 720 572
864	213 53 726 510
865	923 652 774 888
866	414 1 661 392
867	708 343 315 405
868	16 979 567 26
869	217 492 194 206
870	940 564 308 762
871	801 446 649 93
872	105 306 966 26
873	59 787 862 553
874	431 539 190 148
875	866 935 231 330
876	443 624 295 843
877	925 736 360 916
878	1 902 682 150
879	973 609 639 412
880	208 708 122 227
881	531 22 613 563
882	733 422 342 796
883	957 359 13 485
884	636 678 100 278
885	607 492 482 507
886	260 538 692 547
887	122 735 499 848
888	930 637 350 56
889	190 172 978 300
890	991 78 578 571
891	680 758 311 945
892	194 84 826 92
893	679 1 401 960
894	559 269 231 617
895	812 477 339 977
896	609 688 413 286
897	194 908 965 53
898	334 722 386 109
899	509 41 486 279
900	297 227 730 902
901	995 115 701 221
902	70 341 85 290
903	578 262 150 886
904	583 761 886 633
905	985 792 683 694
906	21 343 9 512
907	458 957 524 932
908	621 358 670 966
909	568 445 894 563
910	117 830 465 43
911	750 542 660 808
912	569 938 931 316
913	377 663 271 858
914	24 607 391 960
915	589 650 450 229
916	800 48 106 645
917	648 106 734 710
918	164 187 985 991
919	270 772 959 628
920	833 644 166 557
921	256 866 240 132
922	50 167 827 406
923	758 174 787 521
924	942 181 446 63
925	674 564 186 209
926	483 438 607 295
927	991 597 386 780
928	673 594 108 523
929	399 836 687 733
930	482 883 819 832
931	102 490 507 945
932	690 977 222 456
933	580 69 538 557
934	996 551 39 389
935	973 780 195 11
936	694 24 701 212
937	901 521 923 212
938	749 452 642 566
939	756 438 25 326
940	340 558 591 716
941	965 203 151 582
942	795 456 87 522
943	255 337 486 533
944	385 707 427 769
945	713 158 986 642
946	615 952 111 173
947	317 169 701 699
948	505 542 679 618
949	635 8 363 582
950	836 234 469 120
951	627 403 906 49
952	500 255 495 764
953	804 899 547 820
954	906 791 63 408
955	543 564 359 964
956	836 176 248 251
957	997 228 29 711
958	309 952 585 453
959	884 317 617 155
960	737 209 618 887
961	422 777 716 972
962	148 567 38 739
963	789 117 335 169
964	284 501 199 130
965	822 132 213 123
966	183 675 738 136
967	71 433 41 634
968	219 404 868 607
969	978 524 242 462
970	647 344 674 932
971	683 792 536 921
972	424 56 407 501
973	874 451 517 373
974	433 128 324 930
975	213 152 865 109
976	274 135 113 256
977	46 739 601 999
978	479 830 306 205
979	538 355 23 430
980	321 616 387 344
981	894 898 564 560
982	430 517 467 370
983	37 672 825 596
984	20 591 537 61
985	961 903 487 857
986	915 969 271 448
987	7 677 615 674
988	451 463 291 559
989	457 798 113 741
990	18 17 617 702
991	180 973 748 416
992	245 91 743 619
993	550 732 192 593
994	773 446 420 10
995	473 509 5 201
996	171 694 742 849
997	184 309 331 85
998	766 416 605 646
999	387 507 378 5
1000	91 589 937 312
