Students	1000
1	91 11 53 39
2	86 32 1 20
3	61 53 16 8
4	39 95 69 74
5	77 75 57 19
6	62 51 99 91
7	40 89 46 61
8	84 83 50 28
9	43 39 58 98
10	48 54 73 50
11	39 78 5 30
12	65 30 46 39
13	28 95 79 91
14	90 100 68 20
15	68 51 27 80
16	100 86 65 5
17	24 72 36 30
18	23 100 73 74
19	16 71 73 54
20	73 39 66 10
21	53 92 12 60
22	44 7 73 84
23	98 37 11 71
24	19 17 77 67
25	63 85 18 43
26	88 69 46 85
27	9 99 64 4
28	24 17 65 23
29	60 27 22 66
30	33 75 97 76
31	4 56 14 17
32	74 24 13 46
33	38 20 76 95
34	94 1 87 73
35	46 18 85 75
36	43 26 61 76
37	80 50 9 44
38	95 81 18 47
39	75 65 63 50
40	40 97 86 51
41	59 17 68 43
42	40 28 50 41
43	10 80 45 16
44	9 53 59 12
45	19 31 37 98
46	64 35 26 47
47	69 63 29 86
48	81 65 53 28
49	3 48 85 79
50	64 98 82 58
51	67 6 59 84
52	18 20 23 28
53	91 4 25 85
54	52 4 88 7
55	4 62 58 84
56	17 18 23 38
57	90 8 55 48
58	45 82 71 48
59	56 27 34 44
60	59 13 77 58
61	48 45 63 97
62	79 8 71 59
63	87 52 56 15
64	83 48 87 35
65	54 35 51 66
66	1 37 6 49
67	87 89 19 56
68	77 43 44 9
69	93 40 18 100
70	17 90 11 43
71	36 15 4 62
72	10 26 63 51
73	86 48 54 9
74	96 59 1 4
75	75 28 89 66
76	21 100 61 92
77	58 25 49 42
78	33 92 17 36
79	99 68 84 33
80	92 65 43 56
81	91 20 75 85
82	50 69 28 48
83	53 73 65 57
84	21 81 18 10
85	54 61 29 98
86	59 97 46 20
87	22 68 2 16
88	19 14 34 52
89	94 45 83 77
90	42 55 86 78
91	42 67 40 50
92	50 77 9 100
93	48 41 32 98
94	68 14 67 76
95	80 39 14 46
96	93 4 67 21
97	35 77 53 74
98	23 69 31 93
99	69 81 67 46
100	16 24 22 88
101	48 61 32 89
102	31 65 56 78
103	92 27 12 86
104	92 29 89 93
105	74 97 48 91
106	63 4 24 3
107	95 44 96 18
108	82 45 72 38
109	4 83 81 45
110	39 1 91 21
111	85 59 84 52
112	69 36 75 59
113	44 57 78 38
114	90 21 3 66
115	93 65 74 29
116	50 100 11 2
117	42 99 57 31
118	93 8 41 69
119	10 44 24 74
120	22 40 50 83
121	30 89 72 60
122	35 34 28 53
123	95 74 31 96
124	50 88 95 90
125	1 64 62 8
126	91 40 49 83
127	10 2 28 79
128	19 87 81 77
129	97 69 13 11
130	25 79 34 76
131	44 7 25 26
132	85 78 91 25
133	4 91 90 49
134	29 13 87 68
135	2 88 55 60
136	15 72 35 67
137	95 66 90 2
138	6 24 48 27
139	87 64 29 69
140	46 11 73 98
141	27 68 48 56
142	60 39 91 36
143	1 97 40 39
144	4 91 52 1
145	75 6 37 51
146	70 68 6 82
147	80 94 85 13
148	66 14 9 10
149	86 46 57 45
150	57 71 34 43
151	32 14 82 84
152	79 95 61 99
153	30 68 32 20
154	76 83 10 92
155	32 69 77 84
156	78 97 96 74
157	41 84 18 30
158	33 65 68 82
159	31 67 60 15
160	48 9 56 7
161	70 55 56 64
162	93 63 72 50
163	81 39 60 22
164	46 77 55 10
165	1 94 77 35
166	77 44 70 83
167	58 92 41 57
168	96 78 27 76
169	66 32 80 97
170	29 23 81 90
171	46 33 6 51
172	60 43 84 65
173	42 9 70 62
174	60 33 34 70
175	11 21 10 61
176	97 84 50 32
177	71 20 36 79
178	52 89 19 67
179	21 64 52 45
180	36 51 7 16
181	42 63 68 53
182	4 57 1 45
183	22 36 19 11
184	83 57 63 58
185	53 1 28 65
186	99 31 89 83
187	64 85 86 6
188	28 30 14 16
189	1 37 14 52
190	78 33 66 14
191	82 100 86 21
192	10 43 87 9
193	98 25 24 50
194	88 64 41 11
195	96 89 51 47
196	84 91 14 88
197	13 100 48 5
198	22 82 63 25
199	78 88 34 63
200	39 68 2 28
201	54 84 88 37
202	77 40 14 47
203	31 7 23 50
204	100 58 49 48
205	33 54 45 8
206	26 21 86 5
207	26 3 71 92
208	86 1 6 90
209	13 48 81 51
210	79 90 27 34
211	68 34 40 96
212	92 100 7 76
213	78 48 40 5
214	52 15 70 83
215	28 62 57 81
216	65 29 50 63
217	13 60 54 7
218	43 98 29 50
219	11 67 87 32
220	53 95 58 51
221	39 60 41 43
222	87 52 95 22
223	56 59 99 63
224	56 76 2 47
225	79 99 70 13
226	12 27 31 40
227	31 55 44 35
228	21 84 31 20
229	57 89 84 53
230	15 42 16 69
231	23 65 15 2
232	38 63 64 57
233	37 15 42 39
234	79 26 96 7
235	13 40 92 5
236	61 34 58 18
237	83 73 88 23
238	65 45 68 72
239	6 19 68 70
240	45 63 34 68
241	42 47 77 92
242	2 10 73 51
243	17 9 16 75
244	8 14 83 96
245	88 18 31 54
246	19 24 31 92
247	82 31 83 58
248	67 68 16 17
249	6 36 9 94
250	88 87 67 28
251	20 76 12 53
252	31 55 94 17
253	95 83 5 22
254	28 19 10 93
255	26 67 43 11
256	74 48 47 3
257	23 7 59 29
258	100 9 48 36
259	24 74 68 83
260	76 15 88 24
261	54 89 12 64
262	61 78 40 79
263	51 72 39 86
264	83 5 11 41
265	33 46 70 72
266	91 8 54 93
267	51 75 65 82
268	42 24 77 59
269	3 84 32 36
270	18 97 79 21
271	1 3 12 100
272	94 78 48 10
273	39 75 11 23
274	60 18 42 30
275	6 1 71 37
276	44 84 58 73
277	46 31 100 28
278	16 72 90 83
279	24 21 99 76
280	36 78 56 14
281	11 4 61 30
282	38 43 32 23
283	30 93 47 8
284	42 99 100 75
285	10 52 21 55
286	92 29 26 66
287	40 57 84 92
288	91 14 73 30
289	92 7 81 26
290	88 89 82 37
291	91 44 51 62
292	35 30 51 1
293	67 24 48 44
294	44 18 66 51
295	33 58 79 70
296	65 71 62 13
297	19 90 16 75
298	25 83 6 13
299	96 40 70 27
300	94 14 16 80
301	73 33 12 25
302	22 91 13 90
303	63 84 58 30
304	65 83 91 73
305	69 12 72 50
306	97 25 3 7
307	37 13 68 63
308	67 24 70 87
309	33 18 38 57
310	77 73 84 82
311	75 60 21 71
312	8 12 49 1
313	90 68 18 16
314	57 87 12 40
315	28 99 13 11
316	92 34 73 15
317	10 58 100 13
318	79 100 34 83
319	81 68 30 67
320	94 81 16 5
321	57 59 89 7
322	71 22 40 30
323	72 22 82 4
324	20 78 44 80
325	57 89 67 3
326	67 74 79 56
327	7 34 74 86
328	91 25 27 20
329	7 8 4 55
330	36 32 17 89
331	34 26 86 91
332	42 93 26 88
333	7 52 73 91
334	6 40 48 16
335	91 73 74 53
336	34 40 25 66
337	91 10 81 63
338	51 31 34 28
339	47 58 33 97
340	22 43 2 76
341	83 54 62 47
342	4 77 1 72
343	25 94 74 26
344	100 26 53 36
345	94 42 81 73
346	92 81 70 69
347	89 71 23 51
348	20 89 79 33
349	32 56 74 42
350	44 81 66 95
351	36 20 11 5
352	15 9 67 76
353	58 52 47 44
354	12 14 90 44
355	32 73 100 46
356	7 45 36 13
357	95 99 12 41
358	85 63 52 57
359	69 28 3 92
360	69 32 30 44
361	60 59 71 77
362	39 83 35 43
363	53 58 99 17
364	22 31 89 97
365	75 17 15 59
366	72 92 65 69
367	71 26 48 96
368	6 77 41 35
369	67 70 92 14
370	10 77 85 16
371	79 86 54 94
372	41 43 86 9
373	80 52 71 23
374	78 39 100 10
375	14 88 31 75
376	2 66 84 35
377	16 17 72 82
378	87 4 86 38
379	3 67 62 77
380	67 43 3 33
381	30 25 85 37
382	63 18 42 39
383	57 6 63 35
384	37 32 59 82
385	57 96 30 47
386	34 12 84 66
387	30 70 4 54
388	75 56 88 79
389	10 61 4 13
390	7 65 76 73
391	47 7 55 66
392	99 23 17 100
393	11 67 36 23
394	35 18 47 93
395	93 37 59 12
396	64 41 20 59
397	96 89 77 64
398	35 89 16 64
399	2 23 56 27
400	64 27 60 49
401	47 45 61 31
402	80 35 89 27
403	96 57 82 80
404	59 36 84 33
405	97 44 39 78
406	93 59 92 66
407	7 90 17 56
408	97 47 82 2
409	98 73 43 57
410	19 9 1 89
411	74 99 79 66
412	55 77 50 6
413	32 72 24 85
414	69 90 4 49
415	92 89 94 61
416	3 53 60 58
417	66 1 70 63
418	34 30 29 28
419	61 80 79 46
420	14 15 94 1
421	86 6 10 74
422	10 50 35 85
423	38 66 59 35
424	91 63 60 14
425	1 13 15 52
426	35 13 38 9
427	91 36 47 76
428	80 31 16 58
429	31 15 65 45
430	54 39 21 64
431	29 10 19 98
432	79 86 64 50
433	3 39 62 61
434	82 45 87 9
435	84 61 78 66
436	92 29 43 44
437	20 63 58 96
438	41 86 54 55
439	66 89 65 67
440	67 25 47 62
441	72 22 67 96
442	34 98 42 51
443	52 43 5 31
444	78 51 96 19
445	18 47 84 48
446	24 98 14 17
447	73 100 15 30
448	13 56 60 14
449	54 27 9 95
450	99 85 41 52
451	12 57 3 45
452	6 55 7 67
453	89 65 14 59
454	39 22 96 90
455	31 77 13 6
456	9 82 14 41
457	55 15 60 24
458	72 26 31 84
459	30 26 10 51
460	69 76 92 11
461	91 49 83 32
462	56 98 99 37
463	90 99 88 8
464	1 30 83 88
465	99 19 24 37
466	37 89 31 4
467	52 94 46 47
468	1 75 88 47
469	68 48 33 30
470	68 82 72 21
471	82 80 22 96
472	12 76 98 7
473	23 40 26 61
474	40 6 29 22
475	11 70 21 49
476	29 88 39 56
477	9 37 60 14
478	65 29 5 57
479	57 52 2 78
480	25 95 15 48
481	39 63 55 88
482	66 45 36 60
483	76 42 62 72
484	86 46 26 58
485	33 3 78 53
486	92 36 65 24
487	96 47 15 46
488	85 3 27 30
489	53 68 48 13
490	84 70 92 90
491	38 74 52 9
492	40 55 72 76
493	11 22 91 69
494	80 88 52 36
495	15 44 68 23
496	85 40 10 4
497	100 97 20 35
498	40 63 35 86
499	88 2 11 26
500	77 62 6 11
501	22 71 2 42
502	12 24 3 14
503	34 25 10 100
504	2 61 27 34
505	95 19 70 51
506	56 61 95 26
507	75 95 15 17
508	29 9 78 97
509	46 41 67 84
510	15 48 8 74
511	91 97 47 23
512	38 45 47 20
513	36 49 27 55
514	6 46 59 83
515	90 68 97 89
516	42 100 64 24
517	52 84 20 9
518	99 55 10 80
519	50 17 4 72
520	35 52 84 49
521	66 95 89 96
522	56 37 36 50
523	75 61 64 35
524	31 73 68 88
525	12 57 15 34
526	57 11 53 1
527	90 68 80 7
528	60 64 27 57
529	26 9 56 59
530	44 4 66 12
531	64 4 71 66
532	26 84 53 73
533	46 52 67 55
534	53 93 74 1
535	41 28 2 84
536	61 13 38 94
537	57 23 98 14
538	21 80 59 15
539	78 85 62 13
540	10 69 49 51
541	41 10 77 82
542	85 47 97 76
543	40 74 47 60
544	64 58 67 17
545	4 72 42 92
546	45 7 46 22
547	3 63 14 40
548	30 10 72 81
549	55 25 52 50
550	61 34 31 8
551	32 43 38 30
552	13 84 11 75
553	75 24 93 1
554	29 30 73 65
555	11 87 12 28
556	45 64 32 3
557	53 93 70 35
558	31 81 98 43
559	48 62 71 9
560	45 57 28 11
561	47 52 29 25
562	98 89 87 27
563	40 2 26 55
564	85 1 6 11
565	36 15 62 66
566	62 16 91 40
567	28 74 32 2
568	93 14 59 91
569	24 49 94 5
570	46 36 87 49
571	12 24 31 35
572	48 54 52 25
573	52 54 77 69
574	9 13 18 89
575	95 47 19 72
576	53 27 59 20
577	3 69 83 75
578	33 1 70 37
579	44 28 73 19
580	38 15 34 36
581	49 32 85 90
582	20 95 80 64
583	11 62 97 6
584	71 4 90 38
585	89 54 87 7
586	27 83 92 97
587	5 25 37 56
588	77 32 50 45
589	63 45 6 9
590	81 43 75 2
591	60 29 3 59
592	74 77 3 43
593	14 52 67 71
594	85 41 36 96
595	14 30 44 4
596	94 55 2 19
597	24 73 43 22
598	12 67 29 43
599	63 86 38 27
600	50 92 98 15
601	59 98 67 15
602	48 15 68 85
603	73 1 13 55
604	50 83 15 61
605	53 82 57 39
606	24 29 7 55
607	82 99 40 55
608	75 79 64 17
609	51 75 32 78
610	74 39 94 1
611	30 84 21 75
612	98 42 11 32
613	96 35 18 95
614	75 18 77 65
615	72 42 73 47
616	20 98 77 27
617	37 12 17 82
618	22 9 55 19
619	48 38 56 7
620	16 67 100 5
621	51 37 27 17
622	84 67 83 71
623	46 39 54 48
624	30 98 13 97
625	23 7 68 88
626	11 79 44 75
627	56 85 69 7
628	95 12 83 86
629	88 99 37 16
630	65 42 72 93
631	11 84 77 34
632	81 50 14 3
633	69 2 77 68
634	3 62 79 77
635	47 38 65 50
636	7 38 82 72
637	7 16 65 14
638	14 87 64 47
639	96 62 48 91
640	33 23 32 52
641	78 4 91 26
642	16 9 51 32
643	15 59 7 26
644	44 34 94 11
645	70 99 79 33
646	79 9 39 22
647	42 39 50 8
648	31 67 97 13
649	46 41 68 36
650	94 85 99 84
651	23 46 64 93
652	90 84 79 15
653	84 79 8 28
654	54 88 35 85
655	30 95 25 22
656	64 40 32 98
657	38 14 5 18
658	34 18 74 62
659	27 68 6 89
660	45 28 99 70
661	17 79 68 32
662	56 84 53 21
663	62 18 98 11
664	24 55 92 70
665	42 66 24 11
666	51 72 15 37
667	44 53 100 90
668	95 59 49 35
669	43 34 66 7
670	13 21 15 59
671	8 82 63 59
672	47 34 92 48
673	71 27 74 55
674	24 96 36 4
675	100 50 54 12
676	15 18 26 56
677	25 14 59 52
678	98 21 40 90
679	44 5 65 68
680	73 80 5 30
681	6 19 92 87
682	87 10 12 33
683	73 57 98 10
684	98 80 56 99
685	50 17 36 94
686	21 12 76 20
687	32 42 85 1
688	14 13 11 83
689	9 7 79 28
690	93 57 95 27
691	85 87 39 80
692	24 48 29 7
693	72 95 45 86
694	13 54 73 45
695	82 42 26 62
696	73 28 72 71
697	55 31 33 14
698	78 5 25 29
699	80 31 28 95
700	89 82 9 98
701	1 97 83 45
702	16 89 98 15
703	25 35 58 60
704	21 85 65 45
705	65 88 20 94
706	23 83 26 55
707	56 24 40 92
708	68 87 54 95
709	80 2 30 31
710	71 49 28 11
711	16 28 85 55
712	45 67 2 56
713	62 14 35 50
714	99 24 9 69
715	99 23 100 9
716	28 82 91 39
717	68 92 28 70
718	43 26 49 61
719	6 61 8 80
720	29 10 19 63
721	14 20 13 37
722	61 29 8 97
723	23 32 14 72
724	21 82 76 40
725	73 9 75 78
726	19 91 72 89
727	63 100 29 62
728	34 95 5 23
729	20 28 92 29
730	4 35 14 73
731	87 75 86 57
732	62 36 67 69
733	87 35 42 9
734	88 9 16 84
735	43 47 95 11
736	72 81 21 68
737	86 93 94 29
738	85 100 94 35
739	19 65 40 20
740	53 21 85 28
741	64 85 87 79
742	7 66 31 17
743	73 52 89 67
744	69 6 20 26
745	17 92 50 36
746	53 29 24 60
747	81 63 38 89
748	67 83 89 2
749	80 38 98 99
750	90 30 11 36
751	1 57 62 41
752	77 29 35 5
753	54 48 21 13
754	63 37 50 51
755	7 48 61 35
756	86 48 24 46
757	57 12 100 25
758	33 36 85 5
759	52 12 5 8
760	99 71 100 87
761	55 94 85 49
762	61 4 7 55
763	42 49 83 71
764	10 90 74 86
765	99 7 58 91
766	45 7 17 8
767	2 50 86 77
768	45 83 38 87
769	53 14 15 88
770	76 34 66 46
771	31 37 97 77
772	9 87 39 75
773	81 58 18 47
774	9 84 82 66
775	42 36 9 29
776	92 52 70 45
777	58 26 16 36
778	82 84 2 9
779	79 98 20 26
780	38 50 36 83
781	64 92 27 31
782	41 97 61 68
783	72 20 66 61
784	7 46 13 67
785	86 77 27 36
786	70 54 78 19
787	91 12 100 64
788	63 47 24 29
789	50 3 97 18
790	18 29 51 1
791	94 24 29 52
792	80 69 77 38
793	36 62 14 24
794	76 24 66 46
795	79 27 61 92
796	57 11 54 88
797	59 8 90 87
798	57 50 60 41
799	97 8 27 69
800	58 17 37 21
801	20 34 3 18
802	68 5 96 54
803	73 35 72 2
804	43 60 14 94
805	59 25 65 53
806	85 94 62 77
807	55 79 52 51
808	46 83 8 87
809	68 63 13 3
810	63 46 73 53
811	79 21 56 15
812	12 87 3 9
813	24 35 47 16
814	55 9 50 100
815	14 81 49 13
816	10 44 83 35
817	87 98 21 57
818	8 45 18 43
819	45 19 14 77
820	74 70 93 4
821	44 56 66 71
822	62 41 27 15
823	91 34 26 38
824	41 3 86 98
825	84 26 65 85
826	19 92 4 73
827	32 95 51 94
828	51 33 93 55
829	3 4 43 97
830	4 14 29 70
831	51 55 96 25
832	20 84 93 19
833	71 60 76 86
834	82 29 94 43
835	66 85 71 67
836	32 84 37 69
837	21 81 6 72
838	86 56 5 99
839	98 35 77 88
840	4 69 32 79
841	78 53 12 72
842	57 81 72 26
843	32 92 63 45
844	81 84 19 86
845	88 69 85 65
846	27 100 14 42
847	13 6 74 4
848	25 86 97 61
849	4 60 34 96
850	32 78 96 26
851	95 99 16 35
852	65 17 55 100
853	99 8 81 56
854	19 55 91 28
855	90 68 53 82
856	69 92 47 18
857	64 41 83 24
858	56 29 83 60
859	35 19 97 3
860	1 9 37 89
861	4 29 66 34
862	83 3 62 69
863	16 17 63 57
864	45 30 13 59
865	43 11 89 7
866	85 67 87 16
867	81 8 57 83
868	35 7 82 27
869	34 90 88 81
870	6 7 12 87
871	93 95 69 82
872	21 34 38 28
873	64 49 54 33
874	16 79 62 85
875	74 96 29 44
876	8 37 25 18
877	36 91 44 80
878	45 12 5 25
879	13 46 33 9
880	58 64 3 24
881	36 52 87 20
882	20 82 19 26
883	59 37 55 28
884	10 14 64 27
885	63 69 84 74
886	96 62 41 26
887	58 42 41 65
888	92 20 69 34
889	59 28 21 14
890	41 65 14 68
891	60 54 23 91
892	70 37 26 34
893	24 57 84 58
894	19 14 51 72
895	79 6 80 33
896	58 98 26 70
897	63 12 16 33
898	38 55 83 80
899	74 33 37 36
900	9 26 60 84
901	99 18 3 24
902	16 89 66 87
903	71 1 77 90
904	32 19 95 14
905	44 84 9 69
906	9 30 79 65
907	36 12 44 32
908	98 97 7 69
909	12 56 57 86
910	32 31 9 57
911	76 64 4 26
912	84 27 76 39
913	20 57 29 5
914	60 34 78 79
915	27 9 22 79
916	73 85 32 89
917	26 82 43 5
918	50 59 46 58
919	68 44 96 76
920	57 14 8 60
921	41 38 4 20
922	27 10 82 40
923	32 11 51 62
924	78 62 86 63
925	41 68 76 22
926	2 35 52 82
927	52 30 69 9
928	20 56 17 84
929	81 93 100 34
930	45 41 68 93
931	19 51 67 89
932	87 91 5 76
933	20 57 8 55
934	39 57 91 81
935	51 71 94 24
936	68 56 86 55
937	91 79 90 94
938	63 4 54 88
939	53 64 46 23
940	57 28 62 75
941	93 66 19 77
942	64 53 18 66
943	33 50 69 67
944	51 31 96 9
945	26 65 62 10
946	76 3 99 59
947	4 2 1 90
948	31 45 28 9
949	91 19 80 37
950	30 18 9 16
951	18 41 60 20
952	98 25 9 56
953	49 20 35 29
954	34 24 88 46
955	22 4 99 12
956	42 65 4 48
957	41 31 39 80
958	24 1 16 76
959	57 73 98 78
960	92 12 98 77
961	71 25 20 5
962	34 100 38 71
963	35 25 48 7
964	60 43 25 5
965	35 42 87 57
966	18 72 44 60
967	51 28 52 22
968	73 20 88 23
969	45 77 19 17
970	30 3 70 33
971	22 77 62 9
972	66 8 48 68
973	63 45 10 14
974	48 84 31 24
975	69 84 98 42
976	80 30 100 33
977	63 89 44 88
978	91 54 98 4
979	77 28 49 55
980	82 77 65 74
981	74 26 83 4
982	72 5 68 33
983	92 46 37 56
984	93 96 56 29
985	86 44 93 64
986	74 30 99 52
987	50 26 79 88
988	22 37 8 81
989	3 95 41 94
990	61 55 14 8
991	46 16 18 61
992	3 31 82 35
993	87 54 39 95
994	42 92 84 55
995	84 80 68 31
996	10 73 95 29
997	32 5 85 62
998	94 53 67 68
999	49 11 87 20
1000	81 64 31 65
Students	1000
1	15 50 65 27
2	74 15 32 13
3	66 24 67 88
4	18 5 27 73
5	62 93 65 48
6	8 81 53 36
7	10 58 28 98
8	79 99 82 40
9	52 14 37 89
10	26 12 11 74
11	95 36 11 16
12	70 31 40 69
13	10 41 73 89
14	93 91 43 15
15	66 2 45 67
16	76 43 29 88
17	28 64 50 89
18	3 34 7 70
19	77 56 48 18
20	60 50 20 55
21	22 67 33 53
22	32 13 29 71
23	46 48 26 40
24	57 86 61 80
25	81 18 15 87
26	77 52 63 85
27	49 13 58 72
28	43 20 51 80
29	46 9 48 4
30	97 57 79 96
31	73 25 16 29
32	8 45 19 9
33	94 86 69 100
34	46 99 42 94
35	35 97 41 8
36	73 70 92 28
37	58 61 72 25
38	34 74 32 87
39	78 33 25 86
40	77 89 24 32
41	30 67 29 88
42	3 26 1 99
43	80 88 36 63
44	80 15 23 95
45	92 94 5 39
46	76 14 5 38
47	79 14 80 67
48	56 54 85 40
49	73 10 67 55
50	100 73 28 53
51	88 43 62 3
52	15 86 87 82
53	63 31 62 6
54	71 31 82 16
55	11 29 12 51
56	27 92 33 65
57	99 73 27 32
58	71 36 54 27
59	56 5 41 25
60	71 29 21 44
61	96 23 15 64
62	34 23 84 55
63	52 50 64 36
64	11 80 56 5
65	77 5 37 22
66	1 38 96 53
67	43 47 41 94
68	64 58 87 68
69	63 44 70 5
70	75 39 46 38
71	14 69 58 23
72	44 9 54 21
73	58 10 33 18
74	73 78 65 19
75	10 23 53 75
76	91 24 75 26
77	88 48 52 5
78	99 11 65 100
79	38 49 1 95
80	94 84 27 77
81	9 85 49 67
82	63 66 18 29
83	97 27 69 52
84	61 98 97 85
85	46 31 42 81
86	27 71 22 63
87	27 68 15 21
88	57 6 22 45
89	77 9 53 49
90	73 49 6 44
91	81 76 77 25
92	84 89 58 44
93	44 21 63 51
94	69 88 86 5
95	80 73 21 66
96	95 76 26 55
97	55 76 40 77
98	62 84 71 73
99	51 31 67 12
100	37 57 20 71
101	94 38 51 85
102	65 72 66 40
103	30 3 5 28
104	57 64 38 99
105	37 65 15 61
106	48 97 82 92
107	37 86 43 68
108	9 85 45 61
109	39 95 20 26
110	64 44 93 69
111	33 30 53 90
112	12 33 42 87
113	67 37 59 78
114	53 45 55 76
115	71 97 82 13
116	82 58 59 81
117	5 82 6 71
118	43 97 86 12
119	97 76 100 49
120	65 96 72 61
121	75 30 69 18
122	13 97 24 6
123	6 37 100 72
124	87 76 2 57
125	43 72 91 44
126	23 32 27 1
127	99 87 73 94
128	89 30 23 32
129	5 58 90 24
130	70 73 18 63
131	86 19 52 25
132	65 11 59 42
133	50 53 80 96
134	45 70 74 80
135	1 58 37 34
136	5 90 57 22
137	34 32 78 91
138	36 91 58 48
139	17 78 20 22
140	18 74 90 75
141	45 6 25 60
142	68 93 84 42
143	46 13 51 2
144	64 98 56 60
145	22 5 24 9
146	8 80 66 81
147	97 32 33 85
148	41 100 18 8
149	2 1 6 12
150	26 88 64 81
151	11 1 33 27
152	82 6 69 55
153	38 84 25 57
154	67 70 80 90
155	87 65 90 25
156	70 38 92 91
157	25 74 15 65
158	17 46 23 57
159	38 86 69 63
160	60 68 13 80
161	27 3 22 100
162	84 9 60 88
163	28 91 71 22
164	98 58 77 64
165	47 96 100 93
166	79 89 35 34
167	11 67 31 72
168	52 95 70 72
169	47 72 93 26
170	46 61 96 26
171	87 64 51 55
172	66 46 51 39
173	78 57 69 94
174	66 14 94 8
175	55 14 56 37
176	96 73 70 71
177	8 99 42 96
178	94 12 89 31
179	99 45 62 19
180	84 91 6 38
181	72 94 23 57
182	44 40 41 98
183	3 32 69 87
184	9 43 45 95
185	76 61 67 40
186	15 3 63 96
187	36 8 26 19
188	4 82 56 36
189	22 81 75 80
190	90 21 43 49
191	8 2 38 43
192	53 19 69 27
193	80 41 5 82
194	1 10 79 93
195	61 23 41 35
196	60 82 72 84
197	19 40 57 28
198	31 76 59 25
199	41 49 33 88
200	94 100 28 71
201	60 64 18 10
202	76 89 95 14
203	48 70 52 23
204	40 1 61 3
205	32 53 99 39
206	50 27 6 38
207	87 75 62 67
208	69 21 50 13
209	67 21 68 86
210	69 51 3 57
211	34 45 31 32
212	39 50 65 37
213	59 53 57 84
214	87 11 24 91
215	51 91 85 36
216	78 47 83 69
217	14 18 23 68
218	10 81 80 21
219	54 4 81 42
220	32 68 38 23
221	16 58 52 74
222	66 8 62 32
223	51 62 65 93
224	19 92 97 3
225	87 51 26 7
226	76 41 81 18
227	53 14 94 56
228	59 53 57 30
229	87 66 28 94
230	7 30 56 71
231	98 32 38 10
232	92 16 35 19
233	38 39 4 82
234	45 65 6 99
235	98 11 70 45
236	92 100 41 22
237	71 90 15 17
238	87 24 14 94
239	97 59 78 94
240	88 44 43 71
241	49 62 59 92
242	81 44 2 54
243	47 24 92 35
244	67 98 57 81
245	94 15 81 10
246	41 90 99 82
247	17 26 92 33
248	80 11 13 9
249	31 34 23 81
250	39 50 14 12
251	28 56 6 82
252	39 83 21 29
253	56 99 78 44
254	9 90 86 41
255	44 40 18 68
256	79 4 40 100
257	20 89 45 21
258	21 74 20 99
259	59 96 25 93
260	81 39 31 7
261	42 16 47 98
262	58 67 27 30
263	36 57 68 46
264	78 100 21 75
265	47 76 1 32
266	56 20 34 82
267	27 83 31 39
268	66 3 58 35
269	52 84 93 97
270	34 70 18 63
271	19 72 49 38
272	19 11 99 51
273	76 20 68 66
274	61 18 8 54
275	90 10 55 65
276	67 34 55 87
277	80 31 49 17
278	54 10 2 46
279	64 50 24 67
280	46 9 72 74
281	20 74 45 49
282	27 61 25 82
283	43 39 36 86
284	4 37 99 88
285	65 50 25 14
286	56 35 100 62
287	77 31 84 13
288	56 45 12 8
289	92 12 53 22
290	72 37 32 4
291	41 79 36 59
292	51 44 11 64
293	22 18 28 79
294	56 96 87 15
295	69 23 99 25
296	26 24 46 27
297	66 2 77 59
298	99 6 34 88
299	48 98 90 39
300	30 12 60 66
301	38 35 3 65
302	92 95 99 100
303	39 96 20 64
304	23 16 27 20
305	46 92 71 81
306	61 88 67 46
307	96 16 46 83
308	23 89 21 82
309	54 7 74 57
310	31 20 69 19
311	90 13 78 41
312	52 77 89 45
313	31 40 42 89
314	37 89 13 77
315	29 93 7 44
316	42 90 2 5
317	100 97 96 75
318	44 68 78 87
319	56 48 26 1
320	44 17 88 30
321	77 71 39 20
322	51 61 57 71
323	47 44 96 78
324	87 29 27 64
325	66 52 74 61
326	100 92 66 21
327	34 83 100 97
328	82 62 24 72
329	49 13 94 87
330	17 13 79 56
331	49 6 81 38
332	84 87 51 5
333	91 76 92 56
334	17 62 89 66
335	1 17 13 32
336	64 78 79 32
337	80 26 27 94
338	39 97 49 94
339	66 65 86 78
340	83 55 13 80
341	53 23 63 86
342	6 23 8 88
343	23 97 89 39
344	92 58 64 18
345	37 80 61 87
346	73 34 4 49
347	99 78 61 66
348	28 38 55 3
349	91 64 41 77
350	12 59 2 80
351	75 77 16 52
352	89 30 33 23
353	96 28 22 61
354	14 90 11 54
355	67 10 59 46
356	36 51 11 88
357	78 25 30 90
358	95 46 86 9
359	73 25 32 72
360	20 55 33 57
361	12 41 4 95
362	73 52 94 46
363	64 70 57 55
364	68 8 49 28
365	18 95 52 51
366	64 66 77 51
367	43 72 91 5
368	55 84 40 38
369	45 52 54 26
370	31 36 73 25
371	25 68 40 31
372	17 11 66 37
373	23 89 87 34
374	28 32 41 94
375	29 72 51 50
376	41 94 35 98
377	19 63 86 59
378	4 60 79 37
379	16 84 10 46
380	96 42 56 40
381	22 76 40 31
382	41 95 89 92
383	76 66 82 35
384	3 86 45 52
385	85 17 19 83
386	54 60 92 30
387	64 2 41 69
388	8 70 26 43
389	85 96 26 18
390	68 32 64 38
391	84 18 19 62
392	96 37 57 61
393	58 7 69 79
394	87 22 93 96
395	3 55 68 45
396	70 39 98 61
397	4 37 16 73
398	56 52 86 84
399	64 22 41 91
400	4 84 27 17
401	78 30 10 63
402	3 2 43 20
403	26 25 44 48
404	72 43 98 78
405	73 43 79 85
406	98 53 39 31
407	31 18 41 36
408	48 56 31 21
409	95 61 4 28
410	38 21 90 28
411	96 95 6 30
412	56 97 88 95
413	42 88 78 47
414	18 78 97 82
415	66 34 29 100
416	87 63 45 96
417	21 45 24 97
418	70 26 73 78
419	65 8 58 62
420	75 34 63 100
421	22 76 95 4
422	56 29 48 49
423	99 94 10 43
424	34 58 92 32
425	19 75 40 32
426	28 97 32 73
427	26 73 50 4
428	66 41 71 75
429	2 41 58 56
430	1 59 76 55
431	4 1 100 43
432	10 15 64 89
433	79 69 99 28
434	29 17 82 40
435	62 58 79 91
436	86 70 89 94
437	96 82 40 79
438	29 93 94 81
439	85 72 2 7
440	58 24 76 61
441	50 45 81 42
442	15 47 42 76
443	29 25 58 50
444	51 56 90 86
445	34 86 22 44
446	65 68 6 64
447	61 31 83 27
448	91 79 7 71
449	18 25 82 51
450	43 54 26 91
451	25 35 74 78
452	1 72 48 73
453	67 97 27 37
454	54 91 8 85
455	27 12 2 33
456	27 46 35 19
457	15 33 82 51
458	23 95 60 78
459	73 8 9 42
460	67 14 89 72
461	95 45 65 52
462	84 18 63 6
463	29 51 98 70
464	34 15 6 71
465	81 25 28 61
466	36 65 37 31
467	55 76 43 92
468	48 75 47 55
469	85 36 35 56
470	30 76 52 35
471	12 59 15 1
472	84 62 16 43
473	50 9 41 62
474	26 58 81 14
475	15 66 64 17
476	85 68 46 51
477	69 12 92 28
478	56 4 87 48
479	51 56 85 23
480	32 9 78 24
481	64 96 60 15
482	70 42 44 83
483	66 63 59 36
484	90 77 38 69
485	22 25 63 58
486	74 10 26 84
487	83 57 21 50
488	8 22 76 64
489	23 8 67 18
490	6 1 69 49
491	13 88 46 84
492	51 71 7 97
493	12 38 49 85
494	36 55 24 61
495	100 80 71 26
496	76 34 73 93
497	79 69 53 46
498	3 23 61 5
499	34 65 35 30
500	38 74 53 9
501	70 32 42 77
502	75 4 12 34
503	17 43 25 63
504	17 35 47 84
505	79 2 58 84
506	95 76 66 49
507	80 37 58 24
508	27 88 25 99
509	93 40 11 49
510	68 80 17 91
511	75 49 22 31
512	22 85 100 20
513	45 58 33 63
514	95 2 87 54
515	60 34 40 98
516	52 96 15 11
517	2 6 77 23
518	86 43 27 61
519	87 2 86 16
520	89 63 3 9
521	78 32 54 56
522	45 11 4 17
523	13 49 40 35
524	47 49 92 6
525	90 15 51 39
526	46 1 87 35
527	90 46 55 1
528	1 32 76 70
529	61 9 7 70
530	95 72 58 85
531	4 82 76 11
532	94 91 77 79
533	37 16 11 54
534	42 83 36 90
535	38 75 6 59
536	45 88 79 23
537	33 51 82 84
538	49 17 33 12
539	79 23 52 29
540	95 75 49 62
541	74 73 82 78
542	86 6 89 31
543	91 39 17 31
544	37 79 44 74
545	5 65 4 38
546	16 6 85 98
547	2 97 21 79
548	46 53 39 26
549	37 7 98 3
550	57 5 16 43
551	39 79 9 35
552	45 40 6 82
553	55 35 99 73
554	19 88 17 51
555	32 94 95 92
556	28 53 95 87
557	91 2 5 68
558	79 35 66 41
559	70 19 68 91
560	77 29 92 55
561	77 60 26 54
562	11 58 36 100
563	46 17 55 86
564	5 69 90 83
565	4 70 48 41
566	77 43 53 22
567	73 37 77 14
568	13 70 81 98
569	6 25 30 43
570	30 76 81 65
571	39 26 66 42
572	45 34 65 17
573	30 48 18 55
574	71 81 35 24
575	43 72 98 85
576	71 91 30 80
577	58 91 68 97
578	52 2 98 80
579	30 78 81 22
580	42 74 50 72
581	8 46 94 17
582	40 88 92 77
583	6 44 62 92
584	47 8 64 1
585	55 89 59 71
586	84 32 36 14
587	85 24 28 79
588	60 27 19 11
589	75 82 42 45
590	35 52 8 98
591	28 37 65 95
592	81 92 55 97
593	23 34 95 73
594	37 97 15 88
595	62 100 84 38
596	69 64 1 30
597	87 57 52 10
598	11 53 66 32
599	75 4 49 69
600	71 11 74 56
601	4 27 32 76
602	66 38 28 1
603	85 63 34 56
604	21 86 30 60
605	85 26 16 59
606	8 18 24 28
607	55 84 19 2
608	11 66 73 26
609	37 12 88 46
610	30 98 49 23
611	46 37 51 63
612	62 12 37 79
613	27 46 73 69
614	85 37 28 91
615	12 40 23 58
616	28 19 18 52
617	58 18 65 5
618	88 15 99 64
619	38 68 42 11
620	4 81 8 78
621	41 62 85 7
622	7 89 9 93
623	39 69 70 1
624	24 43 59 39
625	46 41 57 97
626	99 73 49 40
627	28 24 31 23
628	72 53 23 67
629	72 55 94 98
630	71 18 23 100
631	89 79 2 81
632	29 46 51 96
633	58 25 59 83
634	62 80 12 40
635	99 42 75 26
636	100 61 17 15
637	49 30 66 67
638	95 64 28 96
639	30 22 53 3
640	62 93 64 77
641	21 74 65 69
642	3 57 85 100
643	69 29 57 40
644	6 49 82 87
645	31 7 30 90
646	83 96 32 6
647	25 96 54 91
648	7 19 27 45
649	47 62 75 38
650	59 18 78 57
651	92 90 30 62
652	97 5 74 36
653	12 26 48 100
654	78 47 82 75
655	10 66 6 65
656	81 83 95 90
657	82 48 50 33
658	14 72 86 90
659	15 99 89 84
660	69 77 50 49
661	11 59 64 93
662	58 64 72 5
663	25 85 76 48
664	12 28 79 31
665	45 34 39 11
666	75 78 79 97
667	40 71 27 33
668	76 63 64 13
669	68 2 47 83
670	22 55 73 65
671	20 61 9 28
672	96 44 2 50
673	8 100 92 5
674	28 70 53 45
675	61 40 62 34
676	71 24 56 12
677	89 60 14 85
678	20 72 2 83
679	43 98 56 7
680	27 4 63 40
681	28 92 50 7
682	76 15 13 67
683	32 69 34 49
684	50 1 23 93
685	87 52 60 61
686	60 54 19 80
687	22 69 31 85
688	88 6 14 59
689	36 75 61 79
690	99 20 31 76
691	23 45 66 76
692	55 53 43 50
693	62 25 43 46
694	11 98 42 1
695	8 75 54 51
696	5 45 25 6
697	53 86 55 77
698	90 69 72 1
699	90 80 68 51
700	49 12 38 81
701	33 90 71 65
702	2 100 47 96
703	89 32 52 31
704	21 82 11 79
705	9 67 100 70
706	81 39 14 3
707	86 55 45 92
708	25 63 99 55
709	81 58 18 50
710	15 6 99 54
711	19 70 34 87
712	58 70 4 12
713	80 79 33 52
714	70 94 89 96
715	46 72 24 71
716	79 78 74 7
717	84 70 53 26
718	45 22 56 12
719	95 75 52 96
720	90 37 76 95
721	56 44 74 18
722	44 98 37 56
723	29 48 90 31
724	66 42 45 94
725	100 56 72 49
726	15 71 92 90
727	8 97 21 28
728	32 10 11 17
729	45 73 41 6
730	48 65 7 67
731	40 94 23 78
732	99 98 44 51
733	45 24 31 14
734	62 13 7 31
735	80 68 30 23
736	75 58 17 89
737	26 72 7 45
738	20 11 99 13
739	99 79 9 71
740	14 80 96 57
741	18 62 90 19
742	53 52 49 100
743	40 4 72 19
744	95 88 23 35
745	11 61 27 13
746	20 97 50 11
747	89 70 64 94
748	28 22 66 78
749	52 15 55 42
750	90 57 58 53
751	18 58 76 46
752	10 53 56 9
753	79 3 73 77
754	94 99 80 60
755	80 98 26 20
756	17 95 16 65
757	74 73 36 24
758	63 58 29 25
759	56 71 97 47
760	66 97 70 1
761	53 71 10 12
762	29 94 85 76
763	95 77 9 84
764	7 38 69 57
765	76 14 86 3
766	31 81 75 69
767	49 3 23 75
768	30 59 61 40
769	46 70 49 26
770	61 29 69 96
771	83 8 98 2
772	20 84 47 50
773	31 16 69 43
774	95 28 31 21
775	50 82 36 33
776	89 86 15 25
777	19 24 37 38
778	90 99 11 79
779	98 32 43 82
780	100 22 66 19
781	86 88 77 81
782	100 30 20 90
783	58 52 8 20
784	90 6 46 58
785	85 53 63 21
786	68 64 84 41
787	20 35 59 27
788	43 9 85 51
789	20 72 54 48
790	4 42 67 31
791	23 35 94 73
792	34 23 89 83
793	94 31 85 6
794	18 94 91 73
795	47 25 15 29
796	16 93 45 50
797	24 86 76 68
798	94 55 99 5
799	44 4 20 53
800	4 25 38 53
801	35 87 92 16
802	56 10 31 85
803	28 71 78 74
804	29 28 76 2
805	30 43 3 9
806	14 70 100 21
807	2 62 1 46
808	21 14 9 42
809	27 24 6 28
810	77 91 50 65
811	61 36 57 88
812	39 21 62 74
813	4 47 54 48
814	32 97 74 39
815	100 76 11 68
816	48 65 94 85
817	84 40 65 28
818	57 56 93 5
819	4 32 22 64
820	7 51 45 59
821	8 18 58 2
822	80 54 85 66
823	81 57 49 37
824	52 47 60 57
825	36 77 50 34
826	94 100 28 73
827	2 87 29 41
828	42 87 53 92
829	26 22 97 92
830	50 31 85 91
831	12 34 72 86
832	81 37 76 28
833	23 67 77 58
834	9 77 53 14
835	52 4 56 78
836	40 56 37 20
837	45 39 61 32
838	13 24 32 39
839	53 88 71 96
840	20 85 59 50
841	59 83 52 66
842	34 81 15 55
843	51 2 17 27
844	69 46 42 88
845	58 80 88 34
846	74 96 62 43
847	14 61 86 72
848	52 90 69 82
849	1 71 47 70
850	80 18 4 96
851	61 41 29 49
852	79 97 92 96
853	75 19 60 50
854	26 81 66 89
855	45 10 82 8
856	35 11 69 56
857	62 81 34 6
858	48 28 45 8
859	48 93 74 8
860	64 90 94 62
861	96 45 97 64
862	63 8 58 48
863	61 5 12 67
864	15 78 4 64
865	68 93 85 19
866	38 55 11 50
867	37 11 65 94
868	47 53 95 83
869	44 70 83 33
870	6 27 8 60
871	58 88 70 51
872	75 39 13 36
873	58 12 37 31
874	15 79 50 59
875	14 83 90 94
876	65 99 63 76
877	79 81 6 48
878	2 52 37 11
879	19 48 9 77
880	98 72 27 19
881	100 52 43 98
882	78 62 11 17
883	22 34 50 43
884	82 15 2 32
885	96 55 33 22
886	93 8 15 21
887	53 78 21 68
888	63 25 19 28
889	98 51 58 25
890	52 1 77 22
891	39 51 55 46
892	62 49 2 17
893	35 40 21 18
894	26 39 81 50
895	82 93 81 55
896	24 52 46 82
897	9 52 64 67
898	57 18 8 37
899	3 15 16 85
900	76 31 48 36
901	8 44 86 25
902	14 18 80 89
903	50 33 36 13
904	1 62 5 91
905	11 30 81 36
906	48 24 52 16
907	83 79 9 38
908	10 50 81 46
909	12 52 54 20
910	86 33 80 91
911	67 92 14 69
912	28 53 30 6
913	63 28 95 89
914	39 92 45 32
915	42 48 60 15
916	44 10 76 92
917	72 42 9 35
918	12 24 27 61
919	77 22 25 72
920	23 21 43 38
921	49 82 100 39
922	35 56 72 43
923	41 27 58 71
924	29 21 100 96
925	56 57 53 21
926	79 27 88 90
927	80 18 17 67
928	10 61 52 35
929	90 26 1 8
930	18 27 13 93
931	31 97 1 33
932	78 45 62 85
933	19 20 22 60
934	77 91 5 87
935	69 60 95 80
936	38 99 83 95
937	81 97 9 59
938	62 89 45 6
939	5 56 23 37
940	85 66 5 50
941	78 35 53 66
942	40 49 13 81
943	72 87 3 38
944	83 38 10 80
945	44 49 26 45
946	18 54 89 88
947	7 92 64 49
948	21 58 22 57
949	1 10 8 63
950	70 54 30 91
951	73 55 94 72
952	83 69 5 45
953	77 4 44 47
954	14 53 100 79
955	80 15 63 71
956	94 95 48 51
957	47 10 32 12
958	46 26 61 38
959	45 91 15 4
960	89 10 74 58
961	22 48 67 89
962	44 60 43 58
963	37 3 9 70
964	8 34 6 98
965	88 91 36 20
966	22 80 36 14
967	86 9 21 50
968	55 98 84 78
969	79 96 27 61
970	64 91 26 96
971	85 21 37 22
972	34 100 14 6
973	4 76 54 60
974	11 62 23 28
975	79 60 26 68
976	13 17 40 49
977	63 40 36 54
978	14 83 52 48
979	89 59 33 85
980	64 49 37 48
981	99 2 68 17
982	38 47 19 16
983	46 64 45 99
984	70 17 33 34
985	76 25 60 55
986	86 52 82 76
987	10 71 22 34
988	79 58 7 9
989	87 56 32 30
990	72 5 67 93
991	24 5 99 84
992	44 79 30 2
993	22 80 7 61
994	68 77 26 24
995	15 47 95 99
996	76 36 9 57
997	69 24 37 94
998	60 28 10 32
999	37 84 57 41
1000	18 33 63 37
Students	1000
1	5 28 68 50
2	33 44 71 61
3	59 36 32 66
4	89 70 24 90
5	50 3 55 49
6	23 99 20 16
7	82 6 56 42
8	39 52 99 67
9	5 10 57 47
10	38 64 34 77
11	82 53 28 42
12	18 10 40 3
13	85 35 73 12
14	90 82 42 50
15	87 24 3 8
16	92 48 9 8
17	92 38 47 55
18	68 53 51 63
19	75 64 41 2
20	68 70 25 29
21	94 35 44 2
22	29 95 62 12
23	7 56 8 83
24	31 42 78 66
25	36 41 59 8
26	27 9 33 40
27	7 16 39 18
28	91 99 22 67
29	6 68 65 35
30	16 98 14 49
31	82 22 91 5
32	92 84 31 52
33	2 53 10 17
34	79 96 43 34
35	56 26 78 86
36	37 50 3 20
37	21 8 22 47
38	86 42 50 9
39	84 8 46 80
40	85 93 60 72
41	11 22 43 49
42	66 3 72 85
43	100 12 70 3
44	98 70 100 84
45	11 58 73 56
46	1 21 62 87
47	11 69 79 46
48	19 3 6 46
49	88 90 36 91
50	13 82 31 86
51	47 97 95 91
52	71 16 34 17
53	3 94 95 90
54	40 74 22 8
55	2 96 12 100
56	90 37 99 56
57	75 49 83 91
58	52 19 55 94
59	30 57 25 19
60	64 51 31 87
61	42 29 84 1
62	25 65 37 77
63	21 33 18 50
64	2 83 24 90
65	62 23 76 66
66	15 46 3 91
67	82 80 87 76
68	77 90 66 73
69	72 81 21 47
70	46 49 36 41
71	28 23 66 69
72	28 8 42 57
73	79 72 2 55
74	60 45 5 83
75	9 67 31 69
76	13 84 44 65
77	64 47 38 24
78	40 58 63 52
79	47 40 79 7
80	48 90 64 93
81	95 99 73 87
82	15 99 34 64
83	1 51 29 10
84	38 26 93 47
85	48 40 79 61
86	62 28 3 73
87	8 86 78 100
88	59 32 22 27
89	15 55 34 64
90	87 32 80 34
91	24 71 22 18
92	43 89 2 7
93	97 61 30 50
94	15 21 19 40
95	81 96 58 18
96	82 50 13 78
97	76 39 15 59
98	66 40 72 73
99	19 82 64 99
100	6 62 9 75
101	26 80 62 70
102	59 29 48 15
103	28 64 79 74
104	97 8 28 30
105	77 81 90 97
106	84 75 30 7
107	43 94 69 67
108	46 2 62 23
109	87 72 65 79
110	55 5 21 29
111	29 76 87 40
112	69 66 49 38
113	93 77 78 81
114	85 40 84 56
115	32 12 96 7
116	30 91 29 46
117	2 85 91 84
118	59 11 74 82
119	97 46 99 92
120	21 46 33 62
121	20 92 44 78
122	78 23 42 84
123	51 96 24 81
124	47 56 52 30
125	35 84 90 73
126	74 43 75 1
127	76 32 35 67
128	6 30 76 8
129	42 53 77 86
130	83 93 23 82
131	96 52 55 86
132	75 31 32 95
133	9 47 19 18
134	93 53 74 30
135	39 95 99 33
136	89 97 91 35
137	84 3 61 96
138	56 93 72 46
139	70 8 3 98
140	31 19 49 99
141	46 15 17 75
142	47 50 67 25
143	1 84 69 3
144	25 14 35 54
145	55 57 26 38
146	97 61 34 98
147	31 97 8 89
148	99 68 11 70
149	40 79 45 52
150	34 98 66 67
151	90 44 98 61
152	10 71 84 53
153	4 86 73 20
154	98 16 59 88
155	26 71 99 85
156	19 35 53 48
157	32 53 100 58
158	51 74 26 95
159	42 64 45 97
160	94 99 28 62
161	58 92 30 24
162	1 14 39 29
163	90 5 62 69
164	24 17 59 54
165	6 76 84 13
166	45 17 83 80
167	73 19 10 60
168	16 81 88 83
169	81 57 44 45
170	10 61 39 50
171	85 96 40 26
172	89 8 78 23
173	94 64 22 72
174	11 92 16 44
175	14 84 51 75
176	97 14 50 2
177	14 48 79 56
178	94 26 99 28
179	73 95 22 79
180	62 92 4 63
181	35 61 86 16
182	99 33 44 29
183	89 38 36 63
184	52 55 1 25
185	20 52 84 65
186	64 33 11 91
187	68 75 55 78
188	24 49 2 26
189	12 76 93 95
190	87 23 96 9
191	20 82 5 16
192	92 30 51 25
193	12 73 66 28
194	70 60 81 83
195	65 50 41 99
196	27 46 77 29
197	41 23 55 51
198	12 84 33 38
199	77 32 40 92
200	98 44 53 35
201	99 75 84 71
202	23 4 84 52
203	11 9 16 20
204	55 1 9 93
205	78 83 44 91
206	96 91 74 28
207	63 30 6 46
208	18 23 7 33
209	29 16 77 85
210	46 38 51 40
211	30 36 99 9
212	71 8 81 73
213	23 71 69 98
214	95 80 7 76
215	38 91 54 52
216	47 31 18 70
217	34 95 40 74
218	9 19 1 18
219	38 93 23 39
220	27 23 6 79
221	9 55 12 63
222	1 40 42 73
223	34 68 64 12
224	14 70 40 31
225	98 85 50 60
226	78 53 100 79
227	50 71 95 73
228	38 19 63 2
229	74 27 65 47
230	47 38 22 8
231	62 33 32 79
232	70 53 74 97
233	44 99 67 12
234	34 8 17 22
235	63 43 61 100
236	81 47 7 92
237	61 65 48 34
238	35 80 47 36
239	40 41 10 81
240	41 100 47 24
241	55 1 70 9
242	35 90 66 9
243	73 71 1 62
244	45 63 95 13
245	55 63 5 92
246	35 64 96 31
247	76 50 9 28
248	34 100 83 14
249	59 65 25 36
250	43 23 29 98
251	51 56 92 97
252	12 16 37 49
253	26 9 1 79
254	78 70 15 95
255	23 35 100 76
256	17 20 2 42
257	44 25 63 42
258	98 23 94 3
259	6 12 65 36
260	13 33 80 44
261	26 70 46 3
262	49 44 68 1
263	13 17 89 68
264	71 55 8 47
265	94 50 48 46
266	45 10 77 29
267	36 57 20 56
268	79 33 48 72
269	18 3 16 92
270	69 80 93 58
271	80 9 46 12
272	22 47 14 99
273	85 79 40 67
274	19 47 91 29
275	20 1 23 93
276	12 97 2 80
277	87 39 67 62
278	2 49 4 5
279	53 26 35 50
280	84 33 87 36
281	10 59 13 71
282	14 89 25 49
283	97 18 2 22
284	36 30 41 82
285	48 27 20 22
286	78 55 26 93
287	50 96 34 59
288	87 20 83 52
289	6 86 11 74
290	44 93 94 51
291	38 10 15 66
292	62 46 43 88
293	35 72 45 53
294	68 48 75 51
295	80 52 41 91
296	1 9 87 92
297	77 81 39 84
298	17 60 6 25
299	95 59 25 58
300	72 57 13 11
301	48 71 74 59
302	85 33 57 60
303	26 34 5 48
304	54 7 4 17
305	80 25 61 91
306	10 82 26 60
307	6 56 75 19
308	35 21 74 86
309	18 13 40 14
310	53 4 86 62
311	59 19 41 58
312	48 41 12 63
313	25 74 27 79
314	2 36 86 15
315	79 98 93 81
316	38 67 72 96
317	12 33 18 42
318	15 23 100 55
319	9 89 8 46
320	17 93 45 14
321	60 84 64 10
322	82 20 42 68
323	33 32 73 87
324	37 80 43 77
325	93 18 64 68
326	32 48 71 40
327	90 20 44 97
328	41 99 83 61
329	21 13 41 15
330	25 79 21 1
331	60 17 51 75
332	86 87 47 69
333	44 51 64 48
334	81 87 100 36
335	14 68 94 17
336	41 94 44 87
337	90 50 23 80
338	8 62 51 12
339	23 95 72 32
340	2 20 21 16
341	40 97 77 73
342	48 7 72 71
343	74 93 61 78
344	1 75 74 70
345	46 41 19 20
346	67 42 26 62
347	42 66 19 73
348	78 97 73 96
349	53 77 44 22
350	21 86 1 18
351	9 88 79 29
352	53 20 97 62
353	82 19 7 22
354	3 4 91 13
355	17 69 85 91
356	11 79 41 42
357	31 65 98 9
358	52 36 15 27
359	43 49 6 94
360	90 53 63 11
361	80 93 2 59
362	32 90 85 1
363	41 50 65 43
364	87 6 9 65
365	36 67 25 76
366	29 58 13 94
367	7 10 72 92
368	5 78 47 75
369	62 38 40 65
370	29 89 2 81
371	90 15 45 38
372	60 100 1 20
373	96 38 91 79
374	62 78 76 25
375	53 78 96 33
376	31 69 72 47
377	47 22 23 56
378	3 83 50 90
379	96 35 8 53
380	98 88 27 93
381	1 96 9 56
382	36 95 92 52
383	7 19 25 18
384	82 84 71 69
385	95 73 98 92
386	36 8 78 20
387	26 39 86 59
388	91 52 5 84
389	98 72 53 31
390	18 52 98 51
391	32 55 71 54
392	31 89 69 49
393	56 80 96 31
394	89 50 74 87
395	61 89 42 83
396	87 9 94 15
397	64 19 23 41
398	58 25 60 80
399	81 20 89 92
400	83 66 16 19
401	66 4 55 87
402	81 67 49 14
403	5 69 41 38
404	66 5 99 56
405	19 71 29 27
406	53 17 3 32
407	10 61 78 74
408	81 29 90 98
409	50 10 71 34
410	70 58 77 19
411	80 12 58 91
412	37 55 13 24
413	97 48 74 59
414	13 97 18 95
415	15 1 62 22
416	65 93 43 41
417	21 55 88 65
418	55 91 42 40
419	61 3 91 90
420	26 66 45 3
421	23 57 6 46
422	60 42 24 37
423	43 5 98 28
424	33 65 59 53
425	3 8 71 64
426	41 69 65 9
427	22 24 20 27
428	75 100 66 57
429	50 30 78 13
430	32 12 92 13
431	4 50 86 60
432	92 66 1 42
433	31 15 34 16
434	63 41 55 9
435	68 65 58 31
436	24 47 61 4
437	65 74 54 27
438	38 41 83 21
439	28 93 27 7
440	27 48 82 47
441	83 44 37 91
442	75 47 61 24
443	2 96 59 53
444	99 16 14 87
445	3 39 51 69
446	19 37 57 89
447	89 1 91 51
448	23 94 20 88
449	44 96 60 76
450	62 50 43 90
451	37 44 99 54
452	5 79 91 7
453	75 63 49 16
454	31 45 93 78
455	85 49 56 15
456	14 58 10 31
457	82 1 24 66
458	65 25 39 66
459	23 12 43 5
460	20 4 64 78
461	49 92 28 42
462	57 1 97 15
463	88 31 93 39
464	83 47 59 14
465	63 81 21 12
466	39 33 47 82
467	53 66 64 50
468	95 70 87 71
469	59 13 45 77
470	37 97 10 6
471	61 47 65 29
472	65 68 79 38
473	70 81 31 13
474	49 93 22 81
475	93 46 65 15
476	76 18 16 49
477	17 74 23 67
478	20 100 55 94
479	9 78 55 64
480	46 4 49 45
481	100 89 39 38
482	37 44 64 78
483	46 69 78 81
484	2 20 37 82
485	89 19 13 67
486	72 2 88 100
487	100 64 39 46
488	62 91 6 54
489	42 64 92 90
490	20 27 81 63
491	44 37 36 95
492	26 85 20 53
493	30 71 36 81
494	66 27 85 93
495	7 8 90 92
496	89 18 85 22
497	55 47 5 46
498	58 4 70 12
499	73 58 42 4
500	27 26 12 54
501	35 44 17 53
502	73 75 35 63
503	75 64 50 10
504	47 1 40 87
505	49 16 51 62
506	46 32 91 38
507	46 77 88 99
508	58 67 80 14
509	34 54 14 39
510	57 90 40 4
511	9 62 77 12
512	99 53 87 90
513	91 26 58 7
514	82 79 34 94
515	69 28 99 64
516	64 74 11 18
517	79 16 78 30
518	65 26 69 80
519	90 62 100 47
520	33 9 69 21
521	5 91 51 52
522	4 100 51 52
523	69 93 57 42
524	19 67 46 33
525	61 53 19 37
526	63 29 9 82
527	1 60 86 43
528	8 82 24 34
529	76 20 63 18
530	84 72 81 64
531	79 48 70 38
532	82 14 86 84
533	95 1 88 24
534	99 71 34 14
535	4 15 49 57
536	52 71 39 83
537	73 19 85 90
538	76 63 69 10
539	9 14 36 56
540	62 23 43 25
541	81 76 19 93
542	66 83 1 6
543	69 28 42 13
544	72 18 21 56
545	57 46 75 17
546	81 5 21 71
547	36 62 32 86
548	44 94 50 12
549	80 27 85 32
550	1 81 55 83
551	47 98 81 29
552	6 87 45 74
553	49 71 69 15
554	35 19 23 92
555	93 53 76 20
556	25 27 63 92
557	11 44 26 85
558	30 48 98 31
559	90 17 75 28
560	79 25 62 96
561	27 78 52 76
562	47 23 84 59
563	68 38 34 71
564	21 28 12 18
565	3 31 49 92
566	2 44 93 20
567	57 76 35 47
568	96 28 58 8
569	96 87 73 100
570	67 1 22 65
571	87 30 85 11
572	66 79 70 91
573	98 39 70 44
574	4 14 11 96
575	6 14 55 32
576	53 54 8 41
577	88 66 72 78
578	90 24 21 69
579	43 10 89 93
580	22 59 63 68
581	100 35 48 80
582	30 59 22 28
583	17 19 64 71
584	16 15 25 70
585	41 70 28 93
586	36 63 3 70
587	55 32 66 71
588	9 35 70 85
589	23 61 84 73
590	29 22 88 31
591	64 40 58 37
592	97 94 61 5
593	47 22 26 13
594	56 12 92 84
595	47 76 36 44
596	79 23 65 60
597	37 52 44 97
598	76 51 77 91
599	23 41 19 99
600	82 55 58 66
601	2 42 84 16
602	96 73 91 75
603	38 59 16 67
604	11 39 38 36
605	48 34 42 4
606	13 4 21 62
607	68 18 63 69
608	45 31 84 88
609	25 17 60 32
610	6 8 4 84
611	57 83 45 40
612	41 77 94 63
613	69 26 27 100
614	79 88 27 34
615	79 99 89 61
616	73 66 11 37
617	76 43 52 44
618	82 24 13 43
619	23 81 94 75
620	28 58 98 70
621	22 56 61 53
622	83 68 5 45
623	65 11 83 39
624	69 25 48 40
625	27 64 70 60
626	32 17 87 75
627	18 40 64 11
628	11 15 40 6
629	27 83 71 9
630	66 74 72 6
631	41 28 74 32
632	38 81 74 44
633	8 61 24 30
634	62 5 37 70
635	67 91 16 12
636	62 88 60 28
637	32 89 63 48
638	60 62 32 28
639	42 80 88 10
640	12 19 43 25
641	21 54 100 88
642	54 24 55 58
643	64 44 54 58
644	50 66 88 15
645	96 58 26 80
646	65 64 60 40
647	11 48 67 61
648	60 28 79 51
649	67 15 24 45
650	74 21 57 32
651	36 7 55 97
652	75 11 72 52
653	5 15 38 40
654	88 9 13 35
655	41 61 99 18
656	11 59 74 80
657	79 96 45 35
658	23 42 94 35
659	49 75 32 70
660	60 63 56 53
661	93 67 83 9
662	95 51 71 69
663	29 84 96 65
664	61 91 40 13
665	20 74 97 95
666	26 19 18 4
667	88 93 37 51
668	11 83 17 30
669	9 33 87 11
670	35 47 34 94
671	84 51 26 83
672	5 41 52 84
673	96 63 76 3
674	57 64 60 47
675	27 39 67 48
676	72 34 97 44
677	83 54 62 91
678	12 4 29 63
679	27 26 18 56
680	50 11 24 63
681	15 48 83 94
682	51 71 72 56
683	91 67 6 69
684	26 79 10 7
685	42 65 54 7
686	42 80 51 75
687	37 63 35 30
688	63 93 27 47
689	68 6 27 92
690	36 17 63 42
691	5 92 46 47
692	89 51 61 83
693	7 72 87 1
694	75 84 78 38
695	94 78 81 24
696	36 26 14 43
697	84 41 74 98
698	63 100 84 60
699	76 20 13 66
700	43 74 75 91
701	67 88 86 53
702	18 84 16 19
703	88 27 71 84
704	72 91 74 38
705	18 41 12 11
706	58 31 100 59
707	99 9 51 92
708	88 8 28 25
709	84 14 100 71
710	9 63 60 19
711	91 27 88 57
712	15 56 65 37
713	86 49 47 34
714	28 14 42 55
715	20 8 61 56
716	58 37 87 61
717	64 62 83 86
718	71 85 68 6
719	22 70 13 46
720	61 80 78 99
721	87 90 77 32
722	71 70 16 73
723	6 15 38 42
724	44 69 9 93
725	48 55 84 16
726	85 41 99 35
727	35 88 71 87
728	15 69 36 77
729	17 15 63 33
730	55 86 19 74
731	9 49 22 88
732	94 31 56 75
733	70 1 44 41
734	1 72 19 93
735	21 64 14 25
736	94 33 20 29
737	9 83 59 60
738	19 15 7 18
739	13 98 84 40
740	28 79 61 66
741	41 61 16 42
742	84 90 77 24
743	10 36 64 51
744	46 51 41 91
745	50 95 15 58
746	83 18 3 17
747	27 94 46 87
748	59 25 45 36
749	17 23 86 51
750	15 66 85 65
751	3 96 94 43
752	23 45 4 49
753	97 76 8 53
754	28 60 40 89
755	48 81 88 83
756	58 64 6 83
757	50 92 14 9
758	93 62 82 94
759	81 2 68 63
760	44 95 31 36
761	3 36 27 55
762	40 56 70 58
763	38 41 63 2
764	84 29 25 14
765	19 91 37 15
766	84 44 24 79
767	61 22 60 66
768	62 67 8 63
769	93 62 43 76
770	71 47 79 33
771	58 73 39 25
772	58 49 55 82
773	49 62 41 7
774	4 57 1 16
775	96 49 8 92
776	20 34 19 42
777	91 89 64 65
778	77 27 81 86
779	91 69 85 10
780	53 62 76 61
781	21 61 58 23
782	58 76 74 18
783	80 44 77 22
784	46 96 8 99
785	66 3 6 97
786	99 7 42 30
787	17 43 62 95
788	24 69 67 55
789	97 20 34 91
790	75 90 50 93
791	99 9 91 74
792	19 52 22 34
793	42 44 18 70
794	73 17 90 99
795	97 39 88 82
796	82 24 23 5
797	46 42 63 86
798	8 58 100 50
799	43 47 13 4
800	30 62 70 96
801	71 7 64 16
802	15 52 34 65
803	86 67 26 15
804	90 78 12 31
805	20 71 15 17
806	8 77 83 1
807	83 65 20 74
808	42 69 1 94
809	62 81 71 43
810	7 99 12 67
811	39 4 65 12
812	51 66 46 48
813	52 93 91 33
814	15 84 86 22
815	43 68 64 5
816	57 40 11 84
817	86 85 13 8
818	74 67 9 68
819	60 88 28 64
820	28 84 21 49
821	64 29 7 16
822	19 68 45 32
823	20 32 44 78
824	73 58 39 17
825	75 30 54 5
826	1 69 41 18
827	7 23 79 94
828	52 67 74 23
829	87 97 92 11
830	4 13 42 56
831	49 25 91 33
832	43 97 51 20
833	19 11 97 74
834	9 95 12 85
835	36 95 65 60
836	68 76 9 13
837	16 13 66 11
838	76 19 78 97
839	29 30 36 83
840	53 67 7 21
841	60 86 48 33
842	96 53 50 49
843	80 97 72 62
844	88 16 50 82
845	65 2 29 5
846	20 22 84 35
847	69 30 16 49
848	3 27 62 5
849	70 52 60 68
850	54 93 81 52
851	15 27 18 85
852	83 13 68 14
853	15 95 8 84
854	12 57 49 25
855	28 85 5 31
856	78 53 68 65
857	48 77 44 70
858	33 11 68 55
859	15 55 73 8
860	94 72 15 18
861	23 13 7 100
862	30 20 45 3
863	93 66 59 94
864	14 88 81 39
865	13 69 18 55
866	52 39 38 10
867	66 20 5 60
868	31 16 10 71
869	96 78 76 54
870	82 72 39 53
871	81 13 18 93
872	58 36 38 23
873	90 20 48 94
874	42 22 91 36
875	33 97 28 65
876	71 28 7 78
877	4 69 46 24
878	79 64 12 75
879	41 38 61 97
880	3 69 24 21
881	44 78 43 10
882	22 16 39 61
883	46 92 60 80
884	89 40 90 58
885	67 70 79 20
886	62 20 11 32
887	84 14 55 25
888	68 51 58 96
889	4 28 80 40
890	5 3 83 48
891	80 76 42 58
892	53 74 62 57
893	62 80 32 64
894	63 43 100 55
895	86 24 92 31
896	96 11 25 42
897	91 7 72 38
898	90 48 83 55
899	70 98 99 2
900	15 35 34 78
901	99 18 97 19
902	64 29 90 40
903	33 87 51 21
904	58 79 45 9
905	24 78 1 100
906	83 26 62 63
907	100 1 77 18
908	11 63 48 7
909	12 81 92 15
910	32 15 73 27
911	21 74 91 69
912	1 76 13 33
913	55 95 46 1
914	16 5 33 77
915	44 59 6 19
916	65 96 57 93
917	34 96 12 89
918	3 19 30 70
919	56 38 84 86
920	90 63 21 72
921	23 73 91 20
922	18 27 23 49
923	93 85 19 36
924	50 86 6 28
925	68 47 48 58
926	8 80 65 99
927	39 11 74 70
928	90 95 42 27
929	47 19 10 11
930	7 35 27 99
931	12 44 29 37
932	4 59 84 79
933	78 28 39 92
934	52 14 12 33
935	33 67 77 36
936	34 77 45 36
937	29 63 24 58
938	50 85 84 19
939	76 71 93 20
940	91 93 19 26
941	96 70 23 43
942	86 47 6 91
943	27 17 28 50
944	75 42 97 1
945	8 52 90 31
946	8 58 53 39
947	74 90 38 91
948	33 83 79 61
949	53 9 12 3
950	25 31 72 76
951	22 97 45 1
952	65 34 85 76
953	6 46 58 56
954	78 25 94 92
955	73 92 18 11
956	24 7 25 55
957	7 77 60 10
958	4 63 65 93
959	67 28 54 75
960	59 98 32 85
961	15 94 5 63
962	88 4 40 27
963	99 6 53 2
964	30 76 74 52
965	3 92 14 98
966	50 39 98 70
967	71 50 12 5
968	71 35 31 67
969	81 66 25 99
970	31 14 97 90
971	75 74 57 82
972	2 44 77 18
973	3 55 41 63
974	87 80 85 96
975	28 29 13 69
976	35 69 10 43
977	80 36 98 81
978	33 13 1 51
979	25 22 57 88
980	97 82 11 86
981	45 52 77 76
982	12 95 15 35
983	30 52 88 77
984	74 7 92 91
985	12 19 16 8
986	7 52 38 67
987	29 81 96 93
988	21 29 93 98
989	64 90 81 23
990	77 37 87 32
991	14 16 23 67
992	8 1 32 69
993	97 61 54 1
994	81 70 23 43
995	76 91 50 46
996	42 1 46 67
997	26 47 50 6
998	26 68 95 16
999	71 41 19 78
1000	26 67 59 61
