Students	1000
1	84 174 52 4
2	169 17 127 64
3	183 10 102 164
4	50 88 95 91
5	57 44 151 136
6	219 232 192 26
7	144 161 116 153
8	225 74 219 177
9	250 169 42 238
10	206 17 19 117
11	228 127 39 206
12	197 103 221 211
13	40 167 107 178
14	7 210 176 211
15	35 175 172 104
16	206 22 198 88
17	170 67 196 53
18	135 155 82 52
19	139 37 135 11
20	143 105 89 243
21	241 136 162 172
22	104 57 228 85
23	228 83 245 237
24	230 3 237 135
25	212 89 220 231
26	42 122 152 25
27	77 136 197 147
28	233 184 205 174
29	119 208 27 232
30	222 150 147 250
31	212 229 104 57
32	51 49 12 225
33	42 201 211 18
34	239 61 9 140
35	201 161 27 22
36	63 249 239 105
37	162 197 141 124
38	133 139 188 98
39	80 56 192 246
40	174 7 20 49
41	65 108 27 180
42	56 98 24 233
43	207 147 143 129
44	84 97 10 205
45	248 105 21 200
46	163 139 44 60
47	184 105 156 61
48	107 159 226 11
49	117 69 32 109
50	197 218 138 105
51	15 30 119 162
52	118 202 132 60
53	152 52 214 71
54	73 216 104 8
55	199 217 123 154
56	32 8 187 5
57	167 84 113 47
58	106 30 81 226
59	118 31 98 247
60	240 185 67 172
61	74 86 111 185
62	44 147 123 112
63	160 5 235 110
64	21 14 205 51
65	161 151 8 41
66	90 124 2 221
67	176 34 249 15
68	10 69 216 197
69	55 223 207 159
70	126 249 83 48
71	214 237 107 2
72	201 68 156 242
73	40 170 143 220
74	49 34 54 35
75	171 49 173 106
76	169 118 171 99
77	186 158 91 246
78	174 182 46 96
79	184 109 88 235
80	200 240 182 121
81	156 26 232 120
82	166 93 32 126
83	121 70 67 84
84	103 137 245 71
85	54 204 163 191
86	50 27 216 217
87	108 31 65 26
88	10 217 96 45
89	63 34 111 86
90	152 77 178 160
91	78 86 109 4
92	54 223 164 75
93	110 131 150 137
94	128 226 102 85
95	156 73 125 247
96	121 87 169 177
97	183 39 59 165
98	66 5 221 196
99	242 126 184 192
100	192 246 229 195
101	166 187 2 155
102	204 148 205 78
103	223 10 123 62
104	79 167 205 96
105	177 16 41 185
106	100 142 230 143
107	60 202 75 129
108	205 182 89 163
109	169 178 27 30
110	195 182 80 100
111	59 74 18 211
112	118 7 39 147
113	144 34 16 158
114	215 74 166 105
115	181 30 228 62
116	247 182 237 184
117	113 235 138 182
118	237 202 158 117
119	87 53 117 95
120	225 175 62 154
121	29 232 165 114
122	240 233 11 3
123	151 162 246 204
124	154 248 107 192
125	213 138 104 85
126	74 59 203 18
127	4 102 85 11
128	24 227 174 120
129	101 150 183 20
130	72 4 84 94
131	218 138 208 169
132	24 136 151 156
133	227 78 164 68
134	93 202 31 188
135	68 150 109 182
136	91 207 18 42
137	142 72 249 121
138	93 20 186 250
139	118 42 203 246
140	53 118 22 61
141	45 222 128 123
142	153 66 102 168
143	172 14 84 189
144	89 75 135 222
145	218 230 51 115
146	179 43 185 149
147	228 94 205 152
148	246 228 224 197
149	161 220 111 92
150	65 93 138 13
151	98 113 204 198
152	90 171 153 180
153	141 10 242 183
154	39 178 219 199
155	135 151 133 130
156	110 129 113 172
157	19 243 109 101
158	22 105 242 65
159	144 67 91 204
160	108 148 71 26
161	33 202 54 13
162	84 98 240 201
163	146 116 39 91
164	99 208 139 162
165	109 13 166 172
166	60 222 245 204
167	96 192 139 161
168	201 38 198 42
169	225 232 107 175
170	211 135 212 154
171	174 192 242 214
172	160 122 66 106
173	80 93 197 21
174	73 90 16 234
175	50 79 187 65
176	148 35 245 17
177	49 77 163 95
178	116 117 70 26
179	211 38 247 55
180	40 147 164 116
181	38 28 93 157
182	87 103 106 174
183	249 236 88 14
184	64 98 113 37
185	217 48 74 172
186	196 206 125 171
187	138 69 122 58
188	7 239 46 228
189	91 169 228 149
190	135 98 170 243
191	50 133 121 144
192	60 166 176 131
193	232 57 102 249
194	177 103 141 7
195	136 27 31 94
196	121 185 80 176
197	14 169 245 46
198	58 124 245 193
199	138 132 75 85
200	235 33 153 183
201	110 243 165 83
202	123 61 27 72
203	81 38 145 142
204	204 20 105 81
205	215 232 200 65
206	207 247 38 94
207	25 77 210 136
208	47 102 196 232
209	133 11 240 94
210	134 113 81 201
211	12 47 119 244
212	163 41 167 246
213	130 207 243 175
214	85 152 236 63
215	150 221 72 120
216	111 124 228 6
217	129 228 240 250
218	157 201 161 241
219	101 6 97 72
220	221 201 6 248
221	194 171 67 101
222	219 80 234 142
223	45 219 161 103
224	60 145 169 57
225	15 84 109 12
226	11 219 183 166
227	14 215 149 236
228	97 124 36 213
229	197 111 190 136
230	233 184 122 6
231	39 211 210 119
232	228 143 238 152
233	209 144 28 89
234	171 128 19 155
235	124 170 59 192
236	106 145 127 93
237	154 127 239 102
238	250 180 147 190
239	131 212 141 47
240	81 242 125 215
241	108 249 199 122
242	189 181 168 8
243	197 36 95 130
244	66 236 73 63
245	49 61 127 60
246	250 171 12 224
247	148 200 59 40
248	5 134 163 201
249	6 131 65 209
250	152 129 92 19
251	171 121 136 214
252	133 196 121 153
253	81 135 243 160
254	15 25 142 32
255	58 9 167 107
256	86 76 119 27
257	81 127 126 106
258	18 43 73 193
259	172 226 32 47
260	179 241 184 2
261	50 17 28 243
262	26 168 41 238
263	79 164 225 243
264	8 95 234 179
265	72 114 186 19
266	233 118 221 166
267	112 245 68 246
268	110 106 113 238
269	154 66 87 203
270	181 114 245 189
271	29 178 225 182
272	17 136 134 32
273	31 184 76 242
274	86 16 223 24
275	142 164 233 224
276	33 153 201 173
277	25 58 152 92
278	64 82 210 181
279	145 75 191 246
280	206 246 201 9
281	132 227 129 18
282	121 4 19 237
283	179 170 141 3
284	36 212 83 151
285	162 64 212 144
286	54 107 49 122
287	128 164 138 51
288	128 61 177 58
289	73 195 3 239
290	96 10 139 31
291	20 159 186 200
292	52 60 122 134
293	93 131 248 192
294	110 17 85 104
295	11 24 215 17
296	121 178 179 186
297	226 46 59 232
298	81 23 124 138
299	84 64 149 113
300	109 88 218 156
301	57 182 223 25
302	203 235 224 153
303	142 119 169 217
304	243 200 33 122
305	86 195 212 69
306	197 90 78 211
307	29 51 88 149
308	133 10 140 103
309	128 42 117 155
310	18 65 34 170
311	26 145 95 85
312	74 126 93 22
313	141 99 14 175
314	212 130 239 153
315	229 247 140 76
316	29 110 106 7
317	127 234 91 178
318	218 174 88 45
319	230 47 89 112
320	98 127 117 246
321	103 159 185 88
322	240 12 141 162
323	136 201 64 65
324	147 185 237 211
325	181 151 168 89
326	117 184 220 44
327	225 78 200 153
328	40 55 72 78
329	89 82 219 238
330	180 46 231 125
331	137 200 130 169
332	16 44 247 46
333	76 1 40 176
334	161 214 42 117
335	41 31 40 222
336	29 86 246 7
337	159 57 178 120
338	12 250 81 237
339	37 69 236 101
340	221 192 8 132
341	8 135 139 133
342	75 25 122 234
343	113 10 191 159
344	218 104 39 211
345	74 138 69 239
346	84 20 50 219
347	47 73 130 182
348	46 70 96 188
349	120 137 88 242
350	66 124 177 139
351	188 123 18 26
352	233 207 64 98
353	141 207 153 199
354	2 73 47 10
355	143 56 105 102
356	10 238 225 221
357	197 55 167 26
358	185 207 172 137
359	171 217 35 127
360	72 212 169 45
361	35 121 90 64
362	9 56 247 181
363	179 52 97 163
364	105 152 218 140
365	140 151 222 4
366	78 190 43 34
367	35 171 11 89
368	33 30 205 212
369	205 19 116 229
370	169 145 71 135
371	150 235 189 36
372	108 218 100 227
373	173 228 205 145
374	202 163 169 88
375	89 180 51 157
376	250 44 177 213
377	125 135 199 74
378	155 84 49 174
379	88 94 190 121
380	145 146 131 204
381	116 214 145 115
382	196 43 151 158
383	247 46 112 221
384	191 45 158 185
385	31 140 86 58
386	123 81 141 2
387	164 90 214 65
388	11 84 167 57
389	118 22 199 211
390	158 55 170 231
391	62 160 22 52
392	132 72 133 108
393	126 163 131 128
394	194 15 47 176
395	76 183 192 143
396	130 63 204 11
397	181 37 90 119
398	234 193 97 71
399	20 67 155 196
400	97 115 230 183
401	151 62 244 228
402	146 110 142 163
403	222 193 195 97
404	214 88 86 206
405	244 121 131 183
406	149 142 140 76
407	89 136 70 152
408	45 63 207 84
409	147 50 86 72
410	76 160 59 232
411	100 134 68 70
412	215 66 81 162
413	85 171 242 103
414	213 198 128 171
415	33 141 243 167
416	205 59 6 92
417	216 220 246 104
418	125 157 180 223
419	231 123 91 217
420	58 2 208 63
421	137 118 128 229
422	146 120 101 233
423	96 42 49 209
424	103 76 18 53
425	38 59 70 158
426	63 153 227 166
427	1 70 188 72
428	119 240 82 175
429	130 236 165 126
430	65 49 69 186
431	165 105 113 244
432	158 94 163 33
433	47 68 14 204
434	87 13 92 131
435	65 2 75 24
436	91 97 145 14
437	194 107 132 37
438	9 118 58 134
439	58 216 162 201
440	215 234 172 47
441	121 120 153 70
442	222 159 13 174
443	165 152 223 40
444	100 43 157 162
445	40 151 153 129
446	123 113 81 164
447	45 30 247 232
448	152 1 204 226
449	163 181 224 232
450	199 193 242 22
451	11 198 244 8
452	198 27 83 78
453	112 67 238 127
454	128 90 154 179
455	231 72 209 164
456	175 237 149 63
457	215 6 62 78
458	177 22 62 100
459	82 8 98 65
460	121 91 231 54
461	54 74 31 234
462	206 41 225 155
463	188 167 24 246
464	181 172 13 103
465	203 211 70 10
466	187 109 40 37
467	232 37 227 54
468	169 139 38 171
469	149 82 153 185
470	163 7 154 185
471	191 75 141 85
472	66 194 8 204
473	213 65 95 249
474	183 223 135 34
475	219 231 2 218
476	91 242 113 142
477	85 152 15 96
478	16 250 104 188
479	196 206 189 135
480	100 214 206 242
481	161 155 76 232
482	56 67 34 195
483	41 80 105 9
484	101 94 168 170
485	182 131 213 192
486	99 115 233 156
487	189 35 112 236
488	3 156 142 228
489	25 97 226 7
490	155 102 220 197
491	184 217 152 153
492	7 215 177 196
493	88 145 75 99
494	206 52 71 14
495	103 128 224 1
496	121 62 105 194
497	185 224 16 134
498	66 55 78 245
499	210 144 60 89
500	57 147 53 91
501	174 219 129 111
502	249 77 107 72
503	211 43 72 68
504	63 176 147 46
505	101 240 70 124
506	202 248 21 43
507	120 2 11 49
508	16 83 34 131
509	19 22 211 117
510	22 149 250 8
511	210 213 114 149
512	7 4 98 226
513	42 156 29 167
514	164 184 87 41
515	33 85 176 250
516	192 105 89 196
517	68 84 234 245
518	218 50 208 9
519	225 106 53 80
520	28 219 164 151
521	171 130 162 220
522	139 142 201 244
523	113 45 153 36
524	46 246 192 163
525	202 109 24 186
526	126 38 232 98
527	225 201 41 228
528	152 148 186 129
529	237 167 238 156
530	23 1 234 90
531	3 111 43 224
532	132 100 12 36
533	39 81 158 248
534	172 236 34 40
535	47 51 80 139
536	209 221 48 12
537	213 166 15 92
538	67 22 115 53
539	226 184 126 113
540	119 20 3 19
541	96 113 18 231
542	62 71 209 203
543	204 61 159 105
544	168 72 206 76
545	34 57 238 64
546	35 104 11 134
547	229 225 164 62
548	86 28 66 199
549	152 216 172 238
550	158 94 151 6
551	176 172 129 113
552	107 133 165 100
553	249 59 145 58
554	14 149 239 204
555	195 59 124 128
556	225 130 24 42
557	78 81 136 126
558	211 158 29 126
559	216 28 218 111
560	209 190 246 232
561	137 110 156 194
562	191 119 35 219
563	76 105 247 234
564	226 72 21 173
565	168 103 141 76
566	23 132 3 210
567	131 160 79 91
568	245 30 53 221
569	102 217 104 239
570	239 117 206 72
571	4 238 246 111
572	227 43 40 159
573	45 9 145 22
574	126 92 85 39
575	204 153 226 89
576	136 11 132 147
577	159 147 184 245
578	183 214 88 98
579	137 18 128 139
580	145 130 120 227
581	146 139 131 26
582	244 47 98 143
583	122 223 159 157
584	215 191 159 144
585	84 76 6 189
586	126 115 174 86
587	64 165 30 227
588	25 161 14 181
589	3 69 217 179
590	91 130 248 13
591	115 50 178 68
592	161 19 227 83
593	80 121 241 200
594	61 45 188 143
595	154 173 101 23
596	58 187 5 174
597	231 159 164 241
598	79 104 178 244
599	178 135 157 71
600	194 155 109 120
601	87 147 26 128
602	79 237 95 153
603	47 80 119 159
604	63 194 8 232
605	52 244 70 98
606	234 86 80 79
607	237 161 96 2
608	96 69 120 19
609	160 110 21 14
610	211 144 97 126
611	199 168 249 194
612	242 198 58 138
613	176 248 142 165
614	31 204 113 95
615	161 28 97 103
616	125 83 126 223
617	250 145 198 248
618	98 111 173 243
619	204 102 72 34
620	101 123 117 180
621	190 34 40 170
622	6 62 205 210
623	222 8 58 224
624	103 4 40 77
625	32 166 43 129
626	35 75 208 158
627	212 20 200 16
628	230 150 193 53
629	116 44 250 3
630	96 12 24 215
631	146 141 86 158
632	106 59 86 23
633	203 130 74 107
634	136 127 238 140
635	234 21 221 201
636	67 137 15 236
637	232 100 32 246
638	155 172 21 176
639	210 10 55 96
640	218 160 62 115
641	34 245 221 137
642	81 141 70 25
643	56 65 178 10
644	125 210 49 245
645	49 239 248 52
646	181 82 27 154
647	107 37 125 46
648	185 127 124 2
649	85 52 59 41
650	236 181 229 148
651	89 197 170 229
652	18 138 64 237
653	64 67 119 173
654	102 115 134 50
655	176 140 239 197
656	70 230 24 101
657	228 32 87 196
658	172 164 216 193
659	216 134 107 215
660	206 137 152 91
661	69 89 195 51
662	26 170 11 32
663	87 200 192 181
664	161 19 194 1
665	186 96 231 149
666	134 1 64 164
667	171 212 73 108
668	82 19 250 20
669	238 142 6 166
670	207 244 153 38
671	163 68 124 16
672	44 104 78 117
673	246 214 207 216
674	98 174 231 138
675	3 48 225 235
676	202 116 169 170
677	58 33 145 47
678	218 74 79 239
679	41 28 44 171
680	93 43 130 88
681	127 154 172 229
682	227 103 244 166
683	96 49 248 165
684	121 80 202 15
685	31 202 144 102
686	104 144 137 39
687	129 36 16 130
688	119 105 99 241
689	5 224 101 95
690	234 204 210 31
691	91 38 58 208
692	144 16 111 34
693	57 176 137 51
694	229 193 1 20
695	22 157 170 250
696	12 184 18 142
697	39 103 24 26
698	5 1 67 28
699	88 163 139 14
700	132 85 157 53
701	140 200 191 109
702	205 95 216 203
703	23 89 152 242
704	239 245 40 135
705	32 164 231 70
706	111 173 207 115
707	12 181 148 121
708	230 194 15 125
709	24 154 177 27
710	21 229 174 246
711	131 119 150 195
712	77 169 223 215
713	78 150 87 70
714	92 168 69 250
715	6 138 86 137
716	157 222 64 149
717	141 54 127 11
718	232 150 219 122
719	170 115 225 211
720	132 167 102 78
721	67 177 127 238
722	234 31 211 151
723	59 75 54 196
724	23 22 37 121
725	195 191 14 243
726	12 65 101 42
727	52 161 59 128
728	98 99 136 10
729	155 37 230 49
730	177 39 153 178
731	125 38 181 149
732	233 224 2 212
733	126 106 124 15
734	247 128 146 226
735	10 113 219 35
736	53 210 230 41
737	209 30 75 213
738	84 210 175 35
739	201 89 133 34
740	15 239 41 34
741	58 108 136 33
742	155 126 178 174
743	141 71 140 68
744	15 217 111 155
745	184 188 97 138
746	80 162 242 156
747	70 223 153 64
748	166 165 40 227
749	82 20 72 250
750	108 193 171 136
751	208 146 161 20
752	141 29 219 57
753	80 161 231 55
754	204 74 112 205
755	208 236 5 15
756	61 96 171 6
757	153 111 169 66
758	239 105 79 207
759	158 76 29 157
760	203 56 243 113
761	249 114 167 113
762	112 248 52 70
763	196 231 157 50
764	123 2 101 140
765	241 184 187 186
766	176 86 117 191
767	150 138 35 136
768	111 33 23 170
769	171 2 152 141
770	52 204 9 137
771	82 140 139 183
772	146 136 224 23
773	35 174 221 227
774	47 2 171 149
775	71 129 79 153
776	184 12 94 84
777	41 148 40 119
778	115 239 49 208
779	229 206 198 126
780	162 183 115 235
781	148 61 165 98
782	144 43 148 216
783	149 148 175 68
784	116 218 3 104
785	191 144 187 45
786	156 167 24 224
787	186 157 58 177
788	167 154 173 72
789	5 211 109 58
790	28 202 137 121
791	26 30 188 82
792	63 93 163 174
793	201 223 133 9
794	67 173 131 80
795	124 222 162 218
796	36 169 157 246
797	137 47 91 152
798	170 249 85 152
799	222 135 236 34
800	94 147 66 13
801	163 33 51 233
802	122 116 208 170
803	108 93 1 213
804	217 179 84 40
805	136 185 98 116
806	133 237 247 132
807	56 236 208 183
808	130 240 157 17
809	109 80 105 195
810	86 230 160 33
811	100 78 135 186
812	113 64 50 72
813	92 208 236 68
814	204 79 67 184
815	36 109 10 243
816	71 182 226 177
817	4 77 74 110
818	34 68 209 94
819	78 71 226 238
820	155 13 45 225
821	202 188 163 155
822	148 237 145 8
823	124 160 96 10
824	73 152 49 96
825	174 184 53 237
826	50 172 79 70
827	89 62 37 122
828	90 181 131 133
829	112 187 168 22
830	23 189 232 12
831	189 215 98 155
832	234 190 15 123
833	7 84 174 225
834	210 21 180 148
835	88 220 48 15
836	18 51 40 187
837	229 138 102 108
838	11 187 209 217
839	170 178 54 238
840	69 3 24 40
841	122 59 47 241
842	245 36 235 190
843	227 5 46 133
844	110 224 100 153
845	196 36 52 248
846	15 3 202 249
847	188 109 180 144
848	53 68 165 155
849	60 236 134 85
850	105 220 158 156
851	69 124 109 136
852	19 7 202 138
853	76 145 193 211
854	227 120 13 96
855	139 204 102 110
856	176 105 4 62
857	235 145 114 60
858	60 63 74 102
859	97 193 111 188
860	93 166 180 61
861	112 61 201 58
862	39 2 247 3
863	150 55 172 229
864	108 22 91 217
865	34 207 118 221
866	203 82 90 140
867	147 250 137 60
868	41 223 231 228
869	189 32 94 193
870	178 68 16 155
871	26 67 250 53
872	132 220 72 172
873	181 34 208 138
874	242 127 201 235
875	139 229 165 142
876	152 178 4 148
877	133 147 126 230
878	176 231 87 238
879	45 147 74 167
880	192 133 32 238
881	164 226 22 195
882	71 212 200 233
883	25 147 235 206
884	17 222 217 202
885	20 119 54 74
886	146 94 31 247
887	52 85 118 192
888	118 186 172 132
889	106 128 124 117
890	17 35 31 28
891	26 117 14 199
892	143 225 136 170
893	98 90 198 208
894	33 207 141 86
895	9 98 57 180
896	77 48 9 65
897	65 194 2 234
898	138 249 201 189
899	235 198 21 5
900	103 52 200 221
901	70 161 222 191
902	117 5 56 247
903	177 241 21 192
904	210 211 197 233
905	231 44 115 32
906	43 33 115 108
907	134 68 103 227
908	186 67 220 43
909	218 49 169 101
910	216 44 189 46
911	101 1 206 138
912	85 196 215 10
913	141 128 242 218
914	168 31 42 234
915	221 185 242 68
916	89 152 211 207
917	126 151 95 215
918	104 84 33 203
919	41 60 156 145
920	14 161 169 38
921	228 30 118 138
922	25 50 178 226
923	8 214 167 9
924	155 250 126 147
925	173 88 198 85
926	32 167 239 13
927	76 81 154 55
928	96 67 209 164
929	139 212 32 49
930	5 164 24 211
931	155 205 40 161
932	203 31 223 123
933	59 151 227 176
934	181 146 137 162
935	167 51 28 226
936	123 44 75 222
937	25 121 107 186
938	219 128 236 30
939	64 213 164 182
940	127 22 147 144
941	149 209 210 18
942	122 162 169 145
943	219 150 209 168
944	235 106 238 237
945	92 109 249 45
946	239 39 162 28
947	149 136 159 145
948	99 198 60 127
949	245 56 161 51
950	108 147 61 88
951	108 215 43 41
952	191 32 53 202
953	133 117 137 199
954	213 84 177 65
955	148 207 188 62
956	175 72 100 179
957	166 82 129 49
958	58 227 104 99
959	43 176 224 128
960	103 60 56 29
961	178 234 113 235
962	248 249 191 113
963	68 37 130 216
964	203 141 42 135
965	3 125 215 236
966	111 137 164 20
967	136 92 232 170
968	33 1 28 64
969	146 6 110 215
970	172 102 200 70
971	166 49 66 154
972	130 76 48 205
973	188 154 185 242
974	133 36 66 211
975	67 163 147 176
976	61 154 197 37
977	102 139 233 16
978	59 46 21 167
979	73 216 196 226
980	119 24 108 132
981	235 134 56 244
982	35 94 200 232
983	203 81 210 98
984	213 154 210 70
985	21 191 122 192
986	129 143 62 90
987	194 200 81 44
988	61 149 69 208
989	46 212 19 189
990	44 220 244 60
991	60 121 13 227
992	107 114 247 121
993	161 155 228 214
994	170 157 24 188
995	7 31 65 229
996	144 39 114 46
997	138 96 91 222
998	49 65 121 205
999	221 65 194 207
1000	208 202 150 238
Students	1000
1	235 120 94 36
2	87 32 202 232
3	196 108 155 111
4	127 72 185 248
5	138 114 13 49
6	234 103 76 18
7	38 212 246 17
8	218 132 240 242
9	206 142 95 203
10	60 215 79 203
11	14 160 229 152
12	130 99 33 71
13	231 156 97 144
14	97 205 154 160
15	139 213 250 7
16	222 74 34 247
17	61 95 76 105
18	228 45 112 211
19	152 192 94 151
20	179 237 68 4
21	61 42 190 236
22	184 60 178 237
23	114 137 112 47
24	237 36 172 92
25	24 22 218 73
26	11 170 249 156
27	5 91 104 111
28	243 133 9 96
29	74 47 125 108
30	158 21 144 124
31	46 129 160 229
32	70 6 33 172
33	219 61 57 211
34	135 167 176 95
35	20 80 236 33
36	34 155 139 113
37	225 248 219 223
38	30 51 209 210
39	203 187 88 35
40	208 175 114 6
41	72 244 150 107
42	197 71 161 36
43	52 18 220 36
44	147 36 11 12
45	67 95 217 102
46	21 99 232 244
47	146 7 78 28
48	66 196 130 162
49	236 117 217 148
50	224 129 197 123
51	140 65 52 146
52	80 19 102 87
53	180 126 36 130
54	213 21 174 144
55	96 4 109 7
56	193 249 137 164
57	176 80 130 106
58	81 165 68 95
59	104 96 14 108
60	18 131 57 168
61	57 211 155 185
62	124 156 239 131
63	158 143 87 14
64	37 61 50 4
65	28 70 124 88
66	115 159 218 126
67	73 233 67 112
68	5 226 140 239
69	93 194 54 198
70	75 202 133 61
71	54 204 168 57
72	182 247 148 111
73	188 109 239 151
74	191 56 188 66
75	112 8 47 133
76	155 14 103 34
77	54 58 31 225
78	5 56 98 227
79	92 145 179 141
80	92 177 148 221
81	184 206 74 224
82	106 45 54 22
83	32 249 162 108
84	194 234 222 13
85	229 217 42 151
86	132 62 83 180
87	90 33 243 109
88	161 213 239 73
89	139 128 60 163
90	33 233 71 122
91	83 104 13 93
92	113 71 107 62
93	198 97 216 99
94	113 157 232 206
95	158 215 68 40
96	100 102 44 28
97	238 42 71 161
98	131 83 65 62
99	153 211 66 176
100	244 41 122 204
101	223 113 227 23
102	228 14 42 100
103	170 33 31 176
104	9 163 26 216
105	9 17 98 196
106	190 221 26 124
107	169 194 77 107
108	191 23 99 19
109	113 12 73 49
110	199 172 25 249
111	198 200 13 141
112	17 235 31 194
113	145 212 82 190
114	205 245 173 186
115	216 227 138 173
116	47 80 115 44
117	136 156 142 231
118	182 103 144 218
119	238 146 66 2
120	168 213 86 1
121	34 148 250 18
122	56 211 42 43
123	141 79 248 83
124	237 117 71 147
125	208 200 96 225
126	165 20 79 209
127	231 192 175 138
128	17 230 43 249
129	137 211 76 6
130	169 161 213 160
131	30 59 43 243
132	132 241 192 232
133	228 75 194 6
134	163 44 197 17
135	21 157 240 72
136	29 113 216 107
137	68 5 241 24
138	18 89 58 233
139	174 203 64 39
140	41 213 82 168
141	190 113 173 10
142	76 113 106 107
143	117 36 153 124
144	195 225 128 77
145	14 172 226 74
146	117 204 119 191
147	157 97 171 19
148	208 98 189 55
149	192 223 71 58
150	83 7 153 189
151	134 123 91 8
152	202 86 236 157
153	118 69 146 223
154	107 116 20 2
155	187 202 1 71
156	199 5 81 209
157	225 217 117 216
158	208 112 10 163
159	44 198 157 17
160	59 138 27 47
161	199 159 218 24
162	75 83 6 164
163	41 62 73 5
164	44 35 134 230
165	104 185 52 178
166	172 40 211 65
167	101 158 245 144
168	42 26 94 250
169	180 11 225 44
170	221 174 4 7
171	8 11 185 136
172	16 55 28 45
173	177 16 19 92
174	159 3 16 132
175	80 211 237 42
176	84 32 69 203
177	110 14 109 116
178	7 241 76 179
179	199 18 209 12
180	166 191 157 39
181	185 217 142 155
182	124 39 234 114
183	188 22 186 171
184	236 22 48 63
185	142 197 67 209
186	155 70 141 196
187	97 32 175 148
188	241 141 89 147
189	144 136 162 148
190	19 234 120 212
191	37 166 79 32
192	80 42 123 21
193	98 21 13 15
194	126 72 80 164
195	230 204 10 156
196	115 210 207 45
197	128 228 18 1
198	49 51 229 4
199	46 30 80 91
200	203 186 147 14
201	250 13 53 160
202	197 165 119 78
203	80 122 54 131
204	100 166 134 50
205	71 224 241 35
206	106 159 99 7
207	145 29 112 37
208	125 107 117 226
209	186 134 82 127
210	20 195 92 40
211	122 169 247 178
212	19 60 91 112
213	230 91 30 244
214	235 119 136 222
215	169 18 164 233
216	49 50 33 232
217	135 240 126 54
218	30 47 233 46
219	95 138 82 197
220	155 128 52 27
221	161 155 154 246
222	14 56 82 59
223	43 13 183 247
224	51 26 122 174
225	134 14 69 248
226	86 45 98 204
227	143 229 226 66
228	223 155 65 233
229	97 5 25 30
230	231 205 182 8
231	164 121 199 81
232	98 19 49 95
233	154 3 124 68
234	206 35 10 13
235	207 46 166 72
236	211 160 131 80
237	109 61 101 122
238	220 192 186 183
239	77 15 32 227
240	6 68 237 41
241	60 127 186 29
242	37 22 147 75
243	23 229 24 245
244	238 53 246 182
245	152 177 221 40
246	237 171 48 108
247	85 122 231 170
248	225 142 169 79
249	41 29 178 20
250	174 229 138 116
251	127 88 137 192
252	47 119 246 243
253	147 159 248 175
254	7 216 214 129
255	168 115 94 218
256	67 144 54 81
257	118 163 34 248
258	209 210 63 196
259	213 120 60 77
260	247 205 78 218
261	210 62 159 212
262	54 64 100 76
263	75 103 171 35
264	4 194 229 170
265	123 214 171 44
266	126 138 210 225
267	249 23 92 111
268	204 2 111 194
269	147 154 197 220
270	201 104 164 41
271	232 138 102 245
272	169 51 168 192
273	3 7 97 147
274	187 149 225 161
275	200 101 213 178
276	174 21 124 108
277	116 165 204 38
278	105 229 174 154
279	72 164 180 235
280	170 66 228 87
281	99 4 11 91
282	153 106 32 23
283	249 166 52 225
284	87 165 93 185
285	41 196 28 76
286	215 173 53 237
287	174 31 8 40
288	103 17 9 47
289	2 29 39 83
290	247 174 146 86
291	137 71 11 40
292	72 248 152 211
293	195 163 112 165
294	10 221 187 199
295	84 204 124 172
296	142 226 191 68
297	126 93 213 229
298	212 63 243 139
299	242 1 174 46
300	131 107 92 29
301	48 155 148 70
302	160 150 51 54
303	187 44 220 29
304	65 64 239 38
305	119 187 76 243
306	100 73 134 165
307	33 142 124 223
308	63 163 50 120
309	13 77 167 55
310	226 37 48 188
311	17 16 86 245
312	111 233 91 221
313	228 180 46 14
314	161 77 246 102
315	10 102 36 54
316	25 71 228 152
317	222 204 201 110
318	18 60 176 247
319	114 234 141 129
320	26 186 203 27
321	10 187 146 160
322	211 42 249 17
323	12 219 183 103
324	100 74 46 123
325	200 20 121 222
326	4 156 141 22
327	72 186 192 43
328	186 74 86 182
329	3 35 244 172
330	101 232 201 104
331	30 114 224 104
332	2 196 93 211
333	57 220 47 72
334	125 177 60 206
335	128 26 30 110
336	163 84 197 170
337	227 208 158 60
338	168 218 80 110
339	122 136 145 191
340	36 135 240 225
341	91 246 198 15
342	153 149 111 151
343	200 68 1 121
344	109 53 69 91
345	157 134 27 88
346	33 54 85 73
347	82 51 238 140
348	192 245 67 15
349	152 239 45 241
350	217 32 16 239
351	214 86 172 17
352	98 217 51 38
353	27 197 40 5
354	126 15 81 242
355	221 115 233 1
356	6 226 200 228
357	170 19 166 222
358	116 87 223 9
359	124 63 208 73
360	24 248 30 130
361	94 102 184 117
362	75 8 58 61
363	149 155 212 236
364	37 139 198 21
365	194 234 155 77
366	45 236 175 154
367	228 7 110 155
368	208 164 19 71
369	245 211 104 108
370	53 29 228 84
371	164 24 185 249
372	125 143 121 128
373	89 41 219 239
374	116 31 25 10
375	172 209 153 177
376	68 32 227 118
377	63 223 221 200
378	247 59 148 199
379	146 66 190 183
380	13 51 135 131
381	2 197 100 31
382	41 120 185 173
383	4 63 190 137
384	238 49 72 226
385	87 227 59 42
386	248 225 39 60
387	207 62 96 244
388	103 46 76 234
389	193 167 43 105
390	68 78 109 167
391	88 153 98 13
392	154 177 175 128
393	5 71 45 63
394	39 244 204 205
395	55 220 153 177
396	67 134 58 129
397	39 92 179 55
398	178 218 140 34
399	12 170 247 232
400	30 240 33 73
401	164 89 206 191
402	81 33 159 87
403	126 123 213 23
404	55 151 144 118
405	93 194 237 31
406	166 247 172 139
407	47 136 156 237
408	130 201 195 66
409	113 119 187 81
410	151 207 23 74
411	6 165 11 159
412	126 6 35 48
413	117 172 154 83
414	45 53 203 232
415	139 112 27 97
416	38 10 204 75
417	228 214 37 197
418	209 128 123 59
419	13 162 61 62
420	87 161 81 205
421	177 147 167 94
422	54 166 94 223
423	97 155 237 203
424	38 134 101 76
425	9 207 154 116
426	214 142 17 110
427	129 117 92 216
428	86 155 66 161
429	37 246 228 6
430	170 156 94 146
431	249 186 57 185
432	16 69 225 93
433	153 17 56 176
434	54 53 186 121
435	6 80 92 241
436	142 109 48 25
437	65 243 2 150
438	97 149 94 141
439	108 25 224 107
440	18 106 16 17
441	98 30 148 175
442	245 196 55 108
443	74 135 66 146
444	232 215 245 53
445	2 35 165 8
446	27 90 99 229
447	12 49 218 102
448	135 39 112 49
449	25 102 228 222
450	77 78 189 85
451	68 181 247 17
452	210 81 103 67
453	76 114 195 203
454	25 86 156 117
455	147 24 15 154
456	50 45 161 249
457	108 171 100 19
458	20 70 238 205
459	72 227 188 32
460	19 41 130 33
461	173 216 84 230
462	242 111 96 69
463	158 18 53 11
464	200 79 212 54
465	144 90 161 194
466	24 44 4 25
467	234 72 118 186
468	76 50 133 173
469	200 9 86 47
470	82 219 203 226
471	236 8 250 125
472	169 182 81 145
473	177 76 93 62
474	86 56 244 27
475	5 3 174 102
476	209 58 232 1
477	11 199 133 162
478	201 118 186 236
479	50 70 240 235
480	192 62 43 40
481	6 137 30 189
482	210 228 96 19
483	39 126 148 44
484	11 205 19 124
485	20 187 34 73
486	209 1 89 83
487	142 10 160 225
488	149 79 240 34
489	186 104 79 124
490	130 176 245 44
491	124 210 115 19
492	247 4 245 225
493	128 136 99 212
494	193 242 248 226
495	175 79 150 118
496	160 12 175 111
497	164 148 73 198
498	175 133 211 163
499	18 173 72 82
500	180 94 153 70
501	91 88 46 242
502	211 94 182 187
503	143 130 158 103
504	176 225 170 208
505	157 148 164 233
506	158 129 126 247
507	75 74 204 225
508	199 228 90 176
509	196 246 78 95
510	99 4 45 204
511	182 109 211 198
512	174 115 158 202
513	161 49 159 69
514	144 98 133 148
515	17 1 174 230
516	114 85 11 24
517	134 55 242 130
518	238 181 2 75
519	99 240 235 186
520	87 205 189 243
521	210 66 198 250
522	246 58 22 124
523	248 211 26 98
524	5 59 19 172
525	176 196 212 26
526	156 28 159 71
527	243 33 92 198
528	97 31 20 62
529	14 127 162 33
530	54 212 245 149
531	67 169 113 185
532	242 134 40 164
533	45 128 110 37
534	72 83 185 41
535	98 2 172 66
536	165 173 130 89
537	172 186 50 90
538	122 163 215 172
539	92 156 178 47
540	228 36 91 101
541	49 236 239 30
542	69 224 84 223
543	197 192 73 164
544	29 74 36 25
545	178 147 43 142
546	53 166 31 66
547	134 53 26 240
548	121 108 199 209
549	146 94 145 232
550	200 1 164 155
551	195 62 215 6
552	105 155 219 243
553	46 4 15 129
554	138 38 212 242
555	81 199 21 110
556	126 145 178 22
557	85 53 201 106
558	227 44 163 162
559	197 125 122 177
560	45 169 139 217
561	119 179 95 224
562	187 110 33 188
563	105 165 185 243
564	14 50 134 159
565	229 8 144 5
566	185 157 220 112
567	151 247 186 225
568	220 228 221 148
569	179 96 227 27
570	118 138 240 25
571	167 188 129 28
572	49 210 203 58
573	69 12 157 245
574	124 49 72 250
575	197 176 189 98
576	245 118 126 9
577	92 104 13 218
578	26 233 166 212
579	91 96 30 225
580	67 90 144 163
581	96 86 115 101
582	83 14 15 7
583	230 2 6 87
584	222 60 137 2
585	239 181 166 78
586	136 73 184 165
587	209 121 81 113
588	192 231 31 213
589	106 83 159 184
590	16 48 39 154
591	114 58 69 35
592	78 128 73 149
593	206 101 188 79
594	148 166 214 236
595	112 209 135 88
596	215 197 135 133
597	86 105 126 102
598	107 238 165 116
599	102 189 32 89
600	65 189 186 112
601	28 203 27 192
602	206 227 105 23
603	149 161 235 244
604	176 115 96 20
605	168 61 243 133
606	225 151 111 199
607	160 35 237 94
608	74 180 215 171
609	154 185 140 138
610	48 163 70 181
611	172 113 234 6
612	123 144 128 233
613	222 186 57 9
614	110 150 238 102
615	93 215 249 38
616	99 232 152 101
617	12 192 190 158
618	193 127 93 115
619	128 103 240 172
620	62 108 133 151
621	172 194 204 142
622	175 225 141 80
623	42 70 144 111
624	54 135 232 15
625	103 1 66 150
626	154 239 169 119
627	241 93 87 172
628	230 210 101 3
629	249 206 210 44
630	74 123 184 95
631	60 220 46 202
632	64 162 181 10
633	166 156 74 26
634	119 161 220 30
635	4 14 38 23
636	139 26 148 66
637	215 4 165 107
638	89 138 112 71
639	150 148 60 35
640	193 147 108 22
641	207 155 225 212
642	234 60 154 177
643	77 38 188 167
644	166 238 221 192
645	35 194 233 236
646	179 71 249 112
647	143 197 125 49
648	10 1 125 58
649	101 88 11 43
650	69 37 51 207
651	46 237 36 209
652	198 92 238 120
653	8 155 183 22
654	240 179 109 121
655	165 175 198 127
656	147 231 176 51
657	21 11 105 23
658	80 28 167 247
659	106 6 116 200
660	52 192 203 105
661	151 220 122 22
662	237 216 181 10
663	229 86 153 18
664	230 225 163 65
665	12 236 82 176
666	196 182 108 206
667	155 228 138 113
668	18 186 58 172
669	242 76 2 243
670	182 159 66 246
671	168 233 115 103
672	125 249 147 54
673	91 195 220 206
674	65 212 40 186
675	154 113 114 45
676	90 5 146 215
677	86 187 104 132
678	74 43 94 190
679	128 114 235 175
680	67 86 205 172
681	174 141 21 156
682	3 145 37 131
683	157 49 4 164
684	50 163 223 250
685	174 223 116 93
686	99 130 159 42
687	232 183 22 235
688	133 104 22 236
689	225 220 205 140
690	176 196 63 60
691	171 226 116 109
692	30 135 209 190
693	214 28 207 95
694	189 29 79 138
695	88 166 104 127
696	166 214 34 68
697	239 238 51 97
698	107 36 74 84
699	4 34 137 179
700	187 152 53 141
701	235 45 13 180
702	229 66 14 47
703	34 235 120 161
704	62 72 9 235
705	204 50 45 5
706	143 135 218 161
707	103 139 28 219
708	30 100 149 47
709	26 183 204 93
710	213 47 92 222
711	207 11 125 159
712	17 231 155 69
713	101 209 72 89
714	182 76 53 181
715	215 227 168 160
716	148 82 64 14
717	63 32 152 140
718	166 126 168 51
719	222 168 30 106
720	61 85 129 97
721	98 96 85 86
722	219 81 137 231
723	222 42 157 49
724	7 75 152 3
725	59 151 156 18
726	186 238 194 54
727	14 101 214 87
728	51 154 190 196
729	187 61 5 133
730	105 237 177 69
731	82 111 21 236
732	165 20 87 138
733	19 122 85 170
734	91 199 106 127
735	161 218 172 23
736	144 208 134 129
737	15 189 204 107
738	188 250 184 27
739	152 41 111 62
740	236 206 177 243
741	32 198 91 166
742	16 169 250 217
743	180 112 249 119
744	197 212 112 210
745	37 13 224 179
746	61 221 243 172
747	102 123 16 72
748	62 135 222 77
749	68 75 221 224
750	71 41 49 96
751	101 227 58 147
752	215 222 152 124
753	212 127 159 227
754	25 1 187 166
755	85 226 91 202
756	162 34 116 11
757	223 141 240 52
758	16 52 79 103
759	129 17 11 78
760	225 47 248 233
761	197 93 60 145
762	136 99 228 163
763	59 7 140 182
764	201 72 5 25
765	67 16 145 84
766	18 173 213 42
767	239 76 190 199
768	62 127 9 180
769	246 224 148 209
770	12 184 96 155
771	64 157 215 203
772	54 90 19 187
773	110 122 145 74
774	37 173 80 178
775	239 142 36 160
776	25 76 202 204
777	39 248 221 154
778	102 170 239 199
779	143 224 212 44
780	7 54 228 176
781	24 247 147 91
782	72 216 155 154
783	122 117 125 81
784	41 210 131 135
785	39 216 72 27
786	146 133 177 23
787	42 210 222 173
788	55 67 163 223
789	178 68 85 51
790	4 171 22 174
791	168 134 224 219
792	46 44 216 128
793	208 153 219 151
794	185 96 38 190
795	79 138 155 110
796	181 170 171 154
797	33 190 51 89
798	52 104 73 70
799	124 229 119 244
800	178 248 132 221
801	93 117 86 209
802	44 250 134 247
803	237 93 50 198
804	224 47 37 156
805	69 45 202 232
806	180 147 142 186
807	249 139 247 51
808	164 216 200 187
809	41 49 236 159
810	153 6 122 147
811	138 53 42 105
812	73 107 180 122
813	81 103 95 220
814	106 144 223 236
815	235 73 36 120
816	103 71 149 18
817	83 16 106 113
818	36 146 63 206
819	194 9 124 198
820	63 16 178 169
821	50 108 97 60
822	204 154 14 126
823	87 118 50 14
824	220 124 161 90
825	214 133 50 104
826	179 16 216 76
827	9 74 153 206
828	132 135 30 97
829	25 49 198 137
830	29 139 74 117
831	200 249 156 21
832	104 59 130 88
833	108 134 231 114
834	45 11 98 123
835	245 168 178 118
836	236 154 7 103
837	66 90 153 146
838	144 229 8 103
839	111 100 224 62
840	5 42 132 114
841	89 73 202 180
842	36 69 218 58
843	52 63 228 32
844	64 128 167 63
845	134 145 46 68
846	158 138 205 97
847	142 13 89 235
848	33 52 65 212
849	11 82 2 209
850	49 106 237 152
851	215 220 83 16
852	150 139 101 125
853	75 73 78 244
854	182 29 199 164
855	49 115 124 161
856	177 186 25 232
857	248 123 212 129
858	68 119 117 194
859	179 233 163 8
860	50 197 44 180
861	174 71 147 179
862	14 124 244 214
863	56 158 38 238
864	39 8 192 18
865	136 152 194 43
866	223 16 175 151
867	65 214 213 74
868	37 62 192 66
869	142 146 176 77
870	241 43 244 60
871	245 210 96 165
872	127 132 220 140
873	178 170 188 184
874	75 226 36 142
875	97 76 223 228
876	155 131 74 102
877	189 25 106 241
878	106 212 145 90
879	187 82 150 107
880	88 188 8 28
881	134 32 91 36
882	239 203 130 105
883	81 120 208 215
884	24 250 126 103
885	50 145 146 207
886	44 244 185 202
887	167 92 83 119
888	239 16 223 141
889	127 144 93 6
890	218 211 95 17
891	44 25 242 122
892	18 83 75 233
893	71 81 174 231
894	227 158 115 105
895	148 72 69 224
896	44 239 210 37
897	139 157 249 23
898	86 250 223 65
899	174 143 86 191
900	191 162 22 81
901	13 53 163 24
902	30 50 15 124
903	91 217 248 246
904	146 74 147 235
905	10 60 154 180
906	132 15 58 118
907	175 189 73 216
908	69 244 83 82
909	169 123 238 89
910	17 111 92 137
911	1 171 211 46
912	83 12 89 229
913	88 23 59 46
914	93 249 38 150
915	168 244 97 133
916	197 95 236 155
917	186 214 23 44
918	77 102 64 1
919	90 203 157 10
920	63 240 10 28
921	129 122 84 35
922	108 119 43 214
923	8 151 96 205
924	53 85 221 188
925	214 81 118 59
926	98 166 33 118
927	160 123 104 195
928	177 187 231 119
929	94 79 128 189
930	7 249 234 117
931	151 218 144 147
932	210 205 144 240
933	249 99 101 21
934	36 106 191 237
935	96 43 25 230
936	168 53 95 193
937	205 131 119 17
938	74 19 47 145
939	181 76 42 87
940	124 153 140 95
941	56 243 181 73
942	15 242 13 147
943	99 118 38 111
944	138 219 31 48
945	136 164 218 246
946	142 20 228 242
947	141 81 11 233
948	160 86 235 23
949	43 150 114 121
950	83 237 41 109
951	12 140 20 16
952	58 134 118 6
953	225 218 109 133
954	157 26 28 234
955	25 132 133 112
956	250 189 19 153
957	207 118 17 214
958	240 8 141 170
959	135 107 29 9
960	223 89 24 248
961	60 20 248 187
962	87 124 182 13
963	67 27 153 17
964	43 169 17 45
965	32 177 207 156
966	127 98 116 227
967	146 150 139 12
968	7 218 213 181
969	96 131 186 199
970	39 114 54 11
971	200 230 23 38
972	176 54 124 125
973	209 116 176 226
974	239 135 33 217
975	5 178 97 162
976	57 126 19 207
977	141 113 190 226
978	56 60 136 55
979	191 55 37 47
980	177 232 81 63
981	65 97 138 39
982	3 157 56 207
983	138 137 201 46
984	5 231 31 119
985	83 226 158 140
986	97 13 2 136
987	65 67 209 205
988	212 181 105 49
989	42 216 102 106
990	103 102 208 25
991	241 107 234 110
992	126 57 116 212
993	13 59 244 72
994	191 243 107 31
995	233 145 99 237
996	145 140 103 200
997	53 26 136 182
998	68 87 250 105
999	49 22 27 97
1000	66 93 182 19
Students	1000
1	116 81 200 113
2	58 87 237 244
3	86 125 139 158
4	148 72 89 63
5	19 81 233 166
6	79 187 208 186
7	78 170 107 210
8	230 180 8 59
9	208 33 185 64
10	50 89 174 97
11	137 135 2 88
12	36 206 57 237
13	130 19 65 167
14	81 135 171 54
15	159 14 189 110
16	175 205 73 176
17	240 97 7 46
18	246 12 95 44
19	84 88 15 235
20	229 199 69 38
21	195 61 27 62
22	178 146 140 17
23	63 167 84 28
24	135 145 183 15
25	17 75 152 124
26	122 64 80 34
27	156 147 127 3
28	150 212 48 43
29	123 34 222 77
30	186 109 189 194
31	231 139 13 201
32	174 188 176 120
33	149 26 223 11
34	154 246 190 62
35	42 198 74 188
36	79 129 16 105
37	101 119 79 81
38	245 240 162 147
39	19 43 171 230
40	210 216 153 212
41	123 236 130 232
42	36 57 165 29
43	129 174 39 187
44	41 52 181 197
45	55 200 108 53
46	69 145 138 70
47	220 133 222 22
48	71 234 93 73
49	186 104 198 38
50	233 72 196 168
51	76 213 7 87
52	46 69 105 239
53	242 197 139 90
54	74 64 24 116
55	228 225 47 196
56	213 132 112 216
57	168 77 64 178
58	231 18 109 167
59	109 3 195 42
60	76 171 88 18
61	84 4 162 101
62	39 186 128 217
63	243 135 130 74
64	239 170 247 215
65	120 246 241 158
66	123 218 117 105
67	164 217 169 31
68	170 208 137 88
69	134 155 142 43
70	143 134 110 45
71	133 6 202 120
72	96 52 139 76
73	136 243 218 126
74	143 38 249 85
75	242 135 45 146
76	5 239 143 13
77	47 104 190 96
78	32 22 175 220
79	70 142 15 226
80	63 215 249 11
81	246 55 232 228
82	35 200 84 179
83	122 102 128 17
84	77 164 157 84
85	165 230 210 127
86	16 187 128 150
87	87 237 132 195
88	164 209 208 8
89	238 128 70 95
90	121 96 166 70
91	28 177 123 17
92	131 7 112 139
93	115 201 147 91
94	42 238 179 131
95	153 108 95 63
96	131 40 204 51
97	52 144 45 61
98	202 225 224 8
99	155 115 44 108
100	186 235 142 100
101	25 68 215 228
102	53 35 113 69
103	163 77 101 124
104	39 112 12 136
105	106 96 10 247
106	158 120 75 211
107	151 46 192 202
108	55 215 116 248
109	216 227 189 116
110	228 205 210 215
111	101 68 43 237
112	126 54 193 189
113	19 32 134 136
114	157 82 83 210
115	224 86 178 218
116	244 175 202 50
117	152 212 190 233
118	247 2 28 57
119	205 178 202 72
120	101 45 44 30
121	112 248 180 105
122	36 120 116 237
123	205 162 216 63
124	164 65 220 33
125	23 225 162 17
126	81 212 161 22
127	215 224 195 193
128	6 29 9 25
129	68 91 203 47
130	110 142 150 33
131	185 206 60 42
132	99 59 24 204
133	78 5 25 65
134	234 166 125 207
135	12 80 83 30
136	82 149 104 179
137	207 178 151 53
138	221 208 201 151
139	82 235 7 2
140	239 200 198 59
141	244 9 68 156
142	61 3 39 138
143	63 41 216 191
144	8 149 169 107
145	164 70 6 221
146	219 107 234 25
147	84 142 93 203
148	201 57 35 157
149	112 5 218 82
150	244 55 178 241
151	2 196 222 206
152	131 115 210 76
153	29 16 238 218
154	245 33 220 239
155	42 151 200 80
156	203 84 143 88
157	248 138 133 165
158	46 228 73 176
159	112 162 100 101
160	43 237 38 130
161	138 89 85 188
162	145 84 164 107
163	204 80 213 30
164	82 196 168 167
165	248 38 205 215
166	169 21 247 65
167	79 30 239 58
168	64 112 109 15
169	162 181 42 165
170	67 202 101 203
171	6 117 179 106
172	11 200 20 236
173	134 112 62 49
174	119 43 3 233
175	123 138 233 49
176	236 208 174 14
177	98 244 175 101
178	118 175 190 218
179	78 248 63 242
180	63 198 234 204
181	232 137 224 190
182	183 164 104 84
183	139 51 117 50
184	229 109 118 90
185	62 136 138 144
186	191 91 24 15
187	54 205 244 121
188	236 85 65 180
189	152 22 126 146
190	166 243 242 223
191	133 157 232 18
192	176 112 180 240
193	219 27 40 108
194	100 34 8 91
195	55 124 85 59
196	24 229 104 245
197	134 153 10 130
198	32 169 81 204
199	63 52 236 203
200	244 201 51 131
201	55 178 25 188
202	124 120 246 201
203	64 217 185 165
204	19 124 218 167
205	41 13 160 181
206	231 93 10 65
207	202 195 163 112
208	224 213 59 208
209	110 49 99 122
210	135 118 68 35
211	206 105 22 201
212	216 197 31 160
213	59 159 1 210
214	139 5 157 118
215	149 103 159 52
216	2 97 215 112
217	54 58 42 29
218	119 242 209 234
219	188 121 228 196
220	39 46 134 196
221	232 49 64 195
222	212 21 57 61
223	144 141 214 76
224	239 79 162 18
225	64 246 45 68
226	114 115 232 228
227	126 150 239 21
228	69 158 248 96
229	102 163 169 234
230	39 135 230 53
231	173 174 53 160
232	209 10 199 37
233	233 146 106 229
234	188 32 160 107
235	242 162 209 56
236	4 145 131 247
237	171 152 165 106
238	153 7 26 164
239	156 12 238 152
240	58 22 220 37
241	222 234 28 182
242	235 51 185 191
243	198 105 211 102
244	102 209 52 146
245	116 115 190 218
246	159 101 84 96
247	36 120 114 82
248	122 204 249 28
249	76 178 55 211
250	68 70 159 212
251	33 90 78 225
252	221 74 230 129
253	160 26 131 221
254	195 157 225 57
255	112 244 194 182
256	107 120 39 234
257	64 113 16 191
258	229 138 143 62
259	98 86 117 34
260	205 91 98 85
261	24 125 47 192
262	76 67 105 183
263	109 149 96 156
264	124 224 133 98
265	202 42 113 62
266	199 129 110 21
267	125 42 169 144
268	48 171 67 95
269	85 195 56 110
270	61 155 75 160
271	134 139 47 249
272	177 53 82 104
273	121 238 100 208
274	61 57 228 182
275	123 239 202 98
276	78 87 48 154
277	201 85 44 116
278	161 88 53 233
279	216 168 169 11
280	207 219 227 247
281	100 83 208 121
282	240 248 239 185
283	205 74 204 249
284	219 248 192 96
285	105 151 200 189
286	72 153 189 231
287	8 58 107 127
288	193 47 214 236
289	32 247 9 104
290	236 21 4 42
291	198 37 89 1
292	244 44 228 141
293	182 117 205 133
294	58 218 212 155
295	36 61 143 200
296	35 217 16 70
297	87 67 104 79
298	25 137 30 89
299	23 115 178 49
300	26 134 81 163
301	189 71 75 122
302	152 246 41 6
303	28 7 236 158
304	100 153 245 120
305	199 99 206 191
306	112 178 227 11
307	125 240 187 3
308	32 216 42 117
309	156 89 141 147
310	231 86 90 45
311	89 93 99 114
312	62 201 86 168
313	41 87 172 134
314	41 16 181 104
315	45 199 47 3
316	164 150 112 213
317	104 91 31 6
318	112 136 161 87
319	92 199 185 32
320	153 222 215 13
321	132 245 91 75
322	230 209 71 148
323	33 143 215 221
324	84 50 152 250
325	190 70 32 192
326	31 14 54 230
327	153 104 214 84
328	219 228 78 50
329	186 215 76 46
330	6 231 114 16
331	49 39 69 104
332	147 239 207 202
333	168 68 207 66
334	140 122 245 125
335	79 229 104 67
336	188 177 167 156
337	83 82 114 177
338	212 144 151 138
339	59 229 35 246
340	64 179 132 203
341	28 14 142 187
342	136 207 31 171
343	156 22 196 15
344	80 68 156 49
345	91 76 115 156
346	17 87 249 207
347	221 183 62 20
348	172 245 145 52
349	202 59 198 177
350	154 69 7 10
351	147 124 132 117
352	196 189 27 218
353	204 66 25 27
354	53 224 207 240
355	106 102 66 68
356	186 242 182 98
357	196 26 144 240
358	52 15 249 188
359	138 184 25 80
360	87 164 59 53
361	231 1 131 210
362	247 248 77 132
363	69 226 60 54
364	7 179 153 42
365	104 42 214 202
366	204 85 122 96
367	194 38 49 206
368	161 59 62 10
369	140 186 119 236
370	89 84 58 154
371	233 6 68 50
372	5 154 40 172
373	167 14 29 176
374	2 63 237 19
375	227 2 224 92
376	141 203 39 108
377	229 224 246 221
378	198 61 125 145
379	94 21 192 216
380	14 218 161 115
381	72 14 202 186
382	214 16 147 51
383	200 188 30 231
384	23 121 61 159
385	219 195 89 156
386	13 36 122 148
387	21 126 70 41
388	49 138 205 117
389	91 229 231 172
390	81 75 15 186
391	35 123 234 209
392	138 94 187 184
393	178 36 50 134
394	14 87 10 82
395	125 113 127 246
396	128 75 124 78
397	74 236 33 144
398	160 19 204 195
399	90 62 125 28
400	96 240 239 43
401	246 71 187 100
402	211 89 28 186
403	161 117 209 43
404	24 121 246 169
405	235 36 24 163
406	207 82 109 135
407	2 250 122 229
408	198 64 37 131
409	29 90 166 5
410	206 237 23 194
411	230 134 216 14
412	113 23 162 15
413	183 98 247 92
414	205 92 31 77
415	37 92 212 169
416	9 249 213 193
417	49 6 81 50
418	208 213 148 24
419	79 4 107 209
420	206 195 249 51
421	69 26 146 226
422	137 72 225 179
423	105 110 63 101
424	222 59 226 142
425	119 198 224 121
426	109 119 47 135
427	101 246 161 107
428	227 168 210 203
429	224 239 125 188
430	155 170 245 220
431	44 61 207 173
432	187 234 208 242
433	25 175 212 45
434	18 62 142 147
435	180 121 112 56
436	125 84 11 238
437	169 25 20 212
438	249 47 216 224
439	45 93 158 217
440	233 246 21 47
441	147 179 78 59
442	101 7 166 126
443	245 29 34 69
444	133 126 77 187
445	118 100 92 193
446	57 100 149 54
447	117 60 98 209
448	148 47 126 205
449	121 111 211 96
450	136 23 44 144
451	157 151 105 107
452	6 237 132 191
453	93 49 188 118
454	177 144 181 95
455	190 122 247 20
456	208 179 7 197
457	140 10 17 121
458	54 23 239 68
459	171 115 207 27
460	62 167 42 23
461	181 13 117 173
462	113 151 244 11
463	48 96 111 126
464	182 70 140 141
465	137 180 93 80
466	150 156 108 229
467	112 107 13 225
468	159 149 69 63
469	62 28 4 81
470	121 187 92 80
471	43 165 214 28
472	111 3 70 66
473	239 200 9 56
474	244 245 35 227
475	34 211 110 63
476	141 199 156 180
477	71 35 174 221
478	14 31 184 7
479	57 131 169 135
480	102 204 138 17
481	36 76 237 226
482	128 225 99 233
483	48 66 208 55
484	239 7 64 231
485	113 23 159 163
486	172 60 52 76
487	249 115 125 111
488	151 174 230 4
489	31 153 34 179
490	29 125 189 234
491	82 51 119 207
492	209 134 53 169
493	43 241 28 236
494	23 80 204 185
495	223 23 160 133
496	64 171 76 207
497	23 102 6 26
498	126 38 95 134
499	4 215 212 221
500	142 59 221 87
501	196 55 74 91
502	20 48 131 196
503	101 87 63 146
504	70 238 157 197
505	161 201 129 192
506	60 120 117 241
507	131 27 196 128
508	65 14 232 22
509	180 106 50 236
510	194 120 32 91
511	84 31 221 115
512	230 144 165 61
513	43 17 209 121
514	220 222 176 97
515	33 78 215 86
516	73 2 70 10
517	126 84 52 192
518	79 102 30 146
519	135 197 118 212
520	73 78 156 66
521	55 85 59 34
522	181 185 84 247
523	27 248 162 120
524	219 110 21 31
525	236 247 202 172
526	87 24 222 132
527	246 64 95 114
528	244 250 25 166
529	33 46 87 43
530	174 224 32 138
531	137 91 51 6
532	83 179 39 116
533	219 200 32 166
534	225 123 16 190
535	15 41 228 249
536	158 177 165 233
537	129 103 135 7
538	204 27 185 12
539	173 79 60 171
540	156 230 113 231
541	241 57 202 91
542	25 83 135 27
543	125 183 200 127
544	14 17 198 132
545	3 165 229 239
546	203 190 241 185
547	38 71 126 230
548	156 249 18 69
549	9 111 176 96
550	69 192 148 55
551	132 200 32 120
552	71 87 152 14
553	207 76 93 109
554	101 67 134 132
555	224 44 155 216
556	68 131 123 137
557	232 182 225 14
558	167 80 160 120
559	50 81 30 193
560	199 205 156 26
561	58 89 38 217
562	249 65 14 89
563	189 171 136 10
564	1 203 60 209
565	179 231 228 209
566	82 193 146 6
567	228 152 178 129
568	88 63 37 50
569	241 70 97 174
570	239 237 126 175
571	218 78 117 42
572	116 124 176 144
573	159 92 223 134
574	202 218 6 76
575	7 165 143 240
576	148 183 54 203
577	128 240 61 156
578	155 63 50 164
579	176 250 203 25
580	42 208 93 207
581	153 84 155 88
582	187 95 88 120
583	239 151 166 225
584	69 118 77 162
585	235 212 91 169
586	230 81 99 76
587	60 202 220 11
588	198 97 206 73
589	50 116 84 138
590	89 48 81 112
591	209 155 133 201
592	152 110 246 243
593	241 242 68 32
594	52 5 110 40
595	172 63 13 129
596	177 83 62 86
597	39 21 225 172
598	23 172 195 10
599	212 186 189 26
600	98 46 234 218
601	107 1 137 27
602	7 199 112 157
603	31 27 203 219
604	75 152 126 60
605	111 126 224 230
606	217 164 218 136
607	225 220 55 30
608	130 46 125 6
609	148 17 11 72
610	114 81 65 236
611	96 105 187 175
612	225 86 228 62
613	13 53 92 201
614	33 213 220 58
615	194 134 52 222
616	86 209 147 121
617	37 130 97 173
618	22 42 157 193
619	39 71 22 203
620	46 202 150 144
621	249 204 34 126
622	94 186 218 80
623	152 4 172 178
624	20 156 80 7
625	85 157 23 116
626	240 193 176 187
627	159 126 95 64
628	61 146 13 171
629	221 122 79 250
630	236 43 229 167
631	173 214 33 102
632	24 111 63 219
633	101 12 165 103
634	17 163 32 80
635	228 222 65 196
636	45 129 191 54
637	84 31 44 20
638	167 151 51 124
639	68 46 245 100
640	179 215 94 167
641	110 18 114 151
642	61 180 46 140
643	133 113 57 77
644	116 210 155 247
645	203 143 218 249
646	159 226 118 100
647	111 75 44 158
648	190 31 201 215
649	47 129 10 103
650	51 17 124 98
651	147 176 57 221
652	20 71 137 134
653	50 29 76 92
654	189 156 168 176
655	211 240 36 105
656	18 166 225 7
657	94 58 55 201
658	211 61 17 173
659	43 128 175 103
660	49 58 205 51
661	50 169 65 29
662	200 32 127 14
663	195 98 191 61
664	196 108 249 47
665	12 232 125 218
666	215 39 144 189
667	11 223 118 131
668	123 85 11 1
669	243 76 220 91
670	11 23 168 110
671	35 20 94 153
672	225 139 184 125
673	65 74 103 38
674	8 38 170 4
675	87 134 108 45
676	88 104 225 224
677	160 23 47 119
678	43 247 93 245
679	241 159 184 103
680	29 66 21 168
681	120 166 249 10
682	35 98 48 73
683	230 202 203 180
684	194 125 121 229
685	98 221 174 134
686	40 59 106 187
687	72 108 40 112
688	80 215 151 58
689	6 87 175 114
690	226 107 211 244
691	46 21 12 71
692	177 247 136 105
693	50 217 38 21
694	124 204 83 109
695	178 77 210 85
696	241 76 214 131
697	177 199 184 189
698	63 90 32 46
699	238 28 69 45
700	7 147 94 241
701	68 161 34 182
702	8 17 148 48
703	45 218 119 43
704	228 230 129 222
705	154 170 149 59
706	94 102 180 119
707	195 95 172 246
708	228 214 209 225
709	170 111 34 158
710	205 61 197 98
711	139 28 237 33
712	228 229 236 210
713	62 94 75 168
714	247 129 212 191
715	99 17 52 205
716	11 215 9 64
717	175 3 144 71
718	109 57 234 195
719	126 185 155 141
720	49 67 151 187
721	151 95 205 115
722	79 97 61 200
723	162 243 1 76
724	51 103 38 85
725	73 162 74 20
726	76 9 154 116
727	38 219 176 242
728	168 114 225 129
729	182 24 61 197
730	96 126 20 205
731	133 2 83 182
732	181 107 223 158
733	65 230 249 61
734	121 123 88 77
735	20 122 45 109
736	60 137 227 195
737	28 143 32 99
738	240 159 107 206
739	185 188 50 224
740	67 212 30 99
741	152 128 32 137
742	119 165 196 55
743	22 32 216 11
744	181 30 119 23
745	150 159 141 101
746	199 73 188 239
747	73 117 95 41
748	136 173 23 143
749	137 190 191 90
750	122 120 24 192
751	72 109 244 169
752	230 134 66 153
753	42 229 112 174
754	147 168 226 134
755	171 62 64 46
756	75 173 215 102
757	175 81 221 124
758	178 33 56 186
759	242 239 216 196
760	57 16 35 206
761	33 78 113 94
762	44 143 41 54
763	32 150 243 205
764	64 4 83 86
765	240 138 171 100
766	19 153 79 9
767	193 179 66 149
768	114 89 121 180
769	80 88 56 194
770	116 193 189 190
771	74 37 116 189
772	86 154 108 166
773	139 239 63 34
774	246 17 243 109
775	175 25 162 68
776	41 189 221 8
777	153 239 65 142
778	157 100 110 240
779	39 206 192 81
780	212 160 240 98
781	186 99 74 173
782	137 75 191 199
783	92 126 47 121
784	45 243 183 229
785	116 30 7 99
786	249 185 142 40
787	83 25 49 245
788	221 119 138 234
789	185 101 65 26
790	207 9 128 18
791	24 71 185 239
792	178 147 54 171
793	206 4 186 152
794	56 19 50 240
795	133 189 210 2
796	189 216 76 250
797	67 40 105 225
798	126 102 205 185
799	76 120 108 137
800	230 48 8 241
801	247 103 132 44
802	231 182 119 126
803	177 224 225 167
804	155 139 60 78
805	160 113 89 153
806	34 104 26 167
807	206 142 147 229
808	185 117 59 196
809	241 133 207 11
810	77 126 199 20
811	83 82 229 77
812	115 70 46 140
813	104 234 18 174
814	241 180 243 160
815	139 103 100 76
816	242 227 246 193
817	5 110 61 119
818	2 5 181 214
819	90 91 198 104
820	160 220 245 158
821	79 89 1 201
822	53 54 176 119
823	10 107 144 72
824	77 177 222 215
825	133 120 146 6
826	114 43 63 77
827	13 114 88 52
828	210 27 155 234
829	36 25 15 178
830	243 210 249 140
831	138 4 59 147
832	22 18 233 157
833	220 86 105 150
834	52 59 105 9
835	18 72 175 126
836	172 233 119 181
837	231 128 36 145
838	127 95 172 98
839	142 130 8 57
840	101 141 111 197
841	206 122 51 214
842	151 237 225 176
843	134 230 37 220
844	142 135 107 127
845	69 139 53 90
846	217 106 210 108
847	57 164 199 24
848	70 72 156 30
849	179 233 155 55
850	4 201 233 112
851	168 3 156 96
852	4 229 167 130
853	33 92 177 84
854	19 46 56 86
855	194 10 161 218
856	189 75 112 222
857	67 92 178 61
858	198 220 46 86
859	66 27 56 153
860	19 97 121 173
861	177 3 237 129
862	13 196 189 57
863	33 1 156 46
864	210 33 102 70
865	167 125 25 31
866	32 241 118 42
867	119 80 106 184
868	128 141 92 106
869	103 228 33 120
870	198 191 121 93
871	210 57 75 198
872	49 6 139 106
873	152 201 104 32
874	172 213 215 224
875	110 223 1 89
876	226 123 24 180
877	22 149 8 67
878	106 249 123 25
879	229 25 130 54
880	183 130 238 38
881	199 222 100 145
882	71 131 114 132
883	117 229 187 121
884	216 73 170 57
885	228 53 150 19
886	147 176 178 59
887	132 100 45 183
888	156 184 40 12
889	102 198 32 220
890	10 151 99 206
891	82 170 102 63
892	244 185 145 209
893	137 80 230 59
894	146 8 51 176
895	4 237 121 91
896	58 221 90 39
897	15 217 210 22
898	162 173 132 91
899	39 44 99 188
900	208 73 194 56
901	7 104 15 8
902	200 178 93 172
903	199 149 56 62
904	111 112 119 249
905	178 157 232 139
906	31 2 67 124
907	110 61 186 144
908	196 25 32 222
909	209 198 78 194
910	234 83 152 243
911	144 35 134 236
912	227 156 69 18
913	43 132 30 148
914	215 46 155 154
915	216 208 132 206
916	113 142 50 183
917	25 69 176 127
918	165 221 211 106
919	156 177 47 176
920	106 74 217 238
921	143 65 76 163
922	117 182 94 185
923	20 85 3 28
924	45 149 229 199
925	55 90 44 36
926	137 198 32 51
927	129 107 130 221
928	247 223 125 30
929	207 147 34 179
930	148 169 40 198
931	24 244 146 177
932	134 154 170 42
933	224 35 168 37
934	235 131 212 211
935	82 23 104 118
936	163 238 174 25
937	202 77 242 235
938	133 198 127 10
939	246 114 51 233
940	250 136 10 15
941	160 22 24 217
942	113 71 241 238
943	15 149 63 82
944	37 185 118 112
945	180 167 212 37
946	227 31 217 10
947	139 55 158 221
948	146 74 101 111
949	96 53 213 85
950	6 164 192 70
951	29 27 195 113
952	147 140 58 8
953	153 245 76 203
954	133 51 174 221
955	106 133 160 12
956	132 139 250 109
957	14 66 180 42
958	97 88 136 13
959	98 120 50 146
960	92 110 185 93
961	168 175 13 196
962	226 244 235 239
963	172 182 147 151
964	57 19 188 47
965	140 192 249 73
966	40 180 22 187
967	21 86 218 33
968	117 127 49 196
969	236 126 180 24
970	138 250 128 241
971	16 37 113 141
972	158 80 236 19
973	81 103 122 151
974	185 3 219 120
975	131 151 66 167
976	189 107 230 10
977	190 162 110 228
978	75 160 80 191
979	199 236 112 116
980	230 87 166 89
981	192 40 162 27
982	33 74 94 89
983	136 214 149 5
984	160 122 86 105
985	196 184 186 193
986	222 230 241 79
987	68 30 26 67
988	87 155 25 152
989	120 153 41 33
990	137 184 172 197
991	37 86 136 210
992	162 37 248 149
993	37 46 184 91
994	197 144 40 248
995	69 79 23 173
996	15 183 248 71
997	192 16 37 209
998	44 216 179 9
999	116 128 121 127
1000	217 101 118 215
