85.70652
Zero Conflict:29714
Nonzero Conflict:2637
Course	Room	Teacher	Time	Students
001839	12 / 22 / 12	TAYE	3426758	1	0252627 1156282 3082852 3087533 3089542 3090325 3092781 3119909 3211081 3213727 3214617 3260264 
002151	63 / 64 / 69	TH110	1167863	2	0252627 3088571 3209873 3214617 3218908 3223468 3223593 3232822 3243225 3245522 3250904 3252673 3262890 3293645 3315613 3315934 3323189 3323454 3323644 3323699 3324108 3329668 3330273 3330597 3330630 3331483 3331578 3331618 3331989 3332580 3332714 3340189 3344476 3351610 3373119 3373472 3374627 3375084 3381343 3382098 3385569 3387721 3388734 3388735 3388882 3389687 3390131 3396570 3397575 3397815 3403581 3403680 3403953 3405286 3405436 3407233 3407265 3407911 3408274 3408625 3409420 3409792 3410241 
006846	28 / 51 / 28	TH224	1167884	3	0252627 0820816 1073230 1155110 3063119 3068181 3081400 3089555 3092781 3093208 3095460 3098317 3121582 3142378 3189051 3194683 3216609 3249841 3261685 3261847 3306835 3311445 3316653 3323699 3330372 3330439 3332978 3407079 
005732	3 / 13 / 6	EHSEM	0031543	1	0460748 3097080 3153306 
004666	7 / 20 / 7	PK354	0775640	2	0525775 1155839 3094527 3193288 3211384 3217313 3329812 
008427	20 / 48 / 24	PK349	0125630	3	0692830 1163242 3067133 3077926 3079120 3081073 3087472 3089542 3112040 3191210 3209872 3233697 3248326 3283446 3293645 3305222 3319378 3322740 3333459 3336573 
001836	44 / 64 / 54	TH110	0056992	4	0820816 3063119 3114251 3121582 3154498 3204517 3204688 3211006 3216609 3222944 3223468 3232650 3248182 3250904 3250907 3257376 3268127 3281747 3283446 3293645 3304008 3306835 3308695 3310852 3311410 3314945 3316281 3322141 3322720 3323454 3332978 3358560 3373902 3389987 3397566 3397567 3397573 3398026 3398166 3405873 3405943 3406150 3408041 3409419 
002160	50 / 120 / 50	PK338	0004950	5	0820816 3082852 3095908 3098380 3114853 3115992 3142378 3154498 3173096 3177873 3188399 3210074 3211006 3211081 3214147 3215249 3219786 3221922 3227208 3238039 3238414 3239494 3242649 3249841 3250907 3260264 3276024 3281747 3283446 3288377 3303949 3304005 3304008 3306703 3307517 3309190 3310852 3311445 3315632 3315961 3316653 3322149 3322942 3323692 3330372 3331473 3332978 3347031 3373902 3409557 
006867	8 / 51 / 8	TH224	3426911	4	0889130 3072284 3074091 3094263 3095021 3099423 3190685 3204495 
007377	18 / 64 / 18	TH110	0701976	5	0892947 1155700 3078071 3080512 3087117 3087231 3096808 3100468 3120610 3205329 3218679 3226387 3246661 3296121 3329671 3364522 3373846 3388364 
008479	16 / 120 / 16	PK338	0031619	6	0892947 1078911 3081988 3093349 3095254 3095396 3098243 3173096 3179026 3208714 3213402 3216906 3217434 3217439 3218034 3316273 
002712	5 / 64 / 5	TH110	0138190	6	0997873 1079912 3080774 3091889 3094422 
009320	9 / 64 / 9	TH110	0031478	7	0997873 3082959 3094422 3096963 3099375 3126602 3210020 3304941 3332980 
003572	42 / 120 / 42	PK338	0024092	10	1017457 1037213 1045484 1059404 1070105 1072178 1073076 1093772 1154382 1154715 1156612 1157995 1158383 3062439 3063303 3065947 3066711 3067358 3067585 3069455 3073216 3080539 3080843 3081410 3081503 3081720 3081927 3082246 3082688 3082959 3084658 3086455 3087809 3088052 3089884 3091781 3092012 3096229 3096248 3099676 3100458 3145695 
004013	24 / 120 / 24	PK338	0163316	8	1017457 3153576 3210020 3212787 3214147 3231837 3292462 3297051 3299552 3304324 3309190 3314971 3323454 3330334 3331184 3332409 3333094 3333301 3333459 3334296 3343092 3359167 3389434 3405863 
001765	13 / 120 / 13	PK338	0033637	7	1037213 1073076 1154382 1154715 3067358 3082688 3119630 3125873 3126883 3211542 3216871 3220932 3265154 
007375	31 / 120 / 31	PK338	0031631	9	1037213 3065779 3078602 3097075 3114853 3119048 3211384 3211593 3214299 3216420 3217195 3218679 3226387 3232225 3232650 3233697 3260308 3299552 3303921 3312114 3316906 3317266 3331473 3331618 3332518 3349789 3373846 3373902 3382642 3410355 3410901 
011396	13 / 64 / 13	TH110	3310251	8	1037213 1072178 1095145 3063558 3065947 3067585 3073216 3080539 3081720 3082246 3087948 3088052 3095417 
003277	7 / 64 / 7	TH110	0675005	9	1045484 1155813 3072284 3081410 3088969 3090375 3095290 
007372	32 / 120 / 32	PK338	0603646	11	1045484 3081410 3081698 3088969 3097709 3114139 3114269 3179026 3191191 3194873 3205329 3209872 3209873 3211006 3211155 3211593 3215889 3219786 3232225 3232322 3232625 3252312 3307002 3310852 3314945 3314971 3317234 3317266 3323644 3330926 3331496 3381343 
006562	3 / 64 / 3	TH110	0031573	10	1048446 3083995 3098947 
012487	11 / 64 / 11	TH110	3426095	11	1048446 1095145 3061917 3080142 3081073 3094575 3096229 3103910 3108487 3231837 3260308 
001200	13 / 64 / 13	TH110	0254151	12	1049332 1081304 3066711 3085021 3088010 3093246 3126602 3211360 3217778 3221143 3311445 3315776 3323692 
002472	7 / 64 / 7	TH110	0493725	13	1049332 1133589 3063558 3066736 3089769 3095460 3095867 
009233	7 / 64 / 7	TH110	0029475	14	1049332 3080142 3100415 3155348 3217408 3218034 3233850 
012317	15 / 120 / 15	PK338	0899465	12	1056457 3111037 3223001 3232650 3245522 3249841 3256154 3256812 3303949 3306968 3315059 3316653 3329757 3351178 3358560 
003475	28 / 120 / 28	PK338	3425459	13	1059404 1093772 1155700 1158383 3082688 3084658 3089884 3092577 3120610 3125450 3153306 3179026 3194888 3205208 3211478 3213840 3216840 3220189 3227145 3228428 3242936 3260419 3284809 3330627 3336686 3340395 3347031 3388458 
004830	13 / 120 / 13	PK338	0348369	15	1059404 3081720 3085407 3095417 3169644 3204511 3216609 3217408 3218335 3260419 3268686 3316281 3344691 
006518	21 / 120 / 21	PK338	0777265	14	1059404 1080636 1155700 3089884 3090752 3092196 3094527 3097933 3099375 3099745 3119048 3126433 3158474 3210027 3238039 3306992 3316273 3322663 3330630 3333675 3357841 
004874	7 / 64 / 7	TH110	0032827	15	1068953 3093184 3099191 3121782 3180697 3311452 3311808 
011044	11 / 64 / 11	TH110	3213249	16	1068953 1095145 3091870 3155348 3210876 3212008 3215879 3216633 3221785 3224239 3322204 
001764	13 / 120 / 13	PK338	1165592	16	1070105 3062439 3081410 3089884 3097192 3153576 3155201 3194888 3211478 3254879 3329187 3329964 3409695 
003488	13 / 64 / 13	TH110	3426910	17	1070105 1163242 3063558 3075104 3088047 3097080 3097192 3145695 3149019 3216840 3308669 3311808 3381444 
001151	51 / 120 / 51	PK338	0031388	17	1072178 1124340 3079872 3087533 3111582 3113753 3122857 3125322 3150160 3155060 3169335 3209873 3215666 3215889 3217313 3231914 3232650 3239494 3245522 3254879 3262890 3264020 3280006 3295766 3296990 3303921 3304197 3307002 3314945 3315776 3316281 3316906 3323692 3329836 3330439 3334296 3336573 3336686 3337363 3343996 3349789 3350767 3352018 3385569 3388735 3389314 3389488 3389756 3397064 3407233 3407639 
001213	17 / 120 / 17	PK338	0031471	18	1072178 1156282 3065568 3066711 3079169 3083717 3085021 3087472 3088010 3091218 3096808 3098317 3122857 3126602 3135241 3212787 3216914 
001248	16 / 120 / 16	PK338	0031388	19	1072178 1081304 1098264 1156282 3065568 3075252 3079169 3082033 3083207 3083717 3085021 3087472 3088010 3093246 3094738 3099745 
001760	6 / 64 / 6	TH110	0254474	18	1073076 1163242 3067358 3078331 3248478 3316782 
012446	11 / 64 / 11	TH110	3426910	19	1073076 3066711 3073216 3084658 3087809 3096229 3125873 3145695 3152788 3165225 3209949 
001844	11 / 64 / 11	TH110	3312777	20	1073211 1133589 3086119 3086240 3091218 3091370 3158474 3194428 3208714 3215666 3315934 
002992	71 / 120 / 71	PK338	0222805	22	1073211 3067214 3067387 3082488 3088147 3088572 3091781 3093050 3105219 3175356 3185122 3192657 3204248 3204619 3204905 3205138 3210877 3211155 3214617 3215099 3215249 3219367 3221557 3221612 3223593 3231914 3233850 3238414 3251946 3262172 3284809 3302367 3302457 3309190 3312024 3321787 3321871 3322084 3322204 3322715 3322740 3322752 3323493 3330273 3330377 3330926 3331578 3335255 3356157 3389664 3389864 3390492 3398026 3403530 3403558 3403576 3403676 3403968 3405092 3405257 3405436 3405615 3406438 3406889 3408820 3409080 3409477 3409557 3409721 3409934 3410139 
004292	2 / 64 / 2	TH110	3092832	21	1073211 3088571 
002653	12 / 120 / 12	PK338	0576472	20	1075130 3085126 3155201 3216013 3217615 3228778 3231826 3248326 3311550 3333105 3358246 3388628 
007381	28 / 120 / 28	PK338	0031611	21	1075130 3068181 3075104 3078150 3087414 3092604 3098983 3099257 3100468 3114853 3115992 3119048 3177388 3177873 3178019 3194428 3204153 3216601 3221143 3221922 3236537 3249531 3296121 3299552 3315084 3331473 3405436 3410355 
012437	18 / 64 / 18	TH110	0825571	22	1075130 3065779 3070045 3078150 3079005 3079120 3080546 3087757 3091892 3096808 3097075 3100468 3119048 3126930 3178019 3205329 3330095 3331474 
007010	22 / 120 / 22	PK338	0162976	23	1079538 3091747 3096963 3121782 3126883 3190802 3191340 3213217 3214129 3216601 3224239 3231826 3231837 3262172 3265154 3284809 3296990 3304723 3329172 3330377 3333094 3406623 
007026	22 / 120 / 22	PK338	0907625	24	1079538 3082488 3086119 3107592 3191210 3193996 3220189 3223593 3254195 3256154 3256706 3275971 3302457 3329744 3330337 3332409 3332411 3344231 3345082 3356346 3364522 3376542 
007127	35 / 120 / 35	PK338	0162976	25	1079538 1104799 1163131 3061686 3065990 3067056 3067313 3067387 3068911 3078232 3078408 3079774 3080142 3081073 3081074 3084853 3085612 3087144 3087328 3088350 3089115 3090776 3091781 3091890 3092244 3093411 3094479 3094575 3097321 3097933 3098242 3098284 3098947 3100080 3214129 
012300	15 / 120 / 15	PK338	3195964	26	1079538 3085391 3103910 3105292 3213217 3217793 3221081 3231837 3256154 3261754 3311808 3321871 3322663 3330095 3333635 
008812	3 / 64 / 3	TH110	0576472	23	1079912 3189715 3304357 
004280	9 / 64 / 9	TH110	0031577	24	1080636 3215889 3216609 3218908 3252673 3280006 3315767 3330431 3332580 
006042	26 / 64 / 26	TH110	3392923	25	1080636 3081503 3088141 3088433 3092781 3095908 3097709 3099184 3110627 3125856 3149019 3152572 3152667 3155346 3185122 3188399 3193776 3210876 3214138 3216906 3217313 3217371 3228759 3248716 3306482 3316614 
006564	8 / 64 / 8	TH110	0777265	26	1080636 3079829 3079915 3085302 3092151 3092196 3099375 3329964 
005271	19 / 120 / 19	PK338	3427601	27	1081304 3079872 3086119 3088071 3092179 3095254 3098947 3135241 3180697 3185376 3191340 3205454 3213727 3214178 3216013 3250904 3306692 3316653 3323189 
004359	17 / 64 / 17	TH110	0847593	27	1086904 3114776 3120788 3160008 3190685 3215249 3216554 3218908 3233850 3254053 3271107 3296990 3304324 3309375 3317234 3329671 3332580 
004377	4 / 64 / 4	TH110	0847593	28	1086904 3155695 3205491 3242506 
005196	60 / 120 / 60	PK338	0493855	30	1086904 1162423 3065947 3067793 3068444 3072097 3079887 3085394 3089115 3092333 3094263 3094556 3095396 3096229 3099676 3106403 3107592 3118027 3118178 3126772 3152623 3189051 3192055 3197905 3205208 3213840 3217413 3217615 3217724 3219685 3228428 3228778 3250907 3252374 3254195 3256706 3261754 3292462 3295766 3304357 3311410 3311445 3315676 3322686 3322939 3329413 3330095 3331184 3333007 3333635 3335236 3335809 3336640 3343234 3354864 3390414 3396665 3398251 3398618 3409510 
009299	9 / 64 / 9	TH110	0031473	29	1086904 3078437 3081179 3095599 3095867 3145520 3169644 3180697 3192054 
002162	20 / 120 / 20	PK338	0168378	28	1090070 1160418 3075104 3088390 3089580 3092411 3093208 3098380 3103166 3119909 3150160 3193776 3204644 3205337 3205454 3211360 3213412 3213727 3227175 3316614 
011826	16 / 120 / 16	PK338	0384265	29	1090070 3070184 3088390 3092411 3095021 3103166 3119909 3150160 3189051 3204644 3205337 3205454 3211360 3213412 3213727 3227175 
001185	3 / 64 / 3	TH110	0031577	30	1091600 3142378 3204688 
001892	3 / 64 / 3	TH110	0814748	31	1091600 3088047 3095337 
009303	13 / 64 / 13	TH110	0029475	32	1091600 3068444 3079816 3081234 3084716 3084782 3126639 3197905 3213840 3216013 3217604 3227754 3329413 
004009	42 / 120 / 42	PK338	0163316	31	1092805 3065990 3067214 3080774 3098947 3204905 3216013 3217778 3242496 3242506 3242920 3257376 3316782 3322777 3323608 3330203 3332955 3333780 3335809 3344476 3345326 3345567 3349875 3350800 3352018 3356399 3374246 3389864 3390193 3390262 3393733 3397064 3397250 3403581 3405092 3408191 3409080 3409464 3409760 3409777 3409975 3410501 
006500	25 / 120 / 25	PK338	0031399	32	1092805 1138637 3085391 3092196 3099375 3099423 3114776 3233348 3304197 3322108 3323189 3329459 3332738 3332955 3333260 3333381 3348796 3374246 3388364 3388648 3389259 3396808 3405296 3405568 3409464 
006519	6 / 64 / 6	TH110	0031478	33	1092805 3079915 3083207 3091889 3221785 3295766 
010954	14 / 120 / 14	PK338	3401548	33	1093772 3114139 3114776 3197905 3219783 3223001 3244203 3244790 3247156 3258543 3329812 3333094 3347834 3406720 
001838	7 / 64 / 7	TH110	0168763	34	1095145 3103910 3108487 3114269 3211384 3256154 3331638 
006026	30 / 120 / 30	PK338	3421383	34	1098264 3081179 3111582 3205337 3212787 3214704 3322777 3323539 3329187 3329459 3329885 3330203 3331496 3332738 3332761 3333780 3342720 3343996 3345326 3346922 3388628 3388630 3388648 3388883 3396626 3398117 3404683 3409419 3409424 3409695 
012293	5 / 64 / 5	TH110	3098022	35	1098264 3094738 3125322 3155060 3212787 
002562	21 / 120 / 21	PK338	1168490	35	1104799 3078232 3080142 3080512 3085394 3094700 3099257 3100402 3214138 3217615 3242920 3252374 3254195 3308878 3323493 3326451 3389756 3390262 3396786 3404068 3405568 
007125	16 / 120 / 16	PK338	0162976	36	1104799 1155839 3065990 3078232 3078408 3081074 3083717 3085612 3091890 3092244 3093411 3094575 3097321 3098242 3100080 3214129 
008824	7 / 120 / 7	PK338	0031572	37	1104799 1138637 1156086 3067313 3077926 3090375 3090714 
001180	5 / 64 / 5	TH110	0031388	36	1124340 1153904 3125322 3165225 3329836 
011045	4 / 64 / 4	TH110	3213249	37	1124340 3087117 3220923 3390539 
012330	34 / 120 / 34	PK338	3420576	38	1124340 3069455 3079005 3081698 3092012 3118178 3152623 3153576 3208714 3213402 3216840 3217439 3217793 3224239 3261697 3322204 3329885 3332518 3335809 3336640 3344462 3346922 3382642 3388628 3390229 3390414 3395005 3397154 3403580 3405177 3405257 3406720 3406817 3409424 
002951	6 / 64 / 6	TH110	3196642	38	1134649 1156277 3062898 3084782 3097521 3098240 
009262	12 / 120 / 12	PK338	3196642	39	1134649 3098240 3099423 3219029 3316693 3322722 3346867 3373472 3382096 3390278 3409423 3427184 
012320	6 / 120 / 6	PK338	3427449	40	1134649 3081503 3098240 3205491 3217724 3225263 
012311	4 / 64 / 4	TH110	3194197	39	1138637 1156086 3067214 3090375 
003034	5 / 64 / 5	TH110	0222805	40	1153904 1155839 3065568 3084117 3085394 
006024	40 / 120 / 40	PK338	0301909	41	1153904 1161808 3108814 3243105 3265154 3323699 3324108 3329756 3330597 3330630 3331184 3331483 3333301 3335236 3351610 3356346 3357841 3374627 3381444 3382098 3388882 3389687 3390131 3394688 3395332 3396601 3397573 3398618 3403953 3404068 3405873 3406004 3406438 3406490 3406700 3406889 3408820 3409464 3409721 3409934 
003447	26 / 64 / 26	TH110	0031359	41	1154382 3065947 3085407 3085421 3104014 3114139 3114251 3152667 3175356 3188882 3190802 3205208 3216649 3219920 3227145 3268127 3305828 3314971 3322939 3331638 3344476 3356399 3403440 3404683 3408495 3409706 
003474	18 / 120 / 18	PK338	3318436	42	1154382 1157995 1163242 3073216 3079120 3081927 3095417 3099676 3125873 3145695 3213968 3220189 3228428 3261697 3275971 3305222 3305828 3408280 
001862	9 / 64 / 9	TH110	3422398	42	1154430 3068878 3082852 3099257 3106403 3120137 3173283 3185376 3315059 
004725	12 / 120 / 12	PK338	0058557	43	1154715 1156612 1157995 3087141 3092604 3095396 3096248 3193987 3213909 3220932 3265450 3316273 
004739	3 / 64 / 3	TH110	1084458	43	1155110 3096911 3153713 
005862	10 / 64 / 10	TH110	0031416	44	1155110 3078958 3080774 3086995 3096911 3112040 3112329 3188887 3191191 3216649 
005873	3 / 64 / 3	TH110	0031582	45	1155110 1156628 3078958 
012291	10 / 120 / 10	PK338	0409956	46	1155110 3079887 3080546 3081234 3086240 3087231 3126930 3145520 3152571 3217346 
006033	25 / 120 / 25	PK338	3421383	44	1155813 3081951 3087527 3090752 3092532 3092830 3094556 3094802 3095908 3109227 3110627 3125856 3126433 3126731 3149019 3152572 3185122 3192657 3204306 3205324 3210876 3215784 3217313 3248716 3251946 
006059	14 / 120 / 14	PK338	3392923	45	1155813 3061686 3072895 3079774 3079866 3079871 3081951 3085421 3087527 3088264 3088433 3090752 3094802 3096963 
004665	9 / 64 / 9	TH110	3194466	46	1155839 3209832 3311410 3315789 3329656 3397154 3398117 3409422 3410241 
004282	4 / 64 / 4	TH110	1165566	47	1156277 3082370 3088571 3089014 
012447	11 / 120 / 11	PK338	3425459	47	1156612 1158383 3086455 3088052 3092577 3104014 3125450 3153306 3205208 3215784 3216649 
001473	12 / 64 / 12	TH110	0030512	50	1156628 1158585 3078437 3080405 3081763 3082941 3085002 3089763 3093298 3095599 3096355 3100196 
011986	10 / 120 / 10	PK338	0004955	48	1156628 3078958 3093298 3097082 3112040 3322236 3335999 3350761 3351190 3372887 
012292	18 / 64 / 18	TH110	3098022	49	1156628 3081763 3082370 3082941 3085002 3089763 3093246 3093298 3095599 3096355 3100196 3104777 3120788 3217604 3258543 3280006 3315934 3322084 
004750	1 / 64 / 1	TH110	0031582	48	1158585 
005159	8 / 64 / 8	TH110	1084458	51	1158585 3093298 3194683 3252374 3345567 3349875 3351382 3385569 
004815	18 / 120 / 18	PK338	3092667	49	1159860 3068911 3078437 3081179 3090312 3091169 3093100 3095417 3121782 3126602 3194888 3209949 3214178 3219719 3221785 3248478 3260419 3315789 
006044	34 / 120 / 34	PK338	0031526	50	1160136 3061686 3072895 3079866 3079871 3081951 3085421 3088141 3089555 3090752 3091305 3092408 3092830 3094744 3096963 3097709 3109227 3115257 3116564 3126433 3126731 3152667 3155346 3192657 3193288 3193776 3205324 3214138 3215784 3216906 3217371 3251946 3307400 3316693 
011035	14 / 120 / 14	PK338	3213250	51	1160418 3092577 3204495 3220304 3239494 3241045 3307952 3312114 3323328 3332411 3372887 3374832 3396601 3401632 
007909	5 / 64 / 5	TH110	0031539	52	1161808 3063119 3078331 3330820 3330926 
012287	12 / 120 / 12	PK338	3415844	53	1161808 3062958 3065990 3078408 3078437 3089115 3211396 3215601 3216420 3273481 3329757 3334296 
005247	11 / 120 / 11	PK338	0493855	52	1162423 3067793 3077505 3099745 3121199 3126639 3127044 3155695 3188882 3197905 3223001 
005257	6 / 64 / 6	TH110	3426676	53	1162423 3068444 3095391 3126772 3262977 3330926 
004023	12 / 64 / 12	TH110	1167978	54	1162443 3085612 3103910 3165225 3177388 3216554 3217540 3311550 3321871 3335589 3364694 3389664 
008423	4 / 54 / 5	PK25	0132890	54	3217434 3268127 3333459 3390193 
001845	14 / 120 / 14	PK338	0031577	54	1164327 3098317 3120137 3185620 3194428 3208714 3211473 3215666 3219639 3221143 3248182 3262890 3309190 3331474 
012435	4 / 14 / 4	PK328	0205229	2	1164327 3070045 3090325 3331474 
005722	24 / 51 / 33	TH224	3392421	1	1164777 3092577 3114139 3311452 3311550 3321831 3322949 3329656 3332738 3344462 3348796 3349789 3356546 3374832 3388914 3389259 3389314 3389464 3390229 3392028 3394978 3397573 3408049 3409519 
005847	5 / 17 / 9	PK278	0031416	1	3194683 3247156 3304005 3307321 3408797 
008500	4 / 13 / 6	EHIII	0031619	1	3062439 3081988 3092126 3095254 
001753	5 / 15 / 8	PK259	0416447	1	3062898 3215601 3217540 3304359 3404945 
004072	4 / 16 / 9	PK337	0031578	1	3062958 3100196 3209843 3321871 
009359	2 / 6 / 2	GOCOM	0031386	1	3063119 3121582 
004809	5 / 16 / 9	BYC106	3310251	1	3063558 3205329 3315613 3316693 3331989 
007049	3 / 11 / 5	PK10	0893542	1	3065312 3211335 3302457 
011533	14 / 35 / 14	TAYF	3213249	1	3065568 3075252 3079169 3093349 3098243 3099745 3180821 3210876 3215759 3265450 3332410 3332421 3332425 3343234 
002433	4 / 9 / 4	PK300	0697660	1	3066736 3089769 3095460 3189715 
004835	14 / 42 / 16	EHLEC	0032827	1	3067056 3090312 3091176 3092244 3114776 3150160 3191428 3204517 3213921 3219719 3248478 3306761 3309285 3403427 
004840	2 / 12 / 3	CARP13	0697660	2	3067056 3409497 
007076	12 / 33 / 13	CARP25	0031568	1	3067313 3067793 3068911 3078232 3087328 3091890 3093411 3094527 3097933 3107592 3194322 3204248 
001890	5 / 12 / 6	CARP13	3312777	1	3067214 3087330 3091218 3091370 3092333 
008784	5 / 13 / 7	PK229	0031572	1	3088350 3205138 3323608 3405296 3409695 
005724	26 / 54 / 30	PK25	0031543	3	3067358 3079915 3092244 3100388 3114269 3118178 3125450 3194474 3211542 3214178 3219786 3220932 3227754 3231826 3242817 3252374 3252673 3266721 3268127 3306761 3311808 3316711 3321787 3322715 3331496 3389664 
009304	2 / 12 / 6	TAYSEM	0493856	1	3077505 3081431 
007380	18 / 43 / 21	PK243	0987494	1	3068181 3078602 3080512 3087117 3088052 3145520 3177388 3177873 3190134 3217195 3217434 3228861 3236537 3248182 3317234 3323539 3330095 3331473 
007393	2 / 13 / 4	PK229	0987494	2	3068181 3079887 
006525	1 / 6 / 2	RCSEM	3427450	1	3068444 
001841	13 / 32 / 13	CARP21	0814748	1	3068878 3081400 3085643 3088047 3091870 3095337 3098317 3099257 3173283 3185376 3185620 3307517 3315084 
003009	7 / 31 / 13	TAYG	0375562	1	3084117 3099184 3150843 3213968 3271107 3330627 3332654 
003027	11 / 50 / 17	PK180	0375562	2	3068878 3079866 3090312 3100415 3105292 3150843 3154498 3177063 3213968 3214138 3217413 
004888	10 / 20 / 11	PK354	0031373	1	3080118 3082784 3085407 3088433 3093100 3093184 3095306 3099191 3100388 3210877 
008484	4 / 12 / 6	CAN314	3420576	1	3069455 3084782 3152667 3213402 
001550	11 / 29 / 13	EHI	0031756	1	3071792 3084716 3093319 3094263 3126731 3155695 3209949 3211007 3217778 3249531 3331776 
012354	1 / 11 / 5	EH103	0492321	1	3087809 
008769	58 / 64 / 70	TH110	0431786	1	3072097 3073790 3084853 3091747 3095765 3152623 3173096 3178019 3189051 3209872 3209873 3211593 3215879 3216601 3216840 3217615 3219685 3220189 3222944 3223593 3226387 3233697 3261685 3261754 3261847 3304008 3304941 3306703 3307952 3312113 3315767 3315789 3316281 3319378 3322663 3322686 3322740 3322942 3323699 3332518 3333007 3333635 3350650 3351610 3388735 3394688 3396570 3397154 3397670 3403676 3403968 3405286 3406438 3406490 3406546 3406889 3409172 3409706 
003006	10 / 21 / 12	TAYD	0492580	1	3072895 3079866 3079871 3105292 3122857 3177063 3177165 3210000 3217413 3220304 
007081	6 / 15 / 8	TAYB	0316015	1	3087144 3087431 3089115 3097321 3098284 3118027 
001460	11 / 29 / 13	EHII	3098022	1	3081763 3082370 3089763 3094700 3104777 3120788 3125322 3153713 3155060 3322108 3329836 
012294	4 / 13 / 4	TH251	3098022	2	3075252 3094744 3215601 3221143 
002175	6 / 14 / 8	TAYC	3415849	1	3076209 3088969 3091305 3091587 3092408 3095021 
001763	14 / 37 / 16	GOB	0029059	1	3077926 3081720 3082688 3086455 3095867 3155201 3209832 3212008 3227145 3242920 3254879 3262977 3299552 3404068 
001423	25 / 50 / 27	PK180	3098022	3	3078071 3213921 3219783 3239494 3242496 3242506 3244179 3247887 3258543 3304008 3307321 3322236 3333138 3337363 3345567 3345933 3350761 3352018 3357061 3359167 3390008 3407597 3408797 3409975 3410480 
006509	7 / 16 / 9	RCCON	3194739	1	3078258 3080774 3092179 3098490 3121199 3121966 3242666 
001751	0 / 4 / 1	PK200	0254474	1	
006023	120 / 120 / 120	PK338	0301909	1	3078331 3095612 3155033 3192054 3193987 3194474 3204905 3211155 3218908 3219029 3219786 3220537 3221081 3221557 3227754 3232322 3232822 3242649 3242936 3244921 3246661 3251957 3257376 3264020 3268686 3281747 3297051 3308878 3311410 3314971 3315776 3319376 3321377 3322149 3322307 3323493 3329668 3329757 3330337 3331451 3332202 3332532 3332714 3333381 3334056 3335184 3335391 3335406 3340189 3340395 3344231 3344317 3345933 3346867 3350761 3350767 3350800 3352587 3356157 3359529 3364694 3373119 3375084 3376542 3380907 3381996 3382524 3387721 3388046 3388458 3388714 3388734 3389488 3389864 3389987 3390414 3393733 3395143 3396763 3396895 3397250 3397398 3397566 3397567 3397575 3397815 3398026 3398495 3403581 3403680 3404522 3404979 3405092 3405615 3405943 3406020 3406150 3406623 3407233 3407265 3407566 3407639 3407911 3408037 3408041 3408274 3408495 3408625 3409422 3409423 3409425 3409477 3409497 3409510 3409760 3409792 3409975 3410139 3410480 3410516 
008763	45 / 54 / 61	PK25	0428728	1	3078408 3081179 3111582 3114872 3190802 3213217 3214299 3215876 3219367 3221922 3238039 3252312 3256706 3259090 3302367 3310852 3322151 3326451 3331618 3333219 3335255 3342720 3357061 3382642 3388359 3388630 3388882 3390131 3390539 3396665 3398251 3398618 3403953 3404051 3404942 3405419 3405568 3406004 3407466 3407597 3408249 3410241 3410355 3410901 3416251 
006036	22 / 48 / 23	PK349	3422399	1	3078822 3079774 3087527 3091221 3092830 3109227 3110627 3114701 3125856 3152572 3204893 3211727 3214138 3215784 3239030 3249841 3306482 3306968 3315632 3315957 3316819 3322141 
012444	1 / 9 / 4	TH223	3426688	1	3078958 
011397	3 / 12 / 3	TAYSEM	3310251	2	3079829 3088433 3223740 
012295	3 / 9 / 4	PEMSTD	0564741	1	3079872 3217346 3248179 
005189	4 / 14 / 8	PK328	3427601	1	3079887 3190685 3322939 3333094 
007034	7 / 29 / 8	EHI	3427450	2	3080142 3082488 3121966 3211335 3213217 3322307 3407079 
001472	7 / 28 / 13	BYC127	1168460	1	3080405 3082941 3085002 3096355 3217604 3322084 3332761 
012483	3 / 7 / 3	BYC239	3426520	1	3080546 3217371 3405863 
003001	3 / 35 / 12	TAYF	0492580	2	3080843 3217439 3331638 
012351	13 / 34 / 14	PK336	0004955	1	3080943 3082488 3112329 3188887 3219428 3219436 3220091 3297368 3322236 3329744 3330986 3372887 3409736 
008467	5 / 13 / 7	TH251	0125630	1	3081073 3111037 3153576 3163183 3232625 
002367	18 / 50 / 26	PK180	0493725	1	3081234 3088147 3114269 3204511 3216871 3233850 3241045 3241876 3248177 3254237 3265154 3316711 3322752 3332252 3358560 3390492 3398464 3409721 
002635	5 / 21 / 12	TH111	0827051	1	3082033 3217667 3242147 3333105 3382096 
003486	5 / 17 / 11	CARP17	3426910	1	3091169 3119630 3194888 3312114 3322715 
005290	3 / 11 / 6	CARP15	3401548	1	3152743 3153473 3204688 
005845	9 / 33 / 14	TH104	0031582	1	3082314 3332871 3337363 3347031 3389756 3390008 3396808 3401632 3407079 
012499	1 / 9 / 2	PK300	3426910	2	3082784 
004355	6 / 15 / 9	TH102	0847593	1	3088572 3244790 3336640 3362013 3404683 3406720 
006539	1 / 8 / 4	ROSTUD	3426095	1	3083995 
010955	2 / 10 / 5	PK227	3426676	1	3084494 3118178 
002663	1 / 5 / 2	BYC100	0031478	1	3398717 
002643	3 / 12 / 3	CAN314	0827051	2	3084782 3087533 3097521 
004803	17 / 48 / 17	PK349	0031373	2	3085002 3190134 3191191 3192054 3216633 3217540 3219436 3244179 3295766 3304357 3309042 3344691 3345326 3394978 3397064 3409519 3409777 
008774	15 / 35 / 17	TAYF	0031572	3	3085126 3173283 3204248 3209832 3211478 3216914 3223468 3244921 3250907 3288377 3311410 3332980 3389987 3405873 3409420 
006508	4 / 16 / 6	RCCON	0031478	2	3085302 3085643 3097080 3213402 
003014	17 / 51 / 21	TH224	3332662	2	3085394 3094479 3099184 3122857 3151640 3194322 3204893 3209843 3214129 3217543 3218679 3220537 3304359 3315676 3316819 3322141 3333675 
002872	9 / 33 / 10	CARP25	1084458	2	3085791 3092781 3106446 3153713 3204517 3219428 3236537 3307321 3332532 
006029	72 / 120 / 72	PK338	0213446	2	3086240 3087141 3092604 3093208 3094556 3095765 3097082 3098380 3103166 3114701 3116564 3191285 3191340 3192055 3204153 3210000 3211473 3211727 3214147 3215879 3217667 3219639 3220304 3222944 3227208 3239030 3242147 3242553 3246830 3247055 3248776 3259090 3260264 3261847 3273481 3292462 3303949 3304723 3306786 3306835 3306968 3307400 3309285 3309375 3312024 3314945 3315632 3316693 3316711 3321787 3326451 3330334 3330372 3330439 3330986 3331776 3332411 3332871 3333501 3345082 3351178 3357413 3358246 3359167 3362013 3388003 3403530 3403576 3407466 3408191 3408776 3410501 
001747	5 / 15 / 6	TH102	0416447	2	3086455 3241545 3242817 3261697 3409706 
002569	0 / 9 / 2	TH223	3393847	2	
011230	4 / 13 / 4	EHSEM	0564741	2	3086709 3097468 3108814 3416251 
004288	2 / 11 / 3	CARP15	0031577	2	3096489 3216914 
006502	8 / 29 / 8	EHII	0031621	2	3086995 3087117 3089580 3097592 3152571 3209872 3321871 3405615 
006860	4 / 37 / 14	GOB	0031347	2	3204495 3330431 3332654 3408249 
006865	6 / 28 / 8	BYC127	3427120	2	3090029 3094263 3099423 3190685 3193776 3316614 
004670	1 / 9 / 2	PEMSTD	0468281	2	3087144 
007877	5 / 17 / 7	CARP17	0031386	2	3087472 3241876 3333138 3356346 3395005 
005211	8 / 22 / 8	TAYE	0493856	2	3087948 3094700 3112329 3126639 3127044 3153473 3217604 3315776 
012301	5 / 15 / 5	TAYB	3195964	2	3088147 3088572 3093050 3163183 3322107 
003031	2 / 15 / 2	TH102	0375562	3	3088264 3092179 
012299	12 / 33 / 15	TH104	3393042	3	3088571 3089014 3091176 3091747 3092830 3315767 3323644 3332580 3333675 3390193 3392028 3409172 
004290	1 / 11 / 3	PK10	1168243	2	3089014 
012498	1 / 15 / 2	PK259	3426910	3	3095306 
010731	1 / 8 / 2	ROSTUD	0431634	2	3089763 
003011	2 / 17 / 7	PK278	0031406	2	3220923 3261754 
012352	0 / 5 / 1	BYC100	3420553	2	
004017	8 / 33 / 11	TH104	0031578	2	3091169 3177388 3248478 3252312 3260419 3283446 3307002 3398717 
001547	7 / 31 / 9	TAYG	1054236	2	3091221 3106403 3110627 3216601 3217778 3219719 3406004 
002446	1 / 4 / 1	PK200	0316015	2	3091890 
004011	32 / 54 / 38	PK25	3335907	2	3091892 3169644 3219633 3247887 3248149 3305199 3335236 3343996 3344317 3346922 3347834 3351382 3354864 3381444 3388364 3388648 3395332 3396601 3396786 3397567 3398166 3398495 3403427 3403440 3403558 3405177 3406817 3407639 3408041 3409781 3410516 3410638 
012288	8 / 29 / 8	EHI	0409956	3	3092333 3095337 3185620 3194428 3214617 3307517 3315613 3315934 
002166	13 / 43 / 17	PK243	0428815	2	3092411 3095021 3119909 3150160 3189051 3204644 3205337 3205454 3211360 3213412 3213727 3227175 3306482 
001457	3 / 21 / 8	TAYD	0024663	2	3093246 3120788 3297368 
011028	2 / 11 / 3	EH103	3194739	2	3093319 3121199 
003270	8 / 21 / 8	TH111	0216539	2	3094422 3104716 3232625 3242649 3244203 3303921 3388844 3410901 
004274	17 / 43 / 23	PK243	3092832	3	3094744 3097082 3108814 3204511 3204688 3215601 3215889 3219633 3306992 3312113 3322722 3330431 3351382 3388914 3390278 3396665 3403440 
004839	4 / 13 / 4	EHIII	3422490	2	3094802 3280006 3297051 3306761 
004036	16 / 42 / 17	EHLEC	0030564	2	3095391 3105219 3109227 3110898 3155060 3155346 3165225 3188399 3204619 3211007 3214704 3248716 3268686 3311452 3317266 3332202 
005854	7 / 32 / 10	CARP21	3426688	2	3095599 3242496 3251957 3254237 3335999 3351190 3376542 
002855	120 / 120 / 316	PK338	1167851	4	3095612 3204905 3214299 3215876 3219367 3219436 3220091 3226387 3241045 3241545 3241876 3242147 3242496 3242506 3242553 3242649 3242666 3242817 3242920 3242936 3243105 3243225 3244179 3244203 3244790 3244921 3245522 3246661 3246830 3247055 3247156 3247887 3248149 3266721 3305199 3306992 3307952 3309042 3312024 3321377 3321831 3322686 3322722 3322777 3323328 3323493 3323608 3324108 3326451 3329459 3329668 3329756 3329812 3329885 3330203 3330597 3330630 3331184 3331451 3331483 3331989 3332714 3332738 3332871 3332955 3333105 3333138 3333260 3333301 3333501 3333780 3334056 3334296 3335184 3335236 3335255 3335391 3335406 3335589 3335809 3335999 3336573 3336640 3336686 3337363 3340189 3340395 3342720 3343092 3343234 3343996 3344231 3344317 3344462 3344476 3344691 3345082 3345326 3345567 3345933 3346867 3346922 3347031 3347834 3348796 3349789 3349875 3350650 3350761 3350767 3350800 3351178 3351190 3351382 3351610 3352018 3352587 3354864 3356157 3356346 
007364	64 / 120 / 64	PK338	0031611	3	3095612 3114251 3145520 3211007 3211593 3215879 3217439 3227145 3228428 3241545 3242936 3248177 3261697 3265450 3275971 3321377 3321831 3322949 3329671 3329744 3329756 3329885 3330273 3331451 3331578 3332409 3332410 3333007 3333219 3333260 3333381 3335255 3335589 3344462 3351190 3354864 3356546 3357413 3374246 3380907 3381996 3387721 3388844 3389259 3389464 3396570 3396786 3397670 3403580 3403676 3404522 3405177 3405257 3405288 3406490 3407566 3408049 3408776 3409422 3409424 3409425 3409736 3409781 3410501 
007007	10 / 32 / 10	CARP21	3427450	3	3097592 3193987 3248149 3322686 3333780 3335184 3389434 3396895 3403558 3405419 
002878	1 / 7 / 2	BYC239	0031582	2	3098553 
011198	2 / 10 / 3	PK227	0254474	2	3100080 3316782 
004882	1 / 15 / 2	TAYB	3422490	3	3210877 
002414	5 / 22 / 5	TAYE	0697660	3	3100415 3138631 3211396 3315676 3404308 
012302	1 / 13 / 1	EHSEM	3195964	3	3100458 
007087	1 / 6 / 2	GOCOM	0031573	2	3108487 
006038	8 / 29 / 8	EHII	0031621	3	3111037 3114701 3126731 3193288 3205324 3215635 3246661 3322187 
012445	0 / 13 / 1	EHIII	3426688	3	
004014	14 / 42 / 21	EHLEC	0854975	3	3177873 3241045 3297368 3316906 3323189 3329668 3330337 3330627 3331638 3332421 3388883 3389687 3398464 3409758 
012227	33 / 64 / 34	TH110	3422401	3	3113753 3126772 3190802 3193161 3211006 3214299 3214704 3215249 3231914 3243225 3247156 3254053 3260308 3306692 3309042 3315632 3322151 3323328 3332425 3334056 3335406 3343092 3344317 3375084 3388630 3390229 3390262 3395005 3395332 3404051 3404942 3405863 3409934 
007887	6 / 15 / 6	PK259	0470839	2	3121582 3219029 3228861 3256961 3261685 3388883 
005119	5 / 14 / 5	TAYC	3400071	2	3125450 3323692 3329187 3364522 3409736 
002375	1 / 6 / 2	RCSEM	0125630	2	3322942 
003275	6 / 16 / 7	PK337	0695890	2	3138631 3217415 3218335 3219685 3308669 3322151 
008470	1 / 14 / 2	TAYC	0695890	3	3217195 
008773	15 / 37 / 21	GOB	1168489	3	3163183 3191285 3193996 3210000 3217434 3219639 3219920 3250904 3312114 3329656 3331989 3332714 3404945 3408820 3409510 
004806	8 / 34 / 12	PK336	0032827	2	3169335 3262977 3264020 3296990 3329172 3393733 3396626 3398464 
012484	6 / 16 / 7	BYC106	3426520	2	3173096 3221081 3231826 3315084 3319378 3404942 
006848	16 / 34 / 17	PK336	3427120	3	3185122 3228759 3247055 3306786 3307400 3315961 3330334 3331776 3332871 3335391 3357841 3362013 3405286 3405296 3406020 3406700 
008801	6 / 28 / 7	BYC127	3194197	3	3189715 3192657 3205138 3215666 3322939 3332411 
012431	0 / 12 / 1	CARP13	0847593	3	
002413	12 / 54 / 12	PK25	3422490	4	3191210 3215099 3302367 3315767 3316711 3319376 3322107 3329172 3330820 3332252 3407566 3410516 
012497	5 / 50 / 5	PK180	3426910	4	3191428 3214178 3215635 3221785 3223740 
012355	1 / 17 / 3	CARP17	3417342	3	3397573 
002394	3 / 17 / 3	PK278	0020988	3	3204619 3205491 3330820 
002469	5 / 54 / 5	PK25	3422490	5	3204619 3205491 3304359 3307400 3330820 
003407	6 / 31 / 10	TAYG	3392446	3	3204644 3405436 3407233 3408191 3409477 3410139 
007881	4 / 20 / 4	PK354	0470839	3	3209669 3221557 3322307 3324108 
002420	4 / 48 / 4	PK349	0695890	4	3209843 3232625 3322752 3388359 
012353	0 / 12 / 1	TAYSEM	0683480	3	
002567	2 / 43 / 2	PK243	0031621	4	3213412 3219633 
002660	1 / 42 / 1	EHLEC	0031572	4	3215759 
002152	12 / 33 / 15	CARP25	0162987	3	3215876 3243105 3356399 3381444 3388003 3388714 3390020 3397250 3403576 3404979 3406004 3408037 
002637	3 / 21 / 5	TAYD	3393853	3	3216633 3220537 3220923 
004735	3 / 16 / 3	PK337	1084458	3	3216649 3220091 3329964 
011343	3 / 16 / 3	BYC106	3213249	3	3217724 3322752 3382096 
002564	0 / 14 / 2	PK328	3393847	3	
001156	1 / 13 / 2	PK229	0493725	3	3219685 
011861	2 / 13 / 2	TH251	3196642	3	3223001 3342720 
005201	1 / 37 / 1	GOB	0847593	4	3316614 
008437	1 / 21 / 5	TH111	0031619	3	3329172 
012448	2 / 51 / 2	TH224	3426910	5	3321831 3396626 
006571	0 / 12 / 1	CAN314	0031399	3	
011532	1 / 16 / 3	RCCON	0856198	3	3410213 
