86.988846
Zero Conflict:24235
Nonzero Conflict:2305
Course	Room	Teacher	Time	Students
005119	3 / 8 / 4	ROSTUD	0031560	1	0032258 0976318 1020370 
002469	3 / 8 / 4	PK264	0697660	1	0032765 0914290 0914299 
001444	10 / 39 / 13	TAYF	0031403	2	0145931 0780528 0834343 0876307 0896036 0909091 0917702 0950504 1005149 1007196 
005724	20 / 77 / 20	PK25	0031392	3	0145931 0752553 0825990 0867801 0904918 0913115 0914076 0915648 0950811 0967411 0973811 0986262 0987276 0989520 0991668 0991672 1002248 1016996 1057004 1065238 
001248	20 / 39 / 20	PK243	0031388	2	0419327 0768235 0769943 0770471 0771438 0780619 0788562 0809224 0809463 0812628 0813277 0818384 0818599 0827928 0828596 0829796 0831966 0833695 0857087 0915579 
003001	7 / 46 / 7	PK336	0375562	3	0419327 0825616 0899241 0899419 0907155 0915543 1002729 
003003	21 / 112 / 21	PK338	0031406	4	0419327 0828705 0853174 0854724 0881793 0890945 0900240 0903229 0904301 0913466 0918074 0918277 0959092 0967988 0971315 0976318 0976421 0986262 0993268 1002729 1007799 
005727	4 / 77 / 4	PK25	0984701	5	0419327 0741632 0920261 1077003 
001749	8 / 81 / 8	TH110	1064203	4	0556027 0959337 1005199 1013197 1050781 1054176 1064605 1170860 
007375	22 / 112 / 22	PK338	0031631	5	0556027 0742886 0772032 0787159 0813147 0826670 0828394 0848680 0849245 0858114 0870197 0887586 0896476 0900371 0900541 0901409 0903338 0906362 0906635 0912695 0915226 1086329 
008500	7 / 81 / 7	TH110	0031619	6	0559777 0657857 0772032 0776956 0786698 0825478 0836904 
003556	14 / 112 / 14	PK338	0599596	6	0603589 0670870 0671451 0746084 0771438 0772504 0810196 0828017 0831413 0833941 0850382 0852994 0873190 0899440 
002951	5 / 81 / 5	TH110	0088906	7	0634162 0769020 0801247 0854032 0855155 
004065	9 / 81 / 9	TH110	0854975	8	0634162 0790880 0805926 0809839 0813159 0827928 0831703 0852409 0867494 
006023	112 / 112 / 134	PK338	0301909	9	0634162 0699614 0711336 0770198 0771438 0772218 0781976 0787430 0789284 0812628 0814822 0818384 0826099 0827786 0852192 0904003 0904347 0904516 0906618 0906896 0907155 0911775 0915589 0948568 0976244 0987600 0988631 0988990 0991213 0992186 0992189 0992796 0993268 0993790 0995269 0998885 1000122 1001806 1001894 1003100 1003539 1003644 1004997 1005082 1006744 1013071 1017444 1017832 1017840 1018301 1018817 1018857 1019940 1020478 1021867 1023494 1024283 1025845 1027597 1028249 1029566 1030683 1032432 1032769 1032929 1036027 1036225 1037338 1038303 1040045 1045379 1049050 1053105 1054176 1055078 1055290 1055441 1055640 1056203 1056217 1056270 1056600 1056722 1056963 1056980 1057592 1058048 1058242 1058421 1064148 1064270 1064780 1065142 1065271 1065654 1065781 1066335 1066778 1066924 1067460 1067502 1067748 1067933 1068052 1068109 1073544 1076009 1076274 1076299 1076922 1077294 1077416 
001162	14 / 112 / 14	PK338	1063511	7	0634284 0680495 0711336 0785917 0827786 0831798 0836898 0976244 0993551 1001905 1016793 1076246 1076922 1078819 
007076	10 / 112 / 10	PK338	0031568	8	0634284 0769851 0850690 0859231 0860204 0887130 0905351 0907665 0909693 0999712 
007127	25 / 112 / 25	PK338	0031573	10	0634284 0656863 0671926 0677533 0739031 0748627 0751242 0769686 0781527 0785917 0787430 0814822 0818349 0830141 0830791 0830886 0830911 0831435 0833511 0836471 0846811 0848750 0849243 0851297 0851302 
002935	15 / 81 / 15	TH110	1167899	9	0656863 0742089 0801247 0825743 0828021 0832718 0834495 0834603 0865894 0952443 0991756 0998815 1017412 1046086 1085324 
003433	77 / 112 / 77	PK338	0031477	13	0656863 0742734 0751788 0756739 0769943 0781139 0786698 0788425 0806520 0806886 0812300 0813159 0813277 0823997 0824299 0825559 0825743 0826363 0827786 0829872 0830700 0833266 0834472 0836898 0849022 0852358 0854138 0854235 0859319 0859564 0861816 0867801 0873190 0879882 0887398 0889384 0901868 0903064 0903338 0904719 0908461 0909837 0911218 0911361 0911598 0914076 0918195 0919776 0920248 0947693 0954240 0958897 0965925 0965927 0966414 0967411 0986094 0989395 0989401 0989590 0990668 0993506 0995269 0998323 1003100 1005720 1007348 1007779 1007842 1009104 1035148 1037291 1055640 1065238 1067297 1081006 1170860 
005248	10 / 81 / 10	TH110	1167853	11	0656863 0752318 0783208 0823997 0852945 0858181 0865618 0890945 0918277 0999833 
007053	6 / 81 / 6	TH110	0088906	12	0656863 0867494 0901946 0911802 0981989 0992223 
008496	9 / 81 / 9	TH110	0031619	10	0657857 0809033 0820055 0830197 0847932 0848562 0852456 0859719 0907248 
008779	14 / 112 / 14	PK338	0576472	11	0657857 0748627 0772032 0787509 0794297 0830886 0833941 0859564 0902118 0967042 0976421 0987243 1007458 1047318 
001893	9 / 112 / 9	PK338	0898918	12	0661924 0773772 0780528 0804193 0806886 0814828 0833031 0833438 0850564 
007006	13 / 81 / 13	TH110	0031568	13	0661924 0831435 0886158 0906618 0909693 0963413 0987600 1000990 1004968 1005427 1007882 1015256 1077416 
001767	8 / 112 / 8	PK338	0995161	14	0671926 0742734 0768507 0852994 0854138 0896979 0980544 1019025 
007124	8 / 112 / 8	PK338	1075274	15	0671926 0739031 0814822 0818349 0833188 0852945 0914509 0985094 
007364	81 / 112 / 81	PK338	0162977	16	0671926 0711336 0741632 0769851 0833266 0853988 0859409 0867125 0876307 0888222 0900240 0901570 0903449 0906447 0908461 0910403 0911361 0913946 0914076 0915006 0918519 0919158 0920237 0920251 0944831 0945264 0949279 0963413 0966125 0966414 0981989 0985440 0988245 0988544 0989401 0991120 0991229 0999712 0999833 1002036 1002047 1003128 1004324 1005427 1006444 1007799 1009104 1015275 1017339 1018174 1018271 1019006 1019212 1020695 1021017 1025533 1030369 1041140 1041981 1053105 1056910 1058058 1064270 1064385 1065781 1067297 1067377 1067502 1068371 1073544 1076783 1076854 1076923 1077413 1079268 1079366 1079993 1080792 1083080 1085061 1085324 
008765	63 / 112 / 63	PK338	0431786	17	0671926 0748713 0779081 0786093 0807767 0809463 0825616 0831413 0861690 0871681 0896036 0904680 0909240 0910884 0911775 0919283 0944831 0950942 0956475 0958984 0959189 0963528 0966077 0972633 0980693 0988100 0991769 0992744 0998323 1000990 1001039 1002364 1003100 1009559 1009729 1013071 1015275 1017339 1018252 1019674 1020520 1025845 1032929 1036442 1039679 1041140 1044561 1049299 1055640 1056270 1056910 1057004 1057779 1064270 1065781 1068383 1076009 1076246 1076783 1080792 1081006 1084187 1084462 
005206	4 / 81 / 4	TH110	1051497	14	0672478 0802766 0865618 0918064 
005286	5 / 81 / 5	TH110	1020104	15	0672478 0770814 0789995 0910884 0963528 
002562	37 / 112 / 37	PK338	1167856	18	0677533 0751495 0772005 0806520 0825024 0848750 0849713 0851302 0854138 0871309 0896287 0897034 0897310 0897931 0899241 0986688 0986807 0988544 0990668 0999689 1000355 1000750 1000895 1005199 1006105 1017412 1020083 1020520 1025623 1037291 1039943 1044157 1067251 1067748 1079366 1079771 1081917 
007068	8 / 81 / 8	TH110	0316015	16	0677533 0777510 0814822 0833188 0836471 0849243 0905351 0914509 
005227	4 / 81 / 4	TH110	0088906	17	0680495 0782876 0890945 0999195 
007043	32 / 81 / 32	TH110	1167889	19	0680495 0751242 0773276 0785917 0787430 0833188 0846811 0850607 0850690 0851302 0855859 0859231 0861816 0887398 0903229 0903436 0904719 0905351 0905954 0907665 0913946 0918074 0919776 0920251 0956475 0964596 0965927 0982172 0984724 0986688 1020695 1084909 
001852	7 / 81 / 7	TH110	0409956	18	0699614 0711460 0786916 0830807 0861391 0908164 0993929 
001836	69 / 112 / 69	PK338	0898918	19	0701809 0772927 0780450 0789284 0795445 0828017 0852940 0854032 0859719 0861815 0903917 0904516 0907063 0908998 0911218 0911802 0911936 0912699 0912781 0915885 0917334 0919283 0920095 0945449 0945809 0954240 0954830 0958984 0959200 0960037 0966077 0966094 0966299 0970193 0970262 0972861 0986094 0987937 0988271 0988625 0991668 0992744 0993506 0999715 1001613 1002047 1003020 1004733 1006438 1006444 1007348 1010643 1013071 1019827 1029737 1029787 1045379 1049299 1056980 1064605 1066309 1066924 1076246 1076776 1078836 1079771 1082907 1084334 1088180 
002160	47 / 112 / 47	PK338	0004950	20	0701809 0711460 0786916 0827963 0848150 0862049 0899241 0901688 0903917 0904506 0906896 0909942 0912781 0915652 0917334 0918009 0919283 0920095 0945969 0946010 0951991 0952783 0954240 0954641 0958984 0959189 0960037 0960084 0966094 0966299 0972660 0972861 0988271 0988625 0992744 0993506 0993551 1002045 1002767 1003020 1004733 1005102 1008925 1016434 1016793 1084909 1088180 
006846	37 / 112 / 37	PK338	0824244	21	0701809 0711460 0806886 0828017 0828036 0830280 0830807 0830886 0831966 0833438 0848492 0857087 0858864 0858872 0860532 0862152 0865276 0882323 0884876 0885444 0892206 0892458 0899636 0902371 0905540 0908164 0909692 0909837 0914260 0915885 0918118 0959189 0989590 0992616 0993551 1001613 1016462 
004051	5 / 81 / 5	TH110	0031486	20	0707575 0772735 0830911 0860298 0904540 
001573	13 / 81 / 13	TH110	0826962	21	0709543 0756732 0772735 0781472 0834544 0897310 0906738 0907172 0907462 0908002 0950811 0987861 0991756 
004888	14 / 81 / 14	TH110	0031373	22	0709543 0741632 0742063 0772218 0778307 0779365 0810885 0825990 0826099 0828021 0828065 0828068 0829397 0858092 
004011	37 / 112 / 37	PK338	1084297	22	0709554 0746210 0779276 0833511 0852456 0853174 0896224 0909216 0909240 0911807 0964596 0988245 0989395 0999195 1001806 1005412 1005720 1017412 1021017 1023923 1029210 1029787 1030683 1055441 1056012 1058421 1066778 1066924 1067933 1076299 1076531 1077417 1078648 1079614 1082919 1088180 1170860 
007125	18 / 81 / 18	TH110	0162976	23	0709554 0738079 0739031 0748627 0751242 0769686 0781527 0830141 0830269 0830791 0831031 0832171 0833511 0836379 0836471 0850607 0851297 0912081 
007374	29 / 112 / 29	PK338	0987494	23	0710449 0774062 0807767 0822518 0828394 0848680 0849245 0852608 0861180 0865346 0870197 0892206 0896476 0900371 0900541 0901409 0903338 0906635 0911807 0912695 0958897 0967793 0968216 0986367 0988100 0989395 1002047 1015706 1086329 
007381	19 / 112 / 19	PK338	0031611	24	0710449 0768049 0774062 0780450 0822518 0848680 0870197 0892206 0896224 0900371 0900541 0903338 0904706 0906362 0907596 0912695 0958897 0993532 1044561 
002637	7 / 81 / 7	TH110	0828228	24	0711336 0734613 0769020 0832171 0860497 0909693 0915226 
003026	26 / 112 / 26	PK338	0222805	25	0734613 0745780 0746210 0748713 0771732 0781191 0802127 0805926 0813159 0831031 0831798 0832171 0834472 0836379 0836898 0851024 0851297 0855085 0861730 0886158 0892333 0897101 0899241 0904301 0910421 0915467 
006502	5 / 81 / 5	TH110	0031621	26	0734613 0828036 0828394 0850854 0890043 
002464	14 / 81 / 14	TH110	1051497	25	0738079 0744133 0802029 0829096 0829360 0852088 0858034 0859066 0859186 0887467 0897931 0907217 0918153 0919825 
002472	11 / 112 / 11	PK338	1051497	26	0738079 0747562 0751823 0780735 0809033 0826565 0828021 0828705 0832248 0848562 0852088 
008821	10 / 112 / 10	PK338	0031572	27	0739031 0769557 0772305 0781191 0787509 0836904 0857087 0886158 0904706 0915589 
007398	9 / 81 / 9	TH110	0851717	27	0741435 0742886 0780450 0785955 0802256 0824983 0828394 0828467 0857016 
001766	12 / 81 / 12	TH110	1165592	28	0741632 0746537 0787159 0788425 0806189 0850382 0901868 0905954 0916427 1003100 1015275 1085631 
002571	12 / 112 / 12	PK338	0564741	28	0741707 0781976 0807702 0812824 0829837 0832137 0833657 0848789 0850613 0853072 0860257 0899316 
004885	13 / 112 / 13	PK338	0672202	29	0742063 0755872 0784123 0829397 0851187 0858092 0907462 0908002 0914256 0914599 0918153 0950942 1004206 
005258	6 / 81 / 6	TH110	0056990	30	0742063 0744449 0786916 0787509 0914509 0989401 
002173	7 / 81 / 7	TH110	1083806	29	0742089 0784558 0798802 0802807 0806873 0809839 0850854 
002182	10 / 112 / 10	PK338	0428815	30	0742089 0773692 0802807 0806873 0809839 0814593 0829837 0833368 0851209 0852940 
003034	5 / 81 / 5	TH110	0222805	31	0742461 0755048 0827099 0831798 0851024 
003465	10 / 112 / 10	PK338	0058557	32	0742461 0768507 0770198 0807750 0810196 0827460 0832928 0852456 0899440 1067241 
003562	11 / 81 / 11	TH110	0024092	33	0742461 0746084 0770198 0772504 0788425 0810885 0827460 0879882 0896979 0903064 0998323 
002992	59 / 112 / 59	PK338	0031400	31	0742549 0773175 0795445 0822753 0827209 0827963 0836904 0847790 0848150 0849022 0865667 0867494 0875055 0888735 0906447 0907493 0910056 0911775 0945264 0948390 0959200 0959337 0982172 0989432 0992223 0998972 1001196 1002241 1002706 1003128 1004324 1004997 1005059 1008282 1018936 1020083 1020150 1024283 1025522 1025623 1025644 1036027 1049299 1058048 1064045 1066679 1067377 1068109 1076531 1076776 1076922 1077161 1077482 1080792 1081917 1081952 1082150 1082919 1083431 
003277	6 / 81 / 6	TH110	0675005	32	0742549 0799414 0802766 0826670 0896217 0916398 
003525	12 / 112 / 12	PK338	1063157	33	0742734 0756275 0780485 0825559 0825743 0827786 0859564 0867801 0902217 0904752 0953178 1005720 
001752	4 / 81 / 4	TH110	0416447	34	0744133 0781424 0831531 0904752 
004815	7 / 112 / 7	PK338	1074848	35	0744133 0809463 0903600 0908998 0959200 0967532 1058180 
001547	6 / 112 / 6	PK338	0031756	34	0744202 0802127 0835804 0871788 0908862 0913989 
001560	5 / 81 / 5	TH110	0031332	35	0744202 0772305 0802127 0810794 0871788 
001561	2 / 81 / 2	TH110	0031332	36	0744202 0810794 
007915	6 / 81 / 6	TH110	0775195	37	0744202 0745699 0780619 0794276 0812518 0829376 
002394	8 / 112 / 8	PK338	0020988	36	0744449 0812298 0829360 0845664 0887467 0907217 0918153 0919825 
006059	15 / 112 / 15	PK338	0409737	37	0744449 0755048 0771876 0771900 0781523 0786993 0806452 0807702 0812632 0827209 0830269 0831531 0847248 0853072 0916398 
004014	20 / 112 / 20	PK338	1084297	38	0744475 0859409 0889384 0918064 0919772 0945809 0945969 0946010 0959304 0966125 0993551 0998885 0999689 1000122 1005548 1039831 1040818 1057535 1065271 1081939 
006042	46 / 112 / 46	PK338	0207327	39	0744475 0778307 0780450 0781523 0788849 0795445 0802029 0812300 0813366 0822753 0826565 0827099 0827209 0831531 0831798 0832718 0833031 0834443 0850613 0850854 0851310 0858850 0859186 0860659 0861730 0862049 0875055 0880639 0887478 0892333 0892458 0896287 0899419 0899481 0901946 0901961 0908862 0910884 0911598 0912081 0915543 0954641 0959337 0987613 1000895 1065183 
006044	29 / 112 / 29	PK338	0431634	40	0744475 0771900 0781139 0786993 0802029 0802766 0812632 0817768 0828036 0832718 0834138 0847248 0855085 0861730 0875055 0880639 0892333 0892458 0896287 0899316 0899481 0901961 0907914 0908862 0910884 0915543 0916398 0952594 1000895 
008485	2 / 81 / 2	TH110	0031553	38	0745699 0871788 
008488	2 / 81 / 2	TH110	0031553	39	0745699 0871788 
003441	26 / 81 / 26	TH110	0897706	42	0746084 0751788 0810885 0814828 0817768 0825616 0828021 0833368 0852994 0854235 0855085 0879882 0887308 0897911 0901868 0902541 0915006 0957333 0965927 0987861 1003389 1003539 1021751 1030369 1039943 1041981 
004017	11 / 81 / 11	TH110	0031578	41	0746084 0803706 0833188 0858114 0899481 0907914 0913466 0965927 1000939 1001905 1065183 
004304	1 / 81 / 1	TH110	0056992	40	0746203 
004274	26 / 112 / 26	PK338	0017611	41	0746907 0779081 0836379 0852608 0871255 0883488 0887478 0901539 0904918 0915740 0917732 0920248 0987600 0991213 1006799 1020727 1021751 1025035 1039868 1056096 1065654 1066308 1067726 1077815 1077963 1084185 
007007	29 / 112 / 29	PK338	0028980	42	0746907 0823997 0836898 0888735 0903222 0903229 0913946 0919772 0920251 0920400 0945034 0952008 0967793 0982172 0988620 0998799 1002706 1005068 1006899 1008387 1010750 1019827 1056096 1056203 1056738 1064148 1067862 1079614 1172030 
006026	44 / 112 / 44	PK338	0213446	43	0747147 0775490 0802807 0814593 0827772 0828604 0847790 0853988 0873557 0910403 0911366 0913880 0914076 0919776 0920237 0956475 0958492 0963528 0965925 0966303 0967411 0986688 0988657 0998799 0999689 1000939 1005082 1005315 1005720 1006899 1007882 1015275 1029210 1037745 1040618 1050781 1057520 1064790 1066007 1067724 1076437 1081006 1084909 1085061 
001864	5 / 81 / 5	TH110	0031557	43	0747562 0833438 0861391 0861815 0907897 
008767	24 / 112 / 24	PK338	0428728	44	0747562 0827963 0861391 0862049 0901262 0917732 0981989 0993566 0993790 1000750 1001351 1004324 1006105 1010175 1018857 1019940 1024315 1025644 1038303 1056096 1076274 1080149 1080398 1082905 
008479	10 / 81 / 10	TH110	0031619	44	0748627 0803579 0858864 0860532 0861648 0862152 0871788 0903222 0967042 1003539 
006036	18 / 112 / 18	PK338	0031526	45	0748713 0802029 0813366 0817768 0834443 0851310 0857382 0896929 0899419 0907151 0910421 0915622 0945449 0948095 1005112 1007134 1007394 1035148 
006054	16 / 112 / 16	PK338	0207327	46	0748713 0786993 0813366 0828036 0829788 0831531 0834443 0835804 0847248 0853072 0855085 0857382 0859186 0897310 0899316 0916398 
001178	4 / 81 / 4	TH110	0827357	45	0748765 0901703 0911706 1002045 
001185	8 / 81 / 8	TH110	0031577	46	0748765 0789284 0825478 0862176 0869484 0873557 0915579 0966299 
001838	32 / 112 / 32	PK338	0168763	47	0748765 0752318 0771075 0779276 0781424 0831435 0832653 0848355 0850690 0854345 0867165 0906085 0914290 0914299 0914509 0945635 0965861 0987276 0988620 0992189 1001039 1001196 1001806 1002405 1005971 1006899 1018252 1040868 1066007 1067862 1076437 1077380 
007008	22 / 81 / 22	TH110	0316015	47	0751495 0783208 0848750 0880639 0883488 0896287 0896979 0903229 0905351 0907493 0909216 0917040 0918074 0960068 1000355 1005068 1019674 1056815 1065654 1067483 1073544 1078648 
001193	19 / 81 / 19	TH110	0706398	48	0752553 0772504 0781527 0806882 0818349 0818599 0829796 0830141 0830197 0833438 0850690 0858034 0871681 0881793 0911366 0911941 0917702 1016462 1077380 
006029	78 / 112 / 78	PK338	1167858	48	0754161 0769557 0771732 0773692 0780528 0786916 0806189 0834495 0848492 0852109 0853174 0853970 0898872 0904506 0907151 0910421 0912781 0913466 0913989 0915622 0915648 0917334 0918009 0918064 0919283 0945449 0945584 0945959 0946010 0948390 0952008 0952783 0957333 0958186 0958492 0958879 0959189 0959304 0960037 0964596 0966094 0967988 0970193 0971315 0972660 0976318 0986262 0988625 0989432 0991769 0993169 0999826 1000355 1001039 1002045 1002241 1002248 1002405 1005059 1005112 1005971 1007134 1007196 1007394 1008387 1009729 1013197 1016434 1018936 1020150 1025460 1034405 1038671 1047318 1055590 1057535 1065183 1080648 
006860	9 / 81 / 9	TH110	1167884	49	0754161 0886011 0904506 0957333 0958186 0989432 0991769 1005059 1008387 
005734	10 / 112 / 10	PK338	0855349	49	0754424 0770471 0790880 0798802 0825559 0851033 0851403 0908461 0952211 0966125 
007377	12 / 81 / 12	TH110	0031522	50	0754424 0787159 0822518 0849245 0865750 0892206 0899135 0902217 0905453 0906362 0906635 0950811 
007395	13 / 112 / 13	PK338	1167859	51	0754424 0771075 0779966 0781139 0791975 0802256 0824872 0824983 0825102 0828467 0829872 0831800 0904706 
008763	40 / 112 / 40	PK338	1083367	50	0755048 0784558 0803706 0807347 0832248 0860298 0904516 0911936 0966299 0984724 1001613 1001894 1002047 1003128 1007134 1011104 1018271 1019212 1020478 1020727 1027597 1030369 1032769 1037541 1038671 1045379 1049929 1050781 1053105 1055590 1058058 1067377 1067483 1068371 1076437 1078921 1082150 1082907 1083627 1085631 
004374	2 / 81 / 2	TH110	0847593	51	0755872 0848994 
004853	4 / 81 / 4	TH110	0032827	52	0755872 0856959 0858092 0899135 
007034	9 / 112 / 9	PK338	0031573	53	0755872 0859231 0867165 0873190 0887130 0913115 0984724 1017760 1083812 
003442	16 / 112 / 16	PK338	0826941	52	0756275 0803706 0822518 0828705 0830276 0852456 0897911 0902217 0906035 0920248 0960497 0991213 0993566 0998885 1044791 1058242 
003518	6 / 81 / 6	TH110	0915760	53	0756275 0783959 0807993 0830276 0833941 0865667 
006848	31 / 112 / 31	PK338	0031347	54	0756739 0865894 0915648 0918009 0918074 0945959 0945969 0946010 0952783 0954641 0959304 0960084 0986094 0986262 0988603 0991763 0992801 0993929 1002045 1002248 1007134 1008925 1013197 1016434 1024283 1038671 1055078 1056738 1057535 1068526 1084187 
005740	2 / 81 / 2	TH110	0031392	54	0768049 0818674 
005741	7 / 112 / 7	PK338	0855349	55	0768049 0778307 0781523 0806452 0868309 0903064 0920248 
001237	3 / 81 / 3	TH110	0827357	55	0768235 0812628 0818384 
004280	2 / 81 / 2	TH110	0031577	56	0768235 1005548 
003505	5 / 112 / 5	PK338	1063507	56	0768507 0806189 0850337 0854235 0858924 
001151	64 / 112 / 64	PK338	0309967	1	0768585 0772504 0806882 0824299 0858114 0887308 0889858 0903917 0906035 0908998 0909216 0911366 0911706 0912439 0912699 0914260 0918064 0948095 0952211 0954830 0954831 0958186 0959919 0965861 0966077 0966268 0967532 0987937 0991763 0992616 0992801 1000750 1002364 1006744 1007554 1007842 1009559 1009729 1010750 1020478 1024213 1025460 1025569 1037541 1039679 1041140 1042335 1057520 1058421 1064780 1064790 1065796 1066309 1067460 1078413 1078680 1079614 1079993 1080149 1081939 1082150 1083626 1086916 1172030 
001890	4 / 81 / 4	TH110	0826942	57	0768585 0803723 0834343 0852176 
001897	3 / 10 / 5	RCCON	0056992	1	0809224 0828596 0831966 
003454	26 / 112 / 26	PK338	0915760	58	0768585 0807750 0832653 0850382 0853174 0858924 0859719 0890043 0898872 0901570 0902217 0904918 0910403 0912699 0916427 0918195 0945034 0953178 0956475 0965861 0980693 0988657 1004997 1007779 1015256 1017760 
001213	19 / 112 / 19	PK338	0031471	57	0769943 0770471 0771438 0788562 0809224 0809463 0812628 0813277 0818384 0818599 0827928 0830197 0831966 0833695 0854235 0858034 0869484 0915579 0954830 
001845	19 / 81 / 19	TH110	0031577	58	0770471 0799016 0809224 0830280 0834343 0858872 0861815 0865894 0882323 0887308 0890199 0892458 0905540 0907897 0909692 0910056 0915652 0918118 1002036 
001763	4 / 14 / 8	CARP13	0027799	1	0771438 0832928 0860257 0870197 
004835	9 / 23 / 14	CARP15	0032827	1	0771732 0807750 0854345 0910403 0953178 0966303 0988355 0993506 1003476 
001551	7 / 18 / 10	PK349	0855533	1	0771752 0828021 0833511 0833941 0850337 0908862 0914599 
006865	9 / 21 / 12	EHIII	1167883	1	0772005 0822717 0829837 0834138 0843307 0860659 0886011 0909585 0952594 
008492	9 / 15 / 9	PK328	0031462	1	0772305 0782929 0807993 0828065 0836904 0860532 0867165 0903222 0907248 
007393	3 / 12 / 6	CARP17	0987494	1	0772735 0779966 0825102 
001576	2 / 7 / 4	PK128	0826962	1	0908002 0918153 
004808	11 / 23 / 14	TAYB	1074848	1	0772927 0773772 0813366 0825970 0849809 0887467 0919776 0950811 0991229 1004206 1077257 
001843	19 / 46 / 21	PK336	0056992	2	0773014 0780485 0799016 0807993 0819118 0858872 0883015 0887308 0899636 0901688 0915652 0915885 0960068 0966299 0985094 0992616 1007842 1016793 1085324 
002669	0 / 2 / 1	CAN311	0897706	1	
004013	29 / 77 / 32	PK25	0031578	1	0773014 0781976 0853988 0856959 0867125 0903449 0904301 0915885 0917334 0920237 0947693 0967411 0982172 0986094 0993532 1002767 1003020 1008925 1010643 1017832 1017840 1019006 1025508 1025533 1029566 1037338 1037745 1067726 1076923 
002151	41 / 81 / 48	TH110	0470544	1	0773175 0875055 0904516 0904680 0906963 0909240 0945809 0960068 0967988 0970262 0989590 0993790 0999715 1002248 1004225 1005149 1008387 1017444 1018301 1021867 1025629 1034405 1035148 1036225 1036442 1040874 1047339 1055290 1056722 1056963 1058223 1064045 1065142 1066778 1067334 1067933 1068371 1076989 1083430 1083594 1084017 
005845	6 / 20 / 11	DAL100A	0031582	1	0773276 0960084 0988603 1037291 1039868 1067251 
001856	4 / 9 / 5	TAYSEM	0826942	1	0773385 0848150 0852176 0909837 
003027	10 / 19 / 11	PK278	0375562	1	0773573 0802710 0803706 0834495 0848789 0853970 0860204 0868309 0912081 0913466 
008441	5 / 24 / 5	TAYE	0031462	2	0776956 0779966 0812518 0907248 1044791 
004857	8 / 17 / 10	TAYC	1063507	1	0778307 0788849 0828068 0845664 0857382 0867801 0871309 0901481 
001424	23 / 64 / 31	DAL204	0024663	1	0779081 0851684 0865645 0896036 0901262 0917702 0973811 0998351 1011104 1018817 1025845 1028249 1030693 1044157 1049929 1056281 1057592 1057779 1064385 1077815 1082919 1083627 1084334 
002856	62 / 81 / 62	TH110	0675005	2	0779081 0856128 0867125 0871681 0900240 0903449 0906085 0907217 0907596 0911802 0912699 0913880 0913946 0913989 0914290 0914299 0915622 0915648 0917883 0918519 0919158 0920251 0945034 0948568 0954830 0958492 0958984 0959304 0964596 0966094 0968216 0970193 0971073 0971315 0973811 0976318 0980544 0980693 0986688 0986807 0987276 0987613 0988271 0988657 0989520 0991672 0991769 0993169 0993517 0998784 0999195 0999826 1001613 1001887 1002045 1002364 1002606 1002706 1004206 1005548 1016996 1083812 
002872	2 / 14 / 7	PK337	1084458	1	0885444 0901688 
004735	0 / 1 / 1	PK241	0004955	1	
005847	7 / 21 / 14	TH104	1015598	1	0780191 0789995 0899292 0908461 0999833 1001887 1025035 
001189	6 / 13 / 7	GIL101	0138190	1	0780485 0813277 0827460 0828467 0897911 0904706 
001862	14 / 29 / 16	TH111	0031557	1	0780528 0790880 0804193 0806886 0814828 0820055 0825646 0830700 0834343 0857087 0862176 0865894 0873557 0903600 
005123	4 / 21 / 4	EHIII	0031560	2	0781147 0783959 0828705 0834138 
008796	1 / 7 / 4	PK259	0031392	1	0781191 
002162	2 / 28 / 16	CARP21	0986606	1	0959304 1015706 
002164	18 / 32 / 18	TH224	0180723	1	0781472 0784558 0799016 0806269 0812300 0847932 0850854 0851209 0851403 0852940 0861690 0865276 0884876 0886763 0888075 0890199 0901946 0911941 
004830	3 / 14 / 8	DAL112	0348369	1	0782876 0810885 0899135 
005159	9 / 32 / 11	TH224	1084458	2	0782876 0802710 0807347 0823997 0827772 0951991 0991668 0993532 1057004 
004807	7 / 17 / 10	GIL210	0672202	1	0783456 0807347 0899636 0972660 1005112 1029210 1056217 
004359	22 / 81 / 23	TH110	0138190	3	0784123 0789284 0826363 0858092 0948568 0950504 0966414 0970262 0972861 0986807 1005149 1025569 1036225 1040868 1066308 1066309 1066915 1077416 1077482 1079771 1080648 1086916 
001764	5 / 16 / 10	EHI	1165592	1	0879882 0889384 0981989 0993566 1084462 
002635	13 / 27 / 16	GOB	0320102	1	0785336 0900240 0915589 0952443 0959092 0971315 0988990 1006444 1023494 1046086 1056815 1066679 1067502 
008439	25 / 47 / 26	PK180	0132890	1	0786698 0791975 0812518 0829872 0850382 0859719 0860298 0896224 0897034 0906085 0907596 0907897 0909560 0909942 0911936 0945635 0971073 0985440 0988544 0989401 0998815 1005451 1009104 1016793 1056600 
001442	2 / 9 / 5	PK10	1167855	1	0858527 1007196 
008784	14 / 26 / 16	TAYG	0031572	1	0787159 0859409 0902118 0904003 0906618 0906896 0907493 0916427 0918009 0952008 0993268 1000895 1001196 1007458 
006539	3 / 6 / 4	PEMSTD	0777265	1	0787430 0830911 0883488 
006863	3 / 16 / 10	TH102	0826957	1	0787582 0799414 0832455 
007902	5 / 13 / 7	THTL	0028745	1	0794297 0829376 0987276 1046439 1076085 
004046	5 / 14 / 8	TH251	0854975	1	0795445 0830141 0833695 0849243 0910056 
004297	3 / 13 / 7	RCSEM	0994827	1	0882728 0904540 0909662 
008420	13 / 32 / 18	PK229	0031553	1	0803579 0847790 0855859 0858864 0862152 0915740 0958492 0972633 0991120 1001894 1003539 1017760 1077003 
004282	5 / 12 / 6	DAL318	1165566	1	0803723 0806189 0825478 0901539 0909091 
006518	10 / 32 / 11	PK229	0777265	2	0806873 0851545 0852109 0883488 0903064 0911936 0985440 1000895 1005451 1076923 
005221	5 / 11 / 6	PK227	1167853	1	0865667 0883015 0911598 0976244 1019212 
002412	14 / 39 / 23	PK243	1051497	1	0809192 0825616 0826565 0829360 0851310 0852945 0858034 0860497 0869484 0907150 0919825 0945584 0949279 1016462 
001194	6 / 15 / 9	EHSEM	0706398	1	0810196 0819118 0871255 0915226 0915652 0920261 
002660	1 / 14 / 1	PK337	0031572	2	0810794 
002709	1 / 5 / 2	PK200	0024092	1	0810794 
008773	20 / 39 / 23	TAYF	0431786	1	0812824 0904347 0912781 0913880 0913989 0919158 0920095 0945034 0959337 0960037 0986688 0992189 1004733 1006899 1007882 1015256 1055078 1056688 1076854 1078508 
001847	11 / 26 / 15	EHII	0814748	1	0814593 0830280 0830807 0848492 0861391 0861815 0882323 0905540 0908164 0909692 0918118 
004036	3 / 13 / 7	DAL105	0030564	1	0867494 0888222 0899440 
004355	9 / 25 / 15	EHLEC	0989327	1	0818674 0825024 0900525 0965925 1005315 1006799 1036027 1054176 1068109 
001196	0 / 13 / 1	GIL101	1051497	2	
002564	2 / 11 / 6	ARNST	1167856	1	0822753 0859319 
005282	4 / 6 / 4	PK232	0493856	1	0823997 0826670 0896217 1005633 
001468	1 / 2 / 2	PK300	0432212	1	0850564 
004278	0 / 8 / 5	GOCOM	0017611	1	
001559	1 / 1 / 1	PK182	0129398	1	0825743 
002668	0 / 13 / 1	THTL	0031392	2	
002671	4 / 20 / 4	CARP25	0138190	2	0825935 0851187 0862176 0873190 
004866	2 / 17 / 3	TAYC	0031582	2	0826099 0901481 
003445	11 / 24 / 15	TAYE	0031359	1	0826363 0831413 0887398 0901570 0988631 0991756 1020695 1025379 1040618 1040868 1053370 
001566	11 / 32 / 11	TAYD	0826962	2	0826565 0834472 0834544 0849809 0865618 0889700 0908998 0967532 0988631 1065945 1084462 
001568	11 / 47 / 11	PK180	0826962	3	0826565 0834472 0834544 0849809 0865618 0889700 0908998 0967532 0988631 1065945 1084462 
005141	9 / 20 / 12	CARP25	1062910	1	0827772 0852358 0992186 1003389 1005427 1019940 1024315 1040045 1066308 
007905	1 / 5 / 3	PK11	0031539	1	0852109 
004879	1 / 28 / 1	CARP21	1051497	3	0828065 
002367	23 / 46 / 25	PK336	0493725	1	0829096 0849713 0859066 0892236 0894845 0903191 0907217 0954641 0958897 0991672 0993169 0999712 0999896 1000122 1001394 1019025 1019827 1025644 1034578 1041559 1058058 1076783 1080398 
006038	15 / 32 / 17	TAYD	0031621	1	0829788 0830862 0858924 0865750 0896929 0901961 0907151 0907914 0915648 0945959 0958879 0987613 0992577 1002729 1005971 
006544	3 / 20 / 4	DAL100A	0127086	2	0830276 0900429 0992801 
006585	0 / 13 / 1	RCSEM	1075274	2	
004666	5 / 23 / 5	CARP15	0775640	2	0831800 0849245 0915740 1016434 1067483 
001179	4 / 23 / 5	TAYB	0827357	2	0906896 0944831 0988355 0992189 
004009	27 / 64 / 35	DAL204	0163316	2	0832653 0851033 0861504 0967793 0988625 0991763 1003476 1041981 1055290 1056738 1056963 1058180 1064790 1065142 1066007 1067724 1067862 1068052 1077294 1078819 1079366 1079444 1081952 1082799 1083626 1085061 1086329 
004739	1 / 27 / 1	GOB	1084458	3	0834603 
006024	23 / 77 / 41	PK25	0031454	2	0836471 0907063 0972861 0992577 0993929 1037541 1040818 1046439 1049929 1053370 1056012 1058223 1066915 1067334 1068383 1076989 1077161 1077257 1077417 1077482 1078508 1083080 1086916 
002949	2 / 64 / 2	DAL204	1051497	4	0846811 0888222 
002939	2 / 19 / 4	PK278	0320102	2	0999733 1007394 
002945	5 / 21 / 5	TH104	0088906	2	0847254 0860497 0860663 0909693 0959092 
004838	9 / 81 / 9	TH110	1051497	5	0849713 0889700 0901481 0903600 0914599 0917040 0950942 1003476 1065945 
007010	20 / 47 / 28	PK180	0162976	2	0850607 0904003 0907493 0909585 0913115 0945264 0954917 0966414 0999896 1001196 1004968 1007799 1007882 1009103 1044561 1065271 1067748 1068526 1076776 1083431 
006500	25 / 112 / 25	PK338	0777265	3	0851024 0852109 0853970 0858181 0920400 0985094 0985440 0998799 1002036 1004968 1005346 1021017 1024315 1025035 1025522 1030683 1032432 1032769 1032929 1038303 1056688 1064780 1067182 1067724 1077413 
006508	3 / 17 / 3	GIL210	0031478	2	0851209 0858181 1005346 
003007	9 / 28 / 9	CARP21	0222805	2	0851310 0858850 0859186 0860204 0892333 0894845 0897101 0907155 0912081 
004733	4 / 26 / 6	EHII	0004955	2	0851684 0861648 0865645 1067182 
005863	2 / 32 / 2	PK229	0031582	3	0851684 0888222 
001467	3 / 77 / 3	PK25	0031582	4	0858527 0869484 0876307 
005121	6 / 39 / 6	PK243	0031560	3	0858872 0913946 0917883 0995269 0999712 1057520 
007881	4 / 18 / 4	PK349	0217682	2	0860257 0911218 1004997 1076085 
004027	5 / 25 / 6	EHLEC	0215359	2	0907914 0909837 0913466 0965927 0966303 
004379	1 / 47 / 1	PK180	0138190	4	0871309 
001465	1 / 32 / 2	TAYD	0024218	3	0871681 
007887	2 / 32 / 3	TH224	0217682	3	0886763 0998784 
006555	1 / 26 / 1	TAYG	0127086	3	0899316 
002855	112 / 112 / 278	PK338	0309967	2	0901262 0904680 0906447 0906618 0906963 0909942 0911775 0917040 0920400 0987600 0987937 0988603 0988990 0991120 0991213 0992186 0992796 0993790 0998351 1000355 1000750 1001351 1001394 1001806 1001894 1001905 1002241 1003389 1003644 1004225 1004324 1005059 1005082 1005315 1005412 1005427 1006105 1006438 1006444 1006744 1007554 1008282 1009559 1009729 1010175 1010643 1010750 1011104 1013071 1013197 1017339 1017412 1017444 1017832 1017840 1018174 1018252 1018271 1018301 1018817 1018857 1018936 1019006 1019025 1019212 1019674 1019827 1019940 1020083 1020150 1020370 1020478 1020520 1020695 1020727 1021017 1021751 1021867 1023494 1023923 1024213 1024283 1024315 1025035 1025379 1025460 1025522 1025533 1025569 1025623 1025629 1025644 1025845 1027597 1028249 1029210 1029566 1029737 1029787 1030369 1030683 1030693 1032432 1032929 1034405 1034578 1035148 1036027 1036225 1036442 1037291 1037338 
004288	4 / 39 / 4	TAYF	0031577	3	0901539 0901688 0909091 0966268 
004394	1 / 13 / 1	DAL105	0316015	2	0901703 
008470	3 / 16 / 3	EHI	0697660	2	0903222 0967042 0972633 
006525	1 / 16 / 3	TH102	0031573	2	0904719 
001747	2 / 15 / 3	PK328	0416447	2	0904752 1056320 
001765	2 / 15 / 3	EHSEM	0271874	2	0959919 1007779 
002149	4 / 26 / 8	TAYG	0470544	2	0909662 1055441 1076009 1079268 
005852	1 / 12 / 1	CARP17	0031416	2	0912235 
006501	11 / 64 / 13	DAL204	0031478	3	0920095 1001351 1008925 1018252 1042335 1065183 1065196 1067251 1067297 1079444 1084321 
005129	0 / 14 / 2	DAL112	0431786	2	
001755	2 / 29 / 2	TH111	0271874	3	0918195 1058180 
002408	3 / 64 / 3	DAL204	0138190	5	0945584 0949279 0954917 
004361	2 / 14 / 2	TH251	1063561	2	0949279 1005068 
007877	5 / 27 / 9	GOB	0031386	2	1039943 1040045 1040618 1047318 1058048 
003407	5 / 29 / 11	TH111	1081648	2	1056722 1065196 1066335 1078921 1081917 
001156	1 / 14 / 3	CARP13	0493725	2	1056217 
