81.94075
Zero Conflict:39284
Nonzero Conflict:3455
More students interested than room limit: 1
Course	Room	Teacher	Time	Students
004014	11 / 22 / 11	CARP25	3996718	1	3432357 3712913 3793612 3653200 3774943 3667453 3762625 3769494 3931001 3816466 3583596 
012354	8 / 28 / 8	TAYF	0492321	2	3432357 3581786 3771823 3799593 3481532 3797855 3910508 3910761 
012355	5 / 50 / 5	PK234	3817289	3	3432357 3771823 3668765 3668895 3910741 
015450	3 / 50 / 3	DAL315	1083671	4	3432357 3676165 3560199 
004082	9 / 22 / 11	DAL2	1167978	1	3580095 3559657 3559857 3558800 3576248 3599497 3668775 3668816 3668920 
007127	23 / 72 / 23	DAL119	3198619	2	3460718 3516442 3559624 3559645 3568950 3577795 3581038 3570123 3690445 3581207 3487623 3518231 3560199 3561402 3581995 3483954 3581249 3510878 3796230 3542887 3692609 3463919 3581192 
007381	40 / 192 / 40	PK20	0031611	3	3462240 3575309 3705083 3725997 3789573 3816336 3796237 3767997 3521461 3525604 3797206 3592680 3788983 3819645 3711406 3821231 3610681 3595163 3661465 3677885 3816104 3818762 3822613 3581786 3690652 3693286 3768356 3581149 3679221 3695784 3578673 3668777 3668868 3774124 3797605 3797708 3910510 3910539 3910614 3910622 
015243	15 / 70 / 15	PK278	0031631	4	3462240 3552259 3577806 3581085 3596492 3694434 3574866 3694433 3556617 3574137 3558838 3693219 3668969 3797650 3797806 
002174	10 / 75 / 10	PK349	3926209	5	3471450 3505157 3580269 3521265 3561074 3581996 3559302 3580251 3574543 3650578 
001765	12 / 192 / 12	PK20	3927849	5	3474374 3547282 3693565 3699593 3819309 3462019 3581389 3823228 3668801 3797777 3797780 3910677 
003572	31 / 192 / 31	PK20	0024092	6	3474374 3483036 3484746 3502893 3524341 3544254 3547282 3559900 3560687 3575769 3581171 3581870 3699536 3818686 3560511 3540714 3561001 3462019 3551641 3480734 3549052 3561318 3581846 3471190 3578177 3581596 3473086 3576230 3580407 3483546 3578488 
005197	18 / 75 / 18	PK349	1020104	6	3480728 3581247 3591591 3668538 3559903 3560649 3492423 3577054 3579579 3691228 3857764 3914822 3819542 3581981 3668986 3669019 3797808 3797817 
009362	19 / 192 / 19	PK20	0031619	7	3480728 3560858 3581827 3476927 3816463 3691140 3818676 3818746 3579181 3789136 3816970 3823113 3475959 3816993 3797826 3910470 3910583 3910599 3910628 
014551	16 / 192 / 16	PK20	0492451	8	3480728 3580796 3667821 3693253 3693565 3816463 3487623 3693224 3694039 3817682 3822535 3695784 3558963 3668858 3797808 3910656 
002568	17 / 75 / 17	PK349	1168490	7	3480867 3576013 3581171 3581952 3650277 3560373 3470393 3695024 3651499 3821393 3503382 3581227 3693902 3559591 3645471 3668914 3669044 
011963	11 / 75 / 11	PK349	0409956	8	3480867 3497993 3529298 3581085 3652276 3581609 3651816 3481894 3574137 3560487 3669028 
013712	10 / 75 / 10	PK349	0851717	9	3480867 3524963 3559657 3531305 3581228 3525604 3503587 3574137 3822613 3479311 
006026	49 / 192 / 49	PK20	0213446	9	3481391 3493748 3512896 3529298 3544254 3561430 3574967 3580671 3581038 3581870 3582182 3652569 3668195 3712888 3818675 3581274 3516634 3797206 3578714 3560167 3560199 3577187 3610671 3816549 3668130 3816104 3576230 3630915 3904965 3839352 3845742 3902905 3814107 3826470 3851735 3930296 3930967 3561511 3668775 3668790 3668833 3668846 3668882 3668923 3668952 3669029 3797587 3910584 3910630 
004877	11 / 75 / 11	PK349	0031373	10	3481944 3508682 3575908 3580671 3581907 3576753 3579949 3482101 3619255 3691694 3575969 
004888	5 / 75 / 6	PK349	0032827	11	3481944 3581080 3581469 3579949 3692294 
001770	12 / 192 / 12	PK20	3688148	10	3483036 3484746 3568950 3581870 3615055 3557742 3561074 3665045 3549052 3796974 3472140 3668974 
001185	10 / 192 / 13	PK20	0123161	11	3483511 3502893 3817177 3771747 3651605 3820774 3577485 3796007 3576354 3668886 
001248	20 / 192 / 20	PK20	0135660	12	3483511 3559843 3559963 3560858 3576126 3580991 3581830 3557478 3561772 3574866 3521272 3537536 3485756 3540124 3574483 3538400 3575735 3580714 3574563 3580259 
013921	12 / 75 / 12	PK349	3483424	13	3483511 3559963 3650277 3426943 3480868 3521461 3575928 3580326 3575483 3560487 3576522 3668912 
002394	11 / 75 / 11	PK349	0020988	12	3483977 3580798 3821006 3821116 3598090 3546417 3579361 3591436 3910503 3910702 3910741 
002409	18 / 192 / 18	PK20	3448653	13	3483977 3559645 3581827 3821048 3821116 3561772 3606293 3487623 3668623 3470797 3653119 3226303 3463919 3821632 3666161 3797819 3910563 3910763 
002413	19 / 192 / 24	PK20	1051497	14	3768025 3797331 3820756 3820963 3820010 3689919 3821571 3576763 3498974 3929800 3931474 3653119 3463919 3576512 3666161 3910527 3910529 3910563 3910673 
002472	25 / 192 / 25	PK20	3208421	15	3485170 3512896 3576231 3576792 3577741 3580095 3479534 3476864 3533093 3540190 3559970 3470797 3546417 3580389 3505185 3540705 3568636 3576763 3397840 3483003 3561098 3668827 3668923 3668972 3669008 
005310	12 / 75 / 12	PK349	0493856	14	3485628 3560193 3581827 3819232 3538688 3560649 3561516 3578707 3556617 3577054 3579579 3559462 
005728	8 / 75 / 16	PK349	3648007	15	3485628 3650874 3817048 3691694 3650256 3693286 3694415 3668766 
007026	15 / 75 / 16	PK349	3198619	16	3493931 3606350 3667654 3694980 3581249 3585962 3687862 3792443 3692609 3796254 3668763 3668880 3797626 3910561 3910635 
004383	15 / 192 / 17	PK20	3451416	16	3481944 3486834 3559624 3574519 3575908 3789070 3599536 3575483 3655749 3578488 3584685 3668916 3668982 3910515 3910634 
012665	5 / 75 / 5	PK349	3332662	17	3486834 3579028 3577022 3581980 3560770 
002162	18 / 192 / 18	PK20	0168378	17	3493748 3496439 3610287 3648550 3690043 3693813 3496673 3650239 3690806 3460343 3591844 3689500 3578747 3668766 3668843 3668871 3668886 3669027 
002164	20 / 192 / 20	PK20	0180723	18	3493748 3496439 3581918 3610287 3648550 3667503 3690043 3693813 3496673 3690806 3656490 3460343 3549272 3591844 3694903 3689500 3820380 3578747 3669000 3797863 
011826	15 / 75 / 15	PK349	0180723	19	3493748 3496439 3610287 3648550 3667503 3690043 3693813 3496673 3650239 3690806 3460343 3591844 3694903 3689500 3578747 
006557	4 / 75 / 4	PK349	0031573	18	3493931 3592208 3692514 3576011 
004355	18 / 192 / 18	PK20	0847593	19	3497948 3611048 3796732 3574542 3690204 3789315 3650256 3930303 3764613 3929237 3910179 3929241 3851913 3901790 3904334 3915042 3929167 3676089 
007899	8 / 75 / 8	PK349	0821481	20	3497948 3651243 3821088 3612203 3797631 3797710 3797764 3797833 
012284	4 / 75 / 4	PK349	0031386	21	3497948 3651243 3574542 3668752 
001839	31 / 192 / 31	PK20	0898918	20	3497993 3538202 3560256 3579723 3581038 3629467 3652276 3668196 3689375 3693789 3694428 3712888 3817668 3823130 3558739 3591591 3692440 3817962 3580211 3816722 3668420 3817487 3560167 3577187 3591211 3513947 3596713 3479311 3560487 3930864 3576512 
002160	46 / 192 / 93	PK20	3926209	22	3497993 3574519 3629467 3651487 3652276 3666801 3668196 3671851 3692796 3693789 3695368 3715444 3768197 3817668 3820588 3820732 3426943 3580211 3611135 3816722 3821069 3821197 3721962 3558796 3579645 3652353 3816554 3821440 3722926 3821097 3581596 3694754 3716638 3680751 3816483 3821166 3651605 3695543 3699567 3930705 3846717 3861339 3915054 3930864 3710991 3669028 
015454	9 / 192 / 10	PK20	0058557	21	3502893 3581920 3650874 3455037 3480734 3581315 3680751 3602435 3910497 
002182	11 / 75 / 13	PK349	0428815	22	3505157 3579723 3580269 3574558 3581605 3471447 3559149 3580251 3549272 3574543 3650578 
003427	7 / 75 / 9	PK349	3818518	23	3578240 3691983 3699561 3577054 3668817 3910483 3910763 
006044	61 / 192 / 61	PK20	0207327	24	3505157 3559534 3574349 3574519 3576879 3577703 3578804 3581282 3581952 3651243 3667273 3691981 3693789 3695368 3797331 3820030 3821439 3579949 3632881 3692771 3692098 3715155 3789493 3574873 3820257 3651499 3821393 3492423 3694006 3478356 3575898 3595641 3629518 3691416 3694417 3789055 3820032 3492361 3556970 3631215 3651605 3690361 3695543 3695554 3818782 3475959 3477425 3576002 3578252 3581913 3694236 3462565 3577485 3580397 3581375 3650596 3668748 3668782 3668878 3668968 3668978 
004869	9 / 192 / 12	PK20	0053518	23	3560687 3575908 3577795 3581469 3576753 3482101 3692294 3558963 3668770 
015469	5 / 75 / 5	PK349	3451416	24	3508682 3695292 3815902 3561026 3638956 
008500	17 / 192 / 18	PK20	0031619	25	3510665 3574047 3578036 3694791 3503630 3485774 3561660 3514095 3559537 3577167 3581999 3576037 3577590 3578781 3559476 3578861 3668870 
008786	13 / 75 / 14	PK349	3818518	26	3665300 3691981 3728679 3790792 3581962 3788983 3816549 3820397 3821269 3668967 3668988 3797665 3821552 
011322	1 / 75 / 4	PK349	0028980	27	3561511 
013620	14 / 75 / 14	PK349	1020104	28	3510665 3540662 3577795 3665300 3790792 3816180 3632720 3579579 3769494 3668911 3797586 3910509 3910591 3910756 
002456	5 / 75 / 5	PK349	3839983	25	3512896 3577741 3668849 3669008 3797644 
004803	20 / 192 / 22	PK20	0031373	29	3512896 3560687 3578811 3717144 3470846 3929864 3811886 3830308 3915332 3827187 3910937 3668821 3797822 3910609 3910630 3910644 3910675 3910684 3910692 4086488 
010314	33 / 192 / 70	PK20	0402773	26	3514964 3543742 3576792 3820745 3678350 3820885 3816554 3821440 3691616 3687862 3695543 3820768 3821588 3905460 3930683 3902439 3908117 3822218 3930817 3819269 3901413 3903896 3458065 3846920 3850568 3904645 3905871 3591436 3691783 3692316 3790306 3768303 3819196 
002635	14 / 192 / 14	PK20	3393853	27	3519078 3816832 3820963 3668130 3818770 3820587 3929419 3901004 3576990 3929812 3956133 3915028 3722764 3768303 
003474	14 / 192 / 14	PK20	3318436	28	3524341 3634695 3667404 3691983 3699536 3695292 3480999 3561026 3694101 3578177 3629518 3619323 3630915 0238986 
012730	6 / 75 / 6	PK349	3554810	29	3524341 3699536 3485774 3768555 3551641 3995719 
014534	24 / 192 / 24	PK20	0031631	30	3524963 3816336 3712913 3480999 3699613 3821231 3690733 3503587 3817682 3717137 3580586 3559731 3668759 3668804 3668939 3668959 3797656 3797680 3797862 3797881 3910535 3910537 3910720 3910571 
015115	21 / 192 / 21	PK20	0820103	31	3524963 3581920 3621523 3635008 3531305 3711406 3558838 3690652 3823113 3581456 3689893 3692915 3774116 3576457 3668873 3668984 3669024 3797634 3797681 3797823 3797862 
001473	7 / 75 / 7	PK349	3555417	30	3540662 3574967 3578963 3579687 3580991 3581903 3483306 
015416	11 / 75 / 11	PK349	3194197	32	3543742 3578804 3692786 3581962 3540428 3575971 3580383 3603544 3797665 3797833 3797862 
003485	19 / 75 / 19	PK349	0024092	31	3529298 3543742 3544254 3560858 3790825 3818686 3455037 3592208 3690204 3819372 3930865 3823192 3759337 3829442 3929635 3851846 3575971 3768303 3700270 
013274	13 / 192 / 16	PK20	3443571	32	3544254 3689402 3692766 3694813 3560511 3561001 3851907 3471190 3616872 3669280 3690020 3580407 3692761 
013643	9 / 75 / 9	PK349	3470325	33	3547282 3557742 3656490 3674492 3667311 3692164 3930253 3668930 3797794 
007380	27 / 192 / 28	PK20	0987494	33	3552259 3621523 3630501 3651750 3668196 3693084 3705083 3501476 3581274 3821008 3817260 3651816 3796723 3610681 3817427 3579116 3677885 3693286 3814296 3578861 3580912 3667676 3695784 3796007 3819613 3668787 3797839 
006042	15 / 192 / 41	PK20	0031526	35	3578240 3610120 3578842 3616918 3564528 3653200 3493704 3820038 3576248 3579864 3487429 3669037 3797628 3797649 3797826 
014550	23 / 75 / 23	PK349	0695890	34	3559534 3561430 3577806 3581282 3652569 3675467 3796906 3715155 3818480 3774021 3595163 3817682 3579092 3818064 3956133 3931929 3576431 3668761 3668990 3692018 3910462 3910540 3576333 
002567	25 / 192 / 28	PK20	3393847	34	3559624 3576020 3576879 3581201 3689845 3708638 3821179 3821554 3789055 3820032 3678357 3819143 3668753 3668760 3669030 3797599 3797610 3797702 3910486 3910490 3910519 3910563 3910634 4094953 3910579 
008420	25 / 75 / 27	PK349	0125630	35	3559645 3821048 3712913 3678350 3488858 3816549 3821166 3578921 3678357 3796974 3820491 3905822 3814776 3930544 3834985 3930890 3914371 3929644 3833424 3834370 3851735 3901669 3817981 3805981 3797676 
008479	17 / 192 / 18	PK20	0031619	36	3578036 3602816 3694791 3692786 3693253 3559903 3574558 3652396 3488858 3514095 3578910 3577590 3823113 3489089 3502364 3668870 3797784 
001771	6 / 75 / 7	PK349	1061058	36	3559900 3578842 3544945 3463199 3579414 3669019 
003433	22 / 192 / 23	PK20	0995587	37	3559900 3581171 3615055 3712286 3797532 3818274 3818675 3819332 3609407 3768625 3819309 3816104 3843810 3930025 3929575 3823438 3788919 3821766 3844962 3905868 3930841 3768620 
013168	11 / 75 / 12	PK349	0031359	38	3559900 3560687 3575769 3818686 3694980 3581846 3699613 3592325 3668863 3668955 3668987 
014563	15 / 75 / 18	PK349	0135660	37	3559963 3630526 3651465 3651486 3485756 3579645 3559149 3538400 3694754 3714653 3694415 3774808 3651606 3684090 3910621 
006846	48 / 192 / 102	PK20	3461209	38	3538202 3560256 3629467 3671851 3689375 3694712 3728679 3768197 3817668 3818024 3820732 3823130 3817962 3611135 3821069 3821197 3816992 3591774 3656490 3481894 3549272 3557244 3581999 3693712 3694754 3708949 3680751 3785953 3789283 3818807 3540705 3559857 3666570 3717137 3819143 3953805 3790244 3576512 3651606 3652350 3668749 3668759 3668798 3668894 3668918 3668979 3797737 3910498 
008468	4 / 75 / 5	PK349	3839981	39	3561430 3575071 3821269 3821552 
007372	20 / 192 / 27	PK20	0603646	39	3485170 3621523 3635008 3796906 3693253 3796723 3691616 3694433 3595163 3661465 3789529 3576473 3484374 3514920 3596193 3669002 3669084 3797877 3910462 3910500 
001465	13 / 192 / 13	PK20	3098022	40	3540662 3574967 3578963 3579687 3582182 3581903 3666175 3491953 3668386 3789315 3639603 3650256 3580139 
013212	12 / 192 / 13	PK20	3996564	41	3792443 3672031 3914750 3616206 3666520 3797733 3910476 3910531 3910539 3910635 3910652 3910717 
004304	11 / 75 / 11	PK349	0492580	40	3575769 3580217 3479534 3485756 3561660 3581135 3546417 3557244 3505185 3568636 3668891 
002433	6 / 75 / 8	PK349	0697660	41	3598090 3690346 3580389 3668849 3668868 3797744 
006879	8 / 75 / 8	PK349	1167884	42	3576879 3579291 3482288 3558543 3564528 3580955 3465332 3581192 
006059	23 / 75 / 23	PK349	0409737	43	3577109 3578811 3581952 3580584 3692771 3561084 3577022 3694426 3580114 3581135 3482288 3555932 3575916 3478356 3564528 3513947 3581077 3822535 3581913 3560770 3650596 3487429 3668782 
006587	9 / 192 / 9	PK20	0031478	42	3577109 3581098 3581228 3576011 3506324 3579116 3579414 3510971 3558528 
003004	28 / 192 / 28	PK20	3473854	43	3577703 3579028 3650225 3690778 3819598 3820030 3821359 3820037 3581846 3817637 3796926 3797576 3797628 3797649 3910479 3910502 3910523 3910532 3910538 3910543 3910586 3910588 3910629 3910642 3910683 3910688 3910725 3910746 
002463	2 / 75 / 5	PK349	0031373	44	3596713 3668849 
011191	7 / 192 / 8	PK20	3213249	44	3578036 3665300 3581455 3820397 3930731 3478343 3559476 
008824	3 / 75 / 6	PK349	0031572	45	3578804 3575971 3559225 
006863	12 / 192 / 19	PK20	0031347	45	3576879 3579291 3579094 3693921 3482288 3564528 3465332 3581192 3505134 3668814 3797678 3797705 
004022	10 / 192 / 11	PK20	0854975	46	3578963 3579687 3705083 3581663 3585962 3768034 3581786 3694668 3930301 3910551 
011865	7 / 75 / 8	PK349	3818521	46	3580217 3581220 3561229 3694039 3579181 3458061 3576623 
007887	6 / 75 / 6	PK349	0772775	47	3580671 3711797 3821088 3820768 3910489 3797710 
015446	17 / 192 / 22	PK20	3819183	48	3580671 3630526 3651486 3817379 3570123 3819230 3581249 3575266 3668365 3852217 3889653 3930052 3904334 3905885 3609553 3464396 3797606 
013192	13 / 192 / 27	PK20	3459335	47	3581085 3689375 3591591 3692440 3470393 3581081 3668420 3481894 3557244 3591211 3581232 3579143 3668966 
013658	6 / 75 / 7	PK349	3393847	48	3576013 3581227 3693902 3668787 3797614 3910737 
010968	4 / 75 / 5	PK349	3995790	49	3581201 3716357 3569865 3797667 
005284	1 / 75 / 1	PK349	0031373	52	3581827 
004279	9 / 192 / 12	PK20	3818521	49	3651365 3632720 3667674 3651439 3694810 4000229 3583596 3684090 3910605 
008773	9 / 75 / 9	PK349	3194197	50	3581918 3611048 3691981 3818024 3661465 3839352 3668843 3797821 4086254 
003454	15 / 192 / 15	PK20	0599596	50	3581920 3650874 3689402 3691983 3692766 3694813 3818675 3557742 3796237 3819230 3851907 3694101 3690733 3630915 3602435 
010731	7 / 75 / 8	PK349	0207327	51	3581952 3692771 3561084 3580114 3581980 3462565 3668782 
014543	13 / 192 / 17	PK20	3098022	51	3540662 3580796 3582182 3796732 3666175 3693185 3818676 3768972 3771747 3914371 3914820 3819433 3684090 
015419	19 / 192 / 22	PK20	3098022	52	3540662 3574967 3580796 3582182 3796732 3581903 3666175 3693185 3650256 3768972 3771747 3913606 3914371 3858245 3914820 3692316 3483059 3819433 3620520 
006029	73 / 192 / 76	PK20	3470402	53	3602816 3651465 3690799 3705083 3710476 3796906 3816960 3819598 3821439 3649880 3821077 3821179 3611135 3632720 3650239 3692098 3821069 3821554 3819177 3818480 3821440 3788990 3774021 3581455 3653200 3716638 3692862 3789288 3796247 3816483 3817637 3821166 3651605 3667464 3699567 3769368 3818770 3820965 3930303 3823262 3929237 3903138 3929586 3930817 3799474 3824188 3901413 3904620 3908300 3930547 3668378 3822912 3846920 3847728 3861339 3915026 3915267 3928966 3929468 3360165 3930083 3576002 3691783 3716140 3790306 3821643 3821047 3419024 3721994 3910498 3910543 4093813 3652959 
008770	31 / 192 / 31	PK20	3554385	54	3602816 3651465 3768025 3796906 3823130 3575071 3820729 3797564 3817427 3630474 3669069 3691416 3785953 3577590 3612623 3769368 3819143 3910343 3852520 3904965 3854016 3823438 3910347 3823271 3846234 3913862 3817981 3848104 3692915 3668964 3669019 
013185	8 / 75 / 8	PK349	3420576	55	3602816 3668366 3559903 3652396 3691140 3489089 3581851 3797676 
007377	35 / 75 / 39	PK349	0031522	53	3485170 3621523 3652276 3725997 3667385 3712913 3716357 3816992 3818746 3822613 3612623 3668365 3789136 3821016 3931959 3910347 3915028 3667453 3790928 3931688 3668787 3774124 3797612 3797636 3910506 3910510 3910549 3910555 3910583 3910594 3910610 3910622 3910651 3910672 3910680 
011321	12 / 75 / 12	PK349	0028980	54	3575309 3606350 3668366 3690800 3694481 3652273 3690445 3538400 3580346 3668915 3668938 3669011 
006854	13 / 192 / 13	PK20	0750235	55	3610120 3792350 3818773 3789493 3584557 3694738 3612203 3667464 3820965 3929237 3824188 3822912 3823387 
001151	50 / 192 / 103	PK20	0031388	57	3560193 3611048 3816764 3817177 3818274 3574866 3667654 3797164 3819628 3537536 3558796 3816708 3714653 3683644 3692862 3771747 3773692 3819372 3764422 3815949 3820992 3929165 3931971 3910343 3797266 3913786 3814776 3914928 3768588 3930614 3914906 3796148 3813457 3914344 3915243 3758045 3758075 3819353 3901254 3901790 3905868 3911124 3929635 3930162 3931001 3851345 3953805 3792406 3676089 3910738 
002562	52 / 192 / 54	PK20	3792642	56	3615055 3689402 3690799 3694813 3781152 3797331 3821044 3821048 3821077 3560649 3667654 3695373 3851907 3576011 3820729 3559970 3577984 3581999 3693368 3580714 3818227 3492361 3580259 3652339 3678357 3860451 3811886 3914750 3930047 3823278 3903909 3913674 3848415 3906250 3910422 3930137 3848104 3796254 3668816 3668885 3668910 3668967 3797607 3797669 3910469 3910480 3910497 3910572 3910636 3910678 3910686 3910717 
007877	9 / 75 / 11	PK349	0031386	58	3817048 3693557 3790857 3811886 3858042 3695784 3818029 4086413 3820212 
004065	5 / 75 / 5	PK349	0854975	56	3629467 3683644 3650578 3905715 3668974 
006035	29 / 192 / 38	PK20	0409737	59	3574349 3578240 3651487 3691981 3820745 3821439 3580584 3820405 3694426 3581135 3482288 3478356 3575898 3774021 3503382 3581077 3692862 3789283 3492361 3493704 3631215 3695554 3820965 3956133 3477425 3578252 3820038 3579864 3581127 
002992	57 / 192 / 72	PK20	3473854	64	3730202 3764157 3521265 3651585 3652273 3580251 3797084 3689919 3789055 3790492 3816486 3930301 3672031 3915036 3824450 3930303 3854723 3764613 3930034 3789246 3914724 3904320 3616206 3817507 3908300 3913815 3914813 3930102 3811941 3823271 3823311 3851913 3852207 3858245 3904101 3912597 3914814 3915267 3928890 3929468 3929679 3929883 3930042 3930118 3930135 3930168 3931474 3914502 3929979 3580256 3579864 3816466 3693241 3668826 3797760 3910468 3910646 
011045	7 / 75 / 7	PK349	3213249	57	3630501 3665045 3538400 3710991 3651293 3796007 3910632 
005845	17 / 192 / 24	PK20	3212821	58	3650225 3722992 3690445 3815902 3816992 3581315 3818746 3464954 3692164 3824908 3913807 3759092 3798513 3844962 3929954 3930841 3768458 
014135	17 / 192 / 34	PK20	0493855	60	3474374 3816832 3815902 3819309 3665045 3693092 3578177 3690733 3796974 3817419 3823151 3903861 3668832 3797606 3797665 3910646 3910710 
004280	8 / 75 / 9	PK349	0949010	59	3651365 3632720 3667674 3639603 3694810 3694039 3627845 3668767 
011861	4 / 75 / 7	PK349	3995790	60	3905822 3910179 3813457 3609553 
008447	15 / 75 / 27	PK349	0132890	61	3651486 3797206 3816463 3817487 3580251 3691140 3576037 3668130 3818762 3691228 3764207 3902404 3489089 3668879 3797684 
008763	39 / 192 / 46	PK20	0899465	62	3651486 3820588 3821197 3666570 3689328 3774808 3818122 3929165 3860451 3930034 3914724 3871572 3930676 3816108 3820858 3823755 3902614 3902667 3902905 3903092 3929849 3930678 3823228 3902759 3910185 3913863 3914498 3929679 3930026 3930118 3930162 3930674 3931323 3475959 3915038 3930070 3816924 3580586 3818029 
007368	40 / 192 / 55	PK20	0162977	61	3651487 3663306 3699561 3768339 3595641 3693185 3797084 3817427 3816104 3820395 3559172 3693557 3930705 3910343 3797168 3692164 3904965 3904320 3904411 3807883 3808480 3816756 3820858 3821958 3902905 3903092 3929810 3930237 3930469 3930547 3930891 3811941 3826470 3905868 3910848 3928966 3930220 3863747 3692316 3655749 
001156	4 / 75 / 8	PK349	3208421	62	3822218 3789439 3930891 3910690 
001755	2 / 75 / 2	PK349	3927849	63	3663306 3668772 
015116	7 / 75 / 8	PK349	3839981	65	3665300 3498772 3559970 3488858 3580346 3592325 3910483 
004835	31 / 192 / 34	PK20	0032827	63	3629951 3667749 3710476 3790825 3816180 3820479 3559302 3821008 3597365 3613455 3768034 3789464 3820032 3559612 3816860 3820380 3901481 3397771 3819585 3820958 3483042 3519726 3668763 3668832 3668839 3668851 3668957 3669010 3797605 3910464 3910745 
011044	7 / 192 / 12	PK20	3213249	66	3483036 3667749 3817487 3722926 3764207 3820958 3690845 
013614	23 / 75 / 26	PK349	0375562	64	3816960 3820588 3821044 3821439 3820405 3821179 3821359 3820037 3653200 3817637 3821571 3498974 3576355 3668867 3668941 3797641 3797653 3797723 3797790 3797798 3910624 3910695 3910754 
005263	9 / 192 / 10	PK20	3898278	65	3667821 3690516 3668538 3503630 3561318 3796230 3478343 3556594 3559476 
012729	0 / 75 / 1	PK349	3554810	66	
006565	8 / 75 / 8	PK349	0031399	67	3668195 3692514 3576011 3579116 3819676 3579414 3510971 3669024 
004274	42 / 192 / 46	PK20	3092832	67	3561430 3576231 3581907 3675467 3676165 3576753 3694980 3579645 3694810 3789288 3464954 3823094 3901004 3823391 3902667 3910870 3930485 3579867 3759092 3818805 3519499 3575969 3578075 3816993 3578488 3576457 3583596 3666161 3668827 3668941 3793534 3797760 3797849 3797870 3910556 3910595 3910686 4000476 4086245 4086363 4086461 3797600 
006023	108 / 192 / 108	PK20	3839982	68	3668196 3675467 3694712 3695145 3816832 3818025 3820479 3609407 3692440 3789507 3817962 3426943 3480868 3816722 3819628 3821197 3598090 3665045 3462019 3788983 3549052 3694012 3817260 3821059 3601391 3722926 3575483 3819304 3820397 3821269 3689328 3694668 3774808 3789529 3796230 3796926 3816486 3817419 3930705 3930302 3902439 3906818 3915088 3908117 3814239 3869959 3914724 3819393 3854016 3871572 3914750 3929812 3929815 3930025 3930676 3929800 3768515 3808480 3816756 3819269 3823391 3823405 3824908 3852791 3857764 3902911 3910870 3913210 3913674 3914754 3914875 3929235 3929241 3929776 3930253 3579867 3762625 3821687 3823402 3833424 3839910 3851913 3861195 3910185 3913185 3913671 3914251 3914354 3914498 3914515 3914814 3915042 3929635 3930042 3930168 3929651 3823307 3863747 3915029 3930070 3692316 3820958 3821034 3483059 3519499 3819196 3819613 3668972 
003467	7 / 75 / 8	PK349	3443571	69	3676165 3578177 3669280 3619323 3666520 3819613 3620520 
009386	15 / 75 / 17	PK349	0031388	68	3560858 3676165 3704166 3557478 3796237 3521272 3797164 3471447 3574483 3819367 3639603 3909951 3666995 3846920 3544262 
001768	12 / 192 / 13	PK20	3474420	69	3689402 3560167 3693092 3817261 3823387 3581375 3668935 3669012 3797696 3797821 3910496 3910544 
008769	34 / 192 / 35	PK20	3996170	70	3651487 3690799 3693084 3694791 3821048 3476927 3699593 3480592 3561280 3693185 3589576 3764422 3907037 3814239 3814296 3816963 3823262 3759552 3843810 3904411 3929586 3788743 3816756 3901481 3914371 3788616 3826470 3833424 3910422 3915040 3928966 3929222 3805981 3638594 
001767	10 / 75 / 11	PK349	3474008	70	3692766 3694813 3699561 3580584 3695292 3651816 3821088 3820395 3577146 3797671 
008774	9 / 192 / 9	PK20	0031572	71	3692766 3790792 3788983 3579092 3807883 3901691 3913164 3521001 3692609 
006050	7 / 75 / 8	PK349	0554585	71	3578811 3667273 3580114 3555932 3561280 3694797 3650596 
001840	23 / 192 / 23	PK20	0056992	72	3471450 3694428 3789573 3818025 3819332 3796237 3638301 3788897 3592680 3483640 3613455 3785953 3796247 3818762 3818807 3819304 3821254 3579181 3666570 3694668 3818064 3790244 3668966 
002151	58 / 192 / 143	PK20	3415849	73	3675467 3693084 3722992 3728679 3818024 3817962 3764208 3768625 3817487 3561660 3606290 3693712 3708949 3714653 3596713 3608602 3694039 3773692 3789283 3789288 3560487 3671929 3717137 3774808 3789529 3820768 3820965 3905460 3930302 3869959 3819393 3854016 3914750 3929586 3929812 3795919 3801768 3808480 3823438 3929704 3930253 3930678 3817969 3852207 3861195 3901722 3903994 3914251 3914515 3902440 3833378 3915029 3930608 3692316 3716140 3483059 3627845 4086300 
005180	14 / 75 / 18	PK349	3819183	72	3581247 3694712 3667654 3546891 3693276 3687862 3612203 3814239 3762625 3581375 3695201 3578488 3816466 3576457 
005724	13 / 75 / 16	PK349	3392421	73	3695145 3821162 3668538 3797192 3821016 3953805 3819542 3668917 3870878 3910590 3910617 3910646 4086475 
014567	86 / 192 / 174	PK20	0056992	74	3648550 3651465 3693084 3695145 3789806 3816336 3818025 3820588 3692786 3764208 3788897 3574558 3561660 3652353 3819645 3821097 3821231 3591844 3773692 3816483 3631215 3699567 3789175 3816860 3790857 3902439 3858715 3902404 3906818 3909951 3915088 3771823 3854723 3907037 3930544 3823262 3834985 3860357 3914696 3930025 3930047 3759024 3768515 3799474 3799593 3816108 3820858 3858042 3902911 3903861 3913807 3914875 3929235 3929704 3929849 3930831 3930891 3822778 3846717 3847728 3901790 3905885 3910848 3911054 3913671 3913863 3915040 3915043 3915203 3929954 3930674 3930841 3931962 3843290 3722764 3833378 3863747 3915038 3930070 3930608 3483059 3489089 3517604 3578673 3910583 4086224 
014569	95 / 192 / 192	PK20	0898918	75	3648550 3693084 3695145 3789806 3816336 3818025 3820588 3692786 3821077 3764208 3788897 3574558 3652353 3819645 3821097 3591844 3576037 3694797 3773692 3816104 3816483 3631215 3699567 3789175 3816860 3790857 3902439 3858715 3902404 3906818 3909951 3915088 3771823 3854723 3907037 3913606 3930544 3823262 3834985 3860357 3914696 3930025 3759024 3768515 3799474 3799593 3816108 3820858 3822995 3845742 3858042 3902911 3903861 3903909 3913807 3914875 3929235 3929704 3929849 3930831 3930891 3788616 3846717 3847728 3851735 3901790 3905885 3910848 3911054 3913164 3913671 3913863 3915040 3915043 3915203 3929954 3930026 3930674 3930841 3931962 3929651 3843290 3521001 3722764 3833378 3863747 3915038 3930070 3930608 3483059 3489089 3517604 3578673 3910583 4086224 
002872	18 / 75 / 18	PK349	1084458	74	3704166 3557742 3656490 3768972 3612427 3667311 3832060 3798513 3827187 3829442 3797324 3580340 3712905 3544262 3797586 3910472 3910626 3910753 
013644	5 / 75 / 5	PK349	3470325	75	3485628 3712286 3678350 3902614 3910478 
002367	26 / 75 / 28	PK349	3208421	76	3716057 3821004 3561074 3820257 3820010 3689919 3819380 3852520 3930683 3797168 3576990 3914906 3903092 3914813 3929241 3914498 3930118 3930137 3929651 3653119 3818805 3669002 3910563 3910655 3756293 3908683 
015246	19 / 192 / 34	PK20	0820103	77	3596492 3728679 3819332 3476927 3692514 3764208 3556617 3612623 3693286 3768356 3789136 3823755 3929222 3655393 3576460 3797839 3910515 3910576 3910712 
007006	35 / 192 / 38	PK20	3198619	76	3819309 3694012 3585962 3579092 3695543 3930301 3860451 3915088 3907037 3816963 3930890 3789439 3910179 3930047 3845742 3915044 3929644 3930469 3759337 3912597 3914166 3914515 3914676 3930967 3817261 3666520 3821034 3819196 3759872 3797772 3797835 3910592 3910666 3910725 3620520 
015012	5 / 75 / 7	PK349	0827051	77	3764157 3905822 3799474 4086244 4086385 
006024	40 / 192 / 40	PK20	0031526	78	3768197 3789806 3820732 3820885 3608097 3581220 3852520 3930683 3790857 3822218 3903520 3860357 3930047 3903896 3914344 3914813 3929849 3930678 3458065 3848415 3850568 3901254 3901722 3903994 3904251 3904645 3905871 3913863 3914820 3915040 3929679 3930674 3843290 3848104 3856450 3591436 3816993 3820974 3797683 3797724 
001763	11 / 75 / 12	PK349	3474420	78	3796964 3581207 3768555 3768339 3816708 3575266 3678357 3790928 3797598 3910564 3910714 
002153	6 / 192 / 10	PK20	1167863	79	3789806 3483640 3821166 3666570 3914344 3693840 
005847	4 / 75 / 4	PK349	0031582	79	3790825 3819230 3848415 3852806 
015433	14 / 34 / 16	PK100	0321808	1	3712286 3722992 3790792 3790825 3581609 3592680 3493704 3820380 3817969 3846717 3929468 3689893 3797629 3910686 
004013	17 / 50 / 19	PK234	3460456	1	3792350 3816960 3821008 3819177 3816554 3821180 3591211 3795919 3813457 3929644 3930485 3816530 3910937 3930026 3833378 3486653 3818029 
001423	33 / 75 / 34	PK349	0853792	1	3796732 3816832 3821044 3666175 3668386 3655428 3789315 3819367 3650736 3608602 3768972 3671929 3769368 3931971 3929864 3823094 3910321 3823151 3830308 3759024 3914754 3579867 3666995 3758075 3759092 3798513 3480937 3797870 3910493 3910654 3910745 4086246 4086488 
008764	19 / 55 / 20	CARP21	3554385	1	3483977 3796964 3690806 3852217 3930302 3858715 3906818 3814776 3913606 3889653 3816997 3823405 3902911 3914875 3930260 3759337 3914251 3716140 3226303 
011076	16 / 52 / 20	PK243	0826964	1	3651750 3797429 3619255 3693224 3630474 3691416 3797192 3689328 3816970 3846234 3931323 3579864 3692915 3724014 3693219 3668884 
004735	6 / 16 / 8	TH102	1084458	1	3797532 3612427 3703938 3797651 3910475 4086331 
007900	8 / 19 / 9	TAYB	0470839	1	3615055 3712888 3789070 3561318 3574639 3820768 3797631 3797679 
014128	3 / 11 / 3	TH251	3555417	1	3581907 3816180 3581149 
005159	10 / 31 / 11	EHLEC	1084458	2	3712286 3817177 3775417 3818807 3768588 3871572 3931929 3506165 3910626 3910758 
007881	3 / 25 / 5	PK336	0470839	2	3851907 3683644 3820958 
002564	12 / 23 / 12	PK328	3792642	1	3817379 3708638 3820257 3503382 3789055 3578921 3847728 3360165 3222918 3668753 3797735 3910527 
008800	3 / 24 / 5	CARP17	0031572	2	3818675 3797084 3603544 
004009	36 / 192 / 36	PK20	1166368	1	3547282 3580796 3610120 3818773 3819232 3560649 3767997 3821088 3821097 3513947 3677885 3789464 3668365 3790492 3815949 3816860 3824450 3914928 3930544 3914745 3823192 3852791 3914968 3915243 3929776 3930054 3819353 3821766 3914820 3914822 3915054 3930168 3930767 3843290 3931929 3679221 
006518	19 / 70 / 21	PK278	1021242	2	3820378 3797429 3797206 3816463 3820885 3816554 3821440 3651499 3693712 3817427 3801768 3910870 3769494 3906250 3580407 3645471 3816993 3576354 4086464 
006525	9 / 22 / 11	DAL1	0031573	1	3815898 3905715 3915028 3915042 3805981 3797767 3797843 3910528 3669014 
009262	16 / 31 / 16	EHLEC	3995790	1	3820030 3820378 3789507 3820405 3821179 3821069 3820032 3559815 3820965 3823278 3797668 3797714 3910586 3910600 3910672 3910722 
001844	13 / 27 / 14	DAL300	3926311	1	3560193 3725997 3823130 3558739 3480868 3580211 3816722 3470846 3694101 3568636 3558528 3576522 3797671 
005722	27 / 72 / 28	DAL119	3648007	1	3717144 3820745 3518231 3668623 3711406 3819380 3931889 3869959 3903986 3930614 3930890 3823391 3903909 3915044 3915332 3668378 3788919 3827187 3829442 3834370 3839910 3901484 3901669 3911124 3914166 3914676 3902440 
005121	5 / 14 / 7	TH118	3400071	1	3821004 3458065 3901254 3910761 4086247 
014755	1 / 5 / 1	TAYSEM	3648110	1	3501476 
003019	9 / 23 / 13	DAL6	0375562	1	3690778 3819598 3821359 3556970 3821588 3715174 3821034 3910469 3910558 
007125	15 / 30 / 15	TAYE	0162976	1	3460718 3570123 3692771 3581207 3694012 3578707 3581995 3695434 3510878 3580256 3695510 3668820 3668854 3668870 3668874 
012733	6 / 15 / 8	PEMSTD	0772775	1	3497948 3524066 3525384 3668752 3668917 3797770 
011862	1 / 31 / 1	PK229	3995790	3	3581247 
006509	21 / 55 / 21	CARP21	3451414	2	3493931 3690800 3632881 3581098 3592208 3692514 3819676 3695022 3814296 3834985 3860357 3930237 3930485 3816530 3931001 3931323 3768620 3821643 3558528 3797806 3910614 
013636	10 / 21 / 11	PK25	0605187	1	3649880 3558543 3650596 3487429 3821047 3668758 3668937 3797669 3797670 3797690 
015113	30 / 192 / 30	PK20	0820103	2	3667385 3503630 3525604 3796723 3540190 3558543 3513947 3581232 3576763 3930865 3789246 3904411 3929812 3929815 3904620 3930054 3930891 3846234 3903994 3851345 3856450 3397840 3581149 3581913 3575969 3695510 3655393 3576457 3668760 4000476 
007391	4 / 12 / 4	PK10	0031631	1	3692628 3480592 3667676 3650228 
004377	4 / 13 / 6	PK126	3451416	1	3581663 3638956 3559462 3693581 
001749	13 / 26 / 14	PK259	3460008	1	3538688 3471190 3580326 3819372 3817419 3930034 3843810 3903896 3913807 3844962 3910422 3797658 3797694 
013615	9 / 21 / 10	TH116	3473854	1	3577022 3695024 3581913 3668860 3668867 3668880 3668881 3668947 3669006 
015422	3 / 10 / 3	PK264	0028980	1	3678350 3818122 3910617 
003493	4 / 11 / 4	PK127	0138190	1	3694980 3561026 3559612 3602435 
002572	7 / 18 / 9	TAYC	0564741	1	3576013 3581952 3470393 3651499 3581227 3693902 3559591 
004011	25 / 75 / 25	PK349	1167978	4	3715155 3551641 3820395 3931158 3820491 3797168 3771823 3823094 3789439 3819393 3929800 3817507 3823092 3666995 3811941 3823311 3861195 3871577 3910848 3912597 3915203 3930967 3397771 3821034 3695201 
001845	21 / 52 / 21	PK243	0123161	2	3666801 3668366 3789573 3818024 3768625 3788897 3797164 3652396 3708949 3789529 0238986 3668780 3668907 3668924 3668934 3668984 3700270 3797671 3797697 3910652 3797797 
011035	13 / 46 / 18	PK180	3998660	1	3651439 3821231 3619323 3823092 3913185 3580912 3821886 3821195 4086287 4086348 4086432 3820212 4093815 
013216	16 / 50 / 19	DAL315	3318436	1	3788897 3817048 3711797 3768555 3768088 3575928 3616872 3818770 3820992 3931158 3832060 3854723 3929575 3871577 3902759 3911048 
004739	5 / 50 / 5	DAL315	1084458	3	3483306 3650736 3668758 3668795 3668965 
005168	1 / 5 / 1	SW221	3483424	1	3485774 
001430	1 / 4 / 1	TH223	0020093	1	3491953 
002712	6 / 27 / 6	DAL300	0138190	2	3574475 3668823 3668842 3668848 3668955 3669004 
004292	6 / 14 / 7	GOCOM	3092832	1	3581962 3581220 3561229 3579181 3627845 3633806 
001453	3 / 20 / 3	TH129	3555417	2	3668386 3650736 3608602 
015420	4 / 30 / 9	TAYE	0028980	2	3655428 3488858 3592325 3768686 
015135	11 / 23 / 12	DAL25	3899727	1	3694428 3591591 3426943 3638301 3560167 3693276 3596713 3796247 3953805 3472549 3576512 
014113	19 / 50 / 20	PK234	0827051	2	3715444 3819598 3821554 3610681 3818227 3559172 3671929 3823278 3904251 3691265 3910516 3910586 3910632 3910660 3910672 4086280 4086341 4086493 4086506 
014441	7 / 20 / 10	TH129	3786642	1	3667821 3668916 3668924 3797700 3910646 3910677 3910744 
011964	0 / 2 / 1	SW8	0409956	1	
003447	8 / 19 / 10	PK337	0031359	1	3768034 3821254 3764613 3790928 3913159 3856450 3913396 3544262 
002676	0 / 30 / 1	TAYE	0031572	3	
002686	6 / 52 / 6	PK243	0138190	3	3568950 3592208 3690204 3711797 3721962 3797640 
013650	2 / 12 / 5	PK227	0032205	1	3540124 3514095 
014990	22 / 70 / 25	PK278	3448653	1	3716057 3632881 3579645 3694810 3816181 3903833 3814107 3822912 3852207 3852806 3913164 3913862 3914814 3930162 3691783 3818805 3463919 3797618 3797664 3797728 3822886 4086305 
005258	7 / 18 / 9	PK354	3819183	1	3579687 3818686 3693092 3668935 3797586 3797821 3797850 
015421	2 / 46 / 3	PK179	0028980	3	3816708 3660063 
001547	6 / 18 / 9	TH110	1054236	1	3613455 3771823 3930831 3483042 3910622 3910707 
012320	5 / 52 / 5	PK243	3995790	4	3716057 3821393 3610681 3929419 3910586 
015412	6 / 15 / 8	BYC239	3392421	1	3540428 3555932 3575735 3668766 3669004 3797653 
015414	13 / 25 / 14	PK336	3415849	1	3580217 3667503 3608097 3721962 3559149 3716638 3574543 3576623 3668767 3668826 3797647 3797676 3910668 
004036	9 / 39 / 12	TH224	3460456	2	3598090 3768339 3699613 3584557 3914166 3796254 3668882 3795999 3797848 
011064	3 / 12 / 5	TH111	3195964	1	3611135 3561516 3797620 
002469	9 / 17 / 9	EHI	1051497	1	3580798 3821162 3580159 3601391 3690346 3695027 3498974 3668831 3910691 
003006	0 / 13 / 6	RCCON	0492580	1	
011063	10 / 35 / 12	TAYG	3195964	2	3650225 3591774 3820961 3580346 3589576 3690020 3889653 3901722 3816924 3581851 
007395	7 / 28 / 8	TAYD	0162977	2	3575309 3711406 3694754 3661465 3580912 3668943 3797656 
005211	7 / 13 / 7	RCSEM	0493856	1	3575898 3708949 3817637 3789175 3930731 3768515 3910630 
006542	6 / 55 / 7	CARP21	0138190	4	3606290 3819676 3579414 3929810 3519726 3581851 
011986	4 / 13 / 7	EHIII	3470325	1	3775417 3903520 3903138 3797324 
014127	3 / 46 / 3	TH104	3555417	3	3775417 3816970 3931158 
004839	12 / 34 / 12	PK100	1051497	2	3710476 3821180 3818805 3819585 3820900 3821886 3797605 3797621 3797644 3797734 3797880 3910713 
015501	14 / 28 / 15	BYC127	3996454	1	3576231 3768025 3561772 3485756 3476864 3581135 3533093 3580389 3540705 3561098 3576521 3668849 3797819 3797849 
015423	16 / 46 / 17	TH104	3430434	1	3692796 3540714 3487034 3506324 3520100 3559537 3577167 3580248 3581315 3610671 3639772 3674492 3709927 3797564 3818771 3668956 
015424	0 / 39 / 17	TH224	0695890	1	
015425	0 / 35 / 17	TAYG	0058557	1	
014629	7 / 16 / 9	GOB	3575049	1	3560199 3561402 3690020 3695022 3668946 3669033 3797673 
015444	2 / 19 / 3	PK337	0162976	2	3581455 3560860 
004066	3 / 23 / 5	DAL6	3996718	2	3597365 3668816 3668851 
015432	10 / 31 / 11	PK229	0129398	2	3576020 3819177 3580251 3691694 3774943 3680751 3789055 3558838 3591436 3581981 
014627	13 / 49 / 15	PK338	3575049	2	3578036 3606350 3609407 3524066 3498772 3576037 3630474 3764422 3768356 3556594 3458061 3668834 3668936 
006865	5 / 16 / 9	DAL212A	3461209	1	3694903 3694738 3612203 3479838 3578252 
004359	2 / 11 / 4	ROSTUD	0847593	1	3789246 3913671 
008803	7 / 15 / 8	DAL10	3996170	1	3692786 3470797 3629518 3914906 3578781 3790244 3797862 
005735	4 / 11 / 4	DAL212E	3556752	1	3634695 3561001 3483954 3870878 
014116	4 / 50 / 4	PK234	3555417	4	3666175 3639603 3650256 3768458 
001753	6 / 15 / 8	CAN315	3896859	1	3508682 3695292 3689500 3823228 3668772 3759872 
007010	23 / 75 / 23	PK349	3575049	3	3764157 3580211 3793612 3821180 3820961 3695434 3821571 3589576 3693612 3694415 3790492 3792443 3815949 3904320 3823271 3715174 3819542 3609553 3693840 3651293 3816466 3581851 3797723 
015453	13 / 28 / 15	TAYF	1168490	1	3581201 3821554 3575916 3819143 3668787 3669041 3797610 3797614 3797702 3797772 3797801 3797808 3910505 
009263	3 / 8 / 3	CARP13	0467822	1	3559970 3557244 4086506 
007043	5 / 12 / 6	CARP15	3481299	1	3576763 3768686 3668841 3797824 3910539 
002388	1 / 18 / 1	TH110	3839981	2	3579092 
011065	3 / 46 / 4	PK180	3195964	3	3821588 3672031 3930052 
014548	2 / 12 / 5	PK200	1167863	1	3695145 3910347 
011341	19 / 72 / 19	DAL119	3460456	3	3575266 3902404 3909951 3910321 3830308 3913210 3929102 3930102 3821687 3904254 3913185 3914354 3915026 3928911 3930042 3930135 3930296 3930083 3667676 
015014	4 / 13 / 7	BYC106	0031756	1	3915036 3914696 3930608 3579361 
002855	332 / 9999 / 332	zoom	0802802	4	3818122 3819380 3929165 3931158 3931959 3931971 3930705 3930301 3852217 3905460 3930302 3672031 3910343 3852520 3930683 3790857 3820491 3930865 3929864 3915036 3797266 3860451 3902439 3832060 3824450 3858715 3797168 3902404 3929419 3930303 3906818 3909951 3915088 3771823 3930731 3823094 3901004 3908117 3854723 3764613 3905822 3913786 3692164 3907037 3814776 3910321 3913606 3914928 3930034 3930544 3931889 3768588 3789246 3814239 3814296 3816963 3822218 3823151 3823262 3834985 3869959 3903520 3903986 3904965 3914724 3929237 3930614 3930890 3576990 3759552 3789439 3811886 3819393 3830308 3843810 3854016 3860357 3871572 3889653 3903138 3904320 3904411 3910179 3914696 3914745 3914750 3914906 3929586 3929812 3929815 3930025 3930047 3930676 3930817 3929575 3929800 3759024 3816997 3616206 3768515 3788743 3795919 3796148 3799474 3799593 3801768 3807883 3808480 3813457 3816108 3816756 3817507 3819269 3820858 3821958 3822995 3823092 3823192 3823278 3823391 3823405 3823438 3823755 3824188 3824908 3839352 3845742 3852791 3857764 3858042 3901413 3901481 3902614 3902667 3902905 3902911 3903092 3903833 3903861 3903896 3903909 3904620 3905715 3908300 3910347 3910870 3913210 3913674 3913807 3913815 3914344 3914371 3914754 3914813 3914875 3914968 3915028 3915044 3915243 3915332 3929102 3929235 3929241 3929644 3929704 3929776 3929810 3929849 3929894 3930052 3930054 3930102 3930237 3930253 3930260 3930469 3930485 3930547 3930678 3930831 3930891 3458065 3579867 3666995 3667453 3668378 3758045 3758075 3759092 3759337 3762625 3769494 3788616 3788919 3790928 3798513 3811941 3814107 3816530 3817969 3819353 3821687 3821766 3822778 3822912 3823228 3823271 3823311 3823402 3826470 3827187 3829442 3833424 3834370 3839910 3844962 3846234 3846717 3846920 3847728 3848415 3850568 3851735 3851913 3852207 3852806 3858245 3861195 3861339 3871577 3900952 3901254 3901484 3901669 3901691 3901722 3901790 3902759 3903994 3904101 3904251 3904254 3904334 3904645 3905868 3905871 3905885 3906250 3910185 3910422 3910848 3910937 3911048 3911054 3911124 3912597 3913159 3913164 3913185 3913671 3913862 3913863 3914166 3914251 3914354 3914498 3914515 3914676 3914814 3914820 3914822 3915026 3915040 3915042 3915043 3915054 3915203 3915267 3928890 3928911 3928966 3929222 3929468 3929635 3929679 3929883 3929954 3930026 3930042 3930118 3930135 3930137 3930162 3930168 3930216 3930220 3930296 3930674 3930767 3930841 3930967 3931001 3931323 3931474 3931962 3929651 3817981 3843290 3902440 3914502 3929979 3930864 3797324 3805981 3817261 3823307 3833378 3848104 3851345 3851846 3856450 3863747 3913396 3915029 3915038 3929167 3930070 3930083 3930608 4000229 3823387 3995719 
012034	18 / 49 / 19	PK338	0673281	1	3559843 3559963 3576126 3577109 3704166 3557478 3574542 3521272 3483640 3669069 3694417 3694797 3690652 3521001 3580340 3797737 3797867 3908314 
011313	17 / 46 / 18	PK179	0247216	1	3630501 3730202 3455037 3692519 3817260 3820729 3580714 3789288 3667464 3930676 3901691 3911054 3572330 3820900 3579143 3578443 4086370 
006038	15 / 31 / 16	PK229	3393847	1	3629951 3471447 3788990 3789283 3818227 3759552 3576002 3694236 0172459 3797754 3797807 3910514 3910695 3910754 4086218 
001562	11 / 28 / 15	TAYD	0129398	1	3819645 3575483 3691694 3581786 3799593 3481532 3559731 3668765 3668895 3910741 4086476 
015540	12 / 24 / 14	CARP17	3478658	1	3820491 3929815 3817507 3824188 3929102 3929894 3821687 3901790 3928911 3930118 3930296 3915029 
011529	10 / 23 / 13	EHII	3996795	1	3486834 3524341 3667404 3559903 3699593 3819628 3558838 3577146 3915038 3910613 
003407	12 / 46 / 14	PK180	3478658	2	3930683 3930676 3929235 3929776 3930102 3914814 3928890 3929954 3930137 3930216 3930767 3930070 
007034	6 / 28 / 9	BYC127	0031573	2	3819232 3821571 3821687 3928911 3797837 4086357 
015512	25 / 75 / 25	PK349	3996563	2	3560256 3576126 3611048 3690516 3704166 3820732 3767997 3558796 3480734 3821059 3788990 3821254 3574563 3789175 3816486 3820992 3929165 3915036 3913159 3914676 3930220 3580256 3716140 3478343 3816466 
004874	13 / 46 / 14	PK179	0247216	2	3693565 3581996 3581596 3693368 3638956 3397771 3578781 3579361 3655749 3695201 3558963 3580383 3669045 
012837	2 / 23 / 5	EHII	0467822	2	3481944 3690778 
011343	1 / 17 / 1	EHI	3213249	2	3483003 
003033	4 / 22 / 4	CARP25	0492580	2	3577703 3629951 3492423 3580326 
015452	13 / 46 / 14	TH104	1168490	2	3581201 3575916 3819143 3668964 3669041 3797610 3797614 3797702 3797772 3797801 3797807 3797808 3910505 
005247	8 / 55 / 8	CARP21	0493855	3	3591591 3578714 3478343 3581981 3668799 3797751 3797782 3910528 
015510	15 / 70 / 16	PK278	3996563	3	3502893 3516442 3630526 3561772 3537536 3476864 3518231 3540124 3574483 3540190 3505185 3483003 3487316 3580586 3651412 
015509	22 / 72 / 22	DAL119	3996563	4	3651365 3690778 3781152 3537536 3558796 3574483 3483954 3503587 3581077 3692862 3820397 3580259 3652339 3797576 3817419 3796148 3906250 3462565 3575969 3578861 3580407 3690845 
014231	4 / 23 / 5	PK328	1168214	2	3578910 3651605 3577485 3910730 
004666	17 / 50 / 19	DAL315	0775640	2	3650277 3788743 3819353 3662232 3910484 3910491 3910555 3910594 3910613 3910661 3910706 3910724 3910726 3910735 4086424 4086441 4086472 
006559	3 / 22 / 4	DAL1	0031478	2	3581228 3576230 3797760 
001232	6 / 26 / 6	PK259	3839983	2	3581830 3716357 3579143 3517604 3669034 3797598 
003480	4 / 21 / 4	PK25	0599596	2	3797324 3602435 3797780 4086418 
012352	4 / 23 / 5	DAL25	3577930	2	3823092 3668765 3910622 4086476 
015468	2 / 19 / 2	TAYB	3995764	2	3487034 3483546 
006586	2 / 39 / 3	TH224	1021242	3	3581098 3558528 
004288	4 / 49 / 5	PK338	0123161	3	3694481 3551641 3668809 3668865 
005205	4 / 21 / 4	TH116	3448653	2	3818274 3819380 3797782 3910529 
013005	1 / 16 / 1	GOB	3443571	2	3544262 
015505	2 / 34 / 2	PK100	3839983	3	3820037 3796926 
004866	2 / 31 / 2	EHLEC	0031582	3	3619255 3519726 
011530	1 / 16 / 1	DAL212A	3996795	2	3505185 
015417	1 / 18 / 2	TAYC	3194197	2	3668839 
012353	0 / 16 / 1	TH102	0683480	2	
015440	1 / 15 / 1	PEMSTD	1054236	2	3821195 
015623	5 / 22 / 5	DAL2	1165566	2	3721962 3651439 3716638 3561229 3576623 
002442	3 / 35 / 3	TAYG	3098022	3	3666161 3668972 3797744 
002404	1 / 15 / 1	BYC239	0375562	2	3669008 
015545	0 / 15 / 1	DAL10	0605187	2	
011300	1 / 18 / 2	PK354	0020093	2	3669015 
