98.23854
Course	Room	Teacher	Time	Students
001837	TH129	3452118	1	3539996 3539996 3576379 3576379 
002161	PK20	3926209	1	3539996 3539996 3576379 3576379 3799593 3799593 3822778 3822778 3823307 3823307 3854723 3854723 3858042 3869959 3869959 3890005 3890005 3902911 3902911 3906818 3906818 3929235 3929235 3964186 3964186 3989696 3989696 4093315 4093315 4095083 4095083 4170299 4170299 3789493 3789493 3845742 3845742 3911054 3911054 3913863 3913863 4000366 4000366 4041708 4041708 3931666 3931666 4015108 4015108 4278502 4278502 3902905 3902905 3928589 3928589 4002094 4002094 4280706 4280706 3915040 3915040 4086277 4086277 4174206 4174206 3816108 3816108 3823391 3823391 3899772 3899772 3902196 3902196 3930817 3930817 3907037 3907037 3913671 3913671 4003188 4003188 4014851 4014851 4095071 4095071 3910848 3910848 3910587 3910587 
006847	TH110	0031347	1	3539996 3576379 3560236 3695145 3712888 3817487 3852791 3854723 3861195 3883991 3914344 3921208 3929222 3929812 3930302 3964186 4095301 3819393 3910738 3911054 3796247 3910617 3833378 3902905 3774808 3817969 4002075 4086222 3789529 3885128 4174206 3816104 3821632 4086241 3844962 4086415 3823094 3995730 4086377 4096177 3914552 3910702 3910704 4086364 
007007	TAYE	0028980	1	4096749 3951018 4031284 4096251 4164342 4176818 4181049 4280500 4280591 4282099 3818746 4181152 4088956 4152983 4175407 3904251 3820858 3905623 4276714 4181991 4278734 4372390 4007305 4038907 4180395 4277162 4278454 4279260 3768339 
010725	DAL25	3092941	1	4096749 3561430 3759552 3790792 3796148 3957394 3676165 3816860 3817969 3822201 4275712 3816181 3227350 3818274 3910496 3789283 3797084 3815902 3999899 4023528 4158080 3609407 3821766 
003007	DAL1	3473854	1	3464954 3908117 4043543 4093015 4280658 4282099 4175389 4280913 3796906 3851913 4372023 4279920 3817637 4165503 4175347 4175489 4092819 4175327 4175309 4468375 3910610 
010944	DAL6	3083296	1	3464954 3630501 3730202 3759552 3771823 3908117 3913138 3616206 3975519 3797084 3793534 
007396	TAYF	0162977	1	3483059 3592680 3692316 3693185 3722992 3767997 3796148 3796723 3930547 4092928 3816992 3863747 4087169 4096261 3816970 3902905 3910343 4037708 3691616 3931959 4280157 3409210 3816104 3846234 3821088 3910720 3728679 3821766 3789136 4372030 3903986 
007398	EHII	0851717	1	3483059 3610681 3717137 3722992 3759127 3904965 4094813 3818746 3630474 3797168 3816970 3931323 3914814 3930469 3929704 4086371 
004889	EHI	0321808	1	3486653 3710476 3717144 3790825 3816180 3819585 3820900 3609410 3816860 3820380 3821886 3910713 3821180 3910609 3579361 3910630 3820958 3910686 
001899	TAYB	3899727	1	3521001 3611135 3712888 3764208 3768625 3816722 3820732 3796247 3819332 3788897 3930864 
013193	TH116	0898918	1	3521001 3710991 3712888 3764208 3858042 3861195 3914344 3708949 3818762 3819393 3863747 3918056 3796247 3821069 3833378 3715444 3914502 3821166 3913671 
003275	TAYSEM	0695890	1	3561430 3796964 3819628 3851838 3814296 4091163 3855583 3910515 3910650 4002204 3820970 3901254 3930891 4175287 4073784 4175463 
001249	PK126	0254151	1	3581265 3611048 3630526 3651465 3704166 3820397 3931971 3910738 3817177 3797839 3714653 3771747 3821059 3774808 3929165 3699567 3797164 3668365 3690845 3694668 3764422 3931064 3580586 
004306	ROSTUD	3646542	1	3583596 3675467 3816993 3579645 3684090 3821269 3910595 3910605 
007407	TH224	0031631	1	3592680 3651750 3667385 3693185 3724014 3767997 3796007 3796723 3796964 3819645 3931688 3789573 3816992 3817260 3818746 3818762 3820479 3630474 3816970 3774943 3768356 3774116 3931323 3689328 3691616 3817682 3931959 3722764 3712913 3711406 3797192 3816336 3910712 3467384 3789136 
016952	PK179	4177943	1	3611048 3816463 3820587 3823262 3829442 4000195 4001881 4003131 3823473 4093282 4170444 4275968 3823151 4175344 4175360 3668130 3797206 3973360 4262071 4129521 3687862 3773692 4170423 3818675 3816708 3928966 3988502 4280526 3678357 3910648 3708638 4175546 3610382 3910493 
001766	RCCON	4360396	1	3615055 3781152 3991180 3901484 4002075 4096266 4175338 3997576 4175395 4278720 3652959 
002653	TH223	1167978	1	3615055 3969214 3879197 4138433 4045331 3920306 4372390 4040430 4148348 
015113	BYC106	0820103	1	3630501 3652353 3693501 3730202 3796148 3814239 3832060 3834985 3854723 3915267 3929235 4096251 3817260 3819367 4086413 3668130 3910532 3796906 4174206 3821088 3722926 3759872 3821571 3910673 3915088 3910661 3910670 3910588 4277915 3910604 4086351 
005295	BYC100	4392595	1	3630526 3651486 3575266 3902759 3847931 3910321 3910526 3790492 3843290 
017117	CARP17	0826176	1	3651486 3667654 3690799 3903909 3976786 3823755 3902404 3576990 3830308 3815902 
007375	PK243	0820103	1	3611135 3652353 3819645 3823092 3834985 3929222 4001881 4090844 4091895 4095133 4175373 4280591 4280864 3818807 3929894 3630474 3788919 3818480 3930763 4165491 3901790 3904411 4280913 3818676 4075429 3610287 3789529 3785953 3822148 4050929 3846234 4095472 3910680 4092144 4181151 4096186 4164263 4175355 4175472 4277782 3910712 3929704 3817379 3666995 3821034 
013627	TH104	3459335	1	3652353 3693712 3695145 3725997 3790244 3799593 3818024 3820732 3823307 3906818 3929849 3930302 3808480 3818807 3845742 3930544 3694712 4096913 3785953 3915040 3680751 3930817 3907037 3995730 
016878	DEDANCE	3443571	1	3667654 4095053 3913185 
016984	GOB	1024995	1	3667654 3724014 3762625 3903909 3991180 4000195 4005905 4026411 4092767 3585962 3820038 4127014 3823151 4115871 3711797 3805981 4092173 3668130 3759337 4044087 4090730 3901004 3930891 4175404 
016609	DAL119	4273392	1	3677885 3704166 3705083 3717137 3796007 3852791 3987067 4279708 3818746 3930831 3797168 3910570 4095224 3910594 3689328 3789529 3910555 3910592 3910642 3910672 4095472 3651348 3819613 3910492 3910507 3910576 4086309 3797192 3816336 3910470 3984532 3910674 3910722 3905868 4175546 4086398 4086496 3923473 4175465 3910506 
006043	PK349	0207327	1	3690799 3817507 3820963 3833424 3861339 3887957 3903994 3909951 3914754 3929679 4092290 4095001 4095047 3788990 3930296 4093607 4093989 3816486 3910487 3929468 3716140 3691783 3769368 3930303 4093293 3817637 3910641 3910695 3930683 4086223 3820971 3917445 3910629 3222918 4087228 3910654 
006026	PK25	0972342	1	3652353 3691794 3695145 3725997 3790792 3823307 3852207 3906818 3930162 3930302 4000367 4000795 4003131 4034558 4095243 4140278 4150774 4175373 4176818 4278521 4279649 4280475 4280648 3929419 4086413 4181152 4000229 3930544 3931962 4165491 4276333 4372017 3768620 3930731 3930168 4095004 4152983 4169561 4096913 4170423 4175540 4269602 4371979 3785953 3821097 3915040 3920668 4000862 4146462 4148521 4170322 4175454 4176082 4371999 3905871 3914822 4086335 4175436 4175485 4175513 4281409 3969851 4086317 4126536 4174660 4371972 4372070 4372212 3722926 3768588 4003534 4086320 4096964 4097054 4175369 4372068 3818227 3843290 3913807 4279855 4086476 
007368	PK338	4354081	1	3691794 3905822 3910185 3941346 3950836 4000812 4059195 4093409 4132153 4180325 4193293 4236548 4278485 4280365 4280465 4280500 4280648 4281029 3819393 3821044 3910427 3942061 4093370 4093748 4275968 3819332 3821069 3875914 4134616 4278502 4140702 4162177 4277527 4279995 3884178 4138433 4003045 4169561 4055257 4133513 4175888 3931449 3905623 3891249 4181036 4280050 4280526 3901577 3995719 3843290 4003319 3711764 4073784 
011295	PK229	4170297	1	3691794 3910185 3915099 4095301 3808480 4086279 4175480 3788897 3930544 3817969 3913164 3822218 4086216 4086249 4093475 3699567 4086477 3988502 3823402 3910647 4002909 3910481 
003460	PK336	3393009	1	3464954 3692164 3887957 4095807 4174840 4229863 4278350 3941070 4174392 3902404 4175299 3914745 3929468 4175481 4175485 3871577 3901004 3910499 
003485	PK227	0024092	1	3692164 4096175 3227350 3931158 3871577 4040430 4093471 3934960 4175381 3581315 
010965	PK100	0897706	1	3692164 3759552 3820992 3829442 3913159 3929222 3788919 3823151 3805981 3819309 3930303 3819304 4096358 3843810 3901004 4086376 3910464 
013286	PK354	3318436	1	3692164 3797324 3818770 3824908 3960504 4000367 4003485 4174840 3902404 3914745 4079295 4073784 
001164	DAL2	4092864	1	3651465 3692316 3851827 3906818 3932089 4012510 3845742 3863747 4086279 3817177 3771747 3774808 4003045 3716140 4096913 3931449 3821088 4000336 4002806 4007305 
017116	PK337	0851717	1	3692316 3915155 3987067 4091895 4094813 4096261 4037708 4095224 4092251 4043326 4043549 3851846 
004016	DAL212A	3460456	1	3692536 3921659 4092675 4095807 4095897 4125799 4174768 4097018 4001662 3969108 4001717 4256760 4094498 3458065 4280706 3965315 4143065 4175962 
006049	DAL10	0972342	1	3692862 3817507 3820032 3821077 3928890 3929679 3903896 3930296 3910530 4281910 
006060	GOHEP	0409737	1	3692862 3820032 3820963 3820038 3821393 3653200 3816486 3910487 3796906 3821643 3769368 3715155 3817637 3910695 3820971 3667464 
005734	DAL315	4362771	1	3693501 3797532 4093066 4181036 
007128	CARP25	3198619	1	3693501 4096251 3585962 3650225 3768620 3820395 3687862 3665300 3589576 3609553 3816708 3910753 3655428 3821571 4090714 3821034 3099420 
011321	PK264	0028980	1	3464954 3693712 3929472 3930614 4091163 3816181 3821552 3974661 4000420 4086350 
016862	PK200	4168993	1	3695145 4092670 3690789 
001765	TH102	3927849	1	3699561 4159999 4279708 3819367 3852806 4243051 4086399 4176082 3822731 3971828 3910614 
008801	DAL212E	3996107	1	3699561 3904965 4175509 3969012 4014851 4164263 3996082 4077315 3913815 
001474	PEMSTD	0020093	1	3704166 3796732 3816832 3819367 3789315 3768972 
015114	PK180	0820103	1	3611135 3704166 3790244 3796148 3820587 3834985 3839352 3914515 3929235 3929739 3930865 3953825 4090975 4091784 4091895 4094813 4095133 4280078 3817260 3929894 3930831 4096983 4093255 4277251 3821059 3904411 3910347 3818676 3910644 4096913 3905189 3969305 4175500 3819613 4000336 4175509 4181151 3883637 3910502 4023528 4043326 4043549 4084615 4086376 4256032 3910529 3910567 3910718 4086253 4176465 3871572 3905868 4001431 4003415 3910624 
002571	TAYG	0564741	1	3710476 3792350 3881597 3904645 3797331 3820038 3820729 3973885 3848415 3820378 3929468 4091996 4093611 3847728 4002113 4086430 3910514 3994843 4086378 3678357 3790857 3819143 3821554 3848104 3910715 4086345 4095234 4175523 3708638 4086322 4086346 
004885	PK247	0672202	1	3486653 3710476 3790825 3929575 3693840 3820970 3930767 
017118	DAL300	4170165	1	3717137 3829442 3931836 4000812 4278573 4280500 3941070 3902404 4088956 3576990 4262071 4044087 3798513 4010147 4090730 3910725 4086443 3789283 3931970 3932941 3984532 4003534 3910766 3811941 3871572 3467384 4244933 4086280 3910848 
005741	TH118	4362771	1	3717144 3932089 3910617 3910650 3914676 4086443 3690789 3839910 3819542 
004010	TAYD	4089710	1	3722992 3818770 3834985 3860357 3904324 3935260 3951018 4093015 4170471 4229863 4282115 4096983 4280849 4152983 3610287 4170423 4086277 4096266 4254672 3819269 3901731 3931881 4277523 4193252 4280941 4372021 3910609 3929704 3915042 
006542	GOCOM	0138190	1	3724014 3585962 4281163 4093324 4086253 
001152	PK278	4354559	1	4096749 3759127 3851827 3902911 3921659 3932089 3989696 3991180 4062513 4091672 4155489 4181049 4278573 4279708 3959570 4041708 4181152 4282008 4175304 4280140 3797266 4093026 4279995 4092251 4093611 4278481 4281294 3759337 4152983 4169489 4277844 4280913 3997010 4037591 4094796 4003389 4125081 4152351 4275712 4277525 4281002 4371918 3931449 4091510 4146462 4254672 3899772 4278034 4181031 4181151 4181991 4276567 4280050 3881459 3978317 3997576 4003534 4038907 4081695 4158080 4164263 4277782 4278360 4278720 4280889 4282720 4276256 4093126 4176721 
015869	CARP13	0701976	1	3759127 3953825 4092928 4095133 4093255 3901790 3914814 
006539	TH111	3083296	1	3651486 3759127 3759552 3839352 3846717 3876667 3953825 4127521 4280622 3819353 3929419 4175299 4091767 4279329 3922542 3935616 4170524 3668365 3901004 3912597 3923376 3930052 3997576 3903520 3949607 
003441	PK259	0897706	1	3762625 3817981 3929635 3930162 4043840 4280465 4280907 4095302 3914745 3904251 3914449 3969305 4175436 3994843 4175523 3931001 4276256 3930220 3820010 
003541	PK328	0599596	1	3762625 3930721 3797192 3915038 3930220 
004023	BYC239	0854975	1	3762625 4090845 4002846 4096899 3878563 4175365 4279260 3908683 4095985 4175524 4176721 4086492 
004036	EHIII	3646540	1	3762625 3817507 3913210 3973360 3769494 3914354 4175446 3871577 4279260 4176465 3931001 4175362 4175329 
004066	EHLEC	1167978	1	3768625 3792350 3797324 3818025 3908300 3768034 3818029 3823311 3905715 3699613 3796254 3879197 3910517 3584557 3694668 3910527 3910531 
005263	TAYC	0493855	1	3690799 3771823 3781152 3930197 3816832 3823387 4086417 3931453 3798513 3928941 3969305 3768972 4175312 3915042 
003465	CAN205	0599596	1	3788743 4270406 3929651 3930731 4175535 3816483 4467145 
006504	CARP21	3083296	1	3724014 3788743 3937160 4003168 4090749 4129668 4233573 4236548 4277951 4281005 4281868 4003642 4044003 4093282 4127014 3878563 4277527 4277844 3941668 4133513 4003434 4280524 4372198 3910595 3930683 3995227 4181031 3821179 3858245 3883637 4093423 4097054 4174380 3931388 3995719 3851846 4092819 4093853 4278491 3888348 3961853 
014099	BYC127	0409956	1	3692316 3725997 3771823 3788743 3822778 3846717 3921208 3929849 4095301 3789573 3818807 3911054 3788897 3833378 3694712 3913768 4075429 3689328 3929586 3722764 3910583 3928966 3930817 3968696 3904320 3907037 3913671 4014851 4086447 3913807 
005228	PK154	3448653	1	3790244 3915099 3930197 3758045 4037591 3703427 4014851 
001185	RCSEM	3646542	1	3583596 3790306 4044003 4086413 4278351 3914928 4003389 4180434 4175415 4000336 4002806 
016886	CARP15	0058557	1	3790306 4090841 4093315 4150362 3929237 4091767 4175440 3769368 3844962 4175348 4093136 3821589 
015416	PK100	3194197	2	3790792 3903833 3913138 3676165 3819546 3714653 3846234 4086323 3715174 3910626 4040430 4086409 4086436 4086437 4174897 3914906 
015243	GOHEP	0031631	2	3483059 3667385 3796964 3913396 3914515 3915155 3929894 3797168 3821008 3910343 4095224 3661465 3822995 3905868 
003454	DAL119	3092941	2	3797324 3816997 3817981 3818770 3883991 3929289 3957394 3960504 4000195 4003485 4003839 4059195 4090975 4095807 4282999 4000249 4001717 4095004 3914449 4091718 4170477 3822731 3911048 3930721 3931889 3969305 3995227 4002806 3930190 4023528 4091773 3821589 
016852	TAYE	3479968	2	3797532 3913437 3976786 4174840 3880322 3668130 3789315 3910713 4090814 3830308 3910649 3610287 3612203 4086501 3703938 4143476 3906250 3910745 4086294 3910567 3775417 3903520 3796974 
015135	TH111	3899727	2	3560236 3799593 3861195 3915711 3930547 3989696 4001588 4095897 3918056 4001999 4115871 4091996 4002075 4094796 3789529 4096262 3821097 4174617 3816108 3914502 4093806 4092159 
004874	ROSTUD	3436165	2	3814239 3827187 4092767 4092823 3888468 3910684 
017106	PK179	3436165	2	3651750 3814239 3816174 3818805 3823338 4090975 4091895 4095243 4233573 3768356 3817682 3910937 3973119 3609553 3887480 4175478 4092144 4277607 3903861 3910609 3910464 3579361 3823228 3857764 3901722 4278491 3930864 3913815 
002564	CARP25	0564741	2	3816174 3932943 4001588 4089004 4093970 4180325 4277909 4093282 4371955 4091782 4254672 3974846 3994733 3901254 3995802 4086215 
005154	DAL300	1020104	2	3816180 3902911 3910179 3929800 4174957 3902759 3930614 3889653 3904411 3768025 4002094 4091785 3851913 3930070 3928941 4074784 4093119 4175368 4086083 3839910 3818782 3817261 3930220 
009299	PK247	0321808	2	3816180 3712286 4268891 3821180 
011962	DAL25	0492451	2	3816463 3824908 3903909 4094613 4175284 3903092 4175281 3914745 3931453 3774021 3910548 4086473 3894333 4086317 4086244 4093186 3788983 3904334 4086379 
015860	TH223	0125630	2	3816463 3817487 4092004 3903092 3820858 3915044 4090730 4467145 
004290	EHIII	3646542	2	3816993 3910870 3684090 3768197 3579867 4086249 3823391 3910498 3789439 3914251 3929864 3759092 3823094 
003421	RCSEM	0024092	2	3816997 3827187 4003839 4193260 4280653 4037591 3910564 4174660 4143065 4175286 
008423	BYC106	4177943	2	3816997 3818805 3901669 3932943 3953825 4090844 4127367 4155489 4180325 4193293 4278485 4280653 3915243 4174957 3888468 3699613 3997010 4130250 4358230 3902614 3929810 4174660 4278734 3817419 3820768 3818771 
001771	PK264	1061058	2	3817981 4282008 3856450 3847931 3910564 3769494 3819304 3995227 4086314 
004304	BYC100	3448653	2	3675467 3790244 3816722 3818024 3716057 3768025 3589576 
012818	CARP17	3448653	2	3818024 3910870 4175295 4175408 4003130 3913164 3822218 4002094 4175371 4278990 
001845	TAYG	3646542	2	3818025 3822778 3931946 3970633 3994652 4095301 4095424 3818762 4001999 4115871 3928589 3822201 3847931 4003434 4174617 3901731 3968696 4093066 4134408 4007305 4175330 3914552 4091072 4093853 4086287 
002412	EHI	0031373	2	3818805 3931946 4170471 4277616 4282115 3821008 3914498 3969108 4093959 4093989 3929651 4091936 4175377 4095206 4371973 3816203 4001654 
016926	PK180	4172051	2	3561430 3667385 3781152 3818805 3850568 3893220 3913437 3929575 3937982 4000998 4070957 4091672 4096738 4232308 4278366 4282999 3816992 4280607 3852217 4000249 4090814 4091767 3817087 4279329 3910321 3929165 4096266 4170477 3905623 4152767 4175371 3910645 3988063 4072230 4094965 4096358 4263456 4277523 3790928 3819372 3843810 3910765 3999899 4093119 4093165 4175358 3995719 3693891 4000420 4276031 4279035 3820958 4096769 3817379 4087228 4175458 3821589 3792443 4095445 
012665	PEMSTD	3332662	2	3819177 3819598 3915267 3789806 
006500	TH224	0031399	2	3819230 3928890 3930674 4043840 4092928 4174231 4180447 4180508 4193260 4275431 4280864 4281029 3915243 4175516 4277924 4134616 4278481 3975519 4281002 4091510 4093293 4280947 3910641 3994733 3929776 4095425 4164263 3693891 4086327 
004838	TAYF	0031373	2	3651750 3819585 3823338 3827187 4092675 4092823 4180435 4280375 4280697 4281005 3942061 3816860 3888468 4281294 3910649 4095472 4139961 4280947 3712913 3902196 3928949 3929864 4176086 3820037 4280642 3796926 3821195 4371932 
014140	DAL6	0031336	2	3819628 4078277 4270406 4091163 4175888 4358230 4279855 4281391 3789136 4086337 4093161 
012355	GOCOM	4089714	2	3819645 4280475 3910741 4278991 
003014	CARP21	3332662	2	3820032 3908117 3913606 3921659 4014292 4023438 4090806 4091672 4091784 4092833 4093015 3821044 3878563 3914724 3910700 4003163 3914814 4092670 4091510 3821632 3905861 4095046 4281093 3711406 3930052 3995568 4093324 3910582 4373611 3910558 4091805 4277915 3764207 
003029	PK126	4354612	2	3819177 3819598 3820032 3914754 3930034 4086240 3653200 4086281 3851913 4086269 4086323 3817637 4086270 3823402 4086260 4086345 4086356 4175347 4086215 
002464	PK154	4354604	2	3821048 3852520 3929800 3930683 3910563 
007403	PK336	0031611	2	3822778 3929235 3910721 3911054 3833378 3910347 3610287 3796237 3722764 3910501 3910555 3910492 3816336 3907037 3913671 4175290 3910848 
006538	PK229	4092861	2	3823092 3876667 3903994 3914515 4280525 4175394 3816963 3931962 4161057 3458065 4003434 3914502 4086387 4095472 3914371 3904320 4277162 4175492 3666995 
015248	CARP13	4172060	2	3823192 3832060 3929575 3852217 4175478 4086270 
008420	PK349	4177943	2	3819230 3823262 3930865 3970633 4003199 4005905 4096206 4164342 4231518 4280648 4002846 4094815 4096983 3875914 3931962 4140702 3930614 4169489 4091439 4093475 3822148 3901936 3929810 4170524 4181991 3851736 4074784 4096186 4278454 3953233 3914696 3759024 
015016	TH116	3764403	2	3824908 4129668 3816992 3910618 4000862 4002113 3975962 4278034 4280721 4002204 4002909 4023528 4143065 4180395 4181243 4003319 4279035 3559872 
015500	TAYD	0695890	2	3824908 4090841 4094613 4175373 4000483 3929237 3931453 3768356 4277525 3715155 3855583 3910576 3910656 3988063 4086317 4086424 4175523 4175551 3768339 4003415 4175531 4086379 4086254 
017105	DAL212E	3436165	2	3827187 4092823 4001662 3816860 3910684 4093165 3910630 
016985	TAYB	1024995	2	3829442 3929635 4003485 4037591 3773692 3818675 4170477 3930721 3790928 3930190 3768339 
001424	GOB	0020093	2	3832060 3915054 4193293 4277616 4278383 4023381 4175357 4256760 4371940 4055257 4152351 4281886 4086501 4280182 3922150 3932941 4175482 3914552 3930260 4371026 
001444	EHII	0853792	2	3592680 3832060 3994876 4176818 4093370 4276784 3930042 3920668 3904102 3661465 4263456 3910673 4158080 3930260 3819433 
001457	TH129	0901151	2	3832060 3758075 3768972 
008495	PK200	0316015	2	3833424 3915243 
017126	CAN205	4354081	2	3767997 3834985 3852791 3931202 3931688 3931959 
001774	BYC239	3474420	2	3839352 3913159 3913396 4000812 4001881 3805981 3819309 4096914 3790928 3910643 4175383 4086246 
016844	DAL212A	0031572	2	3839352 3903833 4023438 4278366 3788990 3821269 3930070 3915044 4095930 4175470 4093324 4086083 4175405 4175331 3788983 3913815 4086445 
006565	CARP15	0031399	2	3846717 3910179 3816963 3768620 3458065 3975519 3914371 3848104 4043790 3929102 4180467 4086305 
005723	DAL1	4170914	2	3850568 4096738 4158492 4174272 4180435 4280500 4281029 4276333 4003389 3928941 3975962 4174660 4280050 3843810 4278720 4001712 4175388 4280642 4175309 
006041	PK354	3818520	2	3817507 3833424 3850568 3915267 3928890 4092771 4093607 4175453 3936964 3917445 4280948 4087228 3690361 
006045	DAL2	0031526	2	3850568 3887957 4092290 4092833 3821958 3973885 4091806 4091936 4095080 3691783 3796906 3922542 4017901 4092769 3930301 4095086 4093423 4095234 3667464 
007878	PK227	0031386	2	3851827 4094832 4127367 4174480 4275431 3973885 4372037 4372208 3712913 4371973 
002164	DAL10	0180723	2	3852207 3929812 3929815 3994876 4097018 3915029 3930678 3799474 3902440 3929954 
011827	RCCON	4090501	2	3852207 3861339 3915054 3929812 3929815 4097018 3915029 3930678 3799474 3902440 3929954 
014569	PK25	0409956	2	3852207 3852207 3915155 3915155 3931946 3931946 3937160 3937160 3994652 3994652 4090749 4090749 4093315 4093315 4093409 4093409 4093612 4093612 4096738 4096738 4129668 4129668 4151426 4151426 4155489 4155489 4158492 4158492 4164342 4164342 4229863 4229863 4231518 4231518 4252142 4252142 4278465 4278465 4279708 4279708 4281868 4281868 3941070 3941070 4041708 4041708 4127014 4127014 4150362 4150362 4175771 4175771 4277924 4277924 3875914 3875914 3903896 3903896 3931666 3931666 4093255 4093255 4134616 4134616 4174837 4174837 4174889 4174889 4278502 4278502 4280693 4280693 4280849 4280849 3910700 3910700 4161057 4161057 3910347 3910347 4169561 
014969	TH118	3448653	2	3852520 3821162 3930118 3821254 3929651 3821004 3839910 
001871	DAL315	4090501	2	3854723 3789493 3774808 
011190	PK337	4354090	2	3692862 3860357 3902911 3910185 3913863 3902439 3930253 3930841 3821254 4091785 4086477 3694668 3915088 
002368	PK338	0697660	2	3861339 3905822 3915267 3937982 4000795 4091784 4140259 4176023 4176818 4236548 4258417 4278366 4278394 4278528 4278618 4280475 4281628 4282115 4044003 4170444 4175303 4086315 4175344 4175408 4281934 4094012 4140702 4175386 3930485 4003130 4372052 3995827 4174366 4243051 4372200 4279920 4372210 4181151 4280946 4371959 4371991 3756293 3913781 4076454 4086474 4093324 4095425 3949783 4175551 3910584 4278991 3953266 4176624 4281391 4371037 4371975 3910740 3910495 
008769	EHLEC	3996107	2	3876667 4034558 4093409 4140278 4174908 3823473 4275968 4174957 4270406 4153409 4175540 4280157 3822731 4086269 3881459 4371943 
002562	PK243	1168490	2	3879518 3929679 3934527 3969214 4095047 4151626 4176781 4231518 4277274 4278447 4278489 4281005 4230476 3913185 3821687 4095302 4276784 4280849 4281163 4281294 3956631 3914928 4371930 3818773 4091877 3797868 3905871 3910672 4280721 4281093 3902196 3935616 4000418 4086375 3799529 3901004 3910516 3930052 4096964 4280703 4280941 4175290 4175374 4281391 3910623 3910702 4175401 3910691 4086635 
006031	PK278	3839982	2	3881597 3909951 3931686 3987067 4003168 4043543 4093159 4093970 4127521 4140259 4151626 4170299 4174768 4175300 4232308 4233573 4277951 4278383 4278447 4278489 4280138 4280375 4280653 3808480 4150362 4175313 3821008 3902439 4086619 4281934 3848415 3650239 3820378 3821016 3970539 3983482 4095703 4044087 4372246 4091439 4095088 4092633 4175326 4175535 3936964 3974846 3975962 4086269 4094640 4279920 4280524 4281093 3902196 3910652 3931881 4093806 4094965 4143476 4280946 3759092 3932941 4165503 4175519 4175528 4176463 4193252 4278484 4280889 4280941 4175534 4092819 4175494 4277662 4371037 3910547 4073784 3910848 4373610 
016846	PK259	3318436	2	3818770 3881597 3935260 3957394 4095309 4276023 4175394 4174889 3789070 4130250 3910642 3914683 3910507 4174776 4003534 4074784 4143065 4175422 
002153	PK20	0428815	2	3560236 3560236 3816993 3816993 3883991 3883991 3904324 3904324 3915099 3915099 3915155 3915155 3915711 3915711 3921208 3921208 3931946 3931946 3937160 3937160 3970633 3970633 3994652 3994652 4001588 4001588 4003168 4003168 4090749 4090749 4093612 4093612 4095424 4095424 4095897 4095897 4096706 4096706 4132153 4132153 4155489 4155489 4193260 4193260 4229863 4229863 4252142 4252142 4279649 4279649 4280648 4280648 4280907 4280907 4281868 4281868 4175771 4175771 4001999 4001999 4174837 4174837 4174889 4174889 4280140 4280140 4280693 4280693 4281892 4281892 3579867 3579867 4002075 4002075 3956631 3956631 4075429 4075429 4094796 4094796 3822201 3822201 4091785 4091785 4096262 4096262 4157786 4157786 4180434 4180434 4174617 4174617 3901731 3901731 3936726 3936726 4176698 4176698 4278034 4278034 4280947 4280947 3584557 3584557 3789439 3789439 3891249 3891249 3968696 3968696 3988502 3988502 4093806 4093806 4280526 4280526 3901577 3901577 4002909 4002909 4007305 4007305 4081695 4081695 4095876 4095876 4181243 4181243 4193252 4193252 4278360 4278360 4278484 4278484 4086083 4086083 3915038 3915038 3951543 3951543 4003319 4003319 4091072 4091072 4093136 4093136 4093853 4093853 4176624 4176624 4282188 4282188 
012107	BYC127	0031619	2	3816997 3883991 3910179 4078277 4091443 4087169 3797266 3992528 3931453 3817087 4175888 3910583 3965315 3799529 3817419 3820768 3903861 4074784 4095876 3821766 3905868 4001431 4467145 3915042 
008770	TH104	0899465	2	4096749 3887957 3931836 3948045 4011555 4094613 4095424 4193260 4231518 3821069 3875914 4260945 4093416 4133513 4180434 3793612 4175521 4181143 3913781 4468375 4086227 4280030 
013613	TH110	0492580	2	3890005 3903833 3909951 3913606 3928826 3964183 4003131 4091672 4092801 4092833 4170471 4175499 4091806 4093607 3821886 4086240 4086284 4093026 4095302 3930042 3930485 4086281 4091936 4175370 3817087 3910586 4086457 4175498 4281869 4086269 4086323 4092769 4086270 4086411 4095086 3693840 3995568 4086356 4093423 4086369 4086425 4086353 4175315 4175309 
005161	PK328	0031582	2	3893220 4094815 3928949 3903520 
016885	DEDANCE	3479968	2	3893220 4000366 3930763 
017127	TAYC	1020104	2	3893220 4000812 4180508 4278521 4256760 4279995 4091718 4003177 4165473 3923376 4003188 4153748 3817962 3690361 
013185	TH102	3420576	2	3823262 3901669 3930865 4090844 3823387 3814296 3820858 3915044 3930721 3902614 3652339 
011859	TAYSEM	3332662	2	3903833 3909951 3914754 3930034 3930054 4093370 3823278 3930042 3910695 3914354 3671929 3797683 3821571 3929776 4086215 
001242	PK154	4354604	3	3903909 3813457 3576990 
013184	DAL6	3198619	3	3860357 3903994 3914515 4175303 4090814 4002204 3904254 4176086 
002397	DAL119	0493725	3	3820397 3905822 3908300 4011555 4091784 4176023 4176079 4094815 3914498 3930118 3930137 4094012 4003130 4094175 3665300 3816549 3910937 3995827 3793612 3821632 3915028 3930890 4037411 4045331 4175371 4175400 3756293 3821273 4086474 4175374 3910691 3910636 
011237	TAYC	4354084	3	3910179 3913606 3994726 3820395 3910753 3914676 3904254 4086436 3913807 
001750	GOB	4196252	3	3690799 3910497 3913159 4000367 4174231 3819353 3910622 3684090 3930763 3852217 3816486 3915028 4281409 3843810 3971828 3857764 3910678 
002992	PK25	4358918	3	3913138 3927400 3929739 4000795 4062513 4070957 4090845 4092004 4092290 4258417 4277274 4280365 4280475 4282115 3821958 3942061 4127014 4230476 4280607 4276195 4278502 4092173 4276784 4003130 4003163 4095703 4260945 3814296 4000253 4095088 4175322 4280706 4091877 3674492 4371956 4092335 4165473 3817419 3937404 4081695 4176668 4371027 4372224 4001712 4077315 3816483 4095985 4176789 4276031 4095190 
007923	PK227	3435819	3	3913786 3711797 3796254 3884178 4093778 4001712 4175383 
015010	PK264	0431946	3	3913786 3929289 4086413 4088956 3884178 3905830 
016614	PK259	4170946	3	3486653 3651486 3790825 3816180 3914820 4092767 3609410 3820380 4175385 3821571 3910686 3930767 
002163	CARP25	0168378	3	3915054 3929815 3994876 4097018 3915029 3930678 3799474 4086391 3902440 3929954 
014114	EHI	0827051	3	3915711 4090806 4278573 4175510 4175437 3897515 4092633 4095128 3858245 4175489 4175528 4000502 
008764	PK338	4362871	3	3890005 3927400 3931971 3970633 4002914 4003485 4026411 4078277 4091784 4092290 4093159 4095047 4096206 4180325 4181049 4278489 4280591 4281628 3941070 4282008 4280693 3931962 4162177 4175250 4277527 4091767 4096262 3905623 4017901 3789439 3929810 4095086 4181031 4278734 3923376 3931970 3937404 4278484 3951543 4091072 4193360 4279855 
017120	PK180	0806046	3	3852791 3914344 3927400 4002914 4091443 4093409 4095965 4096206 4096706 4164342 3708949 3768515 3819353 3908314 4181152 3953819 3797266 3992528 4003045 4278355 3716140 3913768 3929586 4275712 3785953 3816104 3816108 3899772 3930967 4003177 3651348 4276567 3789283 3912597 3923376 3995730 4278360 3793534 3910526 4086300 3914552 4086397 4176624 4193360 3910688 
004360	PK328	0847593	3	3928826 4062047 
010851	PK349	0207327	3	3820963 3821077 3928890 3929979 3991180 3820038 3821044 3821958 3788990 3818480 3930296 4091936 4093611 3930168 4095080 3716140 3910649 3774021 3821643 4017901 3910641 3930301 4086223 4094965 4095086 3790857 3930469 4093423 4280948 3690361 
007882	PK247	3435819	3	3929289 3994876 4175475 
004809	EHIII	3194193	3	3929575 4280365 4280658 4278829 4281294 4035604 3931889 3935616 4175859 
009386	PK354	4354080	3	3910185 3929635 3933304 4282008 3771747 4371969 3928941 3818274 4000336 
014180	DAL212E	0599596	3	3929635 3904411 4091718 3691228 3768339 
007113	EHLEC	0316015	3	3913606 3929289 3929739 4095965 3585962 3821687 3930614 4090714 3910582 3817261 
015855	TAYG	3927894	3	3929739 4003199 4011555 4090845 4091899 4093970 4095965 4096251 4280658 3994726 4276195 3823278 3817427 3687862 4091782 3821632 4086404 4086480 3910766 4276031 3930705 
003019	TAYF	4354612	3	3890005 3929979 3931686 4043543 4089004 4140278 4176781 4278528 3929472 4093026 4175351 3930070 4175292 3910524 4092144 3693840 3904254 4280941 4175405 4092819 4175363 4175524 4468375 3792443 
006034	DAL1	0213446	3	3930034 4043543 4127521 4151626 4174768 3931666 3983482 4095703 4095088 3915026 4094640 3930817 4000502 4280948 
006523	CAN205	0031573	3	3930674 3951018 4091877 3821180 
003270	TAYE	0492451	3	3931202 3960504 4003839 4095053 4280864 3910427 4093748 3616206 4000483 4276195 4175437 4091439 3822148 3922542 4095128 3822731 3901731 3914750 3920306 3930891 
004015	PK337	0854975	3	3931686 3937160 4003168 4236548 4280465 4003163 3852806 4143476 3888348 
016863	PK336	4168993	3	3823338 3931836 3973168 4152941 4174272 4180435 4280465 4023381 4093607 4000249 4181036 4280642 
016882	TAYB	4091222	3	3851827 3931686 3931971 4001588 3759337 3914683 4095206 4086280 
005725	EHII	4362771	3	3932089 4282999 3870878 4170477 3901936 4094965 4175368 4093853 4175962 4175329 
001427	PEMSTD	0901151	3	3933304 3920668 3928949 
002876	TH110	1084458	3	3881597 3934527 3973168 4003839 4125799 4174480 4174768 4252142 3973885 4096899 3880322 4278829 4281892 4090814 4146034 4153409 3773692 4096262 4125081 4175486 3920668 4002113 3609553 3904102 3910608 3822912 3932941 4002909 4181243 4280174 4372233 4371947 3559872 4371919 4170472 
013210	TH118	0031582	3	3934527 3976786 3973119 4281409 4093126 
002671	TH129	0847593	3	3937982 3910636 
005120	ROSTUD	4273391	3	3937982 4002166 4146034 4262071 4125081 
005846	TAYSEM	3479968	3	3941346 4093970 4096899 3880322 4180953 4055257 3899772 4280182 4181036 4170472 
009225	PK100	0022277	3	3945475 4174272 3789573 3823151 4086619 4175357 4371956 3906250 4096186 4278484 3910634 
006024	PK20	3839982	3	3921208 3948045 4023438 4132153 4151426 4152941 4175354 4175456 4176781 4278394 4278528 4278618 4279624 4280525 4280622 4280658 4280898 4003642 4170444 4175771 4278351 4134616 4174889 4280140 3964713 4175333 4180953 4276333 4281892 4146034 4280913 3905830 4372246 4157786 4372026 4372054 3976675 4003434 4091782 4174617 4175292 4254672 4281869 3823391 3936726 4278034 3844962 4092335 4174776 4175448 4181143 3978317 3995568 4180395 4193341 4277782 4175418 3894530 4176699 4176789 4278491 4282188 4091805 4371958 4175541 
006851	PK179	1167884	3	3948045 4095083 4140259 4152941 4176079 4276023 4278489 4279624 4280138 4280375 4280525 4280622 4280653 4280907 4003642 4278351 3914498 4086619 4094012 4180953 4002094 4279920 4280721 3910741 3759092 4003188 4193341 
008774	DAL212A	4168989	3	3960504 4258417 4277616 4278521 3915044 4276714 3995227 4276567 3969012 4278990 4077315 4079295 
004807	DAL2	0672202	3	3933304 3964183 4012510 4170471 4180508 4281005 4281029 4371917 3856450 4175385 4280946 4278360 4276256 
007028	TAYD	0316015	3	3964186 4002166 4031284 4095424 4001999 4091163 4094796 3914928 3931449 3816108 4152767 3931881 3901577 3937404 4093973 4175286 4277662 3930705 
008773	TH111	3194197	3	3759127 3964186 4090841 4090975 4093612 4095083 4278485 3808480 4175771 4000483 4140702 4165491 3902614 3920306 3930891 4076454 4086377 4175358 
009304	DAL10	0493855	3	3651486 3976786 3930731 3889653 3798513 3914822 3930967 
004276	BYC106	1165566	3	3915099 3982946 4129668 4174908 4175490 4371910 4175351 3913164 3589576 3910632 4086477 4175375 3910753 3988502 4143476 4181991 4086294 4278454 4371971 4175348 4193360 4279035 3895612 
001546	TH224	0031756	3	3909951 3987067 3989696 4095053 4096706 4175300 4278489 3797168 3821254 4095224 4175440 4262071 4095088 4146462 4175380 4281869 3968696 3818064 4095234 4077315 3788983 3818227 3910508 3951543 4175302 4175451 4096176 4086236 
015841	PK126	3577228	3	3819230 3901669 3930865 3994652 3995576 3953819 4037708 4003045 3910564 3768588 3931970 3910670 4093186 3910568 4095071 
001763	PK229	4176433	3	3823192 3929222 4000195 4095047 4280607 4092894 4146034 4153409 4153480 4279329 3914449 3911048 3931889 4134408 3711406 
015013	GOHEP	0827051	3	4000763 4132153 4278350 4170444 3939975 4003240 4169561 3956631 3995827 4371918 
013155	TH223	3198619	3	4003199 3821687 3768620 3789070 3860451 3913807 
004275	CARP21	0949010	3	3876667 4012510 4096206 4181049 4233573 4258417 4277616 3708949 4093748 4259993 4371917 3856450 3930841 4086348 4055257 4371969 4372246 3885128 4280182 3814107 4371933 4372006 3851736 4038907 4280889 4371035 3953233 3894530 4091072 4093973 4278491 4372230 3820974 
016440	TH116	4392595	3	3913437 3932943 4034558 3969108 4165491 4175250 3758045 4094498 4175377 4096964 4174380 4282720 4176699 
013183	RCCON	3198619	3	4031284 4043840 4278366 3816963 3914449 3930967 3969851 3888348 
001758	CARP13	3460008	3	4059195 4282999 3769494 4086513 4153748 
016843	DAL300	4354084	3	3823092 4070957 4078277 4280138 3823278 3969108 3797206 3930614 3815949 4000862 3935616 3797192 4090714 4277162 3609407 3610671 3910471 3816466 3888348 3930705 
002567	BYC127	4177047	3	4089004 4093970 4175533 4276023 4277909 4175548 3930253 4175437 4044087 3458065 4175291 4281886 3910524 3910557 3994733 4174776 4175438 3858245 3910469 4175511 4149852 
004012	PK243	3197197	3	3560236 3560236 3973168 3973168 4090749 4090749 4095243 4095243 4151626 4151626 4174231 4174231 4277951 4277951 4279649 4279649 4280375 4280375 4280622 4280622 4150362 4150362 4174392 4174392 4092173 4092173 4138433 4138433 4243051 4243051 4275712 4275712 4170524 4170524 4097054 4097054 4176668 4176668 4193341 4193341 
013919	TH102	0897399	3	4090845 4174837 4281163 4176080 3930301 3994733 3930190 4079295 
008469	TH104	3420576	3	4005905 4091443 4092004 4175354 3823387 4002846 3992528 4091439 3820858 3822148 3965315 4090730 3901936 3902614 3929810 3913781 4095876 3914696 
015856	RCSEM	3927894	3	4070957 4091899 4175351 3817427 3820395 3910744 3669069 3715174 
013342	DEDANCE	0493725	3	4092675 
017124	DAL315	3448653	3	4092675 3823094 
011342	DAL25	3460456	3	4092823 4193293 4279624 4280138 4280475 4280898 4282099 4280607 4276195 4094012 4281892 4278481 4130250 4280524 4158080 4280786 4377190 
012352	GOCOM	4466695	3	3824908 4092928 4262071 
002686	BYC239	0138190	3	4000763 4092290 4095243 3768034 4092771 3817048 3931451 4092144 3910480 
002404	PK200	4354612	3	4095309 
007032	CARP17	0031573	3	4095965 4280078 4280138 4096983 3823278 3904254 4175501 4175282 
001158	CARP15	1020104	3	3913396 4140278 4086315 3576990 3920306 3929864 4181143 4373611 4276717 
003406	PK278	1167851	3	3692316 3869959 3950836 4093015 4127521 4151426 4158492 4275431 4277274 4278485 4281628 4281868 4278351 4280693 4092173 4276333 4279995 3956631 4133513 4281002 4280157 3722764 4176698 4276714 4281093 3930301 4092335 4276567 4277523 4277607 4280050 4280880 3930891 3995568 4081695 4097054 4193252 4277782 4278990 4278991 4093973 4176789 4282188 4468375 4044450 4092920 
015655	BYC100	0129398	3	3819598 4159999 3910700 3910601 3848104 4280786 
009362	PK20	0125630	4	4174231 4176023 3823387 3915243 4175389 4175310 4175344 3668130 4278355 3931323 4175337 4372037 3789070 3768088 4175500 3928949 4280880 3759872 3821571 3851736 3910648 4175409 4175410 4175327 4176789 4086342 4175308 3610382 3668378 
002396	PK126	0020988	4	4176079 4094815 3914498 4095080 4086333 4094175 3756293 3910691 
004356	PK278	0847593	4	3991180 4001881 4252142 4278447 4280078 4280697 4023381 4096261 3994726 4086619 4037708 4277844 3905460 4280524 4280721 3917445 4096186 4371024 4176077 
007381	PK25	0031611	4	4277274 4280078 3930831 4093255 4037708 3821016 3774116 3973119 3715444 3799474 4086313 4175513 3883637 3930469 4043326 3910553 3871572 3821766 3851846 4003415 4281391 4373612 3930864 
006860	PK349	3461209	4	3994876 4093159 4095001 4277951 4278383 4093959 3758045 4093778 3922542 4092633 3975962 4010147 3790857 3901577 4092795 
006874	DAL2	3646602	4	4095001 4278383 4093959 3758045 3904251 4010147 4092795 
003008	DAL119	3473854	4	4175300 4278618 4175389 4280140 4175333 3930168 4086220 4175361 4371991 4093119 4175409 3910529 3910471 3910740 3910633 4086350 
012487	DAL300	3083296	4	4280525 4280907 4095004 4035604 4243051 4095930 3914676 4095079 4093161 4086361 
016445	DAL212A	3194193	4	3935260 4280898 3930296 4003389 4017901 3971828 
012353	CARP17	0683480	4	4282999 3910734 3819372 
015445	PK180	0162976	4	3730202 3817427 3815949 3816549 3910668 3910744 3689944 3793612 3715174 3914354 3797683 3793534 3910766 3818227 3695345 3816466 3792443 3797576 3819542 
013915	TH116	1168490	4	3797331 3821393 3678357 3819143 3821554 3910527 3708638 
017122	TAYSEM	4392595	4	3860357 3913210 3816764 3889653 3910710 
004362	BYC239	0775506	4	3816832 3931666 3822201 4093475 
013647	CARP15	0492580	4	3821044 3613455 3820971 3823402 
013213	PK179	3996564	4	3821958 4277924 3910713 4161057 4094498 4094175 4175407 4050929 4096914 4093066 3922150 4090714 4175349 3817001 
007041	TH110	0162976	4	3771823 3788743 3913396 4026411 4094613 3903092 3930054 3821059 3930168 4086457 4096266 3904320 3901722 3915038 3817261 4086466 4175497 4086379 
001563	DEDANCE	0031756	4	3910622 
004282	PK338	1165566	4	3583596 3790306 3816993 3910870 4003642 3579645 3821269 3929237 3579867 3789439 3844962 3910595 3914251 3929864 4086309 3823094 3910605 3930260 4175287 
002373	PK227	0901151	4	3918056 4095703 4174366 
001176	GOHEP	4354080	4	3959570 3822218 3768588 3930260 3666995 
010933	DAL10	0853792	4	3959570 3758075 3922150 
004379	TAYC	0847593	4	4023381 3821016 3910480 4062047 3430527 
017104	BYC106	0431946	4	3818025 3858042 4094832 4174480 4086413 3711797 3928589 3905830 3789070 3819309 3891249 4175330 3910527 
002390	EHIII	0316015	4	4093282 4175375 4278990 4279035 4371946 
017168	PK243	0802802	4	4281628 4275968 4174837 4174957 4162177 4270406 4277527 4000253 3768025 4175888 4277525 3910687 4176698 4277523 4280880 3851736 3910470 4175489 4086083 
004816	TAYE	0321808	4	4278383 4001662 3888468 4256760 4161057 4260945 4000253 4175326 4175311 4175431 4076454 4181243 
016894	TAYG	3926311	4	3675467 3768625 3816722 3904324 3913863 3579645 3684090 3821269 3902439 3930253 3930841 4000229 3910605 
006868	DAL6	0750235	4	3610120 3819269 3822912 4086250 
016923	TH224	0402773	4	4095001 3789493 3610120 3910601 4093778 3818773 4086472 4092633 3905871 3822912 4086382 4086255 4086334 4093814 4086497 
002420	PK264	0695890	4	3616206 3821273 4373610 
004293	TH223	0802802	4	3768197 3929237 4086309 
002433	PK100	0697660	4	3821162 3930137 3929651 4086333 3821116 3671929 
005745	PK247	4362771	4	3910617 3910646 
009232	PK354	4354604	4	3852520 3937982 3930118 3930683 3816203 
012354	TAYB	0031756	4	3989696 3930831 3797192 3910508 
002874	TAYD	0031582	4	3941346 3880322 3973360 3830308 3852806 4086501 3910550 4086294 3775417 
002395	PK259	4358919	4	3929800 4086315 4175453 3822218 4175374 3910702 4093161 
007888	BYC100	0772775	4	4088956 3905830 4001712 
002384	RCCON	3473854	4	4175310 4175386 3720506 3910561 
005853	PEMSTD	0031582	4	3758075 3904102 
010860	TH111	3461209	4	3846920 4000476 3910701 4086404 3790857 3822912 4086325 3910659 3910653 
005258	CARP25	4170165	4	3905715 4035604 4093119 4093165 3910479 3910559 
012320	EHI	3995790	4	3821048 3819546 3930137 3910700 4010147 4095206 3690789 
001755	TH102	3927849	4	3818762 4093959 4252130 4175447 
003002	PK229	0492580	4	3931836 3950836 4011555 4180447 4095302 4092670 4281869 4280889 
016855	TH104	3474420	4	3913437 3575266 3900952 3619216 4175431 3797084 3910541 3610671 3817261 
012734	DAL212E	0772775	4	3796254 3612203 3683644 
006588	PK337	4092861	4	3768620 3820378 3820395 3579116 3819676 
005272	TH118	1137952	4	3821197 3669069 3691228 
014185	GOCOM	0599596	4	3879197 4002806 
005190	CARP21	1137952	4	3929849 3992528 4162177 3910532 3930042 3792406 4277525 3930025 3901936 3910549 3910725 3910468 3914696 3816483 3910523 3929704 3820958 
010966	EHLEC	0775640	4	4175370 4129521 4003177 3797606 4372220 3910537 
006038	DAL1	4177047	4	3816174 4175439 4175402 3901254 4086312 4175392 4371033 4372015 
004288	GOB	3646542	4	3910870 4086279 4180953 4226536 3885128 4280182 3661465 3914251 3910472 
011987	PK328	3764403	4	3830308 3931451 
011296	PK336	0431946	4	3934527 3930544 4095004 3821097 3903861 3857764 4079295 
012735	RCSEM	1168592	4	3823755 3814296 3817087 3914696 
002469	EHII	4358919	4	3964183 3821162 3914750 3910741 3910690 3839910 
004810	ROSTUD	0697660	4	4000253 3931451 3930303 
008778	BYC127	4168989	4	4023438 4086333 4371952 4372059 4095930 3914371 3915088 4084615 4086437 4093471 4174897 4372224 3913815 
001552	CARP13	0129398	4	4095053 3691783 3818064 
016832	DAL25	3995790	4	3914820 4000763 3818676 3792406 3821116 3910586 3975519 4093416 4095206 
011238	TH129	4354084	4	3897515 3910561 
004825	DAL315	4358919	4	4000862 3579361 
002383	CAN205	3473854	4	4091782 3816203 4175315 
015015	PK200	0031756	4	4146462 
011322	PK154	0028980	4	4358230 3409210 3965315 
007051	TAYF	0031336	4	3820397 3903092 3665300 3816549 3910937 4050929 3793612 3915028 3930890 4037411 4045331 3910518 4175400 4244933 
008821	PK278	0031572	5	3820397 3665300 3816549 3910937 3793612 3915028 3930890 4037411 4045331 4175400 
003493	TH111	0138190	5	3768088 4175492 
011037	PK179	3083296	5	3816963 3820395 3816708 3912597 
006035	PK20	0409737	5	3799593 3833424 3846920 3819269 3915026 3930301 4280946 3910629 3816483 4280948 3222918 4175505 3690361 
015432	PK243	0129398	5	3692862 3821059 3884178 4086391 3652959 3910712 
015417	TH104	3194197	5	3930890 4086473 
001757	TH110	1008897	5	3852217 3816486 4175478 3820970 3699593 4175433 
004740	TAYF	3764403	5	3789315 3703938 3910475 4170472 
011208	PK126	4354090	5	3914251 
001752	PK338	3896859	5	4059195 3819353 4174366 4146462 4086513 4176668 4135340 
002374	TAYE	0492580	5	4281002 4175470 3910503 
015678	PK25	3478658	5	4092004 4279624 4280365 4280658 4280697 4280864 4281934 4093026 4280849 4281886 4017901 4095086 4093973 
003034	CARP21	3473854	5	3789806 3613455 3910516 3910580 3929776 3910588 
014523	PK349	4170914	5	3910617 3914676 3910646 3819542 3822914 
017172	DAL119	4464860	5	4093159 3905861 4092769 3910463 3823271 4044450 
014310	GOB	4354604	5	3910483 3652339 
001010	PK180	3402041	5	3852520 4275431 4093282 4092173 4277523 3678357 4077315 3914696 3930705 
015014	DAL25	0031756	5	3458065 3910638 
008470	BYC106	0695890	5	4093748 4358230 3894333 4086337 
013156	PK229	3198619	5	3930967 
001562	DAL300	0031756	5	3989696 4095053 3910508 
017171	DAL1	3995790	5	4040430 
015651	TAYG	3478855	5	4062513 3910622 4175535 3690845 
017121	BYC127	3995790	5	4000249 4091996 4092795 4095190 
017173	DAL2	4464860	5	4094832 
013920	TH116	0897399	5	4175290 
014537	PK259	4170914	5	3816466 
016879	TAYD	3443571	5	3575266 4175472 4086362 
015650	TH224	4091999	5	4062513 3910622 3823391 3818064 3910674 
002669	EHI	0897706	5	3930034 
006582	PK336	0564741	5	4086448 
