86.93364
Zero Conflict:50977
Nonzero Conflict:3914
Course	Room	Teacher	Time	Students
013176	14 / 29 / 15	PK336	0995587	1	3425114 3788919 3813457 3634695 3823438 3844962 3612203 3768458 3521265 3559900 3818675 3829442 3668817 3797643 
006026	41 / 73 / 42	PK180	0213446	1	3544262 3551641 3580389 3591211 3651365 3652276 3692761 3693185 3675467 3561229 3768034 3796974 3819309 3668420 3764422 3699593 3789529 3861195 3581605 3513947 3521461 3540124 3579723 3611048 3651486 3655428 3676165 3716057 3790792 3790825 3816970 3820395 3858715 3668916 3668978 3797594 3797623 3797660 3797748 3797750 3910744 
005723	27 / 174 / 27	PK20	3648007	2	3788919 3915044 3839910 3930614 3711406 3819380 3911124 3668378 3914166 3820745 3929864 3931889 3693921 3915332 3869959 3901484 3902440 3597302 3717144 3827187 3829442 3834370 3901669 3903909 3914676 3903986 3576002 
001213	19 / 73 / 20	PK180	3577228	2	3820397 3574483 3574563 3580586 3518231 3797164 3695539 3581830 3651293 3580714 3483511 3574866 3516442 3558796 3559843 3560256 3580991 3692756 3561772 
015513	20 / 73 / 22	PK349	3996563	3	3820397 3580259 3560487 3576231 3797576 3929165 3788983 3498772 3695539 3540190 3764422 3558796 3559537 3611048 3668365 3537536 3579181 3910480 3910496 3910729 
002929	13 / 72 / 13	PK278	3995790	3	3914820 3818782 3929815 3821116 3903833 3901004 3820774 3820587 3716357 3820491 3820971 3576361 3910586 
004807	20 / 78 / 20	TH110	3326005	4	3699561 3797576 3901722 3913159 3929810 3789283 3913786 3692862 3824908 3861195 3848415 3432357 3816180 3816860 3823092 3823192 3579645 3674492 3995730 3914822 
004276	27 / 174 / 27	PK20	1165566	5	3821162 3580259 3903861 3914754 3488858 3668378 3823271 3902667 3910870 3653119 3930683 3579645 3823391 3694828 3716057 3768197 3914676 3668831 3684090 3695271 3910497 3910595 3929572 4086249 4086301 4086311 4086333 
006045	55 / 174 / 55	PK20	0207327	4	3492423 3503382 3559534 3575916 3577485 3578252 3578804 3581135 3631215 3651243 3667273 3691416 3692098 3692771 3820030 3821393 3477425 3478356 3651499 3651605 3690361 3789055 3475959 3580584 3492361 3691981 3820032 3650596 3694417 3821439 3789493 3581077 3715155 3691575 3695554 3462565 3574519 3693789 3629518 3581282 3695543 3487429 3555932 3574873 3576879 3581375 3694236 3695368 3797331 3578842 3581952 3576002 3820257 3580114 3669022 
005846	19 / 78 / 19	TH110	3176705	5	3930841 3581315 3692164 3759092 3929954 3758075 3844962 3905871 3913807 3464954 3690445 3824908 3798513 3768458 3818746 3905460 3650225 3816992 3790306 
014570	88 / 174 / 174	PK20	0409956	6	3631215 3930841 3789175 3907037 3929704 3839910 3930674 3910185 3795919 3813457 3851345 3699567 3816108 3820858 3821440 3823307 3846717 3901790 3903861 3914344 3915040 3915043 3929235 3930042 3930544 3930831 3693084 3790857 3799474 3801768 3818064 3833378 3845742 3902905 3910848 3913671 3914502 3929586 3773692 3834985 3902439 3858042 3931962 3722764 3799593 3913164 3915088 3652353 3816483 3930025 3648550 3695145 3863747 3930070 3930608 3823094 3911054 3915054 3771823 3819393 3823391 3902404 3721962 3788616 3854723 3513947 3561660 3606418 3715444 3768515 3820588 3821097 3843290 3858715 3860357 3902911 3906818 3909951 3913863 3914696 3912597 3930865 3931064 3915203 3517604 3797694 4086403 4086471 
015666	11 / 174 / 11	PK20	3900232	7	3430527 3795919 3458065 3576753 3901254 3699593 3911054 3816860 3852806 3910343 3792443 
013613	35 / 78 / 35	TH110	0492580	6	3695510 3498974 3789055 3821588 3821571 3797429 3821044 3817637 3820405 3613455 3821008 3649880 3690778 3819598 3821359 3578842 3789806 3820971 4093446 3668880 3797597 3797604 3910466 3910468 3910491 3910516 3910543 3910580 3910599 3910624 3910652 3910670 3910695 3910718 3910735 
005739	10 / 78 / 10	TH110	3392421	7	0468326 3817048 3481664 3577682 3650256 3599497 3668766 3669004 3870878 3910646 
015674	13 / 78 / 13	TH110	1051497	8	3711406 3930253 3914498 3505185 3510878 3580139 3606293 3655749 3668623 3694433 3851907 3929651 3720506 
015675	16 / 78 / 16	TH110	0431946	9	3651243 3711406 3483546 3930253 3914498 3505185 3510878 3580139 3606293 3655749 3668623 3694433 3851907 3929651 3720506 3797679 
015676	13 / 78 / 13	TH110	0851717	10	3711406 3930253 3914498 3505185 3510878 3580139 3606293 3655749 3668623 3694433 3851907 3929651 3720506 
007128	23 / 174 / 23	PK20	0162976	11	3581207 3460718 3560199 3796230 3518231 3510878 3483954 3570123 3581192 3487623 3690445 3561402 3577795 3559645 3581995 3581038 3516442 3559624 3568950 3581249 3542887 3692609 3463919 
004048	21 / 174 / 21	PK20	0031578	8	3460718 3581786 3585962 3699613 3768034 3905715 3559657 3558800 3705083 3561402 3692187 3598090 3465332 3578963 3584557 3629467 3692849 3561098 3599497 3668816 3668882 
002368	44 / 174 / 44	PK20	1051497	9	3915044 3819380 3498974 3821440 3671929 3708638 3758045 3905885 3820963 3821166 3464954 3902667 3817419 3915332 3930683 3914724 3914814 3768025 3818805 3822122 3823278 3903909 3904101 3928911 3929241 3929800 3930137 3792406 3668831 3668923 3668972 3689944 3822886 3910466 3910503 3910563 3910690 3910721 3910741 4086260 4086320 4086333 4086433 4086488 
015106	20 / 174 / 20	PK20	3208421	10	3498974 3533093 3651412 3560193 3540190 3479534 3653119 3690346 3689919 3692380 3820010 3693280 3694481 3931474 3668849 3668895 3797645 3797692 3797819 3797833 
015406	11 / 78 / 11	TH110	0024092	11	3506324 3694101 3652473 3462019 3549052 3547282 3474374 3690204 3668800 3668810 3797777 
001899	15 / 78 / 15	TH110	0409956	12	3529298 3581232 3480999 3560167 3470846 3558739 3426943 3470393 3521461 3543742 3576260 3581920 3650277 3472549 3668966 
007393	18 / 174 / 18	PK20	0987494	13	3529298 3574137 3620017 3693286 3796237 3768356 3796723 3581609 3667676 3821008 3630501 3677885 3693219 3774116 3817260 3694754 3575309 3797650 
012291	18 / 174 / 18	PK20	0409956	14	3529298 3818064 3497993 3596713 3668196 3561074 3785953 3818762 3694428 3930864 3608097 3480867 3789573 3578673 3668789 3668893 3668925 3797625 
001249	20 / 174 / 20	PK20	3577228	12	3580259 3574483 3574563 3575735 3485756 3581830 3580714 3483511 3574866 3521272 3540124 3557478 3559843 3559963 3560858 3576126 3580991 3537536 3538400 3561772 
011223	10 / 78 / 10	TH110	0207327	13	3692771 3581980 3477425 3462565 3693789 3513947 3561084 3581952 3628726 3580114 
009304	12 / 78 / 12	TH110	1137952	14	3581981 3493764 3580671 3695542 3581247 3690516 3693092 3667677 3559462 3667381 3667654 3668538 
001766	11 / 174 / 11	PK20	3998659	15	3699561 3600785 3694101 3544945 3816708 3599090 3900952 3578177 3610681 3857764 3544254 
007375	40 / 174 / 40	PK20	0820103	16	3600785 3651750 3821088 3789136 3796723 3691616 3699613 3651487 3816104 3818762 3612623 3667385 3692187 3818746 3581149 3629467 3645720 3693433 3712913 3728679 3774116 3797192 3817682 3820479 3578673 3668749 3668790 3668818 3668959 3669029 3669047 3797619 3797630 3797632 3797714 3797774 3797803 3910507 3910583 3910651 
015665	13 / 78 / 13	TH110	3318436	17	3544262 3600785 3619323 3630915 3634695 3818686 3602435 3652373 3579143 3483036 3544254 3575769 3820958 
006546	5 / 78 / 5	TH110	0031478	15	3648970 3820378 3694798 3668820 3797760 
015679	8 / 78 / 8	TH110	0247216	16	3689931 3397771 3692852 3995719 3581907 3693565 3694741 3519499 
006031	73 / 174 / 73	PK20	3839982	17	3914820 3768303 3678357 3699567 3903896 3929235 3930678 3930817 3769368 3790857 3796906 3819177 3822912 3848104 3905871 3913671 3929679 3668378 3691783 3759337 3821166 3914813 3819196 3820745 3904251 3692862 3816486 3914515 3823387 3602816 3821044 3821179 3930054 3821958 3930296 3956133 3613455 3930047 3695643 3901413 3905460 3930083 3578747 3649880 3651465 3710476 3716140 3788990 3816554 3817507 3818025 3821077 3821554 3824188 3846920 3850568 3861339 3929237 3929894 3847728 3904645 3929979 4093446 3908117 3360165 3797728 3910466 3910468 3910587 3910700 3910735 4086373 4093813 
008484	14 / 174 / 14	PK20	3420576	18	3790492 3580346 3663306 3709927 3655749 3678350 3510665 3530220 3578036 3632103 3691140 3764207 3666207 3668936 
004015	12 / 78 / 12	TH110	0031578	18	3795919 3667453 3910937 3819177 3903138 3821180 3821008 3816960 3762625 3792350 3818029 3821034 
001152	75 / 174 / 75	PK20	3996563	20	3915044 3910185 3813457 3816756 3903994 3905868 3577109 3667453 3814296 3816108 3819304 3901722 3901790 3914344 3930052 3652473 3690652 3789136 3811941 3822218 3845742 3852207 3929586 3930026 3930162 3930260 3768588 3815949 3834985 3930168 3900952 3904251 3914515 3576990 3652353 3690845 3823405 3903833 3930025 3616206 3695145 3863747 3914875 3796148 3818274 3851913 3915332 3672031 3797324 3814776 3771747 3819353 3826470 3854723 3928966 3768515 3781152 3796247 3796732 3817427 3817969 3820395 3821097 3834370 3901669 3903909 3906818 3914928 3929222 3929635 3904645 3821552 3910538 3910738 3910766 
004016	13 / 78 / 13	TH110	3442425	19	3813457 3931001 3610671 3833378 3708949 3793612 3929644 3816530 3432357 3823151 3816554 3930485 3816466 
014571	87 / 174 / 174	PK20	3926311	21	3631215 3930841 3789175 3907037 3929704 3839910 3930674 3910185 3795919 3813457 3851345 3699567 3816108 3821440 3823307 3846717 3901790 3903861 3914344 3915040 3915043 3929235 3930042 3930544 3930831 3693084 3790857 3799474 3801768 3818064 3833378 3845742 3902905 3910848 3913671 3914502 3929586 3930705 3773692 3834985 3902439 3858042 3931962 3722764 3799593 3913164 3915088 3652353 3816483 3930025 3648550 3695145 3863747 3930070 3930608 3823094 3911054 3915054 3771823 3819393 3823391 3902404 3721962 3788616 3854723 3513947 3561660 3715444 3768515 3820588 3821097 3843290 3858715 3860357 3902911 3906818 3909951 3913863 3914696 3912597 3930865 3931064 3915203 3517604 3797694 4086403 4086471 
008770	38 / 174 / 39	PK20	3996170	19	3578252 3907037 3816756 3589576 3814296 3816963 3833424 3843810 3915040 3693084 3905885 3914371 3929586 3764422 3651487 3480592 3805981 3823262 3821048 3788616 3814239 3826470 3910422 3928966 3476927 3540714 3591591 3638594 3690799 3694791 3759552 3788743 3904411 3929222 3901481 3910596 4086262 3668971 
006034	29 / 78 / 29	TH110	0213446	20	3818480 3769368 3774021 3789283 3796906 3667464 3691783 3692862 3816483 3602816 3821179 3817637 3820405 3956133 3930303 3651465 3694432 3710476 3716140 3788990 3817507 3818025 3821077 3821643 3824188 3930547 3821047 3790306 3910700 
008764	40 / 174 / 40	PK20	0899465	22	3930674 3910185 3818480 3580586 3820858 3929165 3930678 3475959 3689328 3823228 3902905 3903092 3914498 3929679 3930026 3930034 3902614 3860451 3915038 3930118 3470846 3823755 3929849 3930070 3580912 3581085 3914724 3818122 3821197 3931959 3651486 3774808 3816924 3820588 3846920 3902759 3913863 3915267 3931323 3668812 
010851	18 / 78 / 18	TH110	0409737	21	3692771 3818480 3493704 3556970 3651605 3690361 3774021 3581282 3695285 3574873 3577022 3578240 3579864 3692796 3818773 3821643 3628726 3797713 
015500	22 / 78 / 22	TH110	0695890	23	3818480 3581315 3561430 3693856 3789136 3503630 3520100 3602816 3577806 3689329 3581282 3525604 3578240 3680751 3596193 3790863 3797606 3797662 3797720 3797819 3910540 3910769 
011342	20 / 78 / 20	TH110	3460456	22	3851345 3910321 3930135 3575266 3913185 3930042 3904254 3915026 3667676 3821687 3930102 3929102 3930296 3830308 3902404 3930083 3909951 3913210 3928911 3914354 
002153	73 / 174 / 145	PK20	0168378	23	3929704 3903994 3458065 3482101 3560487 3675467 3816336 3817487 3818807 3819304 3821269 3901722 3930544 3930678 3693084 3789283 3799474 3801768 3818064 3833378 3852207 3901691 3914502 3929586 3708949 3768625 3773692 3914251 3596713 3790244 3817962 3821254 3722764 3914515 3717137 3785953 3789529 3808480 3818762 3820768 3861195 3915029 3929849 3930608 3930302 3521001 3606290 3694668 3819393 3869959 3764208 3818024 3854016 3902440 3905460 3561660 3693712 3694712 3716140 3725997 3774808 3789573 3796247 3817969 3818025 3819332 3843290 3909951 3929812 3789288 3904620 3627845 4086300 
007374	77 / 174 / 77	PK20	0987494	25	3905868 3559464 3651750 3693286 3767997 3816336 3821016 3911124 3689328 3768356 3819613 3821766 3871577 3902905 3930705 3691616 3694433 3797168 3596492 3668196 3724014 3768088 3559319 3610681 3816104 3821180 3679221 3705083 3667385 3691983 3694384 3821231 3764208 3485170 3581149 3592680 3630501 3645720 3650228 3677885 3689920 3695368 3695784 3712913 3728679 3796007 3796964 3797192 3797206 3816992 3817682 3819645 3820729 3931323 3693224 3716357 4091039 3694780 3505134 3668921 3700270 3774124 3790863 3797650 3797739 3797787 3797803 3910507 3910538 3910576 3910583 3910591 3910610 3910622 3910672 3910712 4086314 
015407	9 / 78 / 9	TH110	3443571	24	3905868 3533093 3690361 3819232 3901484 3823151 3481944 3579687 3774116 
002876	35 / 174 / 35	PK20	1084458	24	3911048 3843810 3846717 3851735 3908300 3577054 3580671 3612427 3758075 3799474 3871577 3903520 3666995 3858042 3667311 3692852 3856450 3930102 3824908 3852791 3796148 3817637 3911054 3915332 3852806 3930237 3814239 3524341 3615055 3816992 3832060 3913863 3668910 3910745 4096175 
009225	13 / 78 / 13	TH110	1061058	25	3911048 3852217 3764613 3769494 3823192 3788616 3555254 3666175 3762625 3929635 3929419 3669010 4086407 
015114	44 / 78 / 44	TH110	0820103	26	3929704 3911048 3503587 3556617 3667453 3767997 3816336 3846717 3690652 3708638 3768356 3789136 3764613 3819585 3610681 3759024 3483059 3667385 3821231 3764208 3818746 3910343 3931959 3578861 3581149 3651033 3689920 3712913 3728679 3789573 3796007 3817682 3819645 3931323 3694754 3722992 3931688 3584685 3668830 3774124 3910464 3910553 3910680 4086287 
002992	49 / 174 / 49	PK20	0375562	26	3929776 3580346 3816108 3913862 3492392 3620520 3811886 3819177 3561229 3852520 3694012 3668420 3691925 3929644 3597215 3808480 3852791 3930054 3930070 3651293 3848415 3930296 3667503 3869959 3930047 3826470 3581375 3816970 3823278 3902759 3902911 3909951 3913210 3928911 3929894 3930469 3930485 3904645 4091039 3797666 3797672 3822886 3870878 3910661 4086360 4086388 4086432 4086445 4086468 
004010	29 / 174 / 29	PK20	3442425	27	3914820 3790492 3929776 3767997 3819232 3821766 3914745 3914968 3930168 3819372 3580796 3852791 3930054 3679221 3915054 3823192 3819353 3610120 3668365 3677885 3818773 3821097 3843290 3914928 3915243 3931929 3789464 3820971 3930767 
004806	17 / 78 / 17	TH110	0032827	28	3788919 3929776 3821016 3910937 3902667 3854723 3788897 3827187 3829442 3930485 3930676 3910650 3910684 3910692 4086313 4086321 4086393 
006024	61 / 174 / 61	PK20	3470402	29	3929776 3930135 3666570 3759092 3833424 3903861 3914754 3929235 3671929 3846234 3902905 3910848 3914750 3902439 3914251 3930168 3817962 3819196 3819269 3929815 3799593 3816486 3821687 3913164 3910870 3580796 3808480 3863747 3914875 3915029 3929102 3857764 3549052 3722926 3814776 3821197 3902440 3426943 3491953 3579867 3817969 3818771 3928911 3929800 3929812 3930137 3576507 3684090 3910491 3910523 3910532 3910588 3910718 3910736 4086223 4086268 4086303 4086322 4086350 4086411 4086425 
015540	7 / 78 / 7	TH110	3478658	27	3930301 3914754 3929235 3929679 3930162 3913210 3929241 
002562	38 / 174 / 38	PK20	0564741	28	3914820 3907037 3458065 3683644 3814296 3858245 3913159 3929235 3758045 3816708 3820038 3844962 3560511 3852520 3914813 3821439 3929864 3928890 3821958 3930296 3608097 3820774 3606148 3790928 3824450 3858715 3902911 3905822 3929222 3929883 0750570 3668750 3668953 3821390 3910729 4086267 4086322 4086388 
008778	14 / 78 / 14	TH110	3194197	30	3470797 3816549 3693856 3790244 3913164 3483640 3818024 3575259 3581907 3665300 3763675 3797642 3910668 4086484 
001757	9 / 78 / 9	TH110	3460008	29	3471190 3482101 3581786 3903896 3663306 3581609 3514835 3797777 3910497 
006060	19 / 174 / 19	PK20	0554585	30	3503382 3559534 3577485 3578804 3477425 3556970 3694797 3561280 3579949 3575898 3487429 3574873 3576879 3581127 3199633 3578842 3628726 3580397 3668878 
006847	50 / 174 / 95	PK20	0031347	31	3477425 3481894 3666570 3816336 3818807 3549272 3557244 3559857 3581232 3789283 3708949 3716638 3790244 3817962 3538202 3486653 3611135 3717137 3785953 3689375 3694428 3821069 3721962 3818024 3821197 3481664 3560256 3581456 3591774 3629467 3656490 3671851 3680751 3693712 3694712 3768197 3817668 3953805 3606536 3820732 3576512 3651606 3652350 3668749 3668759 3668798 3668812 3797609 3797711 3797737 
010943	65 / 78 / 65	TH110	0207327	31	3492423 3503382 3559534 3578252 3578804 3581135 3631215 3651243 3667273 3691416 3692098 3692771 3820030 3478356 3616918 3651605 3560770 3796906 3820038 3929468 3691981 3820965 3561280 3650596 3694417 3821439 3581077 3651487 3694738 3629951 3653200 3462565 3574519 3579949 3693789 3629518 3695543 3513947 3576248 3577022 3581127 3581375 3690799 3692796 3694236 3695368 3820756 3915267 3578842 3581952 3628726 3576002 3694426 3484374 3668883 3668901 3669026 3759872 3797754 3797778 3910487 3910683 3910688 3910695 3910746 
010977	24 / 174 / 24	PK20	0695890	32	3559534 3478356 3519078 3580584 3520100 3577167 3580407 3487623 3558800 3502893 3524963 3525604 3577590 3580248 3558963 3576333 3668761 3668800 3668821 3668841 3668858 3668970 3669002 3669084 
012326	19 / 78 / 19	TH110	3420576	32	3480728 3581999 3589576 3817487 3581827 3503630 3691616 3574866 3818122 3540124 3561660 3575259 3578861 3691140 3764157 3666207 3668870 3669026 3578910 
003464	18 / 174 / 18	PK20	0599596	33	3480734 3667404 3929165 3699536 3712905 3819628 3995719 3690020 3691228 3805981 3818274 3678350 3817261 3928966 3797564 3692915 3693891 3910496 
003525	7 / 78 / 7	TH110	3818518	34	3480734 3796237 3694980 3819628 3559476 3580340 3790792 
015455	9 / 78 / 9	TH110	1167884	33	3482288 3493704 3558543 3564528 3580095 3581192 3693921 3694431 3479838 
001763	15 / 174 / 15	PK20	4087850	34	3493704 3819613 3592208 3576230 3581596 3699593 3797324 3694828 3913396 3508682 3651816 3797532 3820992 3668935 3797825 
014122	24 / 174 / 24	PK20	3555100	35	3493704 3533093 3913185 3915040 3580671 3819613 3797266 3902439 3714653 3915088 3679221 3557478 3561001 3630526 3651486 3667654 3690799 3693712 3822778 3929812 3995730 3797606 3797694 4086227 
002163	16 / 78 / 16	TH110	3415849	35	3493748 3632720 3689500 3591844 3650239 3648550 3690806 3667503 3694903 3460343 3496439 3496673 3656490 3690043 3693813 3606536 
002166	18 / 174 / 18	PK20	0428815	36	3493748 3689500 3591844 3575483 3648550 3690806 3667503 3460343 3496439 3496673 3610287 3656490 3690043 3693813 3606536 3820380 3651606 3668751 
011827	17 / 174 / 17	PK20	3926209	37	3493748 3689500 3591844 3650239 3648550 3690806 3667503 3694903 3460343 3496439 3496673 3578747 3610287 3656490 3690043 3693813 3606536 
005293	10 / 78 / 10	TH110	1020104	36	3493764 3789070 3693092 3538688 3692807 3520880 3668842 3669016 3910512 3910614 
002636	13 / 78 / 13	TH110	3393853	37	3519078 3818770 3668130 3820963 3722764 3816832 3901004 3820587 3929812 3930469 3915028 3910739 4086215 
004023	17 / 174 / 17	PK20	3996718	38	3552259 3759092 3768339 3768625 3769494 3613455 3666801 3796254 3695529 3820900 3797640 3910464 3910551 3910607 3910684 3910698 3910766 
007378	66 / 174 / 66	PK20	0162977	39	3652276 3905868 3552259 3556617 3620017 3814296 3818807 3821016 3930220 3689328 3768356 3796723 3821766 3846234 3910848 3930705 3797168 3904320 3904965 3768088 3559657 3694434 3823405 3717137 3705083 3915054 3483059 3612623 3667385 3821231 3913396 3928966 3485170 3497948 3521461 3559843 3611048 3645720 3695784 3712913 3796964 3816970 3817260 3820729 3692915 3694754 3722992 3694780 3484374 3596193 3797650 3797691 3797739 3797787 3797803 3910464 3910510 3910515 3910539 3910583 3910610 3910614 3910712 4086307 4086313 3774943 
005257	10 / 78 / 10	TH110	3819183	40	3556617 3561516 3695542 3817962 3667677 3485628 3668538 3797633 3797751 3910698 
006880	8 / 78 / 8	TH110	0031347	38	3482288 3558543 3564528 3581192 3579291 3465332 3576879 3580955 
015260	4 / 78 / 4	TH110	0032205	39	3558543 3568950 3578036 3580326 
014114	18 / 174 / 18	PK20	0827051	40	3559172 3904251 3816486 3610681 3715444 3819598 3823278 3818227 3691265 3910516 3910586 3910632 3910660 3910672 4086280 4086341 4086493 4086506 
001847	22 / 174 / 22	PK20	3483424	41	3481894 3559464 3574137 3797164 3768625 3668420 3575483 3483640 3789529 3823262 3689375 3694428 3694668 3608097 3818122 3560256 3575928 3694712 3796247 3819332 3953805 3517604 
015250	5 / 78 / 5	TH110	3899727	42	3559464 3930864 3591591 3580211 3797825 
009273	9 / 78 / 9	TH110	0032827	41	3559612 3768555 3473086 3581274 3540714 3558963 3668900 3668982 3668987 
015408	22 / 174 / 22	PK20	3443571	42	3930841 3559612 3818686 3616872 3818770 3871577 3560511 3669280 3580407 3711797 3691228 3768972 3930237 3931158 3798513 3557742 3561001 3712286 3762625 3797192 3474374 3694813 
014987	8 / 78 / 8	TH110	1020104	43	3559815 3561516 3930890 3581609 3579687 3693891 3930731 3577741 
014865	77 / 174 / 77	PK20	0031522	43	3905868 3558543 3560199 3630474 3635008 3669069 3796230 3518231 3631101 3476864 3668420 3910870 3512896 3651573 3705083 3771823 3574866 3902440 3476927 3559870 3576126 3577682 3578811 3579414 3690778 3694741 3694791 3816924 3816970 3903909 3903986 3930891 3542887 3578673 3668805 3668843 3668860 3668866 3668934 3668961 3669008 3669027 3797588 3797590 3797597 3797607 3797638 3797641 3797657 3797659 3797679 3797776 3797863 3815923 3910479 3910489 3910535 3910550 3910559 3910599 3910676 3910681 3910704 3910725 3910736 3910756 3929472 4086225 4086260 4086268 4086269 4086321 4086357 4086375 4086393 4086476 4096176 
015661	12 / 174 / 12	PK20	3995790	44	3560199 3481391 3569865 3483059 3578075 3581201 3930303 3592680 3650228 3692519 3796007 3818227 
001871	6 / 78 / 6	TH110	1167863	44	3560487 3694797 3538202 3651487 3581038 3581456 
015449	40 / 174 / 40	PK20	0402773	45	3692098 3560487 3577146 3581315 3632720 3695434 3816963 3908300 3576753 3610671 3819232 3492361 3651412 3797266 3822995 3699536 3816486 3930118 3930102 3616206 3759024 3559903 3816860 3608097 3816960 3524341 3692294 3764207 3789246 3816992 3822778 3832060 3913210 3820491 3821047 3790306 3797754 3904102 3910509 4086247 
012819	14 / 78 / 14	TH110	3195964	45	3560199 3561516 3821588 3592325 3611135 3655393 3606290 3516442 3650225 3695529 3816764 3816924 3797835 3581851 
006043	16 / 78 / 16	TH110	0554585	46	3564528 3818782 3475959 3820038 3820032 3715155 3653200 3579949 3581282 3487429 3578240 3579864 3694236 3820257 3669037 3797628 
007006	27 / 174 / 27	PK20	0162976	46	3577485 3930614 3695510 3574483 3910937 3913159 3687862 3903092 3905885 3852520 3913807 3667311 3904334 3930025 3512896 3929102 3771823 3906250 3914724 3826470 3768620 3790928 3902759 3914928 3930216 4086457 4086499 
014100	12 / 78 / 12	TH110	0431946	47	3574639 3578488 3619323 3683644 3823311 3820768 3558800 3530220 3597302 3692519 3818025 3820900 
004065	5 / 78 / 5	TH110	0854975	48	3575266 3580095 3652373 3558800 3694668 
008810	12 / 174 / 12	PK20	0576472	47	3575971 3693856 3788983 3667464 3691981 3498772 3581962 3691962 3559225 3788990 3797636 3910499 
012339	11 / 174 / 11	PK20	3420576	48	3576231 3577146 3579579 3631101 3483954 3570123 3652273 3560649 3485628 3692609 3668883 
007926	8 / 78 / 8	TH110	0470839	49	3577146 3581081 3524066 3497948 3574542 3525384 3668752 3668917 
012734	5 / 78 / 5	TH110	0772775	50	3577146 3524066 3497948 3574542 3797770 
006868	14 / 174 / 14	PK20	0402773	49	3578252 3580095 3667464 3820965 3690719 3694738 3693921 3579094 3694431 3694903 3576879 3792350 3479838 3506165 
001760	6 / 174 / 6	PK20	0254474	50	3578443 3531305 3581389 3596492 3547282 3668772 
004393	5 / 78 / 5	TH110	0138190	51	3578488 3815898 3581830 3668802 3910543 
015413	24 / 174 / 38	PK20	0493855	51	3578707 3833424 3559970 3575969 3579579 3581827 3620520 3789070 3690516 3930118 3818762 3818274 3819393 3823151 3902404 3497948 3667381 3651348 3797667 3797754 3910470 3910479 3910559 3910758 
015677	12 / 78 / 12	TH110	3460456	52	3910321 3578707 3540428 3559970 3695542 3514095 3579028 3581247 3690516 3699613 3914166 3910656 
003275	17 / 174 / 17	PK20	0695890	52	3693185 3478356 3579092 3630915 3822535 3487623 3462565 3595071 3575259 3577590 3817682 3580248 3576460 3668841 3669002 3797645 3910462 
008469	17 / 174 / 17	PK20	3420576	53	3790492 3579092 3817487 3821269 3709927 3668130 3929167 3817419 3821048 3678350 3674492 3764157 3816463 3818771 3797720 3797784 3910483 
012822	4 / 78 / 4	TH110	3448653	54	3579092 3821269 3561660 3797648 
007070	11 / 78 / 11	TH110	0316015	53	3580346 3601391 3635012 3687862 3715174 3485774 3592325 3581038 3581249 3692849 3538400 
011312	13 / 174 / 13	PK20	0125630	54	3480728 3580346 3851735 3488858 3462240 3995719 3510665 3530220 3559537 3691140 3764157 3668870 3797720 
015511	15 / 174 / 15	PK20	3996563	55	3574483 3580586 3929165 3575735 3651412 3485756 3651293 3514964 3521272 3558796 3560858 3576126 3591591 3538400 3561772 
007888	7 / 78 / 7	TH110	0772775	55	3581081 3821088 3580671 3711797 3820768 3612203 3910489 
007040	16 / 174 / 16	PK20	0162976	56	3581207 3693612 3821588 3609553 3821571 3570123 3486834 3581455 3689991 3792443 3816466 3819542 3669033 3689944 3797864 3910580 
012355	6 / 78 / 6	TH110	0683480	56	3581786 3691925 3668765 3668895 3910741 4086355 
013193	11 / 78 / 11	TH110	0898918	57	3591211 3497993 3561074 3505157 3577187 3694428 3470393 3471447 3516634 3579723 3650578 
013627	21 / 174 / 21	PK20	3459335	58	3591211 3666570 3690361 3580251 3821254 3712888 3479311 3816104 3577187 3689375 3480868 3521001 3722926 3581085 3481664 3543742 3581920 3694432 3576512 3668966 3669043 
015418	13 / 78 / 13	TH110	0135660	59	3591211 3574563 3559857 3514964 3540124 3558796 3651465 3537536 3668871 3668937 3669028 3797737 3910593 
003270	23 / 174 / 23	PK20	0492451	57	3601391 3790857 3820885 3822218 3903092 3667749 3577167 3819628 3715155 3823262 3821958 3577795 3674492 3655428 3692786 3693253 3695292 3816463 3818771 3904411 3905822 3693224 4086293 
015669	15 / 78 / 15	TH110	0804281	58	3601391 3635012 3796230 3578191 3585962 3695539 3568950 3546891 3574546 3668768 3668834 3669033 3797590 3797659 3910663 
005141	19 / 174 / 19	PK20	0493856	60	3910185 3619323 3821440 3929954 3789070 3560511 3768588 3579645 3823391 3930047 3557478 3667381 3667654 3712286 3832060 3843290 3417643 3533264 3537536 
008773	13 / 174 / 13	PK20	3996107	59	3630474 3823438 3913862 3846234 3848104 3691616 3852520 3785953 3521001 3910343 3768025 3822886 4086333 
003454	26 / 174 / 26	PK20	3443571	61	3544262 3699561 3789175 3581315 3630915 3768339 3819304 3610671 3616872 3620520 3665045 3773692 3796974 3819309 3768088 3699593 3818274 3768458 3789507 3689920 3712286 3790792 3819332 3820992 3797640 3910544 
004293	13 / 78 / 13	TH110	3818521	60	3632720 4000229 3581220 3581918 3491953 3631042 3667674 3579181 3458061 3627845 3668767 3797728 3910605 
005743	12 / 78 / 12	TH110	3392421	61	3634695 3930052 3540428 3575735 3580159 3817048 3577806 3481664 3577682 3651033 3599497 3668766 
004275	21 / 174 / 21	PK20	0949010	62	3635012 3397771 3789439 3816993 3995719 3929864 3823094 3579867 3650997 3792443 3818675 3822122 3910179 3668953 3797749 3797831 3910526 3914525 4086216 4086250 4086505 
002572	17 / 78 / 17	TH110	3792642	62	3575916 3821393 3651499 3694797 3708638 3689845 3694417 3581227 3581171 3694384 3576013 3693902 3645471 3668753 3669017 3797824 4094953 
013174	14 / 78 / 14	TH110	0897706	63	3692761 3667404 3693612 3699536 3819309 3580407 3561318 3524341 3575769 3695292 3819230 3474374 3818227 3668823 
014120	30 / 174 / 30	PK20	3819183	63	3669069 3678357 3823307 3811941 3846234 3913786 3930034 3930162 3834985 3860451 3692862 3799593 3930967 3576763 3578177 3910870 3823262 3816180 3538688 3798513 3559476 3560860 3690799 3789246 3829442 3931929 3789806 3821886 3797644 3910650 
004282	8 / 78 / 8	TH110	1165566	64	3651365 3632720 3675467 3820885 3491953 3580217 3693557 3684090 
002564	16 / 174 / 16	PK20	1168490	64	3678357 3848104 3492361 3820032 3860451 3913674 3691575 3848415 3906250 3910422 3692796 3820729 3668830 3910469 4086400 4094953 
011305	13 / 174 / 13	PK20	0029059	65	3678357 3693092 3819196 3930237 3557742 3559900 3575769 3581375 3615055 3693565 3839352 3910564 4086311 
007882	4 / 78 / 4	TH110	0470839	65	3683644 3796254 3817177 3820958 
001752	6 / 78 / 6	TH110	3896859	66	3689500 3578921 3844962 3581077 3695292 3910686 
007403	17 / 174 / 17	PK20	0031611	66	3652276 3693286 3668196 3479311 3695285 3581456 3592680 3671851 3693219 3575309 3581967 3668785 3668865 3668904 3668925 3668999 3669007 
006041	31 / 174 / 31	PK20	3818520	67	3503382 3667273 3692098 3694797 3818782 3560770 3769368 3462240 3492361 3561280 3650596 3581077 3821044 3691575 3695554 3956133 3574519 3629518 3816960 3820774 3930083 3555932 3578240 3579864 3581375 3610120 3694432 3792350 3824188 3628726 3797830 
003014	28 / 78 / 28	TH110	3332662	67	3695434 3816549 3558528 3930034 3715174 3797429 3815949 3914813 3498772 3823271 3851913 3575898 3690778 3692849 3695529 3817427 3915267 3580256 3668824 3797629 3797702 3910470 3910479 3910507 3910586 3910610 3910722 4086215 
010944	20 / 78 / 20	TH110	0777265	68	3577109 3695434 3797576 3816549 3592208 3715174 3580159 3694415 3793612 3581098 3575898 3510971 3577022 3692285 3817427 3690800 3819542 3668985 3689944 3797588 
002161	38 / 174 / 75	PK20	0301910	68	3652276 3651605 3699567 3821440 3846717 3497993 3716638 3821166 3668196 3712888 3652353 3816483 3611135 3915054 3930864 3666801 3693789 3722926 3821069 3695543 3721962 3821197 3426943 3629467 3671851 3680751 3710991 3715444 3768197 3816554 3816722 3817668 3820588 3821097 3861339 3580211 3820732 3668966 
006508	6 / 78 / 6	TH110	0031478	69	3699567 3822912 3581996 3692285 3820395 3576011 
015244	11 / 174 / 11	PK20	1167978	69	3768339 3904254 3914166 3666801 3559476 3580269 3816722 3580248 3668763 3668775 3910500 
001774	11 / 78 / 11	TH110	3474420	70	3768555 3602435 3561074 3462019 3549052 3568950 3579414 3668974 3797598 3797777 3910714 
003004	23 / 174 / 23	PK20	4086857	70	3789055 3820970 3930042 3930168 3694415 3819269 3821439 3691748 3629951 3578811 3576002 3576540 3797697 3910461 4086243 4086268 4086276 4086303 4086342 4086351 4086426 4086457 3668941 
011075	14 / 174 / 14	PK20	3899727	71	3694797 3796237 3819304 3557244 3560167 3651487 3480868 3470393 3789573 3797331 3818025 3930547 3668812 3910721 
002393	3 / 78 / 3	TH110	3332662	71	3797084 3616206 3910563 
009240	8 / 78 / 8	TH110	0138190	72	3797084 3805981 3574475 3580211 3690204 3820491 3669004 4086280 
006500	44 / 174 / 44	PK20	0031399	72	3851345 3814107 3833424 3475959 3558528 3577054 3580584 3820038 3914371 3930162 3904320 3724014 3577703 3929644 3581098 3824908 3695022 3816997 3821069 3695285 3818746 3581469 3695027 3817668 3818773 3820395 3820992 3850568 3929237 3929635 3930485 3690800 3792406 3819676 3823402 3915028 3930721 3930891 3503865 3578673 3910538 3910725 4086269 3797610 
015667	13 / 174 / 13	PK20	3900232	73	3493764 3816963 3833378 3581247 3913164 3817981 3611135 3544254 3559302 3651585 3668538 3913606 3574475 
011536	9 / 78 / 9	TH110	3213249	73	3817379 3908300 3930102 3817260 3818676 3823278 3667674 3730202 4091039 
001881	5 / 78 / 5	TH110	0056992	74	3818807 3581232 3480867 3581967 3691241 
002569	14 / 78 / 14	TH110	3792642	75	3575916 3821393 3819143 3708638 3690719 3694417 3480867 3576020 3821554 3581952 3847728 3360165 3668753 3910527 
010724	16 / 174 / 16	PK20	1168490	74	3821393 3574137 3651499 3819143 3581171 3581201 3694384 3501476 3576020 3581127 3797331 3821554 3576355 3576623 3720506 3797808 
015672	15 / 174 / 15	PK20	3999282	75	3929704 3578443 3820970 3903861 3575969 3914371 3531305 3857764 3910422 3547282 3559963 3694791 3929575 3533264 3797610 
015673	17 / 174 / 17	PK20	3999282	76	3929704 3578443 3820970 3821004 3903861 3575969 3914371 3531305 3857764 3910422 3547282 3694481 3694791 3818029 3929575 3533264 3797610 
007923	6 / 78 / 6	TH110	0821481	76	3651243 3821088 3497948 3578392 3797764 3797833 
002362	3 / 78 / 3	TH110	1165566	77	3821269 3483977 3768025 
003001	26 / 174 / 26	PK20	3473854	77	3820030 3821588 3820037 3821571 3667749 3797429 3821439 3464954 3653200 3817637 3820405 3613455 3821008 3694236 3819598 3820588 3821359 3820971 3823402 3576355 3668760 3797760 3910516 3910523 3910670 3910732 
009232	24 / 55 / 25	PK338	3208421	1	3821162 3819380 3498974 3821632 3575071 3580798 3653119 3690346 3226303 3689919 3820010 3483977 3821006 3639772 3693280 3768025 3577741 3668826 3668849 3669008 3797819 3910690 3910691 3910741 
015113	16 / 37 / 19	TAYD	0820103	1	3482288 3823113 3492392 3581827 3462240 3579028 3531305 3538202 3559657 3581846 3487316 3574866 3930137 3930767 3908117 3910624 
013207	7 / 18 / 10	EHI	0493856	1	3818686 3694012 3575898 3817427 3914354 3797773 3910630 
003406	58 / 78 / 62	TH110	1167851	1	3915044 3930674 3581981 3930135 3816108 3816963 3843810 3901790 3903896 3914344 3930220 3769368 3801768 3819177 3930026 3930260 4000229 3666995 3820032 3914813 3915038 3929815 3823271 3929167 3823405 3930025 3863747 3914875 3915029 3930054 3580912 3930683 3807883 3914814 3930083 3930303 3651465 3694712 3710991 3796247 3817969 3820756 3821359 3824450 3904101 3914696 3915243 3928911 3930469 3930547 3417643 3930721 3931064 4093446 3481532 3581967 3821047 3904620 
013190	22 / 65 / 28	PK243	1137952	1	3575266 3901722 3930678 3904320 3570123 3913674 3929849 3595071 3869959 3608602 3579867 3768197 3820587 3834370 3693891 3820732 3930731 3797831 3910526 3910766 4086215 4086424 
006851	21 / 73 / 49	PK349	0402773	1	3768303 3822218 3691783 3819196 3819269 3821116 3650239 3580796 3820768 3695543 3901413 3905460 3543742 3576792 3578747 3816554 3846920 3199633 3904645 3790306 3627845 
012304	23 / 78 / 23	TH110	0031572	2	3580259 3910937 3540428 3561430 3693856 3788983 3901691 3581962 3691962 3714653 3629518 3807883 3510665 3788990 3790792 3818675 3690204 3482422 3668921 3668924 3797642 3797768 4086436 
001764	8 / 25 / 14	TH104	1000086	1	3911124 3578177 3759024 3830308 3781152 3796964 3669014 4086511 
004810	2 / 12 / 6	CARP13	1051497	1	3931474 3910651 
011987	3 / 10 / 5	RCCON	3764403	1	3913159 3797324 3852806 
001424	8 / 21 / 12	TAYC	0020093	1	3913185 3620520 3758075 3768588 3914968 3695539 3820378 3797614 
007028	9 / 21 / 12	PK126	0316015	1	3589576 3930034 3902667 3695784 3797629 3797647 3797728 3910762 4086433 
012818	10 / 22 / 13	DAL2	3448653	1	3913862 3852207 3597215 3823094 3818805 3913863 3721994 3797645 3797692 3797829 
007368	63 / 174 / 63	PK20	0031611	1	3839910 3930614 3858245 3915040 3930052 3931001 3818770 3820037 3905871 3914371 3915042 3930162 3580251 3609407 3668130 3816181 3822995 3834985 3602435 3692852 3789493 3914515 3930118 3930967 3577703 3817981 3816530 3930070 3796148 3820405 3821048 3857764 3911054 3930302 3689329 3889653 3823151 3914724 3695643 3788616 3819353 3854016 3759552 3788743 3788897 3797564 3816463 3819598 3839352 3850568 3860357 3913815 3914928 3929241 3929575 3929894 3930485 3930676 3820491 3915028 3915036 3910696 4086457 
010872	11 / 23 / 14	CARP25	3098022	1	3575971 3819367 3931971 3789315 3816832 3672031 3578963 3581903 3592680 3666175 3819433 
012487	2 / 10 / 5	ROSTUD	0777265	1	3581207 3816708 
001552	1 / 5 / 3	TH251	0129398	1	3483042 
012354	3 / 9 / 5	GOCOM	0031756	1	3910622 3910674 4086355 
013185	7 / 18 / 9	DAL1	0132890	1	3488858 3575259 3692786 3693253 3666207 3797720 3797784 
013640	2 / 8 / 4	PK154	0893542	1	3487623 3668937 
002438	1 / 4 / 2	CANMEDIA	0321808	1	3668827 
012437	24 / 45 / 24	PK234	0825571	1	3503587 3635008 3693286 3544945 3558838 3560234 3690652 3480592 3695285 3476927 3524963 3606350 3650228 3693219 3693433 3693224 3789464 3668778 3668844 3668865 3668912 3668933 3669018 3910539 
001894	6 / 12 / 6	CARP17	3483424	1	3557244 3575483 3483640 3480868 3581085 3575928 
006588	7 / 17 / 9	EHII	0031478	1	3506324 3577109 3581228 3581098 3579414 3576011 3668812 
012730	4 / 12 / 6	DAL20	3996795	1	3581870 3486834 3667821 3669013 
002412	11 / 37 / 19	PK179	0697660	1	3821004 3540705 3559970 3671929 3560193 3598090 3597302 3694481 3666161 3668868 3668911 
008774	3 / 17 / 8	GOSCENE	0031572	1	3820885 3904965 4086248 
003034	3 / 7 / 4	PEMSTD	4019282	1	3560770 3574542 3580326 
008782	17 / 30 / 18	PK229	0576472	1	3578804 3561430 3652473 3709927 3788983 3901691 3691981 3715174 3915088 3559319 3559225 3690204 3668807 3668829 3910483 3910569 3910698 
004889	19 / 33 / 19	TAYG	0348369	1	3482101 3575969 3576753 3580139 3561511 3579949 3575908 3481944 3508682 3581080 3581149 3581469 3581907 3692294 3533264 3558963 3580383 3668770 3669045 
011187	2 / 7 / 4	PK264	0032827	1	3667749 3668832 
005263	6 / 21 / 12	GOB	0493855	1	3665045 3819232 3616206 3667381 3506165 3669016 
012352	3 / 17 / 5	TAYB	0129398	2	3580584 3667821 3762625 
005218	11 / 28 / 15	DAL119	1020104	1	3667404 3609553 3540190 3577795 3618222 3816180 3901004 3559462 3692807 3910179 3514920 
013180	13 / 30 / 17	TAYF	3818518	1	3693612 3816549 3577054 3610671 3691962 3914906 3483036 3704166 3728679 3576037 3668944 3668988 3797633 
005853	8 / 18 / 10	DAL25	3470325	1	3612427 3616872 3775417 3606418 3668783 3668930 3703938 3910745 
006523	3 / 14 / 7	EHIII	0031573	1	3848104 3650578 3908314 
014180	6 / 18 / 10	PK259	0599596	1	3581315 3694980 3690020 3577590 3629970 3668856 
015245	9 / 23 / 14	DAL212A	3839981	1	3790492 3558543 3769494 3678350 3538688 3797206 3668763 3910707 3910712 
013998	4 / 6 / 4	RCSEM	0999321	1	3693084 3578191 3651573 3692187 
013997	4 / 17 / 9	TAYB	3575049	1	3652273 3578036 3695529 3668906 
006504	27 / 72 / 37	PK278	1021242	1	3820030 3929704 3774021 3796906 3811886 3845742 3915026 3716638 3902614 3913807 3690719 3722764 3789439 3816993 3808480 3929102 3510971 3610120 3649880 3768620 3797532 3821643 3931929 3722992 3930865 3910510 3910542 
004379	4 / 14 / 7	PK337	3451416	1	3655749 3559624 3819676 3910498 
014124	2 / 6 / 4	RODESIGN	3555100	1	3521001 3557742 
005734	3 / 6 / 4	DAL315	3556752	1	3789070 3768625 3694415 
007878	8 / 18 / 10	TH111	0470839	1	3790857 3913786 3858042 3615055 3693557 3818029 3820212 4086413 
012353	5 / 11 / 6	TH118	3431836	1	3577485 3796723 3432357 3762625 3559731 
014982	2 / 5 / 4	BYC100	0899465	1	3577806 3651816 
015507	3 / 11 / 6	PK354	0673281	1	3797164 3771747 3650256 
015508	14 / 66 / 16	CARP21	0673281	2	3576231 3557244 3797266 3538202 3694668 3557478 3559149 3559963 3704166 3774808 3817177 3953805 3537536 3910738 
015013	6 / 14 / 7	CARP15	0827051	1	3799474 3930237 3764157 3847728 4086244 4086385 
003456	10 / 45 / 13	PK234	3318436	2	3693185 3492392 3811886 3914745 3773692 3789507 3557742 3759552 3668793 3668817 
004012	16 / 44 / 22	TAYE	3442425	1	3811941 3871577 3910848 3797168 3397771 3823311 3715155 3771823 3819393 3823092 3931158 3817507 3929800 3695201 3912597 3915203 
001747	9 / 19 / 11	TH102	3896859	1	3821016 3904334 3666520 3818676 3694813 3668934 3910704 4086443 4086450 
014123	3 / 13 / 4	TH129	3555100	2	3823228 3483059 3650256 
004360	5 / 17 / 5	GOSCENE	3451416	2	3845742 3913671 3608602 3789246 3929575 
003421	10 / 28 / 15	BYC127	0024092	1	3619323 3692164 3821766 3903520 3914745 3815902 3823387 3717137 3821958 3630526 
002390	4 / 18 / 6	EHI	0316015	2	3905885 3904320 3574873 3797791 
013213	4 / 14 / 7	PK10	3996564	1	3914750 3910635 3910652 3910717 
003007	9 / 20 / 12	DAL6	3473854	1	3929468 3823402 3797760 3910516 3910641 3910670 4086276 4086327 4086356 
011535	8 / 19 / 11	PK328	3213249	1	3651750 3930705 3690845 3584557 3677885 3821059 3824188 3669044 
012821	10 / 37 / 11	PK179	3448653	2	3470797 3575071 3479534 3595071 3689919 3639772 3676165 3693280 3666161 3668895 
015501	7 / 20 / 12	DAL10	1168592	1	3574967 3577022 3580991 3458061 3797648 3797854 3797856 
009342	0 / 3 / 2	SW3	0031522	1	
009335	6 / 18 / 6	DAL25	0031522	2	3460718 3609407 3618222 3666520 3606148 3797673 
014866	78 / 174 / 78	PK20	0031522	3	3819380 3630474 3669069 3820858 3930042 3930817 3931001 3518231 3915042 3631101 3476864 3668420 3910870 3512896 3651573 3931889 3705083 3577806 3655393 3771823 3902440 3559870 3576126 3577682 3591774 3690778 3694741 3694791 3816924 3816970 3903909 3903986 3930891 3908117 3463919 3578673 3668805 3668843 3668860 3668934 3668961 3669008 3669027 3797588 3797590 3797597 3797607 3797638 3797641 3797648 3797657 3797659 3797679 3797776 3797863 3815923 3910479 3910489 3910535 3910550 3910559 3910599 3910676 3910681 3910704 3910725 3910756 3929472 4086225 4086260 4086268 4086269 4086321 4086357 4086375 4086393 4086476 4096176 
002874	4 / 5 / 4	TAYSEM	0031582	1	3669280 3667311 3668758 3797755 
005864	2 / 5 / 3	PK247	3212821	1	3480791 3650997 
009270	17 / 37 / 21	DAL300	3554810	1	3576230 3691748 3819628 3691228 3823755 3823192 3905822 3929222 3668952 3910529 3910541 3910567 3910646 3910718 4086246 4086296 4086310 
008769	17 / 49 / 25	TH224	3554385	1	3903994 3458065 3852217 3930831 3759337 3914251 3799593 3903833 3930608 3690806 3814776 3816997 3817261 3716140 3902911 3906818 3913606 
004362	4 / 33 / 4	TAYG	3451416	3	3768588 3576990 3910495 4086397 
014140	4 / 16 / 8	PK227	0031336	1	3602816 3559903 3559537 4086245 
002420	1 / 4 / 3	SW8	0695890	1	3476864 
006860	4 / 14 / 7	CAN205	3461209	1	3822912 3694432 3818773 3929237 
006874	6 / 15 / 8	BYC106	3818519	1	3667464 3820965 3694738 3694431 3694903 3792350 
003008	15 / 65 / 16	PK243	3473854	2	3821004 3914813 3819269 3464954 3819230 3914354 3668760 3668953 3797636 3910491 3910503 3910563 3910647 4086223 4086425 
013648	3 / 4 / 3	SW7	0605187	1	3581999 3822613 3556594 
003448	8 / 20 / 12	EHLEC	0031359	1	3764613 3652373 3856450 3815898 3913396 3820992 3789288 3910556 
002151	6 / 27 / 15	PK25	0428815	1	3929679 3695145 3852791 3821231 3819645 3669047 
013146	7 / 13 / 7	TH129	0031568	1	3498772 3581455 3578392 3692609 3576355 3576507 3581851 
014628	21 / 73 / 21	PK349	3575049	2	3481391 3687862 3815949 3524066 3694012 3691925 3764422 3581846 3561402 3538928 3546891 3574546 3580256 3693473 3816466 3819542 3668820 3668854 3668867 3668874 3910523 
015681	9 / 23 / 9	CARP25	0995587	2	3820970 3581389 3596492 3599090 3819372 3903138 3668772 3797643 3910744 
015682	0 / 23 / 9	DAL212A	3460008	2	
002698	2 / 4 / 3	TH223	0854975	1	3581596 3668955 
015660	3 / 13 / 7	PK200	3926311	1	3694101 3596713 3579143 
003029	18 / 72 / 18	PK278	4019282	2	3492423 3601391 3579028 3694415 3691748 3629951 3694431 3561084 3578392 3649880 3695027 3578842 3695024 3695271 3797604 3797638 3797674 3910471 
012292	7 / 22 / 9	DAL2	3098022	2	3819367 3931971 3480791 3666175 3576521 3797661 4086269 
007051	8 / 21 / 8	GOB	0031336	2	3904254 3860451 3690020 3902404 3560860 3606350 3915036 3910580 
005122	5 / 9 / 5	BYC239	3400071	1	3693092 3901254 3910576 3910761 4086247 
015496	11 / 73 / 11	PK349	3451416	4	3823228 3904965 3815902 3667821 3691983 3581920 3610287 3629970 3797206 3910636 3910680 
015670	21 / 38 / 22	TH116	0804281	1	3558528 3579579 3930890 3631101 3561402 3560649 3599536 3650225 3816924 3914676 3821034 3694426 3668795 3668834 3668870 3759872 3797657 3797880 3910495 3910580 4086503 
001843	27 / 66 / 30	CARP21	0056992	1	3789175 3481894 3493764 3818064 3708949 3902439 3790244 3820745 3821254 3931962 3712888 3666801 3722926 3818024 3501476 3559963 3579864 3581920 3725997 3816722 3819332 3995730 3668792 3668859 3668984 3797844 3910481 
013641	4 / 16 / 5	PK227	0893542	2	3485774 3577590 3668923 3797676 
013915	5 / 9 / 5	DAL212E	0564741	1	3575916 3581227 3581171 3576013 3560373 
004281	9 / 29 / 10	PK336	3092832	2	3651365 3820885 3581918 3579645 3631042 3583596 3797831 3910595 3910605 
012729	4 / 15 / 5	BYC106	3996795	2	3551641 3692852 3581080 3669045 
002653	9 / 28 / 10	DAL119	0576472	2	3699561 3711797 3817048 3652353 3816483 3931158 3721962 3668538 3694813 
007370	23 / 78 / 27	TH110	0826964	3	3689328 3930705 3797429 3904965 3724014 3821069 3851846 3796254 3807883 3910343 3630501 3692756 3788743 3788897 3820729 3904411 4091039 3910507 3910532 3910578 3910583 3910587 4093813 
001457	2 / 13 / 4	PK200	3555417	2	3816832 3650997 
007032	9 / 33 / 11	TAYG	0031573	2	3821687 3823311 3930967 3930083 3910179 3797773 3910615 4086253 4086357 
004356	10 / 30 / 11	PK229	0847593	2	3915042 3764613 3789315 3929167 3904334 3851913 3930303 3796732 3929237 3929241 
011307	2 / 14 / 5	EHIII	3213249	2	3502893 3666207 
002397	9 / 28 / 10	BYC127	3839983	2	3820037 3915026 3929651 3512896 3821048 3818805 3397840 3668831 3910529 
004832	13 / 55 / 14	PK338	0053518	2	3581827 3486653 3652273 3579143 3485628 3581469 3581907 3790825 3820958 3695201 3821886 3668839 4086370 
006539	11 / 44 / 12	TAYE	0777265	2	3692164 3797576 3816993 3576763 3581455 3695022 3930047 3797206 3820900 3692609 3797760 
014969	5 / 37 / 5	DAL300	3448653	3	3576763 3568636 3797752 3797829 3797856 
003002	4 / 18 / 6	PK259	0492580	2	3577703 3821044 3199633 3910588 
014207	3 / 14 / 5	PK337	3554810	2	3486834 3668832 3797644 
015133	11 / 38 / 12	TH116	3898367	2	3480728 3709927 3514095 3597215 3817419 3559903 3574519 3514964 3559537 3694791 3578781 
002175	11 / 30 / 11	TAYF	0168378	2	3493748 3561074 3471447 3471450 3521265 3559302 3578747 3581996 3650578 3580248 3668766 
001891	2 / 10 / 3	ROSTUD	3459335	2	3591591 3576512 
004306	8 / 27 / 10	PK25	3818521	2	3561229 3581220 3576013 3580217 3579181 3458061 3576623 3668767 
011865	2 / 30 / 3	TAYF	3092832	3	3581220 3797728 
015410	3 / 9 / 3	GOCOM	0024092	2	3592325 3493931 3668800 
012294	9 / 55 / 10	PK338	3098022	3	3759092 3629951 3491953 3576623 3668932 3797784 3910509 3910591 4086488 
009231	7 / 21 / 9	TAYC	0697660	2	3596713 3653200 3568636 3580114 3561098 3797856 3910690 
005725	6 / 49 / 6	TH224	3648007	3	3695145 3953805 3819542 3668770 3910646 4086475 
015668	14 / 49 / 14	TH224	3910189	2	3768034 3560687 3561511 3575908 3695643 3508682 3519726 3645720 3692294 3694741 3710476 3797822 3797829 3910713 
005228	8 / 72 / 8	PK278	3448653	4	3675467 3821166 3914968 3485774 3929864 3689375 3560858 3910595 
012293	4 / 65 / 4	PK243	3098022	4	3768972 3821059 3797650 3910725 
015650	4 / 20 / 7	DAL10	0031756	2	3818064 3581609 3823391 3668765 
009299	3 / 20 / 8	DAL6	0321808	2	3821180 3797752 3910686 
001546	20 / 73 / 21	PK180	0031756	3	3519078 3930831 3575483 3929849 3823094 3906250 3460343 3483042 3690043 3819645 3913606 3914696 3692915 3576460 3797801 3910622 3910674 3910707 4086391 4086484 
013210	2 / 9 / 3	BYC239	0031582	2	3848415 3852806 
002671	2 / 73 / 2	PK180	3451416	5	3462019 3820378 
002398	4 / 18 / 6	TH111	3839981	2	3540190 3792406 3576540 3668972 
014652	3 / 14 / 5	CARP15	0949010	2	3579867 3931323 3797754 
015659	3 / 12 / 4	CARP13	3764418	2	3642204 3931064 3995730 
005271	10 / 37 / 12	DAL300	1137952	2	3581981 3556617 3559815 3578707 3581247 3693219 3592180 3668816 3668855 3668968 
013147	2 / 9 / 3	DAL212E	0031568	2	3581995 3668938 
007076	5 / 45 / 6	PK234	0031568	3	3581995 3606290 3822122 3538400 3580211 
002396	9 / 25 / 10	TH104	0020988	2	3580798 3821116 3692380 3483977 3598090 3821006 3576792 3910702 3910741 
011037	1 / 25 / 1	TH104	0777265	3	3695022 
009296	2 / 29 / 2	PK336	3554810	3	3816860 3814239 
011864	3 / 20 / 7	EHLEC	0180723	2	3581605 3574558 3580269 
008470	4 / 12 / 4	CARP17	0695890	2	3674492 3692786 3693253 3818771 
005161	6 / 44 / 6	TAYE	0031582	3	3577054 3798513 3832060 3797614 3797678 3910482 
001563	2 / 28 / 2	DAL119	0129398	3	3432357 3668895 
007407	8 / 21 / 9	PK126	0162977	2	3560487 3544945 3558838 3462240 3487316 3580912 3476927 3578861 
001474	5 / 18 / 6	DAL1	0020093	2	3483306 3574967 3578963 3579687 3581903 
004740	2 / 12 / 4	DAL20	3764403	2	3668795 3668965 
015248	3 / 11 / 4	TH118	3786642	2	3650596 3540714 3693368 
009286	3 / 8 / 3	PK154	0138190	2	3694434 3815898 3559624 
003031	2 / 7 / 3	PEMSTD	0375562	2	3560770 3576248 
015445	0 / 7 / 3	PK264	0162976	2	
005252	1 / 23 / 1	CARP25	0321808	3	3579687 
015430	4 / 37 / 5	TAYD	3764403	3	3830308 3910422 3580340 3819230 
009213	12 / 66 / 12	CARP21	0138190	3	3816181 3599090 3818274 3820010 3516442 3693433 3693473 3722992 3930721 3575581 3668802 3821552 
003522	10 / 73 / 11	PK180	3554810	4	3768555 3818686 3581870 3692519 3642204 3669013 3797690 3797713 3910634 3910702 
015239	10 / 65 / 12	PK243	3839983	3	3821162 3758045 3226303 3694481 3823278 3929800 3792406 3668972 4086245 4086333 
004838	5 / 37 / 5	PK179	0697660	3	3821180 3717144 3668858 3910630 3910684 
015655	5 / 66 / 5	CARP21	0129398	4	3768515 3913815 3576521 3668894 3668978 
001448	1 / 11 / 4	PK354	0853792	2	4086421 
006019	1 / 6 / 2	RCSEM	0368960	2	3851735 
015656	1 / 5 / 1	BYC100	3817289	2	3914696 
011198	2 / 14 / 5	PK10	0254474	2	3578443 3546417 
002383	1 / 23 / 1	DAL212A	3473854	3	3671929 
001562	5 / 19 / 7	TH102	4089712	2	3581786 3693891 3668849 3693581 3910508 
013654	2 / 28 / 2	BYC127	0254474	3	3561318 3695292 
011534	4 / 30 / 4	PK229	3213249	3	3821632 3764157 3821077 3861339 
002932	1 / 49 / 1	TH224	3839983	4	3789806 
002376	1 / 45 / 1	PK234	3473854	4	3820756 
002384	2 / 72 / 2	PK278	3473854	5	3820963 3931474 
001182	1 / 66 / 1	CARP21	3839983	5	3821554 
010966	12 / 37 / 12	TAYD	0775640	2	3821643 3662232 3910484 3910555 3910594 3910613 3910706 3910726 3910735 4086424 4086441 4086472 
015678	6 / 17 / 6	EHII	3478658	2	3914502 3914750 3487429 3929894 3929979 3930216 
015663	6 / 19 / 7	PK328	4086857	2	3930301 3668824 3797626 3910519 3910610 3910641 
012820	0 / 5 / 1	TAYSEM	3195964	2	
015651	3 / 10 / 4	RCCON	3478855	2	3481532 3559731 3797855 
009513	0 / 6 / 2	RODESIGN	0031478	2	
014141	1 / 22 / 1	DAL2	0853792	3	3608602 
011315	3 / 55 / 3	PK338	3213249	4	3648970 3817419 3797704 
015411	2 / 27 / 2	PK25	0024092	3	3694798 3668758 
015014	3 / 38 / 6	TH116	3817289	3	3581192 3667606 4086441 
001751	8 / 73 / 8	PK349	0254474	5	3913159 3819372 3819353 3910422 3578392 3695292 3915243 3576460 
015448	2 / 14 / 5	CAN205	0402773	2	3852217 3819676 
009242	2 / 6 / 2	DAL315	0032827	2	3668916 3669013 
015409	1 / 21 / 1	TAYC	0031573	3	3668946 
