74.70162
Zero Conflict:48653
Nonzero Conflict:3617
More students interested than room limit: 0
Course	Room	Teacher	Time	Students
006043	18 / 26 / 18	PK349	0554585	1	1057610 3425437 3438254 3482198 3485416 3560770 3576879 3580397 3581077 3581127 3465103 3467781 3485228 3483651 3561280 3445343 3484887 3460359 
006060	19 / 29 / 19	TAYE	0031526	2	1057610 3425437 3429761 3438254 3455148 3458250 3460867 3462356 3463593 3483638 3451553 3429199 3461826 3441900 3462639 3463587 3445343 3460701 3460359 
007128	26 / 50 / 26	PK241	0028980	1	3239415 3436588 3441413 3443453 3446653 3453472 3454439 3455297 3456066 3456645 3458469 3461469 3462290 3462872 3463143 3581031 3453856 3463708 3438342 3425679 3479945 3458949 3459613 3485305 3462956 3439917 
013997	13 / 27 / 18	GOB	3575049	2	3239415 3437962 3453472 3464638 3467199 3482263 3457979 3463708 3474598 3465327 3427633 3576368 3576371 
014628	19 / 69 / 19	CARP21	3575049	4	3239415 3454439 3464855 3467199 3475950 3462116 3463708 3474598 3437341 3581038 3487266 3484334 3482194 3483950 3576352 3582017 3668788 3668862 3797880 
001837	2 / 48 / 2	TH110	3452118	3	3255755 3330330 
002161	46 / 152 / 46	PK20	0301910	5	3255755 3330330 3433686 3460338 3470846 3471450 3481813 3483638 3487055 3514095 3516634 3521265 3521461 3529298 3559302 3561074 3575483 3579723 3580248 3580251 3580269 3581605 3581996 3457873 3464379 3481690 3559149 3581967 3650578 3513947 3581085 3581456 3477425 3487266 3581375 3485550 3574558 3481702 3457988 3483587 3559857 3577187 3694797 3471447 3576411 3668758 
006847	53 / 152 / 103	PK20	3102267	6	3255755 3330330 3433686 3448679 3448687 3455631 3455719 3462270 3462817 3465036 3476797 3481203 3481813 3487055 3514095 3561074 3561084 3579723 3580248 3580251 3580269 3581609 3581996 3479311 3481690 3486782 3505157 3559149 3581967 3692269 3486379 3513947 3581038 3462292 3303699 3463071 3464327 3574558 3481532 3481702 3579143 3461063 3474620 3577187 3485169 3581920 3485912 3481862 3576411 3576517 3576570 3668904 3668966 
004293	6 / 64 / 7	DAL300	0802802	3	3375323 3457231 3469520 3480714 3576013 3463022 
004306	9 / 49 / 9	PK100	3092832	4	3375323 3438254 3450490 3457231 3455690 3459523 3458176 3459972 3463022 
011865	3 / 42 / 3	PK278	3646542	5	3375323 3455690 3458176 
001243	2 / 53 / 2	PK243	3646621	6	3405451 1160238 
002450	8 / 83 / 8	PK338	3448653	7	3405451 3476908 3484763 3457873 3481875 3463525 3458452 3483950 
009386	17 / 152 / 17	PK20	0031388	8	3405451 3454182 3456820 3576126 3580991 3540124 3485361 3446353 3568636 3479085 3448314 3462964 1160238 3463560 3462115 3689348 3487310 
001765	10 / 152 / 10	PK20	3473979	7	3412725 3447681 3479838 3481354 3465591 3457808 3492361 3440687 3576499 3576565 
010965	14 / 83 / 14	PK338	0897706	8	3412881 3443522 3454210 3457393 3462293 3467427 3477014 3486571 3414205 3483278 3438999 3450546 3576579 3668958 
001249	21 / 152 / 21	PK20	0254151	9	3418606 3432223 3435187 3439912 3443283 3451663 3455291 3459645 3459980 3462417 3462849 3463776 3452964 3461933 3455058 3462647 3462964 3451496 3462297 3475198 3463126 
002872	7 / 83 / 7	PK338	1084458	9	3423839 3461020 3480937 3655393 3467932 3797607 3797722 
001235	22 / 83 / 27	PK338	0031471	10	3425347 3474207 3475745 3475950 3480935 3575735 3465591 3484898 3478747 3466011 3462416 3461962 3574866 3574563 3478343 3479350 3461937 3485912 3576306 3576525 3576556 3576577 
008764	34 / 152 / 34	PK20	3554385	10	3426943 3540714 3631215 3689329 3690020 3691834 3692514 3692915 3693276 3694813 3694828 3695345 3576002 3651816 3692269 3691983 3695543 3596713 3690800 3620017 3651365 3663306 3694289 3695542 3416640 3559464 3580211 3666207 3691514 3581851 3689919 3442237 3542887 3226303 
001857	5 / 83 / 8	PK338	0123161	11	3462514 3477576 3459523 3485548 3486379 
011219	6 / 152 / 11	PK20	0564741	11	3484894 3559624 3581227 3463439 3452445 3576574 
003270	22 / 152 / 22	PK20	0695890	12	3430131 3446670 3480217 3486141 3487316 3520100 3559534 3574483 3577682 3580586 3694791 3476899 3487623 3505157 3437341 3438102 3458932 3597215 3438652 3576333 3668894 3668902 
010845	14 / 83 / 15	PK338	3092941	13	3430131 3439147 3442335 3478102 3443731 3474789 3483546 3443092 3486571 3465442 3481102 3486083 3477004 3576629 
006565	17 / 83 / 17	PK338	0031399	12	3430697 3463524 3486844 3457692 3425239 3445738 3485228 3480810 3483996 3482588 3576379 3576400 3576524 3576540 3576542 3669048 3669051 
008770	46 / 152 / 46	PK20	0428728	13	3430697 3455227 3462565 3483511 3493748 3544254 3555254 3558528 3559476 3559903 3561229 3570123 3574483 3575259 3580397 3581999 3631101 3632881 3668386 3692766 3693813 3694754 3457459 3467781 3559319 3581135 3601391 3667381 3561660 3690204 3560167 3575969 3578747 3581846 3630915 3652273 3618222 3462639 3606293 3606350 3483954 3485774 3580407 3581980 3451496 3649880 
011294	13 / 152 / 13	PK20	0135660	14	3432223 3455291 3463776 3475745 3479054 3485028 3537536 3452964 3580256 3484898 3462647 3576403 3576553 
014786	9 / 83 / 11	PK338	3788276	15	3432223 3456677 3458972 3462270 3487041 3455915 3445081 3474620 3485169 
003459	12 / 83 / 12	PK338	1079401	14	3433275 3442335 3502893 3581171 3650874 3692285 3486083 3580407 3430527 3477004 3485169 3669030 
003548	10 / 152 / 15	PK20	0024092	15	3433275 3462817 3464666 3477014 3481354 3484845 3581596 3457935 3474789 3484361 
013616	4 / 83 / 5	PK338	0375562	16	3456653 3486998 3463389 3460134 
007370	33 / 152 / 36	PK20	0826964	16	3433881 3510665 3525604 3533264 3557742 3559843 3608097 3651573 3694798 3441273 3483567 3560511 3651816 3427674 3463589 3579592 3467452 3453262 3454115 3559657 3652569 3576230 3691514 3484243 3558838 3581228 3692536 3482382 3668749 3668789 3668790 3668798 3668830 
014218	3 / 83 / 3	PK338	0031471	17	3433881 3459111 3668852 
002397	20 / 152 / 20	PK20	0493725	17	3433962 3461556 3479534 3486844 3540190 3546417 3559970 3576231 3576792 3579949 3580389 3481391 3505185 3580095 3476864 3561098 3576370 3576521 3668970 3668972 
002414	12 / 152 / 32	PK20	3452082	18	3455341 3463453 3559302 3457777 3540705 3576494 3576629 3668827 3668831 3668839 3668895 3668918 
001861	2 / 83 / 3	PK338	0056992	18	3438113 3428042 
004840	9 / 83 / 10	PK338	3452082	20	3438113 3454494 3462246 3462514 3481944 3581469 3479961 3482101 3576451 
014787	2 / 83 / 4	PK338	3554810	19	3438119 3462019 
007926	3 / 152 / 5	PK20	0470839	19	3438455 3462246 3426169 
004282	6 / 152 / 16	PK20	1165566	20	3474140 3477576 1160238 3576365 3576425 3576555 
006035	23 / 152 / 25	PK20	0409737	21	3438254 3458250 3463593 3475933 3483638 3485416 3486852 3486998 3559534 3577109 3578804 3578811 3581952 3564528 3441900 3581375 3479718 3650596 3469615 3455046 3476927 3476082 3478412 
004015	11 / 83 / 12	PK338	3460456	21	3438294 3579028 3582182 3457777 3652569 3689500 3598090 3652373 3666570 3692536 3668920 
007923	2 / 83 / 5	PK338	0031386	22	3576463 3576471 
004885	6 / 152 / 7	PK20	0672202	22	3438842 3456103 3579099 3578488 3454100 3478713 
003543	14 / 152 / 14	PK20	3393009	23	3439147 3478102 3459584 3444537 3455220 3457808 3460073 3551641 3427633 3454476 3457932 3477004 3581080 3576466 
006868	8 / 83 / 13	PK338	0402773	24	3439147 3441226 3458087 3463011 3487732 3576423 3576437 3576459 
006588	2 / 83 / 7	PK338	3554648	23	3439409 3463745 
004360	5 / 152 / 14	PK20	0847593	24	3439636 3464666 3476860 3574047 3416640 
010977	8 / 152 / 14	PK20	0695890	25	3439912 3442641 3449400 3464379 3457935 3455043 3461057 3462115 
011187	7 / 83 / 11	PK338	3194193	25	3440958 3456103 3462298 3578488 3462019 3463882 3576579 
005263	16 / 152 / 16	PK20	0493855	26	3441016 3441413 3458957 3463859 3578707 3579579 3476899 3452561 3559218 3459508 3462416 3463939 3442237 3576417 3576485 3576494 
006031	79 / 152 / 83	PK20	0213446	27	3441016 3443421 3457231 3462565 3471450 3478356 3482144 3482288 3487035 3493704 3496439 3503382 3516634 3555932 3574519 3574873 3575898 3575916 3578804 3579949 3581282 3619255 3619323 3639772 3649568 3651243 3667503 3668420 3689845 3692771 3692796 3692807 3693789 3694432 3695024 3459032 3470797 3579094 3581135 3650578 3460343 3513947 3569865 3591844 3691416 3694428 3694903 3695368 3445680 3628726 3477425 3485848 3497993 3581375 3694417 3578252 3581192 3492361 3645471 3650596 3481643 3457988 3694006 3694431 3503587 3581962 3629518 3689500 3694797 3556970 3580584 3667273 3693612 3695554 3476927 3431750 3691748 3668782 3797740 
006045	9 / 83 / 9	PK338	0431634	26	3441166 3462356 3485288 3455043 3485228 3479718 3448314 3463587 3581980 
010851	20 / 83 / 21	PK338	3764518	27	3441166 3441306 3455148 3460399 3483929 3485416 3486998 3577022 3465103 3485548 3581952 3479718 3483651 3694426 3455046 3462228 3576323 3576416 3668878 3668940 
002562	35 / 152 / 41	PK20	3792642	28	3441226 3443522 3484845 3503865 3576013 3576212 3576879 3651487 3668623 3581201 3692098 3694236 3576020 3459972 3486571 3606293 3692187 3485054 3470393 3693084 3455294 3667311 3690719 3693902 3648550 3576436 3576571 3603544 3668783 3668917 3668920 3669016 3797798 3797825 3797835 
014570	54 / 152 / 152	PK20	3483424	29	3480375 3483638 3496673 3558796 3559963 3560256 3561511 3579181 3579723 3580326 3581609 3591591 3621523 3629467 3652276 3661465 3689375 3693224 3693253 3693813 3694754 3695285 3558739 3651017 3668196 3481664 3498974 3651605 3671851 3692628 3481202 3579592 3579864 3483640 3695373 3480867 3559857 3690361 3560487 3597365 3616918 3666570 3693230 3581920 3655749 3620520 3692761 3482323 3576475 3576523 3576565 3599497 3668921 3668966 
014571	71 / 152 / 139	PK20	3577231	30	3441306 3480375 3480868 3483638 3493748 3496673 3558796 3559963 3560256 3561511 3579181 3579723 3580326 3581609 3591591 3621523 3629467 3651487 3652276 3661465 3668420 3689375 3692796 3692915 3693224 3693253 3693789 3693813 3694432 3694754 3695285 3558739 3651017 3668196 3481664 3498974 3591844 3651605 3671851 3691983 3692628 3694428 3695368 3579592 3591211 3695543 3497993 3596713 3695542 3579864 3483640 3480867 3559464 3559857 3580211 3690361 3560487 3597365 3616918 3666570 3693230 3581920 3655749 3620520 3667676 3482323 3576475 3576523 3599497 3668921 3668966 
012832	6 / 83 / 6	PK338	1168592	28	3442432 3462882 3452529 3463729 3458339 3463525 
008810	7 / 152 / 10	PK20	0576472	31	3455297 3578804 3462956 3483385 3576345 3576552 3668924 
014550	14 / 83 / 20	PK338	0695890	29	3442641 3486141 3519078 3578240 3484324 3486311 3447478 3458932 3462115 3514920 3558963 3576395 3576553 3669000 
001242	2 / 83 / 2	PK338	0493725	30	3443283 3485756 
005741	3 / 83 / 4	PK338	3556752	31	3576260 3428042 3456210 
002876	22 / 152 / 22	PK20	1084458	33	3443453 3474374 3480592 3480791 3481944 3521272 3557478 3557742 3559172 3574967 3577741 3581907 3655393 3656490 3667385 3467781 3578963 3580340 3581389 3560167 3630915 3576457 
007368	38 / 152 / 62	PK20	3474098	32	3485812 3487640 3502893 3521272 3529298 3580397 3602816 3638301 3669280 3689893 3690043 3692766 3694318 3574047 3651293 3652473 3690516 3695539 3465327 3484752 3489089 3561402 3630915 3667821 3693840 3576753 3650228 3652177 3579143 3690652 3464272 3579361 3596492 3693565 3485170 3485642 3768686 3797739 
013190	8 / 152 / 22	PK20	1137952	34	3444811 3651077 3577795 3457039 3668780 3668843 3669027 3797736 
014121	11 / 83 / 15	PK338	0029475	32	3444811 3449400 3454439 3578707 3581827 3457873 3427674 3524066 3540428 3576417 3576529 
014781	12 / 83 / 12	PK338	3555097	33	3444811 3458250 3469520 3474463 3485327 3486141 3486182 3503865 3462242 3485504 3464272 3576347 
013176	8 / 83 / 17	PK338	0995587	34	3443453 3447306 3544254 3417108 3483278 3484202 3669033 3797640 
013632	20 / 83 / 25	PK338	3443571	35	3447306 3448687 3462270 3463188 3468281 3481203 3524341 3578488 3460488 3464327 3483278 3581274 3454625 3375410 3467384 3692440 3455808 3576324 3668805 3669030 
007380	24 / 152 / 32	PK20	0987494	35	3447681 3463936 3481813 3525604 3538202 3544945 3574349 3575309 3579099 3667319 3417819 3440419 3559319 3445081 3581456 3694384 3481798 3481894 3559657 3531305 3485169 3558838 3581228 3576299 
001899	8 / 152 / 8	PK20	0056992	36	3448679 3455631 3456677 3463188 3487041 3417108 3463526 3456228 
004065	7 / 83 / 7	PK338	3646540	36	3448687 3453467 3485549 3485803 3441406 3561098 3576503 
005197	5 / 152 / 5	PK20	1020104	37	3441016 3449400 3463859 3579687 3559218 
011829	4 / 83 / 4	PK338	1168592	37	3450490 3456645 3455690 3463022 
001749	3 / 152 / 15	PK20	3460008	38	3514835 3606418 3602435 
001770	3 / 83 / 10	PK338	3474420	38	3453467 3431257 3576520 
004389	4 / 83 / 4	PK338	0989327	39	3453663 3559624 3445680 3655749 
004394	7 / 83 / 9	PK338	0989327	40	3453663 3459980 3559462 3575483 3621523 3443092 3484314 
013781	14 / 152 / 19	PK20	3557107	39	3455297 3462298 3462516 3462517 3462872 3482144 3461882 3461057 3461933 3458949 3460359 3576578 3668926 3797752 
014866	42 / 152 / 61	PK20	0031522	40	3425347 3459111 3460371 3461469 3462882 3463936 3484763 3487316 3521461 3651487 3689893 3417819 3651816 3486379 3540124 3692628 3508682 3486838 3497993 3461962 3560234 3479350 3483085 3667676 3559189 3668775 3668841 3668891 3668906 3668916 3668949 3668978 3669001 3669028 3693581 3797616 3797630 3797700 3797772 3797812 3797831 3797859 
007106	4 / 83 / 5	PK338	3447549	41	3464638 3581031 3485803 3576335 
003491	13 / 152 / 16	PK20	0020038	41	3423839 3454494 3456653 3457393 3482989 3483036 3443731 3462606 3438999 3694797 3484887 3460586 3669023 
004889	9 / 83 / 16	PK338	0031373	42	3438842 3456016 3485970 3455151 3463851 3441177 3454100 3438232 3431750 
002469	11 / 152 / 11	PK20	3452082	43	3455227 3460770 3475298 3476908 3487035 3487276 3478050 3485054 3650956 3576429 3576465 
012325	4 / 152 / 16	PK20	3420576	42	3477014 3486311 3485931 3443207 
001474	5 / 83 / 5	PK338	0020093	43	3455419 3455625 3462417 3463524 3468504 
001455	5 / 83 / 5	PK338	0020093	44	3455625 3485028 3448314 3460757 3462955 
004869	10 / 152 / 11	PK20	0053518	44	3456016 3481944 3533264 3552259 3455151 3484361 3580139 3414205 3454100 3451664 
004356	16 / 152 / 17	PK20	0847593	45	3456053 3496673 3556169 3638301 3661465 3667608 3689893 3694318 3599536 3492361 3561026 3579116 3463560 3580346 3638956 3616872 
010725	8 / 83 / 15	PK338	3092941	46	3578861 3581596 3652473 3695292 3481102 3462228 3455808 3476082 
003019	10 / 83 / 11	PK338	0375562	45	3456066 3510971 3580798 3689845 3486501 3581455 3629951 3645471 3694006 3694431 
009362	12 / 152 / 23	PK20	0125630	46	3451663 3455625 3459645 3574967 3652396 3460369 3481875 3462262 3463883 3576347 3668796 3797863 
008769	19 / 152 / 36	PK20	0899465	47	3456645 3516634 3575898 3581031 3632103 3668195 3668366 3695285 3691140 3691416 3691925 3464027 3578781 3581274 3578191 3631042 3689931 3692519 3602435 
014634	0 / 83 / 1	PK338	1165566	48	
003001	7 / 83 / 19	PK338	3691394	47	3478964 3581455 3650596 3694006 3510878 3581980 3668867 
006026	47 / 152 / 80	PK20	0431634	48	3435187 3443421 3456677 3458295 3460235 3463524 3487041 3487055 3502893 3533264 3540662 3576231 3580251 3608097 3650874 3661465 3667385 3692766 3445081 3459972 3463526 3652273 3596713 3650228 3437534 3480732 3574563 3638956 3691241 3543742 3431655 3472549 3576315 3576494 3577117 3668770 3668792 3668810 3668828 3668862 3668886 3668902 3668958 3668971 3797661 3797679 3797733 
013921	9 / 152 / 10	PK20	3483424	50	3456820 3463602 3486782 3463071 3484334 3462639 3457988 3581920 3438652 
006502	26 / 152 / 44	PK20	3554648	51	3457393 3482144 3483084 3485288 3486133 3486182 3576013 3577109 3581907 3581913 3581999 3460569 3481798 3492361 3694006 3693612 3695022 3476864 3482396 3576299 3576327 3576441 3576479 3668960 3669011 3797833 
006872	4 / 83 / 5	PK338	0031347	49	3487732 3441310 3458136 3460701 
011963	6 / 152 / 9	PK20	0409956	49	3458295 3521461 3575483 3479311 3480999 3480732 
012227	7 / 83 / 7	PK338	3447549	50	3458533 3556169 3486501 3581038 3581846 3580159 3668911 
014669	3 / 83 / 3	PK338	3647094	51	3458533 3458932 3442188 
005228	7 / 83 / 8	PK338	3448653	52	3458957 3479054 3574475 3577054 3483977 3454476 3694101 
008442	19 / 83 / 19	PK338	3646854	53	3458957 3465036 3514095 3576037 3579028 3581497 3581996 3694791 3561660 3303699 3574558 3470393 3559857 3514964 3556594 3580259 3576436 3668900 3668909 
012289	11 / 152 / 11	PK20	0409956	52	3453445 3458972 3480217 3481203 3486852 3446832 3481690 3692269 3460488 3463071 3464327 
014865	69 / 152 / 69	PK20	0031522	53	3425347 3442335 3459111 3460371 3461469 3462514 3462882 3463936 3482198 3484763 3487316 3493764 3521461 3559815 3651487 3689375 3689893 3692849 3693253 3417819 3476899 3651816 3486379 3540124 3559218 3692628 3694428 3465591 3508682 3486838 3497993 3689991 3462639 3694289 3462416 3461962 3635012 3486623 3560234 3692756 3451557 3461936 3479350 3483085 3667676 3648550 3457039 3458061 3559189 3576371 3668753 3668775 3668806 3668841 3668891 3668906 3668916 3668949 3668978 3669001 3693581 3797616 3797630 3797700 3797704 3797772 3797786 3797812 3797859 
002178	4 / 83 / 4	PK338	0180723	54	3459522 3462270 3464027 3250683 
013213	9 / 152 / 10	PK20	3648217	54	3459645 3560860 3561516 3575309 3581085 3455120 3668935 3668996 3669001 
011312	4 / 83 / 9	PK338	0125630	56	3459647 3457979 3486311 3576517 
012326	3 / 152 / 9	PK20	3420576	55	3459647 3474463 3559476 
012338	2 / 83 / 5	PK338	1165566	55	3460235 3462882 
006860	11 / 152 / 14	PK20	0031347	57	3479838 3482288 3576879 3692771 3558543 3579094 3579291 3564528 3581192 3581980 3580095 
014788	9 / 152 / 9	PK20	0470839	56	3460371 3559462 3580671 3667381 3498772 3462606 3458037 3561318 3451724 
014789	7 / 83 / 11	PK338	0470839	57	3460371 3559462 3580671 3690516 3458037 3667404 3561318 
004066	7 / 152 / 8	PK20	0854975	58	3437962 3460770 3439206 3480939 3416891 3461936 3576586 
011190	1 / 83 / 4	PK338	3577231	58	3460867 
013059	5 / 83 / 5	PK338	3212821	59	3461020 3441838 3436710 3484898 3485361 
006047	10 / 152 / 14	PK20	3646603	59	3441306 3486852 3451553 3461826 3460488 3441900 3479718 3448314 3461936 3455046 
004806	13 / 83 / 14	PK338	0032827	60	3462246 3463453 3465050 3581469 3638301 3690789 3465103 3580139 3483651 3598090 3667749 3576578 3668818 
011313	28 / 152 / 30	PK20	0672202	61	3460338 3462246 3463453 3485970 3555254 3581907 3619718 3689402 3576002 3692294 3481202 3508682 3690800 3576753 3579116 3577795 3638956 3642332 3482101 3579361 3448868 3581080 3655749 3458452 3667749 3482588 3558963 3576451 
004852	9 / 83 / 9	PK338	3194193	62	3462293 3577741 3581907 3619718 3651750 3690789 3693368 3440687 3581851 
013774	16 / 152 / 16	PK20	0058557	60	3462293 3462414 3459823 3524341 3650277 3463589 3462292 3465591 3667821 3460820 3455037 3558838 3576408 3576560 3668928 3668931 
002700	2 / 83 / 2	PK338	0053518	61	3438294 3462298 
003006	16 / 152 / 17	PK20	0492580	62	3482263 3487035 3690778 3695434 3492423 3651499 3690346 3578392 3694415 3486617 3692761 3577703 3668794 3668883 3669037 3797599 
009225	12 / 83 / 13	PK338	1061058	63	3462414 3560199 3561074 3665045 3578921 3480732 3595163 3451557 3477004 3616872 3669019 3797709 
014784	5 / 83 / 6	PK338	3814283	64	3439912 3503382 3560373 3581786 3668765 
014631	14 / 152 / 18	PK20	3555417	63	3460338 3491953 3540662 3574967 3582182 3606418 3650736 3650997 3666175 3668386 3693557 3650256 3426858 3608602 
014632	18 / 152 / 18	PK20	0020093	64	3460338 3462417 3491953 3540662 3574967 3582182 3606418 3650736 3650997 3666175 3668386 3669280 3692294 3466011 3650256 3426858 3608602 3695282 
002572	26 / 152 / 26	PK20	0477036	65	3429761 3462512 3484894 3575916 3576792 3581227 3692849 3695024 3465103 3560373 3650277 3651017 3651499 3463851 3483651 3694384 3463439 3457195 3452445 3456313 3459888 3486187 3576478 3668787 3668964 3797772 
009342	15 / 83 / 15	PK338	0031522	65	3439636 3462516 3485549 3486133 3487316 3546891 3443731 3457459 3552259 3463589 3460569 3464985 3581250 3463882 3487621 
010944	6 / 83 / 7	PK338	0777265	66	3462517 3462720 3581455 3484752 3650636 3576480 
011844	17 / 46 / 21	PK180	0031471	1	3462516 3462517 3475745 3475950 3574483 3579579 3540124 3559218 3466011 3451331 3486632 3815898 3463226 3576375 3576403 3668853 3797665 
006034	21 / 152 / 26	PK20	0213446	66	3478356 3482288 3574873 3575898 3575916 3577022 3577109 3639772 3650578 3564528 3691416 3628726 3477425 3578252 3694426 3695373 3469615 3556970 3580584 3668782 3669025 
013647	3 / 8 / 5	CARP17	0492580	1	3462720 3463389 3464100 
002390	4 / 8 / 5	DAL6	0316015	1	3462882 3578747 3416891 3797683 
012339	6 / 69 / 8	CARP21	3420576	3	3463143 3474207 3559645 3485931 3576521 3668825 
006518	18 / 42 / 21	PK278	0031399	1	3463188 3576011 3579414 3581098 3592208 3668195 3463675 3618222 3579116 3597215 3480810 3580159 3581228 3458452 3485642 3542887 3667404 3576299 
007375	18 / 49 / 25	PK100	0031631	1	3463602 3467093 3475933 3481813 3578861 3579099 3443731 3552259 3484324 3454115 3480939 3485636 3576342 3576461 3668761 3668984 3669004 3669018 
011298	12 / 25 / 15	PK337	0058557	1	3456820 3463879 3464855 3480375 3480868 3481944 3539996 3484619 3576383 3576406 3576553 3797608 
007378	54 / 83 / 56	PK338	0851717	1	3430131 3463936 3480217 3485549 3486133 3487316 3524963 3525604 3575309 3577806 3580326 3592680 3651750 3665045 3668420 3690482 3693433 3483567 3581870 3634695 3651816 3668196 3581085 3581456 3651033 3692628 3579592 3460569 3694417 3695292 3694289 3606350 3691575 3693241 3462606 3559225 3574866 3690733 3503587 3560234 3576230 3578191 3693084 3451557 3484243 3560487 3695022 3796230 3501476 3667676 3693092 3576333 3576578 3668798 
009335	3 / 7 / 3	GOAUD	0031522	1	3464638 3465327 3576465 
001771	9 / 15 / 10	GOCOM	1000086	1	3433275 3439636 3464666 3474374 3478964 3629970 3694828 3460586 3479804 
005122	3 / 10 / 7	PK227	3400071	1	3485028 3668801 3668893 
004865	8 / 42 / 8	PK278	0031373	4	3465036 3485970 3457777 3463851 3463587 3478713 3576465 3580383 
005258	11 / 21 / 13	TH111	3461286	1	3463859 3465050 3485628 3453218 3486782 3577054 3478309 3465588 3486623 3476082 3576563 
009304	4 / 14 / 9	TAYC	1020104	1	3556169 3454625 3576303 3576324 
002464	9 / 17 / 11	DAL25	0493725	1	3465245 3487276 3480166 3484750 3482445 3576417 3668826 3668972 3797676 
013185	2 / 6 / 3	DAL20	0132890	1	3476930 3486475 
004036	5 / 11 / 8	PK10	3646540	1	3465332 3476908 3474598 3485803 3576435 
004803	11 / 152 / 19	PK20	0031373	3	3479382 3487035 3638594 3668386 3692294 3575969 3463389 3689931 3576303 3576462 3669015 
006874	8 / 22 / 10	CARP25	1167884	2	3465332 3483929 3576212 3576879 3579291 3481202 3454059 3467040 
002153	42 / 152 / 84	PK20	3415849	1	3458087 3466014 3474140 3496439 3496673 3538202 3544945 3559870 3561511 3576260 3580217 3581081 3591774 3631215 3638301 3689375 3689893 3479311 3558739 3549272 3569865 3581038 3591844 3560167 3591211 3303699 3651365 3481894 3645471 3481532 3632720 3579143 3690806 3470393 3574137 3581962 3437574 3514964 3616918 3580912 3606536 3692440 
003454	23 / 49 / 26	PK100	3443571	2	3466014 3467427 3483036 3484746 3487040 3502893 3540714 3559900 3575769 3560511 3578177 3581846 3551641 3465442 3539996 3485774 3580407 3473086 3467384 3476418 3484619 3561318 3576313 
005853	6 / 11 / 8	DAL212E	3647094	1	3468281 3480791 3483306 3460757 3668795 3668848 
001168	11 / 24 / 14	PEMSTD	3646621	1	3468504 3476797 3546891 3557478 3559963 3579181 3574639 3692269 3456722 3482101 3487310 
011831	0 / 4 / 1	BYC106	1168592	1	
011299	15 / 26 / 17	PK349	0058557	2	3470846 3483511 3547282 3557742 3576260 3476930 3481664 3437534 3629518 3462297 3581920 3456228 3575928 3576629 0323619 
006851	20 / 64 / 48	DAL300	0402773	1	3469520 3471450 3493704 3521265 3529298 3577741 3581605 3689845 3693921 3694432 3480668 3579094 3581135 3458176 3466364 3578252 3689500 3469615 3690719 3451724 
004281	8 / 21 / 13	TH224	3092832	1	3477576 3581220 3467040 3576365 3576425 3576555 3633806 3668767 
007032	9 / 19 / 13	EHII	0031573	1	3474207 3575898 3578921 3581207 3668760 3668768 3668825 3668946 3797706 
011319	6 / 13 / 9	TH121	0827051	1	3485504 3481862 3482591 3576347 3576370 3668998 
012765	19 / 29 / 20	TAYE	3555097	1	3474463 3478102 3481805 3503865 3519078 3578075 3481391 3538928 3581995 3479712 3481643 3694810 3483171 3576350 3576355 3576512 3576514 3576545 3668806 
009231	8 / 16 / 11	PK259	0697660	1	3455227 3580389 3692609 3559804 3505185 3581080 3485170 3226303 
006504	10 / 36 / 21	BYC127	3554648	1	3576013 3577109 3694798 3476899 3460820 3572330 3693286 3483996 3668820 3669000 
012331	3 / 10 / 4	PK154	0132890	2	3475950 3487640 3419002 
003448	11 / 26 / 16	TAYD	0031359	2	3443522 3474374 3476797 3549052 3619718 3629970 3426858 3695201 3451724 3669010 3669012 
002163	10 / 24 / 11	PEMSTD	3415849	2	3477824 3480710 3481419 3582040 3480668 3466364 3483467 3487087 3576301 3576572 
002164	1 / 14 / 10	DAL315	0180723	1	3480714 
011827	8 / 16 / 11	EHI	0428815	1	3477824 3480710 3574543 3582040 3440419 3485290 3483467 3487087 
004276	51 / 152 / 100	PK20	1165566	4	3478419 3480868 3491953 3561001 3561229 3576231 3578036 3581227 3581469 3581918 3606148 3639772 3668366 3692285 3693280 3693433 3693921 3444491 3561772 3580256 3580340 3581249 3524066 3561660 3581455 3691140 3578747 3595071 3651439 3479085 3560193 3530220 3635012 3650956 3694810 3440687 3485774 3577795 3694415 3575071 3578443 3631042 3689931 3692519 3397840 3483996 3485800 3695201 3581981 3668870 3668952 
013645	4 / 11 / 8	PK127	3194197	1	3478419 3693280 3691983 3691981 
001206	21 / 48 / 22	TH110	0254151	1	3462849 3479054 3483084 3485327 3503630 3559843 3580991 3441273 3561772 3439206 3446353 3486838 3481798 3455981 3479350 3419002 3458037 3456210 3558963 3576341 3576556 
005179	14 / 36 / 21	BYC127	3461286	2	3456653 3461556 3479054 3482288 3560199 3580671 3437011 3560649 3467671 3538688 3560193 3486623 3442237 3668941 
012818	12 / 18 / 12	DAL1	3448653	1	3475298 3479534 3546417 3463729 3470797 3485756 3568636 3469119 3485054 3575071 3576558 3797836 
001152	64 / 152 / 64	PK20	0135660	2	3480592 3488858 3557478 3558796 3560256 3560860 3576126 3578240 3578714 3580269 3581077 3581830 3591436 3592208 3599090 3600785 3619323 3632881 3651750 3652276 3689402 3693224 3693368 3693433 3693789 3694813 3485756 3487090 3561772 3634695 3651293 3666801 3498772 3513947 3518231 3581456 3629951 3651033 3630915 3652273 3667821 3691694 3692786 3462964 3663306 3486632 3597302 3642204 3690361 3692756 3693473 3514964 3608602 3516442 3668870 3668967 3669013 3797586 3797619 3797696 3797699 3797804 3797819 3797836 
005846	8 / 48 / 9	TH110	3647094	4	3480592 3557742 3606418 3655393 3656490 3692294 3694039 3446645 
002182	2 / 16 / 8	PK259	0428815	2	3463675 3576403 
004012	33 / 53 / 38	PK243	0215359	1	3480728 3483036 3493931 3575769 3576126 3578036 3579687 3581827 3606148 3666520 3691361 3578963 3666801 3690346 3690516 3533093 3581389 3581786 3628726 3460718 3481102 3692187 3506324 3540428 3690652 3531305 3693473 3473086 3375410 3581981 3576763 3580383 3669003 
011838	1 / 8 / 5	CARP13	0031619	1	3578781 
002992	46 / 83 / 49	PK338	3473854	2	3430697 3462512 3465050 3480935 3491953 3574349 3580955 3631101 3631215 3651243 3692514 3693921 3695027 3452964 3481391 3579094 3601391 3538928 3599536 3595071 3695543 3480999 3457327 3459508 3474409 3691575 3693286 3452988 3480166 3483640 3595641 3484887 3580714 3649880 3667749 3693902 3694738 3693219 3667606 3668859 3668959 3668972 3797702 3797732 3797801 3797822 
014670	1 / 46 / 1	PK180	3647094	3	3480937 
007057	13 / 26 / 16	EHLEC	3195964	1	3481031 3576248 3581455 3484752 3577795 3483085 3768686 3695529 3464193 3576391 3582017 3668906 3668938 
002444	2 / 5 / 2	TH223	0989327	1	3481221 3454497 
014107	4 / 26 / 4	PK349	3554810	4	3481221 3484361 3462019 3595641 
003464	13 / 27 / 19	GOB	0599596	1	3481354 3559903 3560256 3455037 3581250 3486083 3446645 3689920 3438652 3581315 3482558 3576486 3668840 
011630	11 / 22 / 14	CARP25	0431946	1	3484845 3559462 3694318 3560649 3457184 3474409 3441406 3577146 3452445 3561318 3576463 
005159	12 / 25 / 15	TAYB	1084458	1	3481419 3544254 3689329 3695539 3508682 3620017 3652177 3481075 3577703 3576354 3576523 3668850 
001871	1 / 6 / 3	ROSTUD	3788276	1	3462639 
006500	8 / 25 / 13	PK337	0031399	2	3482198 3493931 3510971 3579414 3463745 3572330 3648550 3797639 
013659	2 / 11 / 5	PK264	0254151	2	3462116 3463589 
011964	1 / 2 / 1	SW3	0031611	1	3482739 
013840	1 / 5 / 3	RCSEM	3447549	1	3580341 
014785	15 / 28 / 20	DAL119	3814283	1	3462356 3483511 3560860 3575916 3483557 3580256 3538688 3481702 3461962 3580259 3461937 3560308 3486389 3482323 3486596 
014114	21 / 48 / 26	TH110	0827051	2	3478356 3483965 3559963 3574543 3576792 3479311 3560373 3569865 3581995 3486571 3480867 3512896 3559612 3668778 3668822 3668919 3668926 3668947 3669006 3669032 3669038 
011191	4 / 7 / 5	PK328	3213249	1	3484763 3577167 3478747 3456290 
010844	1 / 9 / 6	BYC239	0824088	1	3555932 
014551	11 / 18 / 13	PK336	0492451	1	3485288 3520100 3576037 3577590 3694791 3581201 3577984 3580407 3576431 3576477 3576557 
011535	3 / 10 / 4	PK11	3213249	2	3485327 3690719 3560858 
005725	9 / 18 / 12	DAL10	3785071	1	3521461 3577682 3581596 3581996 3487090 3487623 3578177 3669051 3797653 
014630	4 / 11 / 5	RCCON	3400071	2	3485628 3538400 3576343 3668801 
001748	7 / 16 / 11	CARP15	0254474	1	3485812 3667821 3458934 3450069 3578443 3668772 3797757 
002376	2 / 4 / 2	BYC100	3691394	1	3433962 3486182 
006024	40 / 69 / 50	CARP21	3470402	1	3486834 3561229 3574519 3577485 3578240 3580248 3581830 3581918 3602816 3632881 3651487 3656490 3693813 3694434 3695024 3695285 3695345 3492423 3651499 3694236 3629951 3694903 3575971 3694039 3695542 3579864 3667674 3580211 3595641 3690361 3694415 3631042 3693230 3512896 3649880 3694738 3691748 3693219 3576271 3668985 
013613	21 / 42 / 22	PK278	0492580	2	3486834 3560770 3561084 3576248 3579028 3580326 3580397 3580798 3650636 3486787 3561280 3481967 3556970 3480571 3486617 3576480 3668782 3668873 3668875 3668905 3668968 
003029	6 / 13 / 9	EHIII	3764395	1	3486998 3486787 3471745 3576329 3576432 3576534 
003004	30 / 51 / 30	PK25	3473854	1	3487640 3574873 3580798 3581913 3691416 3650636 3453262 3455049 3476864 3459635 3576352 3576362 3576376 3576384 3576405 3576473 3576527 3668782 3668854 3668860 3668874 3668878 3668881 3668901 3668934 3668961 3669006 3669038 3797607 3797722 
002368	45 / 69 / 48	CARP21	0697660	2	3510665 3559970 3575259 3575908 3576231 3580389 3668623 3692766 3692796 3694481 3470797 3695539 3533093 3651605 3692380 3485848 3693840 3694384 3620017 3606293 3692187 3540705 3559804 3691514 3575071 3580095 3616872 3689919 3695282 3397840 3561098 3576370 3576442 3668849 3668895 3669008 3797610 3797624 3797645 3797659 3797692 3797752 3797776 3797849 3797856 
013919	5 / 11 / 8	PK264	0897399	1	3488858 3547282 3581609 3631101 3797696 
005723	7 / 26 / 17	EHLEC	3785071	2	3577741 3650874 3693501 3695643 3671851 3690806 3693230 
008469	24 / 83 / 26	PK338	3420576	4	3480728 3503630 3510665 3514095 3559476 3559534 3559537 3576037 3577167 3577590 3577682 3578861 3581497 3581999 3464306 3476930 3489089 3467452 3485550 3481875 3574558 3578781 3578910 3483467 
009263	4 / 10 / 7	PK154	0467822	1	3694741 3452964 3608602 3667749 
011962	8 / 22 / 10	TAYG	0492451	2	3520100 3558800 3577590 3580586 3694791 3476899 3544262 3576477 
005141	13 / 26 / 16	TAYD	0493856	1	3561516 3632103 3650736 3667608 3457873 3467671 3692756 3667311 3484374 3576570 3797632 3797773 3797803 
001237	10 / 25 / 13	TAYB	0031471	2	3521272 3559537 3483567 3478343 3581265 3464100 3576306 3576351 3576499 3576556 
001163	5 / 7 / 5	PK200	3575049	1	3537536 3446832 3538400 3463939 3580714 
008774	16 / 30 / 21	TAYF	0576472	1	3540190 3581149 3639772 3693789 3652473 3498772 3595071 3692786 3483640 3629518 3691962 3693565 3472140 3485417 3668931 3797717 
007017	12 / 69 / 12	CARP21	3575049	5	3433881 3485970 3546891 3559624 3694073 3694481 3667381 3581995 3691925 3465327 3561402 3668936 
014134	8 / 36 / 8	BYC127	3461286	4	3463776 3556169 3453218 3479885 3592325 3815898 3506165 3576479 
001157	2 / 24 / 3	PEMSTD	0697660	4	3557244 3653119 
006523	8 / 18 / 9	DAL10	0031573	2	3558528 3576011 3579116 3652177 3542887 3668768 3669051 3797830 
014548	4 / 11 / 8	RCCON	0168378	1	3558796 3692915 3576002 3695201 
014549	4 / 12 / 6	PK354	0168378	2	3426943 3690043 3460343 3694797 
009270	18 / 26 / 19	DAL2	0897706	1	3555254 3558528 3558800 3581903 3651573 3695027 3524341 3444537 3487732 3483977 3691694 3561026 3642204 3668130 3485912 3669015 3797810 3797856 
014671	3 / 36 / 3	BYC127	3647094	5	3559172 3447478 3483640 
004362	9 / 83 / 9	PK338	0989327	6	3464666 3559462 3575483 3621523 3695643 3540124 3442188 3815898 3482588 
009232	5 / 10 / 8	TAYSEM	3208421	1	3559624 3579291 3479085 3483385 3668923 
014552	6 / 12 / 9	PK354	1079401	1	3559900 3459032 3483241 3576343 3668821 3669084 
006019	11 / 22 / 14	TAYG	0207327	1	3580586 3668623 3691834 3693253 3694754 3668538 3651439 3597365 3652339 3668816 3692018 
007007	21 / 50 / 28	PK241	0028980	2	3559903 3568950 3629467 3667608 3691361 3653119 3667381 3445738 3561402 3482019 3651365 3693856 3574866 3581207 3598090 3667273 3689920 3692536 3796230 3576342 3668923 
011037	4 / 8 / 6	PK229	0777265	1	3486501 3484334 3482194 3458049 
001763	12 / 53 / 13	PK243	3474420	4	3568950 3578842 3579414 3581903 3649568 3691361 3694798 3581389 3485848 3576543 3668801 3668917 
013210	6 / 16 / 8	EHI	3212821	2	3423839 3544945 3650997 3666175 3667503 3639603 
007039	0 / 7 / 4	TH251	0916272	1	
013636	6 / 16 / 11	DAL212A	0605187	1	3570123 3411186 3438102 3510878 3483950 3668824 
014579	4 / 26 / 4	EHLEC	0168378	4	3574475 3692915 3559464 3667273 
007888	7 / 21 / 10	TH111	0431946	2	3574542 3667319 3524066 3577146 3525384 3668752 3668917 
001448	5 / 10 / 7	PK11	3764585	1	3574967 3482264 3580139 3560858 3576313 
004872	3 / 51 / 4	PK25	0989327	5	3561511 3575908 3452561 
013839	16 / 30 / 20	TAYF	3447549	2	3576037 3650736 3651573 3692285 3489089 3690652 3556594 3580341 3581315 3576358 3576376 3576377 3576625 3668806 3668989 3797590 
011300	4 / 9 / 4	BYC239	0020093	2	3578036 3576753 3691962 3576328 
008790	6 / 14 / 7	DAL315	3194197	2	3578804 3458136 3575971 3581250 3462956 3797828 
004010	21 / 51 / 31	PK25	3460456	2	3540662 3578842 3581663 3581903 3692849 3694073 3694434 3694798 3694980 3667677 3694428 3651412 3597215 3471190 3642332 3560687 3579361 3695554 3606536 3695529 3797740 
011987	3 / 10 / 5	TAYSEM	3764403	2	3468281 3579687 3483306 
007028	16 / 28 / 19	DAL119	0316015	2	3453445 3537536 3579723 3694828 3485504 3487623 3581249 3485290 3460718 3645471 3483954 3635012 3463993 3768686 3576763 3668911 
005191	12 / 51 / 13	PK25	1137952	4	3487640 3580269 3581663 3581967 3463011 3694101 3606536 3576763 3576527 3668816 3668850 3668892 
010933	3 / 8 / 4	PK229	0031632	2	3580991 3446353 3463560 
013775	8 / 30 / 8	TAYF	0058557	4	3484894 3581077 3581171 3592208 3463439 3487621 3575928 3576474 
007882	3 / 53 / 5	PK243	0470839	3	3581081 3574639 3797631 
003005	4 / 83 / 9	PK338	3691394	3	3433686 3581913 3437341 3669037 
003406	38 / 64 / 48	DAL300	3784569	2	3493704 3493748 3496439 3559870 3580251 3581127 3581282 3602816 3608097 3690020 3690778 3693280 3695434 3578811 3651017 3668196 3668538 3690346 3691983 3695368 3651439 3578392 3561026 3694039 3579864 3606350 3694426 3503587 3580211 3645720 3666207 3693084 3694780 3596492 3652339 3667311 3692761 3482592 
001562	19 / 46 / 24	PK180	3572646	2	3438206 3441016 3577485 3577682 3581609 3483557 3581786 3441310 3479712 3460737 3481532 3481702 3694101 3451496 3464272 3440454 3576474 3576586 3668765 
003546	3 / 51 / 5	PK25	3554810	3	3454210 3464263 3463882 
004016	4 / 17 / 9	DAL25	3442425	2	3559857 3597365 3520880 3668974 
012837	4 / 11 / 6	PK10	0467822	2	3579949 3619255 3695345 3480069 
007878	11 / 50 / 11	PK241	0031386	4	3651243 3492423 3652473 3568636 3578392 3692372 3797679 3797764 3797770 3797790 3797833 
014546	0 / 8 / 4	CARP17	0180723	2	
009296	3 / 11 / 6	DAL212E	0897706	2	3482989 3669280 3482264 
012353	1 / 7 / 3	PK200	0683480	2	3503382 
003407	5 / 16 / 8	CARP15	3478658	2	3691834 3692098 3695510 3694431 3691241 
004810	4 / 50 / 4	PK241	0697660	5	3692807 3694741 3576753 3597302 
004020	3 / 8 / 4	DAL6	3646540	2	3460399 3559657 3668929 
012665	3 / 22 / 3	CARP25	3473854	4	3462242 3459613 3460134 
003481	5 / 53 / 5	PK243	3554810	5	3477014 3478964 3458441 3484361 3487621 
013172	19 / 64 / 19	DAL300	0024092	4	3462414 3581605 3667385 3694980 3481690 3634695 3650578 3639603 3690204 3578252 3575971 3606293 3693856 3463560 3576230 3652373 3602435 3560308 3668783 
001559	0 / 6 / 2	DAL20	0129398	2	
014537	1 / 6 / 2	ROSTUD	3648007	2	3580159 
002151	15 / 83 / 15	PK338	0168378	5	3426943 3574519 3693813 3695643 3492423 3650277 3666801 3694236 3690204 3544262 3694101 3648970 3691981 3649880 3576555 
011534	5 / 27 / 5	GOB	3213249	4	3438113 3454210 3577054 3508682 3464985 
012320	4 / 16 / 8	DAL212A	0965307	2	3689845 3581201 3452874 3576529 
001878	4 / 26 / 4	TAYD	0564741	4	3467093 3482739 3650277 3483587 
014441	2 / 8 / 4	CARP13	3786642	2	3481643 3558838 
005282	3 / 7 / 3	TH251	0493856	2	3561516 3559218 3454625 
006534	8 / 21 / 10	TH224	0916272	2	3456053 3463879 3446832 3452529 3577984 3485361 3460073 3483996 
001552	5 / 26 / 5	DAL2	0129398	4	3485812 3581786 3460737 3668765 3668895 
007006	10 / 26 / 18	DAL2	3195964	2	3482739 3581827 3428042 3455043 3580346 3694415 3416891 3691981 3479355 3797673 
001750	2 / 14 / 7	TAYC	0622960	2	3524341 3479945 
013920	2 / 7 / 3	GOAUD	0897399	2	3442991 3693565 
014523	2 / 18 / 2	DAL1	3648007	4	3443283 3442991 
004304	1 / 30 / 2	TAYF	1165566	5	3459972 
014215	6 / 13 / 7	TH121	3646854	2	3428608 3465245 3461057 3486475 3467452 3668961 
004275	21 / 53 / 48	PK243	3646542	2	3455562 3493764 3559815 3574475 3582182 3666520 3556617 3464306 3581220 3693557 3689991 3595163 3650256 3694433 3458061 3627845 3668767 3669036 3797728 3797839 3797880 
014791	2 / 5 / 2	RCSEM	0999321	2	3460820 3462416 
001430	3 / 22 / 3	TAYG	0020093	4	3483306 3693565 3796230 
012352	4 / 49 / 4	PK100	0129398	5	3503382 3483557 3457184 3797855 
002381	1 / 5 / 2	TH223	3786635	2	3479085 
014870	4 / 13 / 7	EHIII	3764585	2	3455419 3480791 3579143 3467932 
006538	6 / 64 / 6	DAL300	0916272	5	3462116 3454115 3437574 3581228 3668768 3669007 
006557	2 / 18 / 2	DAL10	0031573	4	3506324 3668919 
014228	4 / 48 / 4	TH110	3648007	5	3690789 3572330 3693286 3492392 
005734	1 / 4 / 1	BYC106	3556752	2	3592325 
011209	1 / 4 / 2	BYC100	3577231	2	3451331 
002448	1 / 27 / 1	GOB	0031373	5	3463883 
002409	4 / 64 / 4	DAL300	0697660	6	3487276 3478050 3512896 3668827 
004817	6 / 28 / 6	DAL119	3786635	4	3438842 3575969 3538400 3431750 3480069 3668770 
005727	7 / 69 / 7	CARP21	3648007	6	3555932 3577806 3484314 3540428 3580159 3669004 3669016 
002396	4 / 11 / 6	PK127	0020988	2	3469119 3576429 3576558 3668831 
004023	3 / 7 / 4	PK328	0854975	2	3462290 3438999 3578443 
003500	8 / 19 / 10	EHII	3194193	2	3592680 3581870 3485550 3454476 3475327 3480810 3460586 3479804 
014869	6 / 46 / 9	PK180	3646854	4	3460235 3591211 3463071 3544262 3480571 3576411 
011536	1 / 26 / 1	DAL2	3213249	5	3464272 
012355	3 / 15 / 8	GOCOM	0031333	2	3463729 3559731 3797855 
014871	2 / 17 / 2	DAL25	3764585	4	3557478 3668948 
014219	1 / 2 / 1	SW3	0031619	2	3433962 
007051	3 / 18 / 10	PK336	0031336	2	3441413 3689329 3458949 
014582	5 / 10 / 5	PK227	3198619	2	3459584 3506324 3576400 3576519 3692372 
001897	1 / 51 / 1	PK25	1165566	6	3463993 
011295	8 / 18 / 10	DAL1	3209393	2	3480868 3557244 3579181 3558739 3560167 3464279 3471447 3580261 
014140	1 / 25 / 4	PK337	0031336	4	3667676 
006580	3 / 49 / 4	PK100	0777265	3	3484334 3576359 3576379 
011198	1 / 16 / 2	PK259	0254474	4	3479945 
005217	6 / 29 / 8	TAYE	0493856	4	3458957 3570123 3561280 3482101 3693612 3797721 
002403	4 / 46 / 4	PK180	1137952	5	3463729 3486838 3693840 3462851 
014456	3 / 21 / 3	TH111	3691385	4	3481031 3455120 3486083 
012332	3 / 21 / 3	TH224	0132890	4	3486844 3460369 3462851 
011855	2 / 29 / 2	TAYE	0020093	5	3438232 3482588 
002382	3 / 19 / 3	EHII	0492580	4	3493748 3695510 3668831 
010966	5 / 50 / 5	PK241	0775640	3	3580912 3668753 3668789 3668862 3797793 
001247	1 / 69 / 1	CARP21	1165566	7	3463126 
014581	3 / 18 / 3	PK336	3198619	4	3485305 3576542 3576580 
001751	0 / 42 / 1	PK278	0254474	3	
014651	4 / 25 / 4	TAYB	0802802	4	3458087 3797728 3797815 3797831 
013713	1 / 16 / 1	EHI	0031631	4	3576302 
005290	2 / 28 / 2	DAL119	3786635	5	3576303 3576324 
002404	1 / 16 / 1	CARP15	0375562	4	3797683 
