Students	1000
1	739 876 1362 699
2	1863 3230 235 1994
3	1436 3209 1216 3162
4	1590 404 94 1295
5	820 3031 2378 2463
6	771 1311 2097 425
7	859 2830 922 2819
8	1475 2272 932 3363
9	2383 2779 1017 1643
10	1146 2771 2460 3368
11	786 2725 2815 847
12	2976 2500 49 1823
13	416 1171 889 682
14	323 1363 1041 981
15	3030 2542 2467 806
16	2130 532 1282 1340
17	248 2835 1223 1847
18	1860 2292 1118 434
19	3333 3486 3110 112
20	3017 2562 3057 2328
21	2286 2850 533 1652
22	2010 1322 59 1145
23	2750 1626 223 2716
24	2248 98 2138 430
25	1938 334 2374 3178
26	2640 1175 3490 2133
27	1434 1604 1972 308
28	908 2346 1966 2981
29	1505 65 805 264
30	2970 2273 1595 928
31	1802 1946 2343 2454
32	2027 380 1260 1323
33	211 2777 1106 398
34	385 170 915 354
35	3438 2113 3159 929
36	1526 928 2439 3220
37	2906 3199 2635 46
38	3462 1981 2871 1865
39	946 1754 92 2925
40	2441 2457 3291 3005
41	1349 1742 1088 1989
42	1707 1405 3152 3491
43	360 2024 2596 2644
44	2648 652 2689 2439
45	1862 1635 1829 643
46	1891 3389 2932 336
47	589 2211 1122 3184
48	1621 2729 3033 177
49	2522 2679 1789 2214
50	229 1300 2804 445
51	2734 3256 2315 2006
52	2696 2912 3476 1570
53	2418 171 3350 389
54	2050 2882 145 3201
55	2513 2668 1766 1126
56	2140 1778 3352 3437
57	393 1896 1969 660
58	1951 2631 1062 342
59	2393 1190 2805 2569
60	2739 2537 1115 305
61	1054 12 2202 1755
62	2816 2094 2874 1016
63	394 430 1631 2980
64	2942 2206 2969 3479
65	1212 3475 2142 1008
66	2464 2005 2019 2687
67	928 3094 29 2184
68	1038 6 232 2207
69	797 3057 2667 390
70	53 2986 2614 2081
71	2886 276 2724 2839
72	2165 674 1375 48
73	2646 880 774 1291
74	1738 3486 1795 1229
75	1576 1176 2850 212
76	2844 1769 2527 1453
77	1464 2753 639 1525
78	2481 1951 2309 3049
79	3498 480 1865 493
80	2117 426 1631 2917
81	1610 1994 3437 1885
82	2249 621 2243 2270
83	1281 1 2615 1906
84	1725 3391 1299 1972
85	2756 1762 803 2486
86	248 2211 118 2881
87	534 2573 2638 3299
88	641 515 2298 3121
89	1824 1347 1210 1474
90	2689 2128 1962 3184
91	2188 2042 1661 713
92	665 2810 969 725
93	980 2183 424 2564
94	3465 726 369 2359
95	2324 1107 3129 3355
96	2132 2002 1248 212
97	1873 2777 535 264
98	3009 1485 1382 2878
99	2312 2094 973 3247
100	1187 3415 363 3360
101	2125 1588 977 3487
102	1945 398 967 1434
103	2016 667 3200 1707
104	947 1375 2605 3268
105	503 3275 1307 1656
106	1549 671 2672 459
107	2134 2818 1263 684
108	736 1733 1003 523
109	560 118 378 2256
110	1905 293 980 3154
111	670 2380 1552 865
112	1964 928 566 427
113	3398 2769 1942 177
114	3496 2314 2706 1354
115	878 657 1703 321
116	98 3447 146 1043
117	2097 2891 2569 2585
118	1378 649 2185 1407
119	3401 171 1822 2351
120	3036 2860 1357 173
121	1717 3093 1660 2872
122	432 3493 1863 1125
123	1712 3368 1575 59
124	1582 3013 1840 1267
125	2168 1965 696 1201
126	580 3410 2792 3251
127	825 2522 1473 551
128	591 2842 1068 2645
129	1100 1385 1749 1941
130	3214 3443 2375 1241
131	3129 442 3082 2058
132	3224 2112 2225 772
133	1363 2621 2144 3247
134	3486 3041 2623 62
135	565 972 212 2608
136	2632 2301 1612 707
137	1429 683 555 1853
138	437 2418 1514 2547
139	2755 128 3072 807
140	1266 2198 3347 3230
141	591 1193 2666 2050
142	1874 872 478 1265
143	2048 2619 1705 2609
144	1877 2665 77 2025
145	2572 946 1439 1198
146	1731 451 2332 2690
147	1336 1847 3423 3367
148	2652 889 1224 647
149	2102 225 2362 1984
150	3061 2719 2947 2886
151	366 2373 3323 2818
152	1803 833 2202 421
153	2870 264 468 1012
154	3144 1276 1726 2738
155	1649 217 3339 3031
156	301 947 2421 2251
157	626 3176 2261 2204
158	1616 1537 914 1184
159	3433 1700 174 3210
160	2830 1607 2231 3227
161	2616 1003 1073 2844
162	2356 2152 3074 255
163	598 1461 3309 2659
164	394 2097 881 1265
165	1370 939 750 2482
166	1770 2852 3005 603
167	1195 2118 1680 3035
168	2906 3341 905 912
169	267 1639 1436 1800
170	2480 2836 2681 2080
171	726 1428 1482 1930
172	1941 1949 753 317
173	145 923 2103 1394
174	1290 225 1731 310
175	645 3192 2931 2193
176	236 557 328 3220
177	654 522 1849 821
178	2695 470 802 2551
179	920 495 1697 2759
180	364 747 2993 2742
181	842 2441 360 2626
182	1560 483 67 3050
183	2393 3278 83 646
184	3410 1783 1972 66
185	1931 2829 2302 2442
186	1965 113 475 2433
187	3028 1089 3428 3147
188	2849 1220 2951 3024
189	2035 667 3305 3129
190	122 2500 2239 2582
191	1030 1256 2541 1124
192	1672 1345 2553 2959
193	1509 951 2539 789
194	88 683 2935 297
195	1168 79 3398 2184
196	1229 1771 733 2616
197	3443 3391 296 3385
198	2428 1235 1938 439
199	555 1026 1678 2879
200	2092 1391 45 672
201	1734 70 2843 47
202	1331 51 1328 102
203	952 2299 91 486
204	2131 2262 1551 416
205	2509 2845 1690 3030
206	2046 1318 1236 1267
207	1098 2988 2844 2233
208	2383 1873 1075 2441
209	3060 3162 297 1674
210	1406 42 2512 1726
211	398 936 2940 1295
212	644 3131 843 1614
213	346 2335 1121 1081
214	1077 3404 2447 2487
215	700 1780 3409 1671
216	2610 2245 3442 2416
217	450 2698 3263 588
218	1514 2583 1665 696
219	764 44 2418 3
220	761 3112 1392 1191
221	1296 1437 2377 2527
222	2535 57 2676 1034
223	3391 2505 2597 1227
224	1550 2633 1025 133
225	2280 1767 2845 2588
226	2241 2268 2462 2376
227	62 436 795 2338
228	346 793 1201 3301
229	854 997 629 1523
230	932 423 3315 1424
231	323 1219 2849 1919
232	448 2717 2317 1747
233	3475 3399 1067 1764
234	23 1563 576 3348
235	2496 3185 309 2979
236	1864 1759 2877 1289
237	2208 1696 253 2441
238	821 1416 1230 2395
239	2710 1400 984 1975
240	1918 87 1341 277
241	2139 1309 3034 126
242	1955 1424 2246 1253
243	85 1018 2990 3337
244	1639 1589 765 606
245	145 1430 1008 29
246	2050 1701 1893 2376
247	2313 1681 2391 1606
248	2240 302 697 3118
249	1924 1838 2810 1232
250	1182 571 2653 3321
251	1708 1316 2909 257
252	1383 2433 98 2353
253	574 240 3311 933
254	2477 692 208 1029
255	1232 2072 507 573
256	3306 1933 993 66
257	1890 1824 3277 535
258	2118 1658 2883 368
259	2824 1995 582 3385
260	1743 1941 3390 1720
261	406 560 2861 813
262	2388 1838 776 2121
263	755 2430 334 800
264	463 309 398 3104
265	102 1161 1716 2220
266	2755 1603 691 2479
267	2631 2507 2782 2466
268	623 1775 847 3061
269	3059 1025 866 2834
270	1880 934 2362 1972
271	3496 1935 246 1779
272	496 1239 2586 2204
273	2224 2790 2361 1266
274	2306 2823 2343 1654
275	392 2721 2523 1796
276	1524 2470 1522 863
277	1325 3087 114 2249
278	3453 3213 794 223
279	2604 1300 326 1025
280	1514 943 3305 3393
281	1846 1878 1681 2503
282	931 1622 1276 3144
283	690 1915 449 1111
284	2162 380 1989 1841
285	2849 694 2648 1848
286	552 968 1565 3191
287	1759 2498 499 1324
288	2985 455 2828 331
289	806 934 632 1388
290	291 979 2320 1250
291	1367 3151 2888 1633
292	97 2473 2763 2438
293	1976 276 292 512
294	2831 951 1875 538
295	1231 715 693 2018
296	2154 244 537 153
297	1248 109 139 1771
298	3198 497 2246 2816
299	886 270 1814 543
300	3145 1212 726 452
301	1216 2797 1769 2126
302	1867 1801 3363 1026
303	736 1822 1294 602
304	3125 1297 1383 328
305	2678 2930 2551 2391
306	89 254 1876 2170
307	2370 1759 1481 119
308	803 2280 1318 554
309	67 2113 176 1096
310	1585 257 1288 3095
311	3348 581 2138 2846
312	1827 421 983 2274
313	2249 720 3316 2857
314	88 2806 2518 278
315	2072 2242 2454 1800
316	3448 1899 3222 1448
317	1959 1392 1559 2225
318	3143 3393 899 13
319	1210 1853 1781 1230
320	1131 2513 94 496
321	47 460 2636 2854
322	3399 1097 2462 3336
323	2520 1342 818 913
324	561 2984 2811 1418
325	2564 342 830 3199
326	2028 3137 3253 358
327	804 2558 2320 410
328	1862 2544 1216 1482
329	609 3322 347 3346
330	789 3023 2301 2572
331	3090 1673 789 1328
332	717 1898 2606 3012
333	3215 510 1291 929
334	2603 2317 720 2574
335	2016 2625 489 487
336	2963 2013 3083 613
337	1938 2157 267 991
338	1901 3397 3316 3496
339	1261 1694 487 2771
340	1101 43 977 1115
341	2197 2373 2505 2493
342	2875 2985 1437 2352
343	2761 1201 1801 2817
344	2043 2117 1776 2836
345	1754 3150 1278 2062
346	3146 3074 681 1348
347	2790 2696 1628 1072
348	288 42 3361 1666
349	649 3009 265 454
350	211 776 452 3091
351	2904 846 3470 1621
352	1588 3386 224 1357
353	1733 3423 1372 1575
354	1943 3475 1234 2509
355	572 156 2874 3070
356	60 2266 730 2753
357	334 3066 416 1761
358	2269 1043 812 3177
359	2241 483 374 1632
360	1553 3034 3333 88
361	993 3317 2434 2924
362	3025 2770 1072 2592
363	922 3217 3089 1946
364	1473 3451 1070 2857
365	2021 295 2776 29
366	2885 2514 2349 349
367	1275 3349 1807 543
368	1113 2283 494 1117
369	1569 2615 3488 2731
370	1096 2460 1711 11
371	1041 42 2273 2221
372	465 2660 108 2983
373	2734 2895 2401 1412
374	1676 2746 1900 884
375	3051 3184 1262 999
376	800 895 225 932
377	3118 3443 1674 2184
378	1059 1617 60 1226
379	3403 284 1890 1675
380	2226 2330 1553 919
381	619 1416 2959 843
382	2587 3228 357 291
383	2930 2507 1383 3294
384	1678 3193 669 2630
385	615 2696 1110 585
386	1529 2971 1955 2324
387	2439 2871 1943 86
388	2668 1088 402 2170
389	2476 1944 1374 166
390	936 3385 737 2079
391	1165 2195 2146 609
392	2207 2866 614 868
393	3157 503 1029 3264
394	1497 1602 2083 458
395	3317 3022 515 1187
396	1633 2368 1904 2078
397	36 1999 1377 781
398	2517 2764 2542 358
399	548 762 1432 1922
400	7 1547 1728 3301
401	1270 1430 1435 1092
402	1535 1853 20 971
403	2384 2599 924 2662
404	2267 280 1323 435
405	1483 1081 356 59
406	1946 2102 1843 467
407	1506 1360 2752 2300
408	2460 1538 1928 3279
409	2977 79 1571 1537
410	3228 615 3261 1639
411	2730 2291 842 595
412	1108 3196 1798 3067
413	1783 1730 606 2274
414	1817 2170 819 1993
415	414 2085 1449 2579
416	1176 1183 2884 1699
417	2207 3163 2422 2943
418	3494 590 902 3132
419	3411 2368 1849 2002
420	1455 1497 1925 3216
421	1929 2682 2991 2951
422	71 906 2160 1663
423	1033 728 705 1629
424	75 1047 1082 1905
425	2562 1581 203 520
426	495 2432 1348 1715
427	2410 1239 626 3078
428	713 3091 602 2352
429	3469 2592 2072 2926
430	896 249 3034 2554
431	2440 3328 2851 1275
432	949 972 3397 2585
433	523 966 1074 159
434	2962 451 480 3138
435	1477 2175 1808 1969
436	2598 1194 2772 1843
437	1827 98 3347 3115
438	1904 3407 880 3341
439	206 3251 2218 1112
440	725 264 2437 906
441	3340 457 2835 3346
442	2660 1139 1020 3442
443	585 1938 1771 2319
444	3409 2114 3295 2239
445	1192 2483 1344 2740
446	1335 823 2287 856
447	2575 2566 2277 2459
448	2209 2762 885 641
449	2855 1946 1359 3390
450	2777 3263 849 1453
451	1266 1583 1073 2329
452	3167 2789 3216 1423
453	222 2696 824 2773
454	2549 2587 1685 699
455	389 444 2836 2223
456	1536 536 2627 2528
457	1514 2548 2501 1758
458	2444 778 1022 2701
459	3062 2659 1833 2598
460	1326 337 669 382
461	2801 3464 2341 2322
462	36 33 1625 2651
463	1010 2862 1020 2897
464	3095 969 373 3134
465	1316 51 2747 720
466	2182 3306 240 2507
467	1860 1082 2258 2978
468	3339 354 167 833
469	3107 2760 2911 248
470	1215 1789 2879 1136
471	1995 2828 805 1964
472	662 967 51 441
473	2939 2582 3341 2102
474	485 2435 2016 2518
475	2337 1416 614 706
476	1308 1225 37 3476
477	2748 1861 3035 219
478	1753 2515 1114 2494
479	762 2905 1342 938
480	10 1054 3221 943
481	2814 2259 141 3349
482	820 1085 1303 2897
483	790 817 3346 2050
484	479 1684 1740 1601
485	2200 2770 832 3490
486	174 1584 2398 1297
487	7 1262 825 812
488	729 1590 1736 1963
489	374 2053 3466 3195
490	2772 2696 1308 3458
491	3083 388 632 236
492	2329 1889 825 3321
493	3310 224 3029 1631
494	988 3457 3279 1477
495	125 2523 161 3144
496	2013 376 434 3472
497	3242 3138 2167 1147
498	103 477 2774 1468
499	2465 198 2098 1888
500	1993 3240 3281 158
501	109 1557 2058 2473
502	1106 1507 189 3498
503	1368 2642 1174 1042
504	2665 392 3082 2151
505	611 3461 3186 3070
506	1453 3482 2448 1886
507	3016 710 1461 2248
508	1785 1717 2522 2759
509	1684 2669 1510 2
510	3277 3023 1928 1338
511	8 2073 1113 300
512	573 1409 1837 929
513	1045 2280 1346 3089
514	1959 3250 2512 3268
515	2966 1878 1332 1905
516	560 964 2762 1962
517	1364 2330 699 1973
518	2311 2674 1470 1522
519	1251 3473 2703 2423
520	394 1736 3476 777
521	3482 1940 122 3094
522	2016 1759 1208 3114
523	2631 1644 1950 310
524	2665 1381 3027 489
525	2462 599 3078 1476
526	1832 653 3347 2951
527	1638 2699 2988 302
528	3212 1347 3129 983
529	1159 1610 1144 1558
530	1453 959 1415 3378
531	228 2614 1078 2804
532	2736 1976 3058 1500
533	830 581 1269 2714
534	299 772 3360 2295
535	2207 2826 1219 2289
536	911 1141 1787 2669
537	2731 2254 2687 2461
538	2352 1115 431 418
539	1811 625 3320 915
540	586 2717 1351 1257
541	2975 1291 3446 1240
542	574 746 2866 2181
543	1642 476 3043 2410
544	1513 76 2814 3301
545	2326 72 1889 527
546	1282 2719 1203 3115
547	1583 2497 2112 1186
548	2433 2142 1089 1666
549	986 864 1325 898
550	2752 924 3389 2934
551	2679 2159 1727 3486
552	3232 2445 3230 1434
553	1775 1668 2450 561
554	682 3226 1259 427
555	823 1177 2627 2768
556	3220 2477 1206 2418
557	517 1364 2733 3034
558	1708 809 626 2003
559	2421 1188 388 3004
560	2021 2504 2953 2790
561	3190 1571 2614 2646
562	851 3089 2613 694
563	1059 3357 2530 777
564	3010 2347 2511 2089
565	2947 2982 2600 368
566	1925 1878 170 398
567	2518 2057 2196 2717
568	843 2610 2549 2323
569	1698 3365 226 869
570	187 2232 392 2173
571	710 1108 1454 1578
572	965 1464 2375 443
573	3119 2843 2736 2128
574	3380 1810 3224 3393
575	1380 1549 507 925
576	1375 1100 1692 3358
577	2003 1011 516 491
578	398 311 1276 848
579	1257 169 38 2334
580	1637 1295 1370 209
581	2844 806 545 2569
582	2362 1697 644 154
583	2615 1866 1131 3266
584	1799 3436 1836 890
585	3233 2881 1345 1100
586	2718 2767 1330 2847
587	190 2899 1979 1683
588	1036 1494 2895 638
589	255 443 1833 2310
590	1341 1007 2740 2879
591	793 905 1938 858
592	3193 342 2619 843
593	1873 2907 815 635
594	528 3049 2611 633
595	325 988 3372 1718
596	2277 1137 864 136
597	1714 2074 759 597
598	602 1898 585 1436
599	1277 2008 2606 2399
600	2330 2914 3305 167
601	2530 1927 2358 946
602	2749 505 1037 1425
603	680 629 685 1110
604	983 373 1797 1369
605	2966 3014 1747 599
606	3084 2618 127 3004
607	1831 2500 2504 2744
608	3369 744 2209 3379
609	3172 1260 3153 2758
610	1301 1216 2428 1492
611	2511 2872 1751 2569
612	947 2966 275 1167
613	1648 2420 1094 1475
614	2653 2722 1353 955
615	772 1286 2485 1697
616	1168 2314 2873 279
617	2090 1771 2628 2291
618	3382 42 1982 2567
619	763 386 3038 1404
620	2287 469 515 2002
621	898 2004 55 3480
622	3072 877 1260 743
623	1909 2729 1815 1264
624	985 1895 720 1113
625	341 3164 1298 1777
626	816 1614 2423 2143
627	1181 2901 1431 2411
628	2375 2790 1800 1263
629	2311 846 2123 3345
630	2911 980 1368 3035
631	512 1079 2504 632
632	2801 713 961 1411
633	1404 1754 2182 643
634	718 1525 2577 1376
635	1835 2063 297 373
636	751 1400 2037 2102
637	497 67 3274 2683
638	659 362 551 1838
639	1076 3200 1781 1105
640	1035 135 2980 769
641	2826 2480 2566 587
642	230 2979 131 882
643	303 3460 1060 2879
644	2814 3426 173 2086
645	1983 1613 1421 3185
646	767 313 2904 2883
647	2122 335 2468 1764
648	1379 108 1966 312
649	2576 1395 2331 1817
650	1571 633 3313 137
651	274 1573 3054 2755
652	3002 1878 2722 3407
653	223 2888 2325 832
654	1397 2185 429 999
655	2276 2672 995 1592
656	523 1118 2538 1593
657	888 3386 2633 2687
658	2659 3394 755 2261
659	1803 891 2901 3323
660	1737 2776 1171 909
661	2954 3006 2714 1898
662	602 1321 2263 2236
663	1398 1952 320 2813
664	503 911 601 1676
665	2819 3381 159 993
666	49 3422 3282 1426
667	1485 947 2148 260
668	1875 2407 2485 2170
669	1644 1389 1366 2973
670	1712 1562 208 1490
671	1988 369 489 3201
672	3438 1730 1702 163
673	2286 2791 3215 2171
674	2443 1575 1875 131
675	794 3028 440 2293
676	404 473 2490 898
677	306 978 1399 3274
678	2151 3074 1825 1374
679	2131 2524 92 107
680	2388 1813 619 2392
681	1829 3423 1401 1148
682	513 59 1068 2104
683	3321 1798 455 1489
684	1665 1880 1863 3385
685	397 303 2012 1977
686	2457 260 3316 585
687	2737 162 3372 947
688	1603 904 945 3086
689	3341 1639 2622 2602
690	3296 2535 20 75
691	2689 2098 1863 3389
692	1305 1907 3493 1274
693	3070 658 2449 3333
694	2240 1992 1970 2520
695	2804 466 3222 3412
696	1396 531 2909 1173
697	3034 1987 2678 867
698	2909 2416 14 2175
699	1372 3164 57 3225
700	2260 2031 3453 884
701	2533 2130 2413 3315
702	2336 2417 908 396
703	1984 1635 1338 3143
704	1899 793 3188 2058
705	2867 3074 1192 1754
706	2326 3125 1631 704
707	2678 1008 1906 992
708	1476 2119 1839 2348
709	247 746 688 1537
710	903 2101 878 106
711	1672 1515 756 2623
712	2952 2416 1462 2061
713	1713 2909 2619 520
714	2980 2049 360 526
715	2143 230 779 1100
716	1645 2276 226 308
717	3233 2463 725 1711
718	2711 734 1856 2085
719	2890 2521 550 2036
720	1866 1822 1456 2311
721	2984 992 593 1737
722	2929 2945 3381 333
723	1088 1994 88 1873
724	695 2075 1485 927
725	1220 3279 436 2379
726	1374 1670 2200 3416
727	2709 602 1415 1842
728	1327 1954 1222 1305
729	1997 2374 3354 2327
730	346 2549 2770 2037
731	2089 1420 3106 1140
732	2783 2421 3219 954
733	1400 191 2942 670
734	2776 2045 604 940
735	1451 2011 2900 1319
736	1172 2125 2414 2923
737	300 958 510 2489
738	565 2134 1391 1031
739	2110 3157 2307 2167
740	49 1315 562 605
741	28 3267 1039 348
742	444 1713 2607 608
743	1437 3105 1043 1825
744	302 126 1800 3112
745	3238 3277 2385 789
746	464 269 2212 1073
747	2543 863 1474 680
748	370 2747 95 2999
749	1123 1574 111 1376
750	2609 1266 1906 3336
751	2514 1449 2143 2519
752	3469 1344 1770 2514
753	2476 5 3197 3148
754	898 33 1299 3047
755	2914 2866 2327 232
756	1376 1978 1125 1915
757	20 211 766 769
758	711 1375 1216 607
759	3126 1468 1933 808
760	3203 1652 3074 1279
761	1261 2455 2826 1992
762	3462 924 235 843
763	1004 737 2933 1658
764	3465 1471 2082 1595
765	19 702 2417 2972
766	102 1710 939 2566
767	1664 2384 1905 2754
768	1611 1806 2563 2309
769	154 2303 1409 798
770	320 1724 1222 112
771	1123 1539 2623 3377
772	582 3195 2280 370
773	887 3493 1585 3018
774	2687 1187 2883 2372
775	3366 1706 1518 3203
776	314 2609 1158 194
777	983 3299 24 1797
778	847 2065 605 2142
779	809 2990 1192 281
780	2996 82 791 2841
781	2952 2815 649 214
782	2761 1286 2785 1042
783	2988 2014 3069 374
784	2258 84 2818 3078
785	2775 708 2208 588
786	2348 943 80 110
787	3176 801 1114 469
788	2838 3365 1188 2870
789	561 141 814 2109
790	1290 201 1382 43
791	1024 1779 2945 1174
792	2662 3420 2745 1716
793	1911 1235 553 3393
794	1088 935 2324 3457
795	680 1930 531 2069
796	3141 2553 2901 2134
797	1621 3012 2034 2990
798	1883 564 794 1886
799	2711 3495 2534 1469
800	2345 420 1578 2957
801	1757 1181 2645 2229
802	3393 2369 3306 1132
803	2053 11 3263 1910
804	141 3302 1938 2987
805	1500 467 1143 1659
806	710 994 1950 2960
807	1565 2337 2024 2583
808	3181 1724 1829 3426
809	2017 1584 80 730
810	74 3190 525 1964
811	2638 2196 2091 2773
812	1080 1421 2723 1886
813	526 825 450 732
814	111 1225 1322 1377
815	1712 2630 3350 2756
816	1438 1034 2312 3132
817	1061 2588 1316 1366
818	407 2786 1423 3401
819	1392 671 58 3495
820	2265 3261 800 2624
821	335 585 536 3228
822	2149 1554 2712 552
823	253 850 3044 318
824	1746 114 2803 1260
825	2482 3298 611 1331
826	1449 1004 2232 2381
827	3301 2597 1543 1663
828	2632 3254 1144 2125
829	1814 1672 16 1183
830	1357 1876 337 3290
831	1412 3429 1223 3340
832	949 2297 3201 410
833	3121 1867 292 2320
834	2904 1125 1995 1068
835	1959 1206 2861 141
836	2072 830 351 3051
837	2903 1801 506 36
838	2931 2033 1475 1614
839	1228 602 478 1988
840	3085 756 2422 6
841	2821 1065 609 972
842	2821 1042 1010 2213
843	54 1835 1626 1702
844	253 2481 933 2465
845	1489 1687 1052 58
846	1609 1749 2907 2598
847	533 3047 3406 3353
848	746 1793 2290 1657
849	2656 77 926 211
850	355 2376 2964 2893
851	3017 3117 2142 491
852	1208 208 3479 313
853	1652 2875 1264 3047
854	3500 1884 3411 943
855	2459 3071 46 996
856	1569 882 657 189
857	381 2293 3490 1242
858	343 813 1478 2363
859	1589 1597 1063 85
860	920 1607 2937 1455
861	509 1418 916 563
862	1604 1769 1563 1555
863	3243 2095 2953 3459
864	116 742 26 618
865	2358 2318 536 2453
866	459 1374 1848 1293
867	1046 517 575 395
868	1671 1350 1255 2517
869	2914 166 1244 1435
870	1277 1364 1593 2865
871	2563 1175 2170 992
872	1869 3153 1907 3317
873	1211 2974 2484 3472
874	1174 896 2700 1118
875	832 22 1850 655
876	2388 796 3141 298
877	2747 2911 2718 2302
878	2883 2997 1032 2154
879	162 1829 2854 1748
880	3123 807 2663 1103
881	1447 1030 457 2125
882	1793 2465 2326 1768
883	3361 2033 1521 2763
884	1754 494 187 2490
885	2565 2642 1004 928
886	2902 420 428 122
887	1512 1399 289 2695
888	1995 2403 3100 519
889	311 2913 1390 51
890	1809 541 3454 3014
891	1230 44 3426 2699
892	1816 2330 1109 453
893	3338 656 406 1552
894	1217 2453 1849 2956
895	2757 2212 2548 1991
896	326 1772 2045 2553
897	2609 2160 975 1218
898	2326 1546 688 697
899	587 1085 1879 3300
900	3360 2053 1349 312
901	1051 2274 999 15
902	2353 1943 1452 2645
903	2206 1289 1059 2087
904	1707 1255 162 539
905	1257 838 1185 1599
906	2293 1144 1376 570
907	1923 1111 1208 1113
908	1777 1949 2297 2102
909	2390 1420 3231 2914
910	1909 309 2343 297
911	1600 846 2804 1780
912	385 99 1763 488
913	2306 3213 633 3250
914	1820 476 1165 2519
915	3015 3049 3316 1604
916	2700 3394 1375 2230
917	1791 1300 232 2041
918	1930 1904 501 697
919	2425 2836 3426 3496
920	1303 2115 2358 2620
921	1693 885 1521 2035
922	299 98 3472 2407
923	1290 2280 12 1444
924	3135 2056 240 3500
925	2079 2946 1581 343
926	973 960 1496 871
927	2508 3292 978 2536
928	3025 2352 2191 1814
929	2960 170 3412 3269
930	1602 1366 640 2783
931	842 779 3366 2652
932	2856 1479 1345 2941
933	3460 1863 2780 170
934	2621 1358 3263 2392
935	1652 2215 3069 2036
936	1280 34 2020 1756
937	709 2454 3096 502
938	90 3022 2516 2730
939	1369 2682 337 812
940	2301 1307 1621 1199
941	1113 1533 194 1046
942	2184 968 2681 187
943	557 2752 1154 2898
944	896 1007 389 2518
945	1515 2286 2285 3219
946	1703 1739 2216 68
947	2268 19 1414 1651
948	2726 396 2527 247
949	135 30 692 1723
950	2346 1827 3201 2090
951	1777 1419 1226 1935
952	2866 954 1135 1821
953	84 1449 394 3181
954	1351 1857 3310 694
955	2646 2868 3038 1195
956	3364 2569 3206 1641
957	576 488 3250 1261
958	7 2380 775 397
959	468 2629 647 3484
960	3289 126 1389 1236
961	3369 2263 2153 186
962	2389 1076 1683 1788
963	2485 181 2042 1272
964	842 2251 3013 98
965	3333 1680 3265 892
966	2066 1559 2347 2163
967	1670 3250 387 735
968	2442 2324 318 1571
969	2915 2879 3307 1470
970	2898 2848 834 3142
971	3231 26 860 2604
972	3098 755 1158 2131
973	140 1952 325 1408
974	1899 2428 1638 1006
975	2874 1470 1892 2026
976	1240 3414 2353 3190
977	2186 3292 1647 20
978	3047 1223 2840 2866
979	2532 502 1762 1749
980	63 2444 2212 1494
981	1908 768 692 1332
982	2277 3160 1483 644
983	3134 200 868 2360
984	818 2589 2659 2523
985	2605 2847 125 44
986	261 2891 1257 215
987	2398 1573 2357 621
988	1339 3038 1228 688
989	2161 3105 2237 1116
990	2484 1592 479 952
991	1955 3275 698 3381
992	3500 3151 2102 505
993	2581 1476 308 332
994	1964 681 2199 285
995	1023 73 1119 2366
996	2641 3314 2731 3276
997	3332 467 2091 1123
998	371 1099 1680 742
999	228 2699 1758 3072
1000	2899 1059 941 208
Students	1000
1	2774 37 70 708
2	3326 1119 1689 3280
3	2977 2533 3048 966
4	3304 2829 3442 1034
5	1413 3176 2981 1920
6	1692 2033 483 489
7	1463 1506 454 3456
8	2984 2969 3210 2053
9	1493 2078 949 1978
10	2730 297 3444 737
11	1966 740 1550 1227
12	2590 963 42 2775
13	2241 890 1428 1019
14	464 219 2540 1468
15	1983 1426 2218 8
16	2301 1710 2185 83
17	422 1256 384 1051
18	1800 2382 2634 768
19	941 2662 980 1839
20	529 2370 1199 1406
21	1767 2024 2874 3246
22	576 1916 2130 2312
23	1263 3434 3073 1818
24	2120 421 1782 3491
25	550 68 2666 2920
26	1388 3179 2840 2470
27	930 262 161 3395
28	2668 989 1301 1898
29	2228 1688 1610 523
30	2119 1923 534 1763
31	412 2699 3394 2737
32	1815 1205 425 2052
33	473 2452 3380 2352
34	2435 2384 2974 3215
35	2217 2191 1835 2059
36	1242 230 1124 120
37	2769 2689 1069 3075
38	1411 1109 661 3026
39	3177 2236 2672 703
40	3440 438 1678 814
41	142 751 3477 2517
42	818 3225 1855 875
43	1477 1606 2536 1095
44	227 1160 2696 111
45	1455 1495 2360 1548
46	3464 1210 2822 2025
47	2798 1813 2563 1113
48	366 1220 547 1757
49	1574 1358 706 3280
50	380 1111 3134 1790
51	306 2347 2268 1260
52	2983 2912 1459 799
53	2105 3240 2550 1159
54	1000 29 1730 3282
55	2142 594 2638 3411
56	2889 417 2929 1254
57	1247 3283 2178 2904
58	367 1562 1301 1251
59	2381 234 746 3284
60	2767 3041 1950 2910
61	3203 1046 939 139
62	2261 2777 464 2185
63	2345 1268 1054 656
64	1073 1031 2962 1618
65	463 1400 300 916
66	1045 2653 3040 1235
67	1022 1720 2946 3213
68	2351 3098 2762 2825
69	2137 1887 1090 1714
70	862 2312 1149 1879
71	210 3424 1918 819
72	3080 2656 540 3455
73	403 2126 1332 384
74	1233 3235 1678 644
75	879 1173 716 3338
76	1493 155 1537 3127
77	2511 2760 3353 1862
78	1442 26 2105 44
79	3133 1915 3087 1542
80	228 3267 1221 1589
81	1134 771 3317 860
82	4 175 969 1806
83	2016 2509 2201 1985
84	3021 1048 740 3088
85	1785 2909 138 125
86	1356 2628 3214 3300
87	283 2463 1148 635
88	531 95 298 308
89	2818 2819 2137 1226
90	811 869 2473 3475
91	634 2951 2321 2395
92	770 1568 1957 2358
93	2992 1350 186 190
94	169 72 244 994
95	296 249 1338 2039
96	2973 1835 1767 676
97	373 3388 2932 213
98	2277 275 280 3093
99	1176 148 1067 462
100	130 2373 974 2092
101	3282 2450 3090 2020
102	183 3384 1405 1622
103	737 248 2653 1516
104	1768 1436 455 161
105	1337 116 160 3328
106	1911 1215 2321 3051
107	3075 3412 1357 2068
108	2950 351 2889 1766
109	3035 3308 2809 1266
110	3273 630 1361 622
111	3073 557 1879 2817
112	1342 2229 2551 2837
113	2174 2724 1510 2937
114	487 2709 3021 1712
115	2394 1814 2193 1760
116	547 2691 2999 449
117	2310 3191 936 1219
118	2257 790 1960 309
119	1410 3456 829 3068
120	1813 1135 2287 3399
121	1797 2508 2953 3269
122	1850 62 51 2437
123	3098 2905 2893 1540
124	1077 2420 1718 755
125	366 1769 3459 546
126	66 2770 936 3181
127	2742 3461 994 1636
128	2186 711 529 2749
129	1526 1509 659 1080
130	2888 1995 908 370
131	1220 295 2621 1496
132	2010 1143 2773 3245
133	5 1903 2776 564
134	2459 3313 2820 1365
135	3469 3124 1396 2717
136	2044 2775 522 903
137	256 1609 3039 724
138	3422 28 102 1221
139	3160 1349 487 2531
140	463 246 3434 25
141	999 1241 2698 2306
142	27 56 1329 2437
143	921 2315 1368 2901
144	3466 2869 34 457
145	577 810 2657 2391
146	2773 394 2177 315
147	2882 1248 1451 1948
148	1141 803 3015 777
149	1839 2363 714 2115
150	755 1990 1458 2377
151	3153 1248 3024 458
152	925 1305 2658 1386
153	3089 1929 772 257
154	2239 1225 1319 638
155	237 3168 1789 1133
156	2638 3446 3413 1998
157	1056 1224 2741 1533
158	2863 52 2549 1900
159	248 1497 1159 102
160	2926 1044 1018 2894
161	1174 488 2247 2795
162	1253 756 3319 1645
163	2686 2321 1373 2582
164	2339 2944 3420 2669
165	3378 1160 2130 1726
166	704 1132 73 1425
167	387 3250 840 976
168	3118 1160 134 100
169	2465 2513 82 3495
170	2951 3301 615 2574
171	1655 2111 2507 1534
172	683 240 2567 1623
173	956 1689 1666 1690
174	949 1208 880 916
175	2934 560 1431 1118
176	641 1637 2177 1777
177	1773 526 319 1754
178	2916 254 182 1009
179	2285 1158 578 1953
180	3040 2194 2247 2860
181	1416 2364 3320 2001
182	1824 892 1165 2866
183	1278 824 1302 2645
184	1463 254 3398 919
185	1702 456 1579 2169
186	1340 1356 1016 2454
187	3308 1936 3262 2605
188	3429 291 2370 2548
189	2992 2440 2494 1850
190	137 2116 2401 2645
191	3196 267 476 1911
192	2435 795 1444 1376
193	2232 3233 956 999
194	1854 2487 3452 668
195	2331 774 3044 489
196	863 56 2287 1473
197	2480 1575 2518 1614
198	3349 1714 488 2999
199	477 1155 2958 1399
200	1843 2852 837 799
201	2988 2302 50 35
202	2285 230 3080 491
203	238 2976 2801 2865
204	1036 1421 760 2678
205	2771 3352 2144 2213
206	2946 1151 2370 1909
207	1557 2502 3003 3076
208	3180 2960 859 1664
209	2472 2326 2360 635
210	71 2454 2505 942
211	2996 1804 1691 638
212	1623 1812 197 3049
213	712 2345 3289 3010
214	1848 2652 1868 1100
215	2923 1019 2568 2481
216	3412 1811 2583 3109
217	2986 1304 312 667
218	109 1670 688 3316
219	1596 77 2602 2828
220	1442 2691 2920 1596
221	2536 1984 2270 3491
222	3121 473 481 1917
223	2527 548 2201 2783
224	2467 1807 1816 3336
225	2015 881 2651 3122
226	2262 409 142 529
227	1872 2635 919 905
228	217 298 1217 1668
229	2128 1981 1297 3486
230	226 570 1402 835
231	962 245 2113 1566
232	709 197 1196 342
233	3306 1069 2460 3128
234	1794 2871 2211 1987
235	979 2415 1842 1213
236	1199 870 1421 1873
237	859 2556 3459 175
238	2071 416 3005 361
239	2657 1746 1186 1086
240	149 544 1185 3204
241	400 2165 3048 637
242	970 2592 2691 1193
243	3240 401 1520 1250
244	897 2550 3262 1932
245	750 2712 3453 1135
246	100 711 538 2045
247	1333 2070 2671 1756
248	635 2282 3227 3197
249	862 1576 1970 2014
250	2078 2890 52 3370
251	142 1680 246 2540
252	2667 1769 2759 737
253	713 1320 322 2669
254	1683 1744 1300 895
255	470 2028 312 1604
256	3270 1598 2304 969
257	1970 1340 1411 1800
258	1119 1826 488 2836
259	221 3366 458 2366
260	3403 1330 2881 2337
261	1114 2744 2429 1676
262	2047 145 2516 406
263	541 351 2669 3455
264	1821 1910 2147 539
265	93 65 1195 2373
266	1420 2939 568 2889
267	2079 644 1806 1092
268	594 954 2249 132
269	917 789 1942 806
270	1506 1789 196 980
271	260 3326 2862 87
272	2353 668 2352 3366
273	534 2545 672 3285
274	3414 1002 1729 2939
275	3298 2170 2029 2339
276	482 31 2101 505
277	3150 2178 1054 1654
278	3231 92 2697 1971
279	3093 2664 514 2116
280	2853 3245 1154 731
281	1564 3309 722 499
282	343 548 2356 160
283	1487 597 1884 761
284	1074 335 1806 142
285	2451 352 711 1736
286	316 1957 1759 1613
287	2778 355 617 1848
288	1077 2658 1595 1188
289	3409 1844 635 799
290	2627 2424 705 381
291	3216 1458 1900 1171
292	776 3445 2139 2805
293	1940 2809 2584 513
294	2897 1616 759 77
295	2119 1773 1595 862
296	887 382 1859 342
297	1945 2250 2113 603
298	1656 2107 3424 1497
299	599 166 3178 762
300	2867 1125 597 292
301	1659 1756 1536 2187
302	2050 2114 424 418
303	281 3265 2295 1570
304	1319 3483 3004 3179
305	333 2564 1148 943
306	751 1546 2904 130
307	1251 3382 14 2685
308	91 2416 1490 3341
309	2353 1804 1846 3050
310	1751 2199 3271 2134
311	2861 479 1664 2987
312	1631 3349 846 2732
313	1863 23 1017 856
314	3044 1280 2234 2292
315	1397 1996 1073 3221
316	604 1181 564 1729
317	1812 1472 2918 106
318	1619 2845 6 3128
319	464 1683 3366 2497
320	3082 747 2254 804
321	3249 3493 2657 2439
322	31 2568 1989 1313
323	1860 2475 378 3306
324	2531 1366 1897 2315
325	3049 243 1754 1741
326	2209 186 2643 1283
327	1544 2332 2583 1824
328	2201 1970 1097 2512
329	622 2340 2157 1310
330	1037 298 3117 1768
331	2196 2822 1361 650
332	2870 214 2332 3272
333	1054 1423 3411 171
334	3098 1587 91 930
335	2262 3112 2247 1492
336	1783 1806 3092 400
337	2976 1963 628 2740
338	367 3416 3159 159
339	2707 2406 1221 2713
340	519 1193 1183 768
341	2364 2050 2710 1936
342	2517 111 2451 1439
343	109 3235 961 2997
344	2862 610 3310 2373
345	2312 1766 193 2189
346	2854 623 1569 1111
347	2104 1902 342 2778
348	2148 2378 1978 1837
349	2224 3105 1950 2677
350	282 140 791 1193
351	532 2220 3360 2968
352	431 1192 2084 192
353	240 1303 1850 2011
354	1099 2597 1872 814
355	3053 2102 28 1369
356	1184 547 971 3195
357	1564 3285 3363 2444
358	2257 1387 1630 1196
359	839 1410 2150 2039
360	2128 1297 1575 2798
361	1776 1353 3462 3063
362	619 1487 1914 2477
363	2859 3335 790 1275
364	1652 2231 2691 746
365	2552 2564 2565 304
366	129 2552 1387 3059
367	2105 3493 84 2205
368	1670 922 2236 3191
369	2594 1669 3111 987
370	163 3425 1955 2536
371	2539 256 2951 2421
372	1126 1478 1270 36
373	1980 3321 2262 1474
374	1715 1883 554 3118
375	1848 1243 128 1395
376	3253 1709 935 3143
377	2972 662 2587 2890
378	2457 2811 852 1869
379	1037 1748 806 1839
380	1031 3073 2794 1396
381	1722 261 2452 250
382	1569 3374 3332 1928
383	716 2772 559 1029
384	702 180 2985 2965
385	1202 2251 2242 3203
386	1115 1624 3083 1764
387	825 695 94 486
388	558 1965 2942 35
389	3016 2891 371 3468
390	2135 2368 982 2899
391	442 505 249 290
392	586 1049 819 101
393	3188 154 2968 935
394	1463 1994 3370 396
395	2141 360 1035 1166
396	440 1159 2146 2818
397	326 1306 1940 1750
398	3191 1300 146 1798
399	1806 1158 1886 3376
400	83 3373 1579 1785
401	1005 847 3050 603
402	45 1807 3131 2058
403	1620 1139 1171 2798
404	821 3311 538 489
405	1029 3013 963 2297
406	3342 1337 3382 399
407	868 2947 877 2977
408	1808 3285 350 1026
409	2652 2957 2143 2065
410	1541 2076 1040 2400
411	558 1921 2270 3287
412	1999 2286 2420 2098
413	2677 2573 1316 2457
414	1305 3172 3170 495
415	2707 2294 190 1225
416	893 1061 2312 1646
417	2760 1325 116 2020
418	1354 3330 1409 420
419	73 322 2042 2240
420	2769 921 516 355
421	3087 1285 3390 340
422	2242 1202 1629 1057
423	1930 270 382 3364
424	2035 271 1028 3152
425	1002 7 3027 1919
426	2124 3282 184 464
427	2396 527 416 1787
428	1620 754 1255 2688
429	3006 1680 2031 2212
430	2882 865 1706 267
431	1690 26 1559 3408
432	1784 764 2152 3163
433	3450 944 2966 3036
434	2908 1016 2762 2483
435	2554 2499 1123 248
436	2544 452 1829 242
437	3101 3062 1226 433
438	2696 1366 3079 679
439	2975 471 1525 2006
440	810 1238 3286 1668
441	1640 1566 23 952
442	1272 2438 1916 3290
443	195 2307 3344 1397
444	2705 1206 1283 2572
445	531 3354 1788 677
446	861 1550 1028 1764
447	897 1933 2363 2297
448	2403 2642 1735 1840
449	1078 3068 1627 2208
450	3072 762 1553 82
451	1795 1815 2667 2587
452	2207 3335 1887 3277
453	835 2000 2289 2193
454	1769 2673 521 2593
455	264 1064 2706 2979
456	2456 164 427 2181
457	2958 3116 1012 1855
458	3133 257 563 1457
459	1011 1489 3108 1958
460	2728 2839 2530 829
461	1406 2164 991 2851
462	2838 2822 1768 2383
463	3146 1236 1940 861
464	683 552 3232 2721
465	325 2736 3051 682
466	1615 1017 1517 2197
467	1916 2565 3431 2009
468	257 178 3401 2844
469	785 3486 529 2724
470	1357 2225 994 694
471	1716 1673 596 1131
472	3311 19 1431 2550
473	939 1122 1215 847
474	1790 2509 450 550
475	2878 2839 1547 762
476	1687 1991 2692 1552
477	535 1136 3082 959
478	1132 214 1175 2492
479	2606 2078 2170 2106
480	1519 1481 2100 905
481	1593 1126 1911 2671
482	1490 3132 1491 269
483	2322 1814 1203 279
484	521 40 1092 2699
485	1437 3429 1304 1686
486	3181 3081 2992 1851
487	519 1 640 1701
488	840 2882 2136 90
489	3131 2677 3430 848
490	979 1059 2078 2663
491	141 2972 1753 2773
492	930 2603 1791 1156
493	2769 3233 1744 2711
494	3215 2580 2255 2032
495	858 188 908 2878
496	1814 349 698 1447
497	1416 3376 1282 2812
498	990 1591 3021 894
499	3479 902 717 3079
500	920 1080 785 2959
501	2901 2938 2019 251
502	1170 329 2536 194
503	2125 2681 435 2315
504	112 934 2797 3161
505	1501 1018 644 1021
506	3183 1285 3156 2785
507	170 546 421 213
508	2859 3059 694 1052
509	2977 221 484 946
510	30 2854 2780 1488
511	2819 2905 305 2554
512	898 1190 1787 1625
513	750 3295 2688 2400
514	778 3110 1338 3389
515	3056 316 2933 1789
516	607 585 871 967
517	1416 2870 1649 925
518	2701 3032 121 1277
519	3116 1991 1982 366
520	169 3329 2019 1624
521	2159 920 1525 1193
522	3098 1364 526 51
523	2444 319 2069 2030
524	1007 1396 526 201
525	1991 903 1592 140
526	1674 2184 2674 242
527	3046 1094 1996 2100
528	1328 713 2895 2089
529	135 439 529 1990
530	1294 1121 1715 2738
531	3454 2449 2201 1636
532	983 2363 2647 32
533	2235 2750 628 1252
534	1733 1052 1539 1613
535	2446 2450 317 1252
536	2249 935 2069 1171
537	3461 2960 780 147
538	2978 444 3452 2872
539	3008 596 2637 1241
540	2492 1391 2935 2538
541	2424 727 2967 1797
542	463 3442 1774 2791
543	919 1423 3167 507
544	56 726 2068 1380
545	2734 567 1880 1887
546	1035 122 1698 409
547	2701 1219 1795 1729
548	588 527 529 1544
549	1881 573 1624 2388
550	1797 2743 2083 587
551	3060 2790 1012 3007
552	1402 1954 1053 2542
553	2983 2660 2894 1795
554	852 679 2287 3443
555	3315 2536 1958 2645
556	2341 2027 753 779
557	1865 1279 2829 1211
558	1366 2108 1970 1353
559	2693 23 495 2597
560	1474 450 989 1828
561	751 2971 1665 3494
562	2713 2402 2211 2045
563	224 575 2320 458
564	1364 2637 1145 1463
565	2777 478 678 1050
566	1379 24 3116 2740
567	378 3302 54 2791
568	3474 1919 3476 2599
569	1873 1008 1246 1218
570	621 3145 1018 2124
571	2430 2846 3106 2419
572	698 1825 1018 3096
573	950 2635 1795 2605
574	819 2530 3211 1337
575	3425 2523 1969 3214
576	3343 192 1971 2320
577	1210 2679 713 1053
578	2782 2649 2033 3499
579	2372 1498 1775 1800
580	1229 1295 1685 758
581	290 226 3344 1164
582	829 1519 3436 3173
583	50 3102 769 962
584	54 178 3292 3077
585	1842 93 3091 2020
586	1136 1683 1190 621
587	1342 2118 78 3396
588	561 3377 1167 1806
589	103 2343 144 1414
590	55 393 2191 1284
591	2952 1071 280 1082
592	2408 2331 2450 128
593	535 175 2243 2846
594	925 157 447 574
595	2122 1829 1347 1439
596	2217 1792 1279 1448
597	952 1991 967 1662
598	2925 1020 3393 2801
599	976 108 1355 2248
600	2526 1639 487 3440
601	3127 2433 2470 1966
602	2322 161 2969 314
603	2388 3090 824 2416
604	1852 365 2108 373
605	2833 2136 1824 2955
606	2545 2123 133 2222
607	2025 851 1731 3440
608	3130 133 537 3049
609	156 331 669 939
610	2522 2516 3366 3464
611	3120 1624 1586 2776
612	1660 1177 2605 2525
613	2816 755 778 1708
614	109 3387 3097 2829
615	861 328 1336 2212
616	2060 2164 1680 684
617	3088 2245 1471 275
618	2795 342 1839 934
619	3212 2650 1255 2707
620	2616 3051 1771 595
621	800 2233 1731 1402
622	252 1350 2240 1038
623	1804 365 1830 48
624	1775 812 3020 958
625	2258 262 1713 1182
626	1185 1591 3068 1430
627	3448 917 3052 21
628	1921 809 803 1343
629	2822 3499 2752 1337
630	3283 506 1589 515
631	2675 1695 3369 2714
632	435 940 2574 1255
633	233 2101 2306 2755
634	482 1167 1617 1610
635	593 3306 460 897
636	914 1072 923 1491
637	2668 2169 2186 2677
638	3086 2882 2930 1798
639	1224 2989 345 3333
640	1323 165 3233 3071
641	3362 1903 273 3313
642	1719 2390 1093 2618
643	1350 1244 230 234
644	687 327 2157 3448
645	3041 427 3307 2033
646	2898 2327 3125 687
647	1298 3078 2352 2450
648	347 2968 3043 1053
649	1243 152 1205 674
650	2436 2050 2307 1265
651	1928 3168 1486 3361
652	1159 532 1299 2604
653	1024 2912 1752 2355
654	1745 2768 3309 646
655	3005 1111 1618 320
656	2376 3225 3049 495
657	2376 964 1363 90
658	1468 304 693 3092
659	1482 2810 2686 3349
660	1867 992 1332 457
661	2604 3354 3000 852
662	2274 2688 216 2473
663	3111 3402 674 1690
664	1660 3375 2963 2030
665	1740 2495 712 105
666	1502 2165 1735 3076
667	2165 542 3177 3185
668	2703 3275 2528 3313
669	1490 196 1627 1224
670	3224 61 3393 978
671	434 200 491 3302
672	1587 2006 399 773
673	1046 3234 3100 79
674	663 1834 144 2223
675	1041 2521 1099 555
676	2873 2898 1497 1314
677	994 981 1109 2924
678	2802 2016 3035 926
679	972 1660 3338 885
680	2020 591 2421 1669
681	2925 1406 1856 3141
682	2858 618 1552 2303
683	123 2907 3392 3482
684	3303 1044 3434 3037
685	207 3223 2403 725
686	700 2454 2210 1500
687	24 1741 624 3383
688	1469 3124 2170 290
689	1786 3256 1556 2301
690	3155 699 944 1468
691	1265 3389 656 1569
692	265 3065 304 1425
693	2227 2535 1576 3326
694	512 2897 3208 14
695	2554 1288 3456 151
696	1849 3415 2798 832
697	1103 3454 688 492
698	2427 986 116 3011
699	1679 1761 3096 3104
700	3454 2003 718 2296
701	698 1749 1707 2758
702	294 1291 2273 2656
703	3042 1056 2176 1904
704	71 290 2978 3067
705	2885 2374 3495 3270
706	517 315 2874 515
707	2309 324 2838 3271
708	3278 1401 1261 1665
709	2392 1790 2340 1331
710	1021 3030 1471 1982
711	73 1416 123 3128
712	3216 441 1728 1989
713	2567 2492 3210 3449
714	1174 2737 246 643
715	2830 838 825 716
716	1105 2138 2505 1162
717	103 540 3213 3375
718	3198 3452 929 3431
719	1923 3494 865 738
720	2542 184 3309 1922
721	1585 3163 1477 1393
722	2518 2149 3447 1308
723	2498 1789 2074 1222
724	2721 543 1469 257
725	2582 1460 3033 1534
726	355 3045 1212 1100
727	377 3000 3164 712
728	2578 369 2933 1318
729	871 2516 2662 3233
730	2765 520 353 491
731	1634 3213 2029 3245
732	1244 3039 773 2076
733	789 2201 2031 1341
734	2695 1119 81 2534
735	2047 2993 1904 459
736	2053 197 545 2512
737	1536 1226 2341 2256
738	1982 1951 1725 2442
739	1953 3336 765 2051
740	251 3069 1235 3033
741	1685 3469 3058 1852
742	1642 1204 2878 2777
743	3420 1824 257 1168
744	1901 3188 2426 2679
745	469 2905 3195 1208
746	1611 1836 446 2024
747	525 2769 1288 214
748	1861 2547 658 3045
749	1837 1385 2469 566
750	3031 1905 2793 445
751	2402 26 3311 2892
752	110 2056 1856 2740
753	125 2369 562 275
754	13 857 3009 1440
755	91 516 690 1723
756	27 2590 565 3067
757	565 94 539 3395
758	1192 2977 2764 1551
759	2604 3379 1931 1612
760	3150 236 102 969
761	2732 2031 2414 1476
762	3284 77 2012 1603
763	2499 1045 402 1942
764	1787 282 1626 2208
765	1903 874 1673 2924
766	686 371 256 2352
767	1612 2915 1092 533
768	3234 1817 2974 1051
769	1181 2156 1481 3231
770	596 3370 3409 1395
771	1003 2664 2288 3180
772	1229 213 26 3176
773	104 986 2646 221
774	3436 3488 3174 1958
775	3 114 3437 2367
776	164 3129 1693 1345
777	3341 1752 2799 846
778	304 946 1768 3063
779	1179 461 2858 1620
780	2405 548 530 3286
781	2952 534 2137 1936
782	1500 2911 1646 951
783	1348 2022 2307 1843
784	3013 1735 2837 2090
785	554 1327 3414 1672
786	2579 2215 3285 1001
787	2205 2056 1307 3352
788	1964 880 2487 811
789	127 1560 1795 1454
790	1750 2340 2457 1773
791	1456 2069 3499 1201
792	2892 73 598 825
793	1055 2269 2999 677
794	1309 747 299 1177
795	3257 1910 2174 1265
796	3236 2105 2534 896
797	871 1149 595 1832
798	185 1010 1841 2125
799	109 813 498 1422
800	2540 2010 1611 2244
801	572 1104 1635 2197
802	3025 2569 569 2943
803	1766 3447 335 2050
804	534 83 1735 1808
805	2705 1269 1728 1789
806	2153 1812 3422 628
807	2037 1874 2931 2434
808	3017 543 2598 2267
809	352 1368 500 2096
810	1593 556 1055 988
811	2802 3234 2610 50
812	1905 2824 1418 1751
813	1455 2125 2282 2489
814	2711 1386 2523 2502
815	1881 2302 1002 57
816	1712 409 3086 553
817	866 2864 228 2109
818	1437 1665 2453 2175
819	2806 1978 204 1232
820	1094 2954 3461 22
821	2321 1746 2458 1865
822	2381 2434 1618 2502
823	400 130 640 2423
824	3449 346 2436 1217
825	944 1530 2171 2091
826	22 259 3237 3023
827	1955 2072 2263 1002
828	1973 1712 2754 1227
829	2263 76 1073 2744
830	561 995 2653 2877
831	1167 3365 1636 1138
832	917 3261 446 3500
833	581 1690 326 3448
834	1366 773 2959 3068
835	1376 465 2768 1639
836	2670 2227 1628 3337
837	1423 2319 99 1512
838	3326 2937 2503 1586
839	2 161 994 418
840	3191 51 3274 1637
841	2175 421 681 979
842	2823 474 2551 3375
843	989 3079 1535 1082
844	658 1817 2456 2809
845	3363 2273 2494 1078
846	1872 1421 316 1525
847	399 431 2260 961
848	2085 2327 1418 2676
849	1448 1797 3211 3395
850	2384 556 3384 2428
851	3206 3052 559 317
852	3061 2580 1212 1043
853	2347 3414 1564 879
854	366 1075 975 529
855	694 143 1075 3300
856	586 3297 2030 1004
857	1281 3254 798 251
858	253 1839 3337 1665
859	3250 1524 1967 3138
860	1911 1 1212 3409
861	1432 2483 2114 682
862	437 3138 2452 2373
863	217 3050 1206 893
864	125 1546 1788 2316
865	1244 1329 301 3054
866	3441 797 2113 1400
867	2835 2751 2311 3000
868	117 349 3311 2100
869	111 315 1641 2431
870	59 2323 287 1552
871	1693 108 3296 3186
872	932 1978 85 790
873	3038 1025 1053 1288
874	137 1684 74 2879
875	3469 2764 2465 734
876	2390 2095 2281 564
877	2252 3171 3306 1389
878	1592 643 449 3059
879	1128 2830 3093 2922
880	3225 2655 1800 2213
881	2122 2539 2505 3108
882	91 1005 2817 737
883	2111 1350 3370 2378
884	884 2615 1640 762
885	597 2313 2947 3325
886	2711 1455 331 1941
887	1931 2822 901 1417
888	479 798 866 307
889	2273 2128 790 1456
890	2783 2071 1765 2576
891	1454 588 3383 2349
892	2788 421 3174 502
893	2563 84 883 2992
894	3480 2970 2620 1358
895	2539 2757 3009 2580
896	1538 2185 2428 2508
897	2312 1834 453 347
898	95 1899 2516 449
899	1567 2198 2468 2739
900	132 1671 896 2594
901	1091 225 1748 2659
902	3329 3485 803 912
903	1269 1537 2839 1911
904	2797 708 1304 1940
905	2264 1843 1081 1574
906	1274 1210 1187 973
907	2652 1945 995 456
908	2551 1203 2206 2590
909	803 2706 616 2426
910	176 2573 1051 2487
911	2666 1884 3073 234
912	3236 3332 2521 2352
913	2701 1706 2607 2579
914	1400 757 1526 329
915	3171 363 1879 3481
916	1756 2860 992 2345
917	3210 1286 2665 2596
918	439 3499 1736 353
919	2595 122 8 1905
920	1018 711 1670 3243
921	2500 1697 3021 255
922	135 3255 1022 408
923	2086 33 331 977
924	2464 333 2421 2153
925	1719 3090 1120 2331
926	3204 1092 2326 2785
927	2813 1895 1871 2763
928	1441 704 323 2946
929	291 2529 741 2405
930	2491 1648 275 1344
931	3458 1670 1447 1006
932	2545 789 3178 1213
933	2199 1919 2746 3364
934	2283 2348 1414 2943
935	795 2565 2381 1055
936	2955 548 2279 415
937	1326 1704 3400 3128
938	3369 969 2367 176
939	673 777 901 1107
940	1113 2030 2396 1168
941	849 1566 1114 2993
942	919 986 3125 2269
943	2034 551 2263 1600
944	1531 937 2869 954
945	26 2233 2796 877
946	3120 2040 496 914
947	1523 606 490 1979
948	1341 1922 3029 472
949	1608 3379 918 2632
950	2391 2227 2157 642
951	597 3350 2 927
952	1098 752 1080 3156
953	2960 475 1746 1430
954	3376 1268 1109 2734
955	1410 1176 777 3020
956	2722 3366 1918 2333
957	1387 1819 565 2150
958	2764 1542 1700 557
959	3161 3500 2568 657
960	324 2196 1257 291
961	2997 357 115 533
962	2408 1277 295 3060
963	907 1109 580 2476
964	2054 2538 1806 2981
965	835 272 1314 2756
966	1531 3116 2987 2556
967	292 3215 1860 1853
968	2979 85 2609 1389
969	886 3208 1243 470
970	2244 2637 2683 3293
971	2941 21 1567 445
972	1366 664 1536 515
973	419 3350 2697 2683
974	409 2769 3223 679
975	2216 1972 2629 3118
976	1129 2542 2795 286
977	2520 2974 2047 2794
978	1324 2932 593 1421
979	1840 3226 2194 2991
980	70 2574 1202 1570
981	1052 1450 3473 1408
982	2525 111 155 681
983	828 1274 2132 664
984	2919 844 3324 2860
985	619 2551 27 3480
986	2412 1423 2701 1274
987	992 2498 251 1116
988	1059 281 2988 3067
989	529 1804 2879 177
990	3254 3149 1509 3193
991	346 243 2615 1683
992	2178 1020 2224 2096
993	491 1434 2752 2538
994	544 1947 1660 1373
995	1148 2247 3334 1022
996	2843 2452 3289 1505
997	2779 412 570 2450
998	2620 2565 3021 1784
999	2025 3311 3299 145
1000	1044 2314 1618 1348
Students	1000
1	627 2156 318 3109
2	941 3162 1321 1038
3	561 664 771 2410
4	2859 2515 1778 237
5	2952 2874 1783 976
6	3007 94 170 3386
7	106 1359 1747 2359
8	1542 2487 3316 2103
9	821 2121 3473 2537
10	1082 737 3206 9
11	3056 863 808 1025
12	2940 3282 618 1966
13	2739 247 2258 2758
14	3188 2067 714 1983
15	371 1059 1838 2057
16	2609 373 920 1051
17	2262 1202 1914 177
18	2253 313 279 2427
19	2695 91 2807 236
20	2850 3284 583 581
21	2850 485 3103 1229
22	814 2053 553 1537
23	2606 410 2201 3338
24	1975 2459 67 2713
25	1729 2769 885 2887
26	2504 1570 475 1109
27	84 2810 428 2018
28	1726 1417 373 3299
29	2254 3039 2517 3499
30	685 239 1827 1150
31	1884 1219 672 1050
32	2427 1429 501 2478
33	2702 2455 2174 1603
34	2458 1157 2314 574
35	924 916 482 2119
36	1767 1861 2320 548
37	1235 1548 593 2837
38	1179 566 1798 1324
39	2127 3184 1314 736
40	38 3160 2151 3409
41	1711 1690 1025 3480
42	462 2000 3145 2160
43	1064 1823 1082 1240
44	1493 369 1710 3226
45	2329 1207 1246 488
46	1032 2984 530 729
47	1093 2784 2164 2198
48	2389 1421 1969 2387
49	2543 1336 2265 1816
50	2684 2941 1447 2381
51	1598 2093 1684 3422
52	2628 320 326 2652
53	1481 3117 2725 1141
54	939 1407 3493 101
55	2765 1584 1757 2655
56	1811 721 1884 1301
57	542 1694 1389 1008
58	908 1947 1927 2793
59	3248 2854 1278 3407
60	873 785 498 1947
61	2678 2866 2957 1303
62	1720 3120 3344 1004
63	2916 1211 1675 240
64	3366 1534 1624 3057
65	1762 99 2352 280
66	258 651 674 1600
67	2784 2273 477 3216
68	798 362 2385 1607
69	1811 1596 475 328
70	808 1387 2140 1220
71	2070 752 3359 3090
72	849 2169 2646 1153
73	1718 1889 318 946
74	631 1465 1112 265
75	227 1815 2250 184
76	629 1015 2745 508
77	1003 3299 3179 850
78	2801 1007 2228 2514
79	2141 1818 949 279
80	537 1527 440 3049
81	2490 973 1124 452
82	66 2521 3011 2359
83	1098 52 2552 726
84	1151 3188 454 92
85	2672 98 1187 367
86	337 577 2556 1014
87	2468 2035 3397 1343
88	3443 1002 1942 1612
89	3422 1756 2200 2946
90	804 2688 1297 2920
91	1442 265 598 2062
92	2005 920 5 2998
93	2558 3258 9 237
94	534 3203 2169 475
95	529 3194 93 2643
96	335 257 3316 1365
97	2172 178 3195 2627
98	2298 914 3416 1550
99	2903 2093 2542 3157
100	1107 3237 756 871
101	982 2681 319 2316
102	748 1411 2130 1159
103	2552 832 1268 1323
104	2246 2657 3347 3298
105	865 2602 2566 1121
106	412 2147 501 2518
107	72 3474 2792 1132
108	2452 3047 1660 2110
109	2580 132 3046 2015
110	2904 1010 623 1088
111	299 2475 925 2609
112	3259 574 1704 2488
113	1591 315 2876 1147
114	1561 80 2591 102
115	1384 632 726 2890
116	2545 305 2245 3301
117	2752 2452 3062 501
118	1640 1658 474 920
119	3254 2808 524 1204
120	3280 1842 1314 281
121	4 2886 2047 2694
122	1053 1470 3152 3442
123	1296 1859 2058 1210
124	2720 688 1577 585
125	1102 996 1195 2804
126	522 2381 2858 204
127	1981 1505 708 1514
128	1574 1096 2606 1286
129	3274 2629 328 3496
130	866 2790 653 1124
131	1 844 3095 1057
132	84 2034 461 710
133	1584 2058 1333 81
134	2076 2281 2933 753
135	887 2491 1286 1476
136	1314 2748 1866 424
137	632 1426 215 2023
138	2121 1447 1944 280
139	2435 2294 1640 3356
140	841 1802 1644 2025
141	1137 1530 1353 783
142	1392 1714 3149 1385
143	3152 3363 749 1227
144	2372 2856 2456 298
145	272 153 1086 1260
146	1999 1339 2183 1923
147	1813 100 1300 490
148	1752 2781 2742 3149
149	41 38 643 476
150	2541 2154 483 3301
151	2068 1237 543 3357
152	1626 1631 2158 1110
153	1345 1472 792 1008
154	350 476 2574 1783
155	1961 800 429 2756
156	971 1328 1174 2587
157	740 818 1457 565
158	61 3014 1861 3321
159	1541 2767 1879 3013
160	2519 2826 368 3398
161	810 3219 2457 1469
162	252 934 1149 898
163	3177 3087 2477 3044
164	1517 1858 2322 1520
165	400 2562 2344 677
166	771 669 2994 1253
167	1008 1576 307 1089
168	625 1777 2419 834
169	1880 1661 239 2361
170	748 884 356 3193
171	2387 1607 478 483
172	2120 3357 1191 1045
173	3437 3016 2923 1440
174	136 1929 2404 2132
175	2511 1863 806 258
176	2971 2315 1762 3324
177	1318 2852 1798 2809
178	1046 1947 1703 1813
179	2329 2810 441 797
180	1704 1651 2302 2582
181	3269 1037 740 1928
182	2468 1211 3373 1082
183	3186 2428 2660 3101
184	2363 1335 1264 1179
185	2837 1846 1721 266
186	395 2122 3201 1452
187	32 2088 1382 2136
188	1747 2191 2584 2736
189	1544 2403 2949 497
190	2682 167 2064 1549
191	2915 2370 1341 72
192	2969 2239 1870 1590
193	2339 1530 2164 714
194	2416 547 1359 1434
195	1828 965 257 3121
196	1275 3108 1996 1827
197	89 3091 2091 787
198	1379 1508 2082 2160
199	888 2198 2171 1557
200	910 3028 2383 2664
201	2767 2795 1940 3397
202	1122 1831 2985 783
203	155 3074 2538 3352
204	233 2770 1645 3371
205	2343 798 1695 120
206	2493 3283 1202 2955
207	329 2120 2004 275
208	2104 2774 1607 1272
209	798 2831 1332 328
210	2878 713 3036 2554
211	1388 1188 1689 1637
212	2494 2111 1646 2734
213	1503 1434 2473 556
214	2256 2358 1029 1241
215	2133 2744 179 2270
216	2115 239 1106 1459
217	3137 3270 3349 2828
218	2063 1294 277 1648
219	1472 2539 2782 687
220	2737 3473 470 1730
221	2650 1358 3340 2355
222	2737 1843 2839 3318
223	3161 2957 1998 2246
224	3262 375 3326 664
225	665 1942 2704 2346
226	3167 2608 3483 3385
227	2074 3183 1020 2528
228	967 711 1026 1898
229	104 3089 1525 2589
230	2689 3227 1839 1331
231	961 219 2466 2994
232	731 2469 3338 993
233	176 1482 2741 304
234	85 1249 1956 1075
235	2541 663 896 3380
236	912 806 747 2724
237	2744 3251 514 661
238	2478 2460 2611 989
239	3130 2024 1067 158
240	2441 3174 441 1817
241	3479 1553 2579 227
242	1853 2344 80 1827
243	880 1216 752 250
244	1048 1752 2402 3034
245	562 3 3071 1978
246	316 2232 1487 418
247	1108 1290 295 595
248	423 2176 3380 3416
249	2086 916 1709 2396
250	1583 2086 2195 870
251	2030 2270 490 493
252	1009 1947 1911 339
253	182 699 1603 527
254	2573 213 593 2375
255	1121 1410 221 2578
256	445 1756 2933 2445
257	3255 619 2804 2784
258	2331 3109 2008 611
259	178 995 2672 1096
260	627 856 387 353
261	1615 31 2605 1608
262	904 485 2826 2092
263	2045 1731 1322 2589
264	3151 1983 1112 1953
265	1636 3034 485 1525
266	166 1420 2820 2697
267	3349 2638 1768 2416
268	349 3181 180 3452
269	1978 403 2933 2469
270	1941 931 9 1492
271	2424 1193 3338 2452
272	1450 303 725 2714
273	3259 1504 3299 1650
274	3182 2677 298 2821
275	546 2415 1805 2150
276	1294 296 654 1318
277	3446 2792 170 2593
278	2809 322 1472 2526
279	3404 895 1893 1063
280	2918 763 2559 2123
281	2128 853 3153 3368
282	701 3029 3049 531
283	2667 2186 1155 2757
284	3176 700 2458 3019
285	2671 1337 321 3399
286	1708 2358 3310 2388
287	2334 332 2146 456
288	1947 3122 1429 2397
289	2163 494 2458 2614
290	3420 2789 1755 1283
291	1467 686 2230 2609
292	1874 2730 1035 1271
293	1930 909 94 2582
294	3311 905 1572 2845
295	3266 3049 2206 3466
296	1409 1603 332 1838
297	2240 1399 2733 2632
298	2249 2182 600 1995
299	2301 1039 2312 602
300	2373 2287 2621 3143
301	1751 3420 1511 2372
302	3233 692 2126 447
303	635 1961 572 1229
304	1564 2037 2479 2410
305	2078 184 1920 1838
306	1599 1913 758 342
307	2907 2331 2284 1983
308	3338 2327 1488 937
309	1254 3109 1111 1941
310	2318 1697 950 1359
311	834 2100 1348 1277
312	3489 3135 437 372
313	2737 33 2149 1707
314	2858 3327 678 1561
315	476 1462 14 2651
316	571 1366 673 515
317	978 3062 977 208
318	3497 1497 3101 3061
319	2960 2033 1472 3474
320	751 3166 2630 223
321	3451 1749 1723 1445
322	2810 2873 929 3496
323	760 60 1625 2666
324	593 1250 948 302
325	2919 2214 1355 314
326	3455 3310 1617 678
327	3475 2186 220 2545
328	3089 2250 969 1211
329	70 1152 1059 2189
330	1748 164 1337 138
331	2964 673 3417 1731
332	615 934 1781 3230
333	2559 87 1105 3485
334	1881 3494 2091 2179
335	2019 3359 1234 1444
336	2856 2068 332 145
337	848 1582 3329 1484
338	2038 355 2686 1923
339	680 1020 2186 2888
340	3136 2529 2039 366
341	2607 3500 731 1057
342	2019 2240 172 1700
343	3144 642 1817 2313
344	1458 1181 3173 1776
345	1835 1271 1075 790
346	2359 2092 714 1022
347	601 2028 686 1681
348	419 3363 2179 1476
349	1216 2027 2751 1409
350	806 724 1250 239
351	1707 2511 2754 1290
352	3062 1765 3484 3482
353	609 2807 3020 3270
354	3408 797 2164 2374
355	1280 3420 2993 1036
356	601 300 2678 2274
357	1933 1424 652 2541
358	1813 456 62 1974
359	2674 3344 1901 2901
360	1795 1464 2384 1517
361	1119 971 1346 106
362	2279 2023 1639 3230
363	170 2589 1507 1111
364	2685 1080 456 2104
365	1614 1296 170 3064
366	260 3083 2480 1959
367	87 2102 1294 3297
368	2710 143 1561 3071
369	871 3171 176 3096
370	1798 1138 1511 3436
371	2704 2030 2863 855
372	2661 2419 2539 314
373	68 2742 1166 840
374	1353 1887 225 1935
375	945 2432 1537 82
376	1253 2275 842 387
377	715 233 2020 2776
378	1546 1081 3126 2711
379	165 2554 3472 2542
380	1007 3122 2709 1062
381	1674 2234 1323 2027
382	186 1742 1762 21
383	1246 2943 2704 2485
384	3486 2720 1614 3193
385	479 1308 2925 825
386	327 3453 2568 684
387	2084 1556 475 19
388	2822 1461 3399 303
389	230 1484 2442 284
390	1958 2766 2113 1522
391	3435 396 3013 1620
392	1320 3138 377 1690
393	3212 1631 1585 3002
394	1328 2671 3226 1419
395	2435 1573 1335 1417
396	1841 3066 576 2220
397	1260 30 57 1369
398	263 1929 1861 115
399	26 572 528 591
400	2494 1298 2147 1855
401	1761 382 3165 2354
402	722 2463 1410 3195
403	360 2888 2320 584
404	2579 3361 334 3065
405	321 145 401 2699
406	359 75 1158 2129
407	49 3125 1189 1575
408	514 2980 1801 1963
409	419 2078 3459 3470
410	425 2771 3277 187
411	2933 649 483 1857
412	328 2647 2053 1235
413	2518 1663 1022 542
414	599 1407 1368 2635
415	162 2984 1424 2196
416	2484 2866 1950 180
417	2099 1470 1950 1556
418	1914 1274 1944 2982
419	728 17 2807 1458
420	3252 2448 406 891
421	1292 2675 1214 3240
422	2566 632 122 1824
423	2370 1348 2163 1318
424	2756 1733 1764 927
425	3478 1173 1564 426
426	2017 2978 504 1885
427	1123 777 558 1163
428	1351 245 3211 3399
429	346 306 23 2975
430	3465 2346 2141 2624
431	801 1312 94 231
432	1089 1313 2291 2866
433	1598 1356 470 864
434	337 1857 2071 490
435	3083 1014 3347 1921
436	1895 2071 2430 817
437	919 288 2432 544
438	3395 614 2781 1791
439	1718 1872 289 2075
440	449 631 2265 382
441	147 2644 1132 1061
442	1366 438 2825 6
443	1767 3270 2661 3400
444	649 582 958 799
445	1027 2832 3142 3306
446	918 772 3210 3246
447	1647 2006 1115 1106
448	3400 856 24 2521
449	717 940 3445 3132
450	2177 3485 30 2459
451	2649 660 1340 1160
452	358 1876 604 3246
453	185 1590 7 454
454	1317 1180 1203 2823
455	2933 2520 2224 478
456	621 266 2980 1020
457	424 3205 403 1323
458	697 479 1048 179
459	439 134 530 2722
460	1246 1295 1992 412
461	857 947 370 1344
462	815 3131 1309 2187
463	1960 417 2392 768
464	2329 2078 908 1192
465	1132 2957 2548 2662
466	1802 1667 100 2326
467	1550 647 1845 1253
468	286 967 668 2247
469	1397 902 1061 2155
470	989 1708 645 1154
471	796 2039 2953 3022
472	2324 1895 2793 1909
473	541 1216 1943 1303
474	1993 3397 1526 2201
475	850 1458 2002 3142
476	973 849 2128 1207
477	3213 277 3292 1609
478	2638 1302 1060 1677
479	2005 729 1067 43
480	2436 2017 2480 3432
481	1872 1167 3431 2813
482	3388 17 288 2594
483	1971 340 2669 2703
484	368 3496 1535 797
485	2420 2511 1205 1009
486	1854 1566 420 751
487	2378 1263 2586 3194
488	1098 1872 897 2841
489	1922 2776 2420 2155
490	2809 2070 1984 2923
491	2407 927 2280 256
492	651 2827 3374 1080
493	2724 1294 1834 852
494	537 1048 3273 1966
495	1337 1811 257 1454
496	324 1302 2582 3322
497	1212 2623 1943 1112
498	3172 3049 91 2405
499	1154 2966 3067 2348
500	1445 636 2289 2412
501	2283 279 1211 2755
502	1621 2747 129 1987
503	1256 1657 3020 1479
504	1306 972 2267 542
505	3007 684 757 404
506	3473 1444 3228 15
507	2653 1705 63 2343
508	2643 80 361 1161
509	1814 2128 2382 952
510	1241 2349 1120 2684
511	1454 1451 2651 3418
512	916 1646 1780 381
513	2933 1829 3213 3248
514	587 2853 2144 3489
515	1271 1688 2814 2652
516	2008 2425 3066 137
517	665 145 77 104
518	613 2893 3277 1683
519	1606 1229 1986 1739
520	1341 570 3003 3264
521	2457 3276 158 618
522	1150 390 726 102
523	580 1192 563 3338
524	3284 1765 2669 505
525	131 2242 280 1687
526	850 1607 1685 1573
527	2327 1452 1498 2307
528	3102 729 3142 2340
529	2468 1256 3120 2936
530	3266 1645 737 2994
531	2677 1557 2152 859
532	1565 490 3309 1422
533	1751 1489 2959 2688
534	3494 3184 759 1030
535	1172 1822 1962 1470
536	719 3212 1056 757
537	3227 1135 512 966
538	2290 2447 1565 3277
539	810 1165 1887 2183
540	187 1748 2012 2146
541	2335 3496 2197 1379
542	992 1723 2891 1095
543	3309 3114 458 2398
544	259 1948 2399 797
545	1912 1248 2131 1152
546	1431 186 2710 1183
547	1532 323 2621 39
548	1378 1637 896 1371
549	1473 379 1978 1400
550	872 3106 725 378
551	3110 3282 2470 432
552	1030 52 822 1602
553	26 1184 2168 641
554	946 2926 280 2494
555	1165 1279 3302 2050
556	420 394 3305 2536
557	2277 1568 375 1917
558	1371 2051 2799 1910
559	1413 86 2829 2186
560	2654 540 3481 250
561	1416 1294 2514 1756
562	2643 1083 223 3012
563	2300 1645 1747 3491
564	2582 2823 2639 2360
565	109 685 3400 97
566	770 3091 3316 1914
567	704 1992 240 3155
568	783 1162 1116 1435
569	2638 2144 85 1163
570	3473 1398 1065 1322
571	2098 458 367 3438
572	1560 2715 606 2852
573	3038 2769 249 650
574	171 3231 2783 738
575	968 93 1658 2580
576	1210 2089 3427 2493
577	1948 2182 2928 975
578	939 2463 396 3080
579	3128 1150 2625 3035
580	1680 2004 670 3041
581	1776 1577 3203 2689
582	1483 1037 777 2697
583	1462 797 754 1318
584	1607 228 1521 1032
585	628 2371 3362 1557
586	1591 1056 2350 1095
587	3008 2649 1947 1652
588	1623 3413 2930 185
589	2856 3220 3442 660
590	2352 2393 1082 3085
591	3152 2042 2219 1968
592	2162 3395 2667 2402
593	1938 2018 889 2269
594	2837 3020 3335 2952
595	3088 1389 3363 3171
596	904 2850 2187 2207
597	782 3390 2000 1092
598	300 198 2947 2585
599	3081 2284 2664 2503
600	1345 3108 2607 779
601	2417 1572 3141 1405
602	2336 1952 3261 2914
603	2926 2459 2600 2649
604	2870 780 1443 597
605	2920 410 2137 909
606	808 3232 1223 1857
607	3394 1998 3364 2660
608	3073 2236 2184 2085
609	1790 129 3105 573
610	1719 939 2019 1365
611	3310 3154 1408 618
612	1960 2847 588 46
613	365 374 3355 2567
614	3106 452 618 2525
615	1794 2957 584 331
616	2008 1275 27 3015
617	1739 3391 879 1273
618	2877 2104 450 43
619	2077 3167 1336 1261
620	2482 983 524 1555
621	2043 2123 2323 1256
622	409 2469 325 2336
623	159 35 759 711
624	1238 983 1548 1411
625	2274 1839 1697 2411
626	2089 693 573 2800
627	1974 1179 2241 3222
628	645 3259 3471 261
629	797 2303 2460 1923
630	3360 945 3276 223
631	1585 2271 2756 1460
632	1113 2129 495 1241
633	965 1367 2503 515
634	1211 2982 3301 2667
635	817 601 253 2296
636	1618 2223 710 3247
637	2704 1251 2413 1359
638	915 1677 2768 2539
639	1099 968 1484 1107
640	2952 610 1325 3417
641	286 3117 282 1385
642	2704 3218 1911 2433
643	690 1705 957 747
644	3338 2481 2013 2567
645	2374 977 198 106
646	443 103 711 692
647	3285 2050 594 972
648	1397 684 128 1721
649	307 780 2937 2946
650	732 1876 1012 535
651	2945 2905 550 513
652	1343 767 7 3258
653	477 469 740 439
654	1762 2485 3250 2452
655	2090 1954 1017 2337
656	2158 2565 2865 3080
657	2998 603 2439 39
658	1584 461 3256 3462
659	1243 2434 3207 3034
660	2364 754 725 3063
661	2267 587 572 2654
662	1387 28 2508 3166
663	1539 3279 2102 624
664	394 1137 2170 439
665	1894 2856 3004 2400
666	1679 2621 553 3468
667	2392 2169 2915 3468
668	2931 1355 3088 2638
669	2320 2793 432 1433
670	726 2661 2208 134
671	2130 1969 3087 2833
672	1976 1027 1956 1480
673	862 2506 1053 1099
674	1891 2302 3032 305
675	3224 1346 1527 2036
676	1242 2263 2580 2482
677	2766 3460 2018 1529
678	2474 1265 1409 2899
679	146 264 3166 3479
680	1903 803 588 2948
681	728 356 2700 652
682	453 2717 2496 2252
683	2278 2936 1780 2742
684	2047 483 3351 2335
685	250 3015 1151 2009
686	464 62 1121 2699
687	1628 1665 1901 1292
688	2093 527 863 3320
689	1010 1882 22 3092
690	1187 1355 1634 1180
691	2520 2898 1532 1234
692	2295 605 2014 1312
693	2877 175 83 3330
694	3213 1943 546 831
695	284 182 1720 2415
696	322 2931 3048 3081
697	1009 2042 2350 1723
698	311 2308 2221 399
699	3356 2595 1463 2037
700	1297 2063 866 502
701	1888 1002 2218 467
702	1924 967 2183 3176
703	1554 593 257 1365
704	1042 2952 235 1337
705	2010 3282 1852 328
706	2568 1638 3073 2551
707	1198 595 3494 421
708	2146 137 3307 2795
709	1316 2560 1485 2374
710	190 1292 3063 135
711	100 1486 2290 998
712	854 2389 2255 1045
713	1837 2010 1132 57
714	1938 50 2498 1283
715	317 629 1677 651
716	2661 2450 187 1185
717	2383 1884 3109 2505
718	2139 1281 1854 236
719	3469 2309 514 3227
720	2847 2420 2394 75
721	1014 1275 3120 1272
722	2171 2624 3495 2958
723	748 2436 2291 2364
724	2083 3194 1337 2796
725	364 558 548 155
726	2796 536 2594 136
727	2174 1203 411 248
728	2098 236 683 1387
729	1292 2405 3480 1073
730	1894 340 2447 3158
731	3483 1759 1417 2328
732	795 857 2045 2882
733	2704 3106 1323 869
734	3384 114 2786 1304
735	3438 2850 3456 3020
736	46 2037 1488 2043
737	1769 1853 1310 2279
738	2054 1663 1573 215
739	3212 1238 2223 2838
740	1800 1684 1705 1554
741	99 475 2008 1175
742	828 1160 2632 1603
743	870 3096 2921 257
744	508 1651 1167 1334
745	1385 2007 1859 591
746	2426 429 1363 2041
747	1863 2448 219 481
748	1713 132 2913 1979
749	817 3358 1627 1374
750	2217 234 2123 2039
751	802 1092 1017 168
752	3089 13 2532 1741
753	2508 2702 2532 711
754	2956 782 2777 3485
755	2679 1832 1223 2543
756	1017 1061 3241 2305
757	507 1091 2696 2658
758	2961 550 1766 2422
759	2049 2207 126 2705
760	2724 756 1877 1011
761	3387 3195 2420 138
762	1172 2912 3428 2480
763	596 2785 301 2791
764	337 1419 2449 559
765	1227 1888 1681 795
766	397 2402 1676 1688
767	840 2969 1385 2073
768	613 1175 2814 1567
769	2214 2351 2110 1926
770	1429 355 21 733
771	2163 132 420 2388
772	1968 3166 2384 275
773	967 2162 2098 2628
774	2605 2514 793 1137
775	1665 1769 1844 234
776	291 1299 2667 531
777	531 2282 2526 2121
778	2725 1082 2290 1189
779	3259 1748 2568 684
780	929 3188 1309 1087
781	898 2176 3029 645
782	2666 570 1473 1824
783	796 2088 2485 1682
784	1088 1335 2181 591
785	762 3201 1045 2645
786	1845 655 678 550
787	3353 1586 593 3150
788	2269 451 1929 558
789	607 3282 3285 1870
790	626 669 204 1374
791	229 3000 820 1707
792	1234 3220 1791 1463
793	3088 1730 650 2379
794	3080 172 1520 3063
795	2057 335 3 2676
796	3395 1146 3339 1972
797	557 2491 1973 816
798	1415 2463 1186 2448
799	1288 3194 1335 1430
800	1840 545 198 1713
801	3435 1422 2354 3185
802	1275 775 1973 1356
803	732 1994 2993 2514
804	2659 2573 3164 1860
805	3040 130 724 3263
806	952 1215 2049 3130
807	659 2766 25 2334
808	3029 590 508 2170
809	1322 2237 158 1117
810	2951 959 944 3062
811	380 2075 3427 2098
812	963 3016 1140 998
813	2856 1328 2317 1102
814	724 2038 2428 2470
815	1085 1034 771 3057
816	950 3224 1183 2191
817	1810 2229 1287 3083
818	3253 1928 2260 3473
819	1084 710 545 3486
820	1620 862 2368 2125
821	974 2591 461 1491
822	45 1068 2175 1945
823	3491 2624 2314 184
824	1431 1424 1549 1029
825	2817 2695 3457 699
826	973 1759 1348 483
827	1246 409 1634 1698
828	3240 2200 1013 3140
829	926 208 986 94
830	2776 1805 1432 1073
831	3267 2078 3057 1802
832	3024 1657 2617 2545
833	1028 1029 916 1079
834	902 1118 2655 1075
835	1865 706 1416 2673
836	1365 171 2188 1526
837	190 1243 2677 1621
838	1751 1886 838 2949
839	2979 1235 977 3058
840	186 2874 1466 521
841	677 1036 22 831
842	1761 1278 3063 87
843	111 1956 2903 613
844	636 1304 3269 1242
845	2793 360 2525 1952
846	2142 1039 99 3437
847	1251 1627 862 2470
848	1347 2375 1929 2331
849	2428 452 594 2984
850	2946 3191 2564 3018
851	1949 2527 968 453
852	705 2591 2899 2845
853	2409 1231 2622 67
854	1533 456 191 777
855	1558 1656 2651 1249
856	620 2286 1352 1697
857	2111 2935 798 1614
858	365 2357 1918 122
859	3052 1640 385 3217
860	3174 1553 925 3084
861	679 280 2968 3052
862	1947 2356 424 2851
863	701 285 615 1374
864	2899 902 653 304
865	1071 245 2803 2417
866	1089 2256 3073 2038
867	2760 2605 81 1504
868	2793 2550 1525 2218
869	3020 1009 2924 1420
870	3065 962 2645 2365
871	691 2005 2117 672
872	2594 2145 944 3017
873	1875 3404 3479 466
874	2585 2575 73 2206
875	335 703 1363 848
876	3167 71 266 3312
877	667 1160 2582 503
878	2909 1669 3297 2191
879	308 320 1237 657
880	1757 2885 2467 2438
881	1621 2050 3362 923
882	1274 2487 718 824
883	3264 2964 3352 2221
884	2737 281 2349 1754
885	192 3459 2272 1158
886	711 129 3112 1620
887	3082 1004 3463 869
888	2843 1885 588 72
889	2109 754 658 430
890	665 3239 225 1089
891	349 1091 1390 3405
892	1768 2037 289 1750
893	757 2696 1991 1546
894	251 18 1175 1281
895	1442 2883 1745 2479
896	2367 595 1599 2836
897	116 1051 19 960
898	3315 1290 3128 475
899	2850 784 665 1
900	598 2168 285 2038
901	1355 3385 2473 728
902	1376 1235 3110 466
903	1778 887 127 1887
904	1188 1081 588 171
905	1534 926 2853 1847
906	2365 1746 689 3297
907	1418 707 1297 1821
908	1408 2221 1017 1585
909	1277 3265 2669 2327
910	2491 2270 3138 2623
911	1188 2620 2731 589
912	1693 2801 113 503
913	1607 3004 1912 3266
914	2404 1358 45 318
915	1576 3353 2146 3404
916	1249 967 136 2501
917	2562 378 2385 2509
918	1732 1009 1258 2759
919	1629 702 1320 1537
920	616 12 1435 2806
921	3033 1712 2910 1909
922	1406 2314 1859 1138
923	2989 53 583 1418
924	2591 2387 2189 1428
925	2185 986 1312 2538
926	2105 2707 1308 504
927	249 642 1718 767
928	239 2526 1569 3007
929	170 133 1416 1597
930	1994 2590 1719 2118
931	1291 1886 482 1190
932	1122 2400 1723 2665
933	221 2067 3226 2140
934	1318 1897 2135 2086
935	3134 966 3311 522
936	1244 1098 1392 2000
937	1101 2336 781 2091
938	1286 3098 3032 97
939	192 2733 2174 121
940	1579 1582 2831 2247
941	1243 2649 2581 3442
942	3065 2972 1155 2476
943	1225 884 3391 141
944	3444 1666 2058 3001
945	1802 404 2847 2843
946	3056 1892 1173 1144
947	640 2225 621 2229
948	324 125 3383 771
949	205 229 758 2729
950	2517 700 1519 1932
951	1160 2212 98 1444
952	2156 716 1978 14
953	1674 3421 1174 2445
954	1481 1673 121 1594
955	279 2842 559 2569
956	2947 1288 1689 1178
957	56 2021 1226 3266
958	255 2905 168 2717
959	775 330 2698 2381
960	2962 1502 3110 1132
961	2679 1678 3060 2516
962	1210 848 354 2626
963	1438 406 1348 2792
964	1626 584 2853 273
965	3334 292 2844 1941
966	910 2594 498 1724
967	2037 901 1953 1682
968	610 2891 307 948
969	832 824 1580 285
970	2010 1394 1734 624
971	1436 1220 2303 80
972	1505 960 2054 210
973	498 1028 81 475
974	1755 2744 2407 1761
975	139 1117 336 2265
976	803 1067 980 1814
977	3303 1735 909 3117
978	2236 271 2145 579
979	1913 1109 2229 209
980	3332 3218 2522 3211
981	2236 2693 2380 952
982	994 1025 2961 1252
983	3021 215 2334 1150
984	2625 2354 3315 1698
985	2876 1345 2176 234
986	1882 1137 628 1772
987	469 1594 1931 502
988	110 1427 3444 1747
989	2010 309 933 1416
990	3008 2704 2430 2602
991	2552 2513 1600 2625
992	2859 3401 1308 2890
993	2513 2174 589 1875
994	3452 2623 3263 3002
995	1339 1980 938 404
996	20 2568 1557 958
997	80 2631 105 286
998	1293 469 3457 2464
999	643 720 1683 426
1000	2941 3486 854 1306
