Students	1000
1	506 217 1606 140
2	893 401 523 1987
3	1449 727 2437 1938
4	2322 2414 838 1385
5	485 1248 659 1021
6	156 952 895 29
7	21 454 1137 360
8	2389 686 450 300
9	873 1168 1809 68
10	2475 1125 2171 678
11	563 2229 858 322
12	1842 1675 2472 2261
13	2051 591 2291 2316
14	449 1527 1900 1713
15	1648 560 1498 654
16	396 825 81 578
17	248 839 2253 410
18	279 545 291 2013
19	225 1416 61 63
20	2402 845 1105 1508
21	1469 1244 1142 256
22	918 1311 2171 695
23	1563 1683 1808 232
24	1654 1493 568 295
25	1996 2244 1946 1421
26	1145 1448 825 2144
27	2111 1850 1279 977
28	851 2140 654 1123
29	181 556 585 2079
30	71 2012 556 627
31	1565 1009 2041 70
32	316 1354 1489 2458
33	2397 799 895 1388
34	2232 185 442 1284
35	1078 1358 2182 935
36	1156 863 1769 2427
37	1642 1085 1284 331
38	1535 867 2382 2443
39	156 35 666 2047
40	1205 1854 1402 1954
41	394 702 2228 173
42	1436 473 2155 2303
43	410 1720 304 6
44	207 2242 1445 1535
45	2466 1164 1938 799
46	1889 1840 334 1172
47	2473 1096 1225 1374
48	1309 1606 2242 642
49	1704 2497 627 1844
50	1693 2291 528 1063
51	491 2346 1836 1475
52	1572 1168 1291 1875
53	1043 2279 1951 138
54	502 25 544 92
55	1751 1016 2405 1523
56	2345 1790 509 109
57	1004 572 801 111
58	411 2110 203 2214
59	2118 1703 2028 1001
60	927 1077 673 2500
61	2380 1996 2278 1942
62	113 519 128 1000
63	1065 617 334 423
64	634 1338 1447 847
65	981 1838 2265 344
66	276 717 1513 1740
67	740 235 955 158
68	1938 740 1018 934
69	405 1203 694 16
70	1924 504 2429 1828
71	1607 1359 1872 1665
72	542 640 18 1585
73	1965 1837 1660 1912
74	181 2368 1923 2464
75	338 1024 890 614
76	1324 202 2496 1815
77	1498 1898 233 96
78	1438 791 1224 364
79	1253 339 134 1959
80	235 22 2368 52
81	916 2033 1376 2095
82	40 1536 2053 1292
83	730 1946 1540 193
84	1865 2117 1854 76
85	494 1797 2057 1263
86	1303 580 120 327
87	2150 2420 1003 1113
88	995 1756 1584 1391
89	1000 2035 728 315
90	722 995 26 1938
91	2018 575 1897 2066
92	2097 2238 138 2419
93	401 1987 1496 805
94	2405 1680 924 1045
95	1098 717 1877 758
96	1359 1842 1446 501
97	516 505 921 1442
98	368 2491 405 1865
99	2454 577 2443 838
100	1444 305 1558 828
101	2092 1391 1008 1278
102	1963 943 2203 1988
103	1462 1711 1401 600
104	2311 312 1967 2039
105	2417 989 74 1918
106	828 1251 1448 2220
107	964 848 1475 1762
108	2046 86 2248 1872
109	217 1790 1320 1014
110	2379 2162 1802 903
111	362 1229 1440 913
112	2301 1322 436 1837
113	675 1440 2033 2463
114	483 580 1956 1985
115	572 1152 1784 1836
116	1021 2313 165 556
117	1587 2150 1989 1823
118	2087 1182 2078 1803
119	2400 42 30 54
120	816 1748 1735 990
121	2242 1162 244 1092
122	2187 297 1441 113
123	1492 492 1450 1545
124	1915 1777 2385 2451
125	2277 1004 135 147
126	2156 471 1572 1560
127	1177 339 1577 736
128	1779 2082 1676 1356
129	862 1446 414 212
130	86 258 2382 1892
131	120 1990 2493 974
132	1600 2311 1035 379
133	2202 646 1102 411
134	2391 1905 1899 1349
135	2328 1806 532 1308
136	494 833 2094 1221
137	1470 1133 728 1535
138	1576 216 800 784
139	192 495 1145 1568
140	1352 940 1627 1876
141	907 1878 2290 1813
142	693 1518 1092 1700
143	1856 1090 2308 794
144	428 1214 1476 2387
145	1444 852 861 71
146	616 2269 1428 1999
147	2343 1700 971 2268
148	874 2413 24 1207
149	840 560 1411 2324
150	1912 2465 2138 2399
151	985 871 179 1447
152	1039 1354 2339 2417
153	2447 2204 1041 935
154	1192 2152 1198 1540
155	828 1491 112 1291
156	1505 401 1808 2163
157	1832 2226 422 1126
158	2464 2444 491 996
159	1311 2311 1922 57
160	425 1781 1638 804
161	1622 616 2410 234
162	2137 603 2317 1979
163	1151 1799 1381 2280
164	2373 1586 283 404
165	559 998 1374 750
166	1933 1832 1768 1166
167	1472 2115 2439 1772
168	1542 1435 435 296
169	873 629 2436 1270
170	2097 1083 1164 1219
171	2354 1691 1479 1107
172	734 1403 1876 1595
173	1215 1562 447 162
174	443 1291 917 2169
175	1610 463 1117 180
176	730 950 1591 2152
177	502 2373 1618 2318
178	854 73 1779 471
179	206 2458 563 2047
180	247 185 179 1574
181	1167 446 1395 46
182	519 73 1580 670
183	1866 1067 174 2395
184	2303 1971 1720 1546
185	931 466 245 2227
186	794 1213 170 221
187	62 443 933 2090
188	951 952 2380 2325
189	318 360 2179 1533
190	2207 1303 1914 1159
191	1152 2093 249 409
192	462 1239 1163 1905
193	1283 1599 1453 91
194	2243 2025 710 417
195	622 1371 1074 2145
196	2164 110 1842 2475
197	449 1338 1009 2129
198	192 465 621 1225
199	2461 1694 1961 2452
200	2261 701 732 1898
201	1043 2056 1832 246
202	1429 1985 855 1145
203	2350 2413 1316 1367
204	2088 2289 575 1099
205	784 2439 572 89
206	1670 852 1923 433
207	963 1930 2224 610
208	395 2399 1467 1349
209	1079 1404 826 1333
210	2324 665 452 20
211	1804 751 2350 877
212	341 590 340 1055
213	1014 255 1681 989
214	1221 2234 755 1557
215	1127 2291 1536 953
216	2053 1888 1166 2317
217	248 1129 188 692
218	1111 2230 1867 68
219	619 2388 357 616
220	2186 983 1163 610
221	554 472 90 246
222	1436 1484 1903 411
223	1631 1596 1004 2424
224	78 1415 1423 1585
225	1356 1944 2233 320
226	2035 14 2201 1829
227	403 2447 2498 581
228	695 2094 974 2116
229	265 1247 243 331
230	542 1417 1852 544
231	1804 2014 366 740
232	202 1642 1449 824
233	207 1032 637 653
234	867 2434 1332 940
235	2290 717 1520 194
236	608 1657 150 1467
237	397 2126 2194 1435
238	783 1596 2088 1522
239	851 1445 736 1046
240	583 630 2394 665
241	1502 470 34 927
242	2257 1495 2039 2448
243	2398 1192 711 2066
244	123 859 2198 2102
245	1002 2284 445 1833
246	1299 2345 102 2082
247	1113 529 845 586
248	2422 1356 947 2439
249	332 583 672 2353
250	2211 129 951 603
251	1952 1858 483 1381
252	1884 333 1829 2300
253	1072 1814 967 1683
254	1764 733 1858 1877
255	1604 522 514 130
256	376 1503 952 1341
257	518 1987 1850 367
258	1942 2129 1588 373
259	806 968 304 2177
260	1903 1556 1673 2011
261	142 2324 135 1541
262	516 2259 1952 577
263	593 787 115 411
264	1554 1773 1790 2247
265	1042 50 421 2205
266	1849 912 717 1944
267	632 1068 2243 1755
268	172 2399 1393 484
269	1117 589 1850 1809
270	945 2014 241 578
271	956 2158 2264 2321
272	1814 1483 2276 1957
273	1833 551 585 1045
274	1878 874 1797 1947
275	1511 2007 2383 1975
276	1721 568 434 931
277	569 1515 1566 1883
278	2386 1543 1167 2059
279	2070 2425 2011 2121
280	627 175 1329 1596
281	139 255 1230 478
282	2002 87 1756 162
283	687 1705 1336 1190
284	1851 1210 670 987
285	254 1650 1013 255
286	1755 181 2040 1644
287	1987 180 1749 406
288	764 1513 1657 443
289	1250 1182 2079 542
290	1580 576 2342 449
291	2224 904 130 554
292	1826 2403 190 206
293	1104 2014 2325 1803
294	2195 2091 1523 922
295	1142 793 2131 1080
296	1536 697 211 2412
297	2316 2301 2375 1591
298	1352 2438 2305 2164
299	1327 665 196 981
300	1236 2309 1979 849
301	930 1476 351 1036
302	2470 274 2079 1062
303	1341 749 203 1595
304	1856 1655 1651 1458
305	510 2408 878 2223
306	1796 550 1664 799
307	2064 1366 1224 1973
308	809 1722 1242 719
309	2107 1939 1889 30
310	862 1288 114 2291
311	1291 1605 1036 697
312	1859 266 1088 2146
313	1785 432 899 38
314	1624 114 1797 1595
315	2257 1934 628 1093
316	1915 768 118 1777
317	472 1589 593 2317
318	2318 1929 83 1968
319	2401 2324 1589 2429
320	1846 2347 2336 1638
321	1482 1930 1638 1469
322	149 2287 121 2396
323	1768 581 872 318
324	1501 1004 1038 810
325	1698 2438 1303 1467
326	106 1626 1295 14
327	1127 1213 563 149
328	2283 173 439 1842
329	529 505 2072 1929
330	2280 1154 587 1974
331	453 774 910 530
332	1221 1667 2475 876
333	1381 937 52 616
334	710 1801 1178 449
335	1593 1250 485 1806
336	1120 1274 2207 481
337	986 413 1141 37
338	2395 783 1273 78
339	2021 1210 481 389
340	2005 1327 839 2308
341	106 387 990 1701
342	742 938 1243 276
343	2248 10 780 221
344	2171 752 1028 2328
345	2187 1597 479 2161
346	843 1126 291 475
347	49 1026 1024 840
348	316 1184 2260 1993
349	2232 1408 1491 627
350	2095 1618 2012 1973
351	309 473 588 2136
352	812 877 2192 1852
353	1229 904 951 1039
354	1815 1498 1287 703
355	2413 1510 1945 2347
356	1274 518 2200 2141
357	1716 1676 2146 1602
358	763 642 839 230
359	1452 50 2269 740
360	1705 2483 1039 1553
361	735 1732 2216 1352
362	399 2260 2318 364
363	548 1003 233 2409
364	818 2364 198 1718
365	1460 2114 675 1445
366	1850 12 940 2462
367	1378 1351 1124 550
368	1476 293 1117 874
369	1374 687 2057 1724
370	429 1470 360 1025
371	1077 56 1966 1755
372	1472 1483 2412 294
373	354 947 809 1570
374	329 504 910 1241
375	1716 730 320 1373
376	534 2497 1960 2207
377	749 2304 1080 934
378	2030 1670 796 2041
379	2268 2412 833 1597
380	2235 2349 1878 809
381	384 1685 1291 353
382	1012 754 859 160
383	1248 241 1671 1830
384	24 1851 396 1733
385	381 1918 1367 1108
386	2325 1423 2204 2134
387	2216 550 1562 1560
388	2246 225 226 957
389	302 431 1171 2261
390	1169 1097 1630 1777
391	2469 490 1283 1552
392	1613 1156 1191 2271
393	1251 2491 1787 2001
394	289 2244 418 1322
395	866 446 1550 2328
396	242 1054 468 534
397	691 1271 1916 1275
398	588 968 157 5
399	1360 618 2406 2010
400	1986 439 1945 1083
401	866 189 2303 888
402	2011 327 2416 2044
403	1935 1266 2313 1226
404	1907 2490 1816 1275
405	831 1099 1712 1306
406	2353 1515 2189 1532
407	1772 1760 795 917
408	872 898 648 787
409	239 3 1091 78
410	2296 1597 681 2441
411	82 1663 1579 1995
412	1379 2328 297 395
413	1120 107 723 2374
414	577 2159 1101 26
415	691 249 1339 1435
416	1337 1876 2164 2106
417	2066 173 739 806
418	1346 1787 548 2066
419	1441 2251 2 655
420	573 1410 1616 2306
421	1701 1039 1275 1355
422	2365 1571 1879 606
423	1801 2187 2453 1114
424	2086 2373 2221 1324
425	1666 2262 2253 293
426	2200 470 644 650
427	2329 2023 1647 642
428	1396 1066 2402 272
429	594 74 512 672
430	2362 1855 2223 262
431	439 144 1178 1195
432	1369 1229 2460 2058
433	1440 695 1939 1804
434	1660 425 508 6
435	1618 2362 1699 118
436	1245 1079 1173 131
437	316 1161 1719 535
438	1577 914 2490 22
439	901 1075 1793 459
440	1712 986 1594 1590
441	769 1004 1250 2037
442	481 579 834 1352
443	2402 642 2333 1331
444	1838 444 734 874
445	1410 94 2346 2056
446	1014 1654 747 599
447	787 1561 1420 69
448	1282 843 968 923
449	2358 571 2334 177
450	623 594 559 93
451	1690 1649 94 1010
452	1801 1151 1681 1825
453	1535 1370 1837 1755
454	845 1505 1072 1415
455	1192 578 2159 1400
456	231 1749 235 66
457	17 2003 129 1814
458	1541 1854 1841 702
459	126 2228 2064 517
460	702 2298 2022 2160
461	1258 372 1067 2326
462	1954 1615 702 2320
463	2073 2425 436 1238
464	2020 125 2434 2041
465	2119 7 769 2408
466	1043 170 950 595
467	2065 315 2456 1410
468	1725 1242 1771 2218
469	1763 258 1275 1612
470	188 893 1230 2431
471	1104 2165 2416 503
472	1507 1759 2161 1833
473	123 1096 111 2089
474	1996 1472 1317 1752
475	2267 2099 907 143
476	1738 540 1263 385
477	732 2288 1252 1047
478	2054 1156 68 2350
479	2265 2325 1727 255
480	1053 2109 588 1504
481	883 2360 1144 548
482	1090 1726 2492 1332
483	452 1077 1202 677
484	2497 1929 1940 1773
485	155 857 1536 2304
486	639 2131 959 987
487	426 2113 758 1215
488	898 1774 1080 255
489	1516 566 1527 766
490	951 2332 1256 26
491	2460 230 1697 1240
492	1756 1102 855 2460
493	2309 1967 1845 919
494	464 56 2256 761
495	651 379 1760 572
496	52 883 1651 658
497	558 320 2493 330
498	1825 2244 1147 1919
499	1779 1100 1172 1480
500	507 2026 151 535
501	165 1403 531 612
502	59 1142 1754 2422
503	1008 1106 1518 2305
504	1456 1148 523 2329
505	1680 64 395 1587
506	1592 579 1640 2076
507	184 992 1380 1279
508	117 2039 256 207
509	966 1353 2265 2083
510	987 1130 1782 733
511	98 142 840 2293
512	158 1836 1026 1773
513	1194 2136 2117 1884
514	362 946 735 639
515	1230 2060 33 2457
516	609 1506 555 205
517	1730 1724 243 16
518	2072 2209 850 2278
519	582 1953 101 1933
520	758 904 2096 2168
521	613 654 617 149
522	902 1253 2208 2161
523	369 1034 477 2137
524	1334 1751 1272 251
525	426 2410 1633 2043
526	85 1033 567 1640
527	2437 134 2110 1553
528	371 49 618 1828
529	509 977 1849 1059
530	1143 254 1263 1434
531	413 827 1807 1500
532	288 36 337 1833
533	1574 254 23 929
534	632 1592 1590 2195
535	2205 425 1040 2335
536	856 2429 1862 101
537	1916 1981 1806 545
538	13 2057 2350 2062
539	1121 278 672 1197
540	815 333 1463 2028
541	21 1953 1132 1212
542	500 1689 2367 272
543	1969 2495 1170 519
544	1565 1794 1772 1937
545	1537 2415 2443 1384
546	353 2378 385 1527
547	1643 779 1022 2161
548	1961 1134 2195 1647
549	1638 1673 508 1561
550	207 1766 1905 1441
551	1829 1727 1688 139
552	1359 1790 2342 2405
553	2000 71 232 133
554	166 258 1630 1505
555	2073 1041 534 566
556	1216 1552 686 1418
557	2190 2096 1988 1593
558	505 2342 322 162
559	2099 2267 1323 518
560	1136 1671 1343 2379
561	905 32 1083 1646
562	942 1521 485 2165
563	366 1237 2492 690
564	899 1966 2433 2496
565	635 173 660 1905
566	1593 1290 936 1560
567	1502 86 1520 2308
568	636 2181 146 1659
569	2429 745 402 2431
570	1813 205 929 1725
571	864 287 1849 1924
572	1933 449 748 8
573	591 1327 1572 1070
574	1280 2237 132 1559
575	95 2296 1949 789
576	758 358 887 775
577	227 1655 2021 1596
578	790 1717 1382 2490
579	689 25 1722 1189
580	1271 1250 2185 925
581	1230 843 443 846
582	856 296 1268 1650
583	684 1475 2068 203
584	144 1989 1730 221
585	376 1172 2256 632
586	1832 1479 1713 2145
587	239 2498 1591 1994
588	1704 1557 698 2475
589	1347 1216 134 842
590	2415 1422 1359 2011
591	2471 1262 1 360
592	2283 498 1477 872
593	631 1209 340 781
594	1486 288 1166 1533
595	1552 1656 928 1400
596	321 301 1765 2372
597	348 1687 1610 1405
598	1388 1604 1796 1763
599	694 1948 2484 1770
600	1881 988 2271 1832
601	2212 2034 1491 1749
602	1371 165 934 183
603	777 672 2013 1136
604	1852 259 234 2098
605	2416 1234 660 964
606	530 2175 1853 80
607	995 2336 2123 551
608	1751 704 1645 1964
609	408 1206 1342 497
610	231 1928 153 832
611	1012 1147 699 1610
612	663 2187 639 1992
613	100 1259 1621 1591
614	1603 2464 1215 1931
615	2281 1610 720 1861
616	1467 2160 172 1349
617	216 322 515 1382
618	1821 746 1543 1685
619	1745 451 1357 74
620	138 2257 1238 1894
621	1077 1713 1848 1524
622	1030 1059 304 2180
623	1821 2458 2403 604
624	1536 187 951 1431
625	785 848 557 1372
626	2376 917 468 180
627	1162 950 2267 1688
628	703 1522 521 1102
629	1840 1932 692 897
630	741 1922 2127 1816
631	1321 1712 339 668
632	1842 1638 2197 92
633	2411 259 17 1613
634	1406 1129 1141 1984
635	70 2364 198 2236
636	248 1178 2439 1376
637	2055 2413 1722 1945
638	480 1601 1916 42
639	250 2242 739 1430
640	606 1518 1672 408
641	2325 2264 1884 1571
642	2074 1449 1252 1493
643	1168 1014 418 1240
644	687 2373 1602 1757
645	846 1285 1958 2407
646	314 1309 790 988
647	137 2364 448 292
648	104 1774 1717 1832
649	531 2343 1170 2022
650	2404 788 1244 76
651	2446 2203 909 1727
652	1907 1794 2200 1439
653	1256 1733 1853 905
654	2103 91 2212 1298
655	1113 1505 1837 2491
656	421 1505 1121 72
657	1948 2365 1351 624
658	1066 1098 1998 805
659	933 1975 2011 396
660	1873 1804 1893 1946
661	1624 1616 2270 531
662	1165 358 2473 2324
663	1942 880 1261 1932
664	2454 2333 96 1886
665	1097 519 954 1330
666	1493 2040 2181 935
667	560 2022 253 1929
668	1608 1372 1923 2370
669	143 1532 2223 1892
670	1908 2015 1458 702
671	2277 425 2335 1801
672	1445 199 2088 1066
673	585 326 1502 1386
674	582 2395 1502 884
675	389 1462 137 1217
676	1329 1534 2197 1413
677	1339 82 1110 1874
678	1156 1447 2449 1035
679	915 745 275 1198
680	2278 2313 1191 1852
681	2139 2471 606 2169
682	717 1938 1116 940
683	1943 1760 94 2217
684	1473 1655 90 2484
685	723 81 1704 1869
686	440 1606 2211 1959
687	1279 1317 1047 1551
688	288 529 1405 1031
689	1446 700 1412 113
690	1378 47 2451 1982
691	1909 1035 1395 2229
692	2357 226 1714 609
693	1369 1964 140 1714
694	983 1958 108 1814
695	393 1206 1587 1553
696	1350 2386 1486 2460
697	526 549 2195 1473
698	1581 2295 686 1432
699	1446 1490 1241 307
700	1242 1455 1920 2386
701	1166 643 1661 585
702	153 2022 4 196
703	87 1039 2334 1868
704	2471 1057 1644 280
705	1424 2141 2318 2173
706	1890 1262 1631 704
707	850 1246 1295 1082
708	534 1399 1758 262
709	1987 2056 862 1121
710	611 2275 1197 1618
711	1693 2489 825 877
712	1662 472 841 2054
713	2430 807 822 1498
714	2272 331 779 401
715	844 1792 410 228
716	878 2384 2160 2352
717	2047 670 186 490
718	915 1150 2138 48
719	478 1522 105 185
720	820 1855 927 588
721	616 1773 1390 870
722	2017 1714 753 1999
723	1713 2328 285 333
724	393 1968 105 1575
725	164 1676 421 2189
726	1339 1896 680 561
727	1058 1646 706 1159
728	378 427 1376 691
729	1910 179 2444 1464
730	503 2447 923 2285
731	1564 2249 320 918
732	1304 198 988 342
733	716 1633 1953 2289
734	1131 534 2114 1868
735	53 927 2433 1246
736	1978 1020 869 2105
737	2474 163 1111 1906
738	27 2127 419 1781
739	2436 500 405 1357
740	214 1403 972 2050
741	501 1311 517 1402
742	989 1173 1232 948
743	2227 1515 2222 1309
744	408 1366 1972 2376
745	128 1771 2323 2321
746	1979 1116 811 912
747	533 577 402 446
748	764 1779 555 635
749	1289 1975 1199 1113
750	1990 2428 2181 1070
751	1365 421 1805 238
752	1052 1796 152 902
753	2076 1936 1791 956
754	88 482 2197 176
755	1806 2408 63 1376
756	2448 1518 609 1932
757	1784 1376 1949 1116
758	2217 1183 2346 1919
759	2133 317 1448 597
760	1617 106 903 412
761	179 784 1604 2147
762	1997 2411 1442 548
763	1659 2368 642 853
764	1806 228 2142 588
765	266 682 330 823
766	2349 2474 1516 593
767	1679 1583 993 1535
768	1871 338 1206 2133
769	26 2005 2208 1876
770	427 2355 1334 388
771	3 183 1941 1122
772	2268 1887 1025 1287
773	1661 1107 2286 1676
774	1451 1710 81 2228
775	2219 1872 1976 225
776	151 1732 1589 880
777	58 1056 2011 2161
778	160 1650 1892 85
779	433 1464 1049 1133
780	1390 597 1447 524
781	274 1490 1651 1431
782	1725 507 21 1482
783	856 1934 2049 583
784	386 1588 34 1332
785	1983 2428 864 537
786	2110 1873 86 699
787	2258 2129 1521 620
788	1734 875 1835 196
789	1954 571 1661 1648
790	956 2369 2417 1145
791	390 1444 475 508
792	891 795 1477 1743
793	1246 2237 1172 871
794	722 2167 1711 346
795	1651 958 1741 819
796	1630 1234 1997 1740
797	1932 209 2224 2149
798	1425 1980 253 1611
799	2361 1095 930 1399
800	1179 783 1652 1325
801	1299 2392 377 1773
802	948 801 1675 2081
803	649 1534 1235 594
804	2097 2306 236 2081
805	2081 808 1685 1184
806	1518 1841 249 2480
807	1079 2202 375 1195
808	533 629 1540 75
809	416 80 1072 1336
810	1060 2208 1439 2017
811	273 2317 1161 1710
812	1145 759 1681 141
813	1349 177 1847 64
814	1295 20 2473 15
815	2394 61 240 2196
816	2107 590 1153 2273
817	2305 1324 2491 1969
818	32 750 2373 1448
819	1510 1105 248 2004
820	1720 248 1599 149
821	617 2097 2493 1007
822	762 244 1497 1733
823	946 2319 1174 2405
824	1287 794 1416 2417
825	1776 2364 2124 1565
826	766 2458 1258 1705
827	396 129 2420 216
828	2049 666 2413 506
829	736 833 1661 1940
830	2097 605 322 1854
831	2154 1109 107 1643
832	2070 1355 402 2338
833	1702 116 1214 2261
834	386 1011 1710 520
835	975 529 2359 1204
836	2121 1928 701 1965
837	2474 340 416 2025
838	2087 2117 849 1373
839	195 185 876 1197
840	213 146 153 750
841	28 439 372 532
842	1368 1682 253 1119
843	2356 2476 260 329
844	61 1049 414 1364
845	2153 1921 881 1638
846	1009 869 2124 1504
847	715 827 2173 734
848	1898 1992 353 1476
849	586 491 1579 2371
850	2251 2018 803 322
851	1141 2160 2026 723
852	2152 1266 1063 2156
853	1701 1579 1267 566
854	1729 42 121 1737
855	2025 250 1545 1253
856	1667 530 93 1608
857	1451 1396 311 2318
858	1672 500 1313 1878
859	456 1936 1147 2219
860	239 1946 2128 513
861	1875 818 1651 667
862	247 526 310 1270
863	1039 1271 1721 296
864	870 1483 1488 852
865	2101 2484 1535 60
866	1991 1928 1320 1301
867	1855 2330 1023 677
868	290 539 2433 724
869	2420 2137 1765 1740
870	1450 1383 1750 55
871	195 1994 494 700
872	386 1100 1377 798
873	619 861 843 883
874	1233 785 1653 944
875	1319 2203 1481 1457
876	837 321 753 1152
877	384 482 2027 1860
878	1321 1427 1474 720
879	1610 1742 422 1614
880	1356 1014 2387 381
881	2207 44 1953 1206
882	2124 1332 54 1571
883	633 782 716 801
884	66 173 1377 2001
885	378 1879 1579 926
886	1852 648 403 103
887	2226 2015 2092 546
888	187 763 2072 1262
889	233 1419 1845 455
890	1947 681 1450 1675
891	363 338 1442 1357
892	296 161 904 1139
893	488 532 2079 1171
894	2408 239 2043 1656
895	1188 1191 2200 184
896	1577 1729 1418 1898
897	1086 2276 2268 518
898	1981 1092 1637 784
899	698 737 2464 608
900	1105 1648 4 1721
901	129 603 991 884
902	1310 2484 217 2475
903	715 1749 196 1243
904	798 1245 1427 1547
905	1581 1658 1376 1550
906	273 255 623 514
907	1404 2141 1953 950
908	2346 701 1399 380
909	1061 1449 627 100
910	1351 1744 2081 1194
911	1697 1249 2236 90
912	1506 612 1556 445
913	158 292 1741 356
914	1486 796 1872 2121
915	2140 2075 1150 173
916	805 1039 317 2214
917	337 52 1695 1993
918	541 293 167 492
919	287 815 1213 2384
920	312 788 1250 2420
921	630 835 995 116
922	77 265 1221 1789
923	1884 649 2270 1083
924	1750 274 1167 1336
925	1416 1900 94 1242
926	1787 270 2218 483
927	1729 2385 1586 1508
928	1875 1991 820 1190
929	2235 2197 1343 196
930	562 347 1687 2418
931	1215 148 1833 1541
932	1630 683 1682 731
933	2208 1557 714 608
934	290 469 49 1716
935	163 973 286 511
936	761 968 417 1587
937	2232 1679 1713 2299
938	1099 1558 448 651
939	1220 263 698 1135
940	656 788 787 162
941	1291 1693 1987 1965
942	2395 1744 1196 1544
943	681 2428 1333 1320
944	2176 848 1968 2296
945	1196 1270 1703 1664
946	2168 1721 403 249
947	214 2023 762 1534
948	1459 1430 894 1045
949	1798 2440 555 2141
950	2265 2096 113 2354
951	729 595 56 1828
952	1638 2497 1553 2465
953	1307 570 2337 548
954	95 1805 1626 2286
955	1492 930 1363 585
956	323 2145 963 1472
957	352 502 1201 1774
958	1372 1550 2227 1011
959	240 1432 1928 1650
960	2207 1081 1448 1382
961	1828 1580 1942 437
962	1540 29 573 685
963	2 2089 549 9
964	705 1076 2264 928
965	1692 1308 234 2457
966	788 719 1321 486
967	540 801 2410 168
968	1499 1509 598 1589
969	267 332 1078 324
970	91 1859 302 1011
971	1330 1515 881 42
972	1361 1225 682 34
973	1320 1759 1880 1442
974	1937 906 1808 1122
975	1212 1260 507 1231
976	1242 1083 423 1120
977	1823 954 2206 1996
978	61 415 182 1746
979	396 1282 1059 2255
980	755 671 543 17
981	914 85 364 1943
982	609 368 1051 1742
983	1165 598 611 1865
984	1790 799 1883 139
985	2215 2318 123 2357
986	296 142 633 1606
987	1750 945 1247 248
988	2128 1512 2110 1708
989	1783 1155 1473 1963
990	233 1410 2195 1371
991	956 187 1633 1509
992	557 985 1228 1377
993	2083 1083 2471 330
994	2228 1393 1866 2221
995	1743 1890 1307 1481
996	601 1273 895 1485
997	526 1292 2337 832
998	5 1520 1620 1935
999	129 1900 2154 511
1000	610 47 678 629
Students	1000
1	928 127 2167 419
2	152 426 991 360
3	2417 959 1211 398
4	1752 1202 799 2005
5	1943 1275 1190 597
6	422 443 2418 946
7	1237 742 1389 1151
8	1923 929 2205 1155
9	1155 1428 1751 752
10	1870 791 562 1699
11	674 1444 1711 215
12	1744 23 1929 1357
13	1567 1310 516 296
14	996 1688 1937 1142
15	2058 1916 985 27
16	716 1052 581 1654
17	1699 213 287 1857
18	208 1801 385 1110
19	525 1495 603 816
20	1781 1097 47 1077
21	899 162 1807 1978
22	1346 1899 1789 390
23	211 1881 240 986
24	301 1867 2315 957
25	1809 1369 2102 1447
26	358 625 190 2108
27	235 1810 2045 563
28	2268 1321 1752 436
29	2437 1537 2187 413
30	1971 685 788 2039
31	1743 1149 1471 1906
32	921 1681 1604 1395
33	883 2170 78 1510
34	1309 1949 927 615
35	1860 1632 985 2475
36	1521 1874 1141 2143
37	1393 709 675 2395
38	61 1011 785 2042
39	1055 2111 1057 125
40	2201 520 495 2343
41	1067 397 2231 2178
42	390 2427 1146 2052
43	1035 1810 932 1967
44	1910 1254 848 2261
45	2126 435 2216 1887
46	448 2468 1204 1464
47	920 679 2323 992
48	2103 263 761 76
49	325 2106 1022 2209
50	937 1822 23 818
51	46 1599 2276 281
52	1948 1565 65 1573
53	667 2149 93 2397
54	315 1849 870 2004
55	1426 2291 2109 223
56	2460 1156 857 2212
57	2240 321 1665 2328
58	1856 2081 786 915
59	446 418 2415 2328
60	577 1814 756 2154
61	2106 1197 447 353
62	1411 2293 855 778
63	1579 994 2275 1301
64	2331 939 1723 476
65	1293 867 683 182
66	312 613 797 1459
67	1458 831 1442 210
68	2400 1948 849 404
69	1579 2348 176 694
70	1034 2242 2096 630
71	2322 386 2376 1677
72	424 368 166 556
73	2369 1622 957 653
74	1306 1490 2026 848
75	431 1502 2136 1162
76	118 1404 632 275
77	105 1847 1945 972
78	519 464 1549 2202
79	2225 144 2279 1522
80	346 1351 1090 278
81	747 1429 2014 283
82	391 851 686 804
83	1568 1371 507 1172
84	402 903 1118 465
85	1534 2238 71 166
86	2482 891 605 1531
87	2086 1906 959 1274
88	2428 1464 2302 2367
89	1307 2406 1816 2066
90	762 234 2255 1572
91	1715 1294 656 524
92	1973 1254 614 1810
93	1842 1236 1024 1003
94	581 1017 2044 1902
95	2199 743 226 1733
96	859 1097 665 539
97	734 1924 1288 1842
98	993 1611 661 2006
99	1922 1912 183 8
100	2120 398 766 1131
101	2035 865 2297 1997
102	534 120 1757 1228
103	1040 978 2131 465
104	2411 1973 835 169
105	1430 488 344 59
106	2152 346 362 797
107	1065 1488 2407 1565
108	427 2468 804 288
109	899 649 896 493
110	1145 1033 1492 1190
111	1618 102 1307 736
112	469 798 338 2290
113	917 1779 1655 144
114	549 2358 73 95
115	239 2459 1638 2101
116	935 89 1259 1692
117	1363 1066 202 432
118	1589 1747 1384 1906
119	1739 2034 994 1766
120	644 1786 2233 2174
121	468 1102 910 2237
122	2376 1714 1902 271
123	1709 467 261 1716
124	1508 1189 884 1515
125	1707 1050 1447 1107
126	1214 566 1000 852
127	1944 978 1488 1516
128	1707 1807 1613 1245
129	1712 992 2325 1031
130	1472 2414 2125 2079
131	1139 2107 1375 126
132	1646 1553 552 1861
133	379 770 1060 660
134	594 1081 166 2315
135	2353 2128 2278 781
136	588 1919 2194 1065
137	2471 231 642 1482
138	1485 613 2375 2451
139	1869 145 731 2487
140	2494 1892 350 639
141	663 941 137 563
142	93 708 820 1103
143	2182 460 1615 2331
144	210 1523 1744 656
145	571 21 874 1125
146	1156 1041 2468 188
147	2487 2459 1744 913
148	298 646 1148 394
149	1452 2424 2276 2327
150	2199 1542 1134 1780
151	673 1381 2255 1350
152	1381 1397 98 902
153	1887 1065 2047 249
154	1498 1351 1139 299
155	1427 947 2291 401
156	2058 1307 1875 2338
157	372 2353 1030 212
158	1351 2270 668 2165
159	694 1966 2143 922
160	17 1852 1010 2275
161	1367 308 1179 1188
162	1103 664 921 725
163	2376 1659 2081 442
164	2131 481 1262 1842
165	512 548 732 1162
166	40 2407 295 2346
167	1246 1545 1276 1322
168	939 2270 1592 2152
169	777 1084 1260 472
170	837 1053 936 210
171	1709 2400 1824 1048
172	1028 458 295 1631
173	2010 2460 1939 730
174	2415 90 658 471
175	146 380 992 1849
176	1983 770 599 450
177	1929 422 1972 90
178	1669 710 1320 1060
179	1721 1552 462 1959
180	159 35 1630 1429
181	2232 2403 244 1240
182	1643 2186 390 1542
183	624 196 1947 1459
184	2194 247 1791 2350
185	1643 2263 1906 1611
186	1884 61 560 553
187	900 1863 1698 1266
188	1278 2334 2223 318
189	818 815 2206 937
190	2290 470 374 492
191	577 299 2022 1952
192	332 2035 1137 1846
193	2176 330 1021 1919
194	2435 2067 1984 2232
195	2487 469 1092 2218
196	1871 882 425 547
197	824 1802 2154 365
198	1450 113 266 770
199	753 550 411 2453
200	2454 959 1611 2377
201	893 1910 2100 1811
202	1672 462 635 847
203	81 1371 2458 1945
204	243 181 1283 1544
205	2216 2219 1102 2246
206	2396 1735 1053 2194
207	589 2419 1640 1440
208	2322 500 1820 787
209	401 1293 2443 1202
210	712 2183 1817 2188
211	1537 1642 2315 854
212	1555 2044 1312 388
213	1475 1030 1543 1077
214	1979 773 2379 1826
215	474 1906 770 80
216	878 1847 2225 868
217	425 1619 2066 2195
218	692 240 24 1557
219	2394 107 1154 1458
220	1054 1421 1474 2483
221	1044 204 1853 1233
222	543 414 904 1613
223	1670 535 1028 600
224	1043 571 193 227
225	157 1384 2131 1261
226	658 776 2027 2142
227	110 2234 250 368
228	754 479 2121 1189
229	2394 895 1569 2286
230	600 1842 927 1540
231	157 713 124 971
232	1591 2176 143 1743
233	2332 1854 2380 1778
234	2334 559 364 2018
235	325 5 288 2217
236	809 2195 1154 156
237	1426 1150 1287 331
238	513 550 1048 2060
239	637 1672 1497 2132
240	1338 280 32 843
241	287 1634 1310 688
242	531 1175 971 1059
243	1420 503 547 1750
244	1840 2181 1643 2112
245	2494 1408 928 1529
246	1940 2465 594 2037
247	1958 2261 1741 1514
248	2414 1168 417 2366
249	1743 2154 340 505
250	441 1156 1225 1479
251	1119 1969 2384 350
252	1956 32 157 363
253	2264 1525 119 1653
254	2287 1138 2080 951
255	203 1838 467 1615
256	1346 979 2371 754
257	568 301 725 447
258	561 2289 2127 769
259	1378 1086 779 721
260	2217 1412 2060 1739
261	2194 584 1948 357
262	918 2250 936 1634
263	696 499 1344 2374
264	1722 1765 472 2323
265	275 1970 1963 417
266	4 1379 893 779
267	318 223 187 1010
268	1809 2144 22 2252
269	852 744 1341 1438
270	382 1680 1264 2259
271	173 2407 570 1091
272	2173 174 2141 867
273	484 267 445 1603
274	1447 1190 191 1693
275	2446 912 946 2097
276	1647 560 1989 1705
277	2348 1364 1797 337
278	1392 888 1375 1355
279	366 973 1529 1146
280	928 20 2062 334
281	126 2121 2101 2439
282	963 1833 279 2143
283	923 2284 2487 1804
284	190 1841 2364 1005
285	2115 2163 1756 118
286	320 868 341 2091
287	1761 2120 1878 774
288	691 2468 439 844
289	1119 2058 292 1172
290	983 1337 296 1714
291	612 735 2112 2287
292	199 620 160 939
293	1296 1669 1823 2192
294	444 902 1833 2070
295	1264 1901 1810 626
296	91 106 1348 1778
297	1276 1875 189 1297
298	151 1662 2451 2102
299	682 2058 566 1846
300	188 578 354 1147
301	979 2190 1624 520
302	717 897 1476 2397
303	36 2213 2259 1391
304	453 1137 2419 700
305	185 2484 903 1099
306	1306 1408 361 653
307	487 2296 670 2408
308	1831 2297 2214 551
309	44 79 19 556
310	783 1018 1483 2262
311	246 856 1779 209
312	1645 2453 2109 1857
313	1827 1656 1610 1057
314	1352 1450 295 47
315	2 1068 269 1439
316	2054 618 832 491
317	357 24 2443 1680
318	1008 2399 1317 293
319	1988 2179 857 2139
320	741 332 814 516
321	165 1419 411 360
322	1767 2273 1560 382
323	1034 1109 721 2026
324	1088 241 626 1820
325	568 2128 1610 1857
326	1275 161 623 1419
327	1612 2088 2404 419
328	2262 13 2067 1872
329	1462 1379 2196 1285
330	987 1746 2298 2392
331	487 295 2205 2382
332	210 835 2047 2195
333	2268 518 343 794
334	2280 2497 689 516
335	225 1136 2190 1777
336	1237 400 75 790
337	2085 1684 1749 187
338	2435 2079 1921 560
339	1913 2370 2085 1028
340	431 398 257 2331
341	2241 2237 266 326
342	597 2075 683 1550
343	1107 1966 441 549
344	334 143 2345 1131
345	527 1906 843 1345
346	1925 2224 1457 2379
347	1601 160 69 1397
348	890 621 2014 2454
349	2077 172 118 788
350	1246 995 2409 1005
351	2290 2343 887 331
352	2318 1339 1143 900
353	2415 2077 586 2425
354	713 1967 543 2493
355	463 2495 1440 2110
356	685 496 2025 216
357	1385 1260 2440 2130
358	1521 574 2350 1823
359	556 41 977 1944
360	1578 2121 48 1983
361	2243 2131 257 305
362	418 1453 2312 497
363	455 1113 2085 1684
364	407 1938 6 1308
365	859 1239 2373 1010
366	2334 2184 2223 1604
367	604 820 2036 1435
368	976 1865 1839 705
369	585 1012 1383 1005
370	1093 2412 2444 1116
371	1795 1277 1581 1399
372	2119 1148 2209 1536
373	1452 2163 2334 130
374	811 411 1820 1337
375	621 744 597 1891
376	272 281 1469 475
377	537 1682 822 2484
378	1166 2307 1104 531
379	2218 2364 588 104
380	1536 1984 1162 1589
381	894 1472 1303 1055
382	404 2276 371 887
383	537 1609 2167 289
384	2364 1622 382 257
385	2135 792 1574 1546
386	528 190 1535 104
387	2022 2177 1301 2190
388	1146 84 2369 778
389	1325 2486 1767 2260
390	1272 178 8 1679
391	697 1176 652 1110
392	277 915 128 1005
393	1760 99 1109 498
394	485 1559 1232 1159
395	1225 2210 2484 535
396	1485 1725 972 1775
397	1982 591 210 1596
398	2464 1281 1116 1602
399	1148 853 2250 1963
400	1494 2035 152 2489
401	4 1373 1583 1928
402	966 1713 109 2108
403	729 909 1821 152
404	2005 2396 1984 1748
405	462 2480 66 341
406	2403 897 88 330
407	1658 1792 1605 1687
408	969 170 1351 2498
409	1591 440 111 187
410	1172 1300 1117 2304
411	589 1216 2043 2279
412	1115 2405 2174 2159
413	731 2435 23 2287
414	107 1381 1318 1769
415	1782 440 2039 886
416	2068 1371 2494 1348
417	1535 1708 1420 786
418	12 1082 119 2341
419	1080 856 1660 444
420	1569 1688 497 2377
421	1682 792 273 1989
422	352 468 803 1530
423	1586 1274 2024 609
424	1933 1069 1469 1824
425	512 2238 1537 1883
426	1311 1376 1389 1229
427	2020 939 952 1028
428	1037 2362 1260 2122
429	1642 2199 1 1192
430	536 38 987 2418
431	1885 1403 1079 1786
432	199 165 2491 216
433	1224 278 607 2425
434	1043 1801 1939 2436
435	649 1004 226 828
436	1989 949 338 1961
437	660 2243 2110 1503
438	2343 2153 1125 1344
439	1335 1360 1972 1221
440	1604 1208 379 1591
441	679 292 1088 2176
442	7 1423 1986 1970
443	1987 863 12 1811
444	1077 1323 1584 1160
445	1839 1190 1429 2079
446	1990 1125 1916 1397
447	1619 820 458 415
448	1214 915 676 541
449	2125 733 40 2374
450	687 553 308 2257
451	411 506 1927 1814
452	1773 2112 2209 1642
453	437 1100 162 1078
454	272 357 655 331
455	1972 498 1331 966
456	1032 272 1835 1160
457	395 805 1788 782
458	2057 447 752 558
459	1201 1813 1459 2447
460	1510 2316 851 1796
461	2013 57 1817 2110
462	1178 210 647 1724
463	1814 1482 2013 282
464	1734 981 749 2495
465	1907 2481 2189 2364
466	1073 2146 1126 672
467	809 817 1434 438
468	2072 1390 2115 1387
469	848 2276 2381 1959
470	327 640 1146 47
471	214 753 2448 1373
472	774 1990 351 735
473	574 1501 767 1853
474	2102 733 737 1687
475	2097 1783 2396 1178
476	1986 32 1305 1326
477	2407 317 2470 807
478	1958 2371 1553 903
479	967 1619 42 458
480	628 2359 548 1865
481	871 1124 1951 546
482	1227 321 21 794
483	1832 1170 715 2167
484	447 619 2037 1075
485	679 1724 1222 739
486	334 1140 180 1999
487	356 907 1157 903
488	1720 1235 1066 1816
489	2372 1683 913 1902
490	2381 617 998 1927
491	2382 1345 2438 1066
492	2311 543 1683 1934
493	1507 1684 2150 2146
494	637 538 868 380
495	254 1143 1490 584
496	2068 1140 76 598
497	2013 627 768 10
498	2134 830 1224 2475
499	1141 1928 2218 570
500	704 210 490 319
501	1170 908 1676 148
502	2305 1238 1301 1677
503	1866 1931 2459 1647
504	2148 1246 1291 2122
505	2046 254 2421 743
506	959 740 493 1486
507	905 429 737 1398
508	2255 451 2428 411
509	1460 1068 2286 958
510	51 1869 1051 2405
511	680 2170 1950 310
512	671 1545 2339 714
513	1927 522 1395 2388
514	1864 207 1999 1418
515	1419 1613 1775 1759
516	754 812 498 1606
517	1654 293 2396 1603
518	1821 2486 752 1825
519	966 2406 201 2150
520	2124 2373 2388 223
521	2283 430 454 1462
522	792 2304 2071 1956
523	535 678 181 503
524	967 1769 1865 1427
525	2204 2488 380 2057
526	2361 628 2078 1831
527	2069 1325 603 2358
528	1417 1576 1425 1292
529	1384 175 360 220
530	1172 1363 716 43
531	936 2111 803 1031
532	1921 904 1601 1209
533	1789 1394 2375 2184
534	1564 395 1647 1193
535	873 1027 2065 2360
536	1116 1247 1267 2035
537	593 1177 20 2101
538	1369 2146 1692 2385
539	1162 459 2107 2200
540	906 1779 1282 829
541	1490 638 75 2249
542	1336 790 84 384
543	1698 2367 1705 1575
544	13 310 2055 866
545	73 208 2262 1370
546	1289 1422 874 1672
547	2190 1783 750 2487
548	1927 1772 1180 1204
549	2331 1011 2306 745
550	2249 2082 5 765
551	2384 1576 1610 541
552	1790 1667 471 246
553	981 1393 1496 685
554	1876 674 1665 280
555	829 2030 847 1146
556	2382 115 2319 838
557	2442 1238 1589 782
558	1203 1430 1662 1857
559	302 1948 923 1677
560	11 185 932 78
561	409 2306 2017 373
562	1270 1208 1194 181
563	1166 1079 1681 131
564	1695 2385 2130 140
565	92 986 1985 1291
566	1382 1533 8 458
567	2044 1815 1996 1411
568	713 259 1018 2021
569	319 449 683 624
570	1355 405 1059 334
571	313 1218 120 504
572	663 204 2455 2285
573	1333 2351 1930 1789
574	716 1044 1927 366
575	555 75 1876 2448
576	1328 1712 2378 951
577	1718 1317 235 396
578	965 354 1353 290
579	2226 1284 1473 2109
580	271 2394 1167 1847
581	1029 1091 844 1969
582	135 498 2380 1433
583	933 517 348 2402
584	2191 260 858 2337
585	336 1852 1998 1740
586	1988 144 1741 1271
587	814 232 46 238
588	1212 1331 1127 2477
589	986 1333 739 2339
590	341 13 714 1729
591	1173 1198 813 66
592	1893 1326 2114 1777
593	40 480 1718 831
594	2117 535 825 971
595	1117 1382 646 558
596	377 761 257 2357
597	1462 32 1600 2193
598	851 5 895 1540
599	1585 111 233 550
600	217 920 1453 436
601	243 35 2283 1924
602	506 2279 42 822
603	2282 1083 2281 1031
604	551 1319 1466 1187
605	2297 2401 1758 1128
606	76 1173 1894 469
607	1644 916 1900 553
608	2411 2354 1651 146
609	1064 2276 2081 510
610	77 1832 866 1987
611	1103 554 310 2093
612	2080 3 1169 2459
613	2406 2087 2040 390
614	166 2500 2007 1381
615	528 2455 2275 5
616	1053 39 2496 1912
617	2474 273 239 1908
618	222 704 1539 1320
619	2362 2147 786 1329
620	245 2352 170 2263
621	1392 2329 2419 281
622	387 1022 819 2444
623	80 822 649 1346
624	1754 1607 817 1582
625	1187 2406 2 1544
626	1159 2212 2104 1049
627	2231 1290 748 1407
628	2097 1076 648 873
629	2038 1857 2425 2372
630	268 2116 107 1010
631	1455 237 383 169
632	1441 2119 2235 1416
633	1555 1720 1491 672
634	1190 1864 1470 927
635	973 343 713 8
636	1516 2404 488 871
637	2399 1771 1567 293
638	1276 1550 2389 603
639	1698 1457 457 1003
640	488 1599 899 1321
641	1691 1895 98 1288
642	604 143 272 1604
643	1212 637 612 508
644	1216 1368 1226 551
645	1285 2158 1017 330
646	770 562 905 2241
647	1508 1498 1109 1959
648	2427 2149 940 989
649	1102 1075 1770 1472
650	988 1431 772 476
651	498 1435 422 2169
652	479 2309 840 1357
653	847 2202 297 585
654	1969 191 2250 1363
655	424 899 2278 2021
656	4 895 919 1700
657	1054 2313 1419 2433
658	1180 325 53 1245
659	1934 2062 1751 1070
660	2344 828 147 605
661	38 21 235 2458
662	1213 1140 435 1594
663	702 2283 1134 2193
664	1319 11 2485 1522
665	1439 1870 727 987
666	1129 1599 247 954
667	1610 966 1616 555
668	1505 946 1555 737
669	195 996 924 687
670	1231 399 1108 1614
671	1119 1475 2420 1792
672	2298 77 2029 181
673	381 1634 1576 1222
674	2401 52 2060 746
675	1593 447 2167 2417
676	1685 1217 1416 1358
677	1488 833 939 702
678	1697 886 2189 1363
679	1961 2411 373 1102
680	1768 511 1555 2332
681	341 1889 1369 1607
682	1591 1506 340 1589
683	2222 812 110 96
684	1205 1049 2237 309
685	1484 2115 1574 2048
686	806 358 2176 1350
687	2438 2098 964 1672
688	354 838 33 493
689	1962 709 1484 1288
690	375 1193 430 1223
691	2461 206 2083 126
692	537 980 985 19
693	2091 588 2327 1623
694	1628 836 2368 1305
695	1788 1877 710 470
696	1974 1535 1484 1379
697	1907 1201 116 1826
698	978 784 1563 1081
699	2058 1363 2217 577
700	546 653 2259 393
701	1109 2433 1403 472
702	1984 2304 1743 1922
703	305 1226 810 1685
704	1669 705 1036 1904
705	951 369 743 620
706	776 309 1054 1922
707	1762 1531 655 261
708	217 753 51 1984
709	2158 1276 2471 405
710	1599 1917 769 958
711	1555 374 353 2391
712	1016 333 215 1088
713	1052 830 2493 2275
714	2307 1228 525 1947
715	346 1825 1763 2430
716	82 147 1874 695
717	1722 1183 1437 1674
718	286 2483 365 2417
719	2019 451 2346 845
720	2391 877 213 1617
721	178 1652 1129 1654
722	2435 1881 426 1125
723	2188 2252 789 1729
724	111 1980 1485 266
725	2064 1890 1970 467
726	893 1462 2289 86
727	1919 2445 1319 1161
728	806 425 1881 2317
729	1126 2042 1936 2374
730	1907 1596 496 1652
731	1155 225 655 821
732	2470 1460 1295 1258
733	24 1042 2466 787
734	1729 2187 1664 980
735	1207 1246 608 2093
736	2200 1207 286 578
737	1656 723 1988 1567
738	2174 116 190 534
739	338 2101 1758 1345
740	1170 1885 542 1591
741	55 728 1215 607
742	355 1557 2240 364
743	753 44 789 1173
744	1631 1515 1431 2161
745	1261 1731 109 1464
746	531 1698 2423 2314
747	2111 2497 1860 711
748	1422 1383 1761 86
749	1240 13 64 1546
750	1664 2384 861 2047
751	2112 1890 1445 1661
752	1760 1151 665 2246
753	14 1157 722 1616
754	1219 1872 707 1957
755	2009 1986 2006 1090
756	2272 1757 1829 2389
757	1794 362 1412 2406
758	792 688 1454 1869
759	2482 1111 634 563
760	730 389 513 2241
761	605 75 2436 672
762	105 712 1537 28
763	937 781 1934 1750
764	597 2486 888 1283
765	1559 1295 2026 180
766	1531 234 1833 17
767	1923 1404 41 1811
768	100 1318 1875 1127
769	999 488 425 1224
770	426 846 2291 2361
771	483 2327 288 2481
772	2172 1315 289 1064
773	1903 2228 673 404
774	2176 167 2062 197
775	1361 1613 1664 2378
776	241 1966 698 1993
777	1556 760 1309 520
778	2498 20 1608 1534
779	164 1594 1836 223
780	454 2211 2060 1538
781	1602 1821 1808 1048
782	648 306 906 1225
783	629 1840 2123 2240
784	1564 888 1804 1312
785	1247 1695 2223 327
786	816 1941 983 1406
787	339 1815 438 168
788	1819 1911 1155 392
789	2467 1081 1590 1162
790	131 355 1636 2312
791	314 1130 850 1923
792	328 993 1129 2210
793	1744 1985 329 2198
794	2289 1667 1336 949
795	2045 916 1517 65
796	999 1334 1743 175
797	949 1483 2448 568
798	1480 1784 918 775
799	1154 464 905 1385
800	271 1347 120 480
801	613 1807 1515 1881
802	1881 1789 795 1149
803	13 1405 285 1494
804	480 587 1277 1159
805	1987 1848 2476 1814
806	1143 1120 2060 924
807	2230 2342 1171 1491
808	1334 702 1037 2094
809	2368 793 2029 1636
810	1881 648 2457 1206
811	103 2447 1962 1848
812	100 1332 1095 1306
813	1337 224 877 658
814	851 909 1343 395
815	1704 677 1169 1820
816	1704 1509 1920 951
817	1146 1646 1814 1702
818	1073 1350 864 296
819	2415 392 259 786
820	610 253 2304 2121
821	142 2038 737 1327
822	329 2092 1213 150
823	1366 2263 2257 1068
824	1939 652 2454 628
825	1229 631 770 2157
826	49 318 957 1133
827	1321 1501 356 2390
828	2427 2376 704 1605
829	483 751 350 299
830	1768 1547 1548 1917
831	1219 1066 1456 1277
832	2431 666 2003 1367
833	1691 1205 1713 1441
834	1409 1637 741 1594
835	1172 612 127 1790
836	856 493 1983 596
837	672 2272 1869 2369
838	2324 1046 293 1810
839	369 1591 1647 2164
840	437 183 1041 1065
841	1397 2036 1272 263
842	1110 935 1428 648
843	1436 2016 882 2497
844	1509 1943 957 1211
845	1526 1885 1009 227
846	874 1383 2172 1377
847	463 65 1900 1782
848	451 2354 2256 1501
849	617 645 2473 2178
850	2206 66 1300 2339
851	2494 1268 1343 709
852	2181 1491 1086 1174
853	2383 2433 1580 1321
854	300 409 1757 2339
855	425 2199 1680 2268
856	1647 2 47 1056
857	502 1446 266 2045
858	2225 1318 2036 1581
859	879 1699 1137 319
860	2430 1561 524 252
861	600 18 1065 744
862	1530 1242 2129 1248
863	1239 1262 173 1931
864	1161 1254 2185 188
865	1669 1915 1239 1147
866	446 2431 1274 509
867	169 1881 31 2389
868	2115 1082 958 60
869	787 951 1035 1394
870	606 1889 385 335
871	2035 240 2002 2427
872	1943 1896 2391 886
873	648 639 1274 212
874	1314 1137 123 1626
875	1323 283 1674 341
876	136 1672 471 995
877	30 1217 1107 163
878	15 31 1240 790
879	1220 1809 557 2275
880	1450 714 52 1383
881	444 1008 2385 1577
882	253 505 1917 1527
883	1177 872 592 2107
884	2130 2437 1698 29
885	352 2204 230 1393
886	535 1732 2475 2218
887	1410 2380 209 454
888	2410 1559 871 2350
889	1452 1788 8 1758
890	612 1323 925 1408
891	370 921 1176 492
892	875 2121 1505 627
893	2152 1432 1534 1370
894	2357 307 985 2034
895	1911 1472 1150 1346
896	1920 893 2148 845
897	1493 828 1970 667
898	512 265 2289 647
899	1939 2256 2435 503
900	641 2357 960 1026
901	2392 2050 1986 83
902	1715 1606 661 1029
903	2497 154 606 2259
904	127 2060 1495 745
905	1207 652 401 1236
906	834 109 1927 2185
907	1848 2200 2242 2385
908	1760 776 1831 2149
909	1259 2341 620 1515
910	1787 1972 884 1381
911	2239 2304 1685 2295
912	2231 38 188 938
913	1051 2190 337 681
914	596 740 165 962
915	177 473 2332 1628
916	1632 211 873 1369
917	1071 1482 1573 1201
918	1621 104 1851 839
919	2131 2452 1094 1300
920	75 421 2441 2489
921	1173 386 1259 2174
922	977 2192 329 1667
923	1748 778 310 2177
924	956 267 643 908
925	1170 320 693 2325
926	1815 1594 501 1836
927	263 1434 1986 160
928	2066 1376 1830 1070
929	384 447 325 667
930	1730 989 1071 2038
931	2413 842 2399 1615
932	1404 2482 601 2093
933	41 905 1954 1577
934	724 2377 794 1796
935	802 1126 685 1170
936	166 2330 1134 867
937	495 975 1038 1607
938	1240 1018 1151 469
939	2277 2150 700 2053
940	997 350 2242 1742
941	930 1032 2444 1047
942	2434 2346 2073 857
943	508 1993 1035 2262
944	229 638 1822 1246
945	2271 234 1107 1310
946	1473 200 449 1678
947	2084 630 1201 483
948	953 446 2013 1911
949	2193 44 2158 2389
950	250 388 1779 790
951	1561 2221 133 1298
952	1901 2474 1960 2401
953	1736 1798 746 232
954	1571 1696 949 1679
955	1537 2034 1283 2344
956	218 901 766 1763
957	1129 2146 2365 2011
958	1953 2079 1263 1338
959	1929 2157 1678 1721
960	1863 1707 1270 1253
961	602 843 160 393
962	1333 913 1436 807
963	783 762 486 2056
964	1471 981 986 305
965	49 973 1279 1041
966	576 1299 941 244
967	2039 336 706 780
968	1650 499 2096 1342
969	2046 2312 2475 696
970	843 2038 2170 1057
971	1330 891 771 1759
972	2321 526 562 1249
973	843 1678 804 1319
974	1946 2014 1043 709
975	1496 2318 946 1600
976	1296 387 33 463
977	608 2225 853 1402
978	2495 374 779 1477
979	131 643 38 2019
980	469 487 1833 1236
981	1764 1768 591 1164
982	243 1471 1712 31
983	2099 1104 1062 336
984	64 93 464 2293
985	2449 864 1049 1503
986	1648 1716 621 361
987	592 1558 140 748
988	1564 811 2172 180
989	214 1960 652 2164
990	330 1062 1195 671
991	907 377 1008 2171
992	507 1305 2246 769
993	2213 1606 660 243
994	2187 8 369 509
995	1764 1110 659 1585
996	1028 1945 2351 2485
997	260 789 1302 745
998	596 1099 884 13
999	2107 1803 2272 2392
1000	2101 1198 2319 952
Students	1000
1	2107 600 1652 2443
2	1830 2216 1781 1881
3	608 132 579 924
4	582 1109 2284 787
5	293 2355 801 1880
6	45 2015 954 603
7	1044 182 1453 220
8	1642 960 685 862
9	1789 1154 2210 554
10	788 2382 1086 2046
11	682 2003 1376 353
12	1424 143 1216 2046
13	124 1200 588 1071
14	1170 443 1030 21
15	1381 519 1262 5
16	694 1547 1374 821
17	38 277 699 1194
18	264 2251 2157 2304
19	1332 1401 556 2162
20	809 1484 1218 1272
21	1023 668 2087 2160
22	1295 546 49 1211
23	411 956 1261 1802
24	1300 1970 1891 1676
25	879 1070 2458 1147
26	2263 105 244 2421
27	1490 2256 2065 808
28	638 581 1582 298
29	41 748 279 1069
30	926 1424 5 1001
31	1288 277 959 2349
32	1460 186 1235 918
33	635 260 277 1502
34	735 1614 1180 1717
35	2494 1954 317 82
36	2125 1499 379 1725
37	2271 1232 1139 160
38	2395 2013 2389 1333
39	2029 195 1576 662
40	2124 2034 1624 1855
41	2254 769 353 2470
42	1398 136 1861 1233
43	908 1500 2248 1174
44	1963 620 453 457
45	1004 1735 1738 2421
46	2456 1721 390 1810
47	1818 2484 1142 1229
48	1295 2315 115 1307
49	1598 739 1853 989
50	2420 1749 1992 718
51	1133 1194 782 68
52	2172 1656 1982 1618
53	470 1294 2080 1554
54	1374 1427 488 179
55	220 2264 1649 2181
56	2437 290 2426 1802
57	1952 262 1329 2364
58	2229 1280 833 1680
59	1528 573 975 540
60	2383 707 359 1093
61	2418 1285 2406 1721
62	2265 1089 2173 2012
63	535 1168 1986 2180
64	944 858 196 2028
65	487 2062 735 2182
66	690 559 206 244
67	317 1380 57 1503
68	801 120 659 2451
69	282 436 2237 704
70	1919 217 2058 815
71	1061 1660 421 2277
72	2411 159 448 1784
73	445 2388 299 2274
74	2394 168 21 1090
75	19 2289 160 2446
76	98 2391 2410 1486
77	2186 662 2389 215
78	1879 2456 1116 2336
79	504 1245 365 1494
80	1463 1846 1004 183
81	277 857 2499 1943
82	828 919 51 1187
83	1648 1652 2443 715
84	1994 376 949 2145
85	1541 2477 1221 2121
86	1001 526 1315 1810
87	1287 313 691 2376
88	2394 282 585 856
89	1002 504 891 741
90	2155 1328 1721 2107
91	2445 2018 1398 1896
92	1758 36 1596 75
93	1474 1246 1356 1822
94	772 281 376 391
95	2015 2387 1825 258
96	354 1915 2370 413
97	526 1786 42 1517
98	2367 2310 1159 2143
99	884 164 564 2038
100	1404 1998 399 53
101	1845 506 637 43
102	2111 121 921 2024
103	332 504 1400 13
104	1856 1071 2243 1400
105	1174 1793 315 8
106	1554 381 2251 1999
107	201 1392 909 480
108	310 652 204 1035
109	108 1126 1058 1778
110	2423 2026 256 2009
111	2433 997 681 1510
112	825 1425 496 1009
113	1681 2414 1260 2208
114	1550 574 964 286
115	1699 1854 629 2009
116	2021 2051 798 95
117	2254 39 1922 1147
118	1638 436 2039 1002
119	481 914 545 53
120	1464 1892 725 1795
121	2405 1206 2356 768
122	685 360 2171 93
123	1581 129 109 2133
124	984 1862 1867 1473
125	91 2315 980 906
126	1003 260 1079 707
127	1663 329 745 529
128	1674 698 2167 639
129	2495 1217 2355 1685
130	1921 797 238 361
131	55 1834 807 1681
132	465 2112 38 2021
133	1121 301 2299 376
134	859 233 24 5
135	159 800 1216 1540
136	777 1367 1750 2213
137	274 1023 986 21
138	595 1161 2125 832
139	1466 988 1798 2013
140	394 486 1232 1756
141	2243 1100 2107 512
142	1175 388 1683 278
143	751 1215 1677 743
144	302 1889 2071 705
145	584 1204 1756 904
146	538 823 1741 1805
147	1705 1907 237 2068
148	1400 921 2096 802
149	1052 1130 1366 2402
150	1059 2394 731 1163
151	339 2286 761 170
152	1571 807 1588 1034
153	349 1043 2108 2066
154	2312 2106 1811 2461
155	1641 351 1987 1006
156	1266 1752 1755 1458
157	974 1507 1326 404
158	1031 1499 1048 508
159	1102 929 957 265
160	1346 1478 750 826
161	1095 1665 2180 1659
162	2313 380 2003 1499
163	325 207 1160 208
164	77 154 138 1636
165	1485 514 804 1206
166	1777 1336 2451 2254
167	1570 791 570 1389
168	1783 765 327 1889
169	2182 1894 920 112
170	1496 145 2067 1337
171	1731 1922 2334 853
172	293 1634 1624 936
173	2174 1898 1446 36
174	650 345 545 1016
175	1829 169 1488 1555
176	940 889 684 2440
177	1008 553 804 2261
178	2470 844 1228 2133
179	1259 1467 1673 860
180	502 823 259 590
181	1891 244 2211 285
182	2174 1049 975 2103
183	1644 1071 1488 1618
184	90 718 760 1333
185	1415 1476 2405 1021
186	1211 1174 94 1861
187	772 1058 720 2408
188	1614 2313 301 1033
189	1731 2187 1843 281
190	1276 946 1804 719
191	221 670 2320 1704
192	1600 227 484 540
193	1562 2476 72 1337
194	2141 619 1322 1208
195	903 406 1610 1317
196	1725 298 833 858
197	610 2195 562 985
198	529 1262 277 1615
199	1374 1398 2355 97
200	1102 1873 399 2135
201	17 2016 2450 668
202	331 1982 295 2036
203	1895 2222 2437 2014
204	920 761 696 894
205	2175 1688 2237 825
206	127 2312 221 420
207	343 937 2499 848
208	235 154 2224 1025
209	1300 2331 1621 2258
210	2072 1146 2054 654
211	1705 751 1551 1849
212	2257 2458 2 2155
213	1805 236 791 1460
214	1859 1729 1327 423
215	1005 851 1668 1361
216	1184 592 1618 2194
217	2150 265 2083 2433
218	62 322 746 2156
219	144 2063 2010 1009
220	179 456 1959 1427
221	2447 83 2082 684
222	828 1797 1573 1028
223	2252 106 543 1196
224	1781 1877 1890 1184
225	2248 2050 838 689
226	1967 1037 328 2078
227	290 2372 2453 1771
228	113 964 1281 721
229	543 258 6 1252
230	1161 2149 1524 1669
231	2247 2242 2368 840
232	2409 2453 2411 1589
233	653 803 2339 1310
234	1095 605 282 1610
235	917 616 639 857
236	493 1217 404 1867
237	790 1513 594 1854
238	1967 1577 1773 2394
239	1850 2427 2043 1702
240	964 263 460 799
241	1709 473 2032 266
242	448 834 92 134
243	1216 1554 903 1132
244	975 657 2292 2465
245	997 835 319 1502
246	2285 202 2262 2405
247	932 662 2251 1078
248	2125 1928 286 243
249	1653 2485 2256 1151
250	1381 222 1222 1317
251	1527 635 1771 1399
252	575 2164 1050 1983
253	768 1802 2397 1076
254	1280 753 2241 278
255	1348 2374 386 838
256	2180 90 602 1382
257	2195 1355 1744 1397
258	645 889 368 1524
259	1352 1882 3 536
260	1990 2084 1621 1720
261	282 2002 2307 776
262	2427 213 2111 2124
263	303 154 9 1083
264	656 188 1780 1216
265	2304 495 2482 27
266	2033 1491 205 1789
267	895 44 2289 2235
268	855 307 2296 2400
269	408 1299 1292 2235
270	451 573 901 1441
271	370 384 608 17
272	11 404 1501 1025
273	1967 1986 168 687
274	1409 2376 1405 2113
275	2375 764 874 1580
276	1179 1644 1303 641
277	407 2164 1594 1532
278	2248 2445 631 1907
279	2415 1011 1890 1301
280	2125 1033 91 2127
281	1648 1542 2024 1216
282	1349 1724 2159 1811
283	2365 18 1837 2227
284	709 2255 1213 550
285	1971 848 2156 1878
286	554 290 1308 1857
287	165 1711 1367 117
288	357 2022 1813 2381
289	1218 2445 712 993
290	1650 1422 1460 2183
291	1405 1566 2291 424
292	2484 2367 2425 1704
293	856 626 1065 2194
294	1618 509 308 1706
295	176 196 1485 1712
296	899 2446 850 2193
297	2099 2169 608 2321
298	1966 1428 2396 249
299	2143 1181 256 2130
300	1310 1554 1966 2244
301	2343 880 963 360
302	602 1137 2393 556
303	961 914 42 1152
304	2196 643 741 1275
305	1365 473 171 2095
306	302 1368 1703 2297
307	2251 1381 934 1979
308	1430 306 1366 855
309	1796 751 1197 2364
310	989 1909 1613 746
311	2 2392 145 557
312	1165 1279 1008 2403
313	1560 190 1673 2
314	1135 622 1827 990
315	862 442 661 343
316	1611 1649 2359 1373
317	1552 1135 434 1114
318	1731 928 1339 1589
319	2433 1968 961 50
320	2473 591 2236 931
321	2478 1975 2030 2002
322	1907 647 1745 2301
323	2291 1920 2273 2230
324	1423 1566 1649 1264
325	403 1243 1020 1153
326	888 1701 1190 1051
327	101 1672 512 1181
328	2125 1048 847 1304
329	1156 1756 985 346
330	1622 784 302 996
331	772 943 631 1793
332	2446 1967 1005 235
333	1912 1005 1305 542
334	2012 1784 2079 1617
335	2298 1495 1751 1568
336	1605 1687 2322 1827
337	1330 2144 396 1375
338	334 1300 796 944
339	2476 1026 2073 1172
340	658 2453 1426 218
341	322 548 2202 1139
342	2033 1785 666 1598
343	1880 1299 688 2011
344	1321 374 1622 1428
345	1099 1542 879 2353
346	732 2422 584 1488
347	1055 142 1525 2437
348	1260 2134 124 483
349	294 504 1726 1044
350	1877 988 1919 627
351	540 127 308 2326
352	2118 1738 2052 2181
353	65 2214 2049 1081
354	614 601 1941 1125
355	455 2320 1027 1379
356	2169 244 1587 1628
357	1745 1895 1255 450
358	1085 823 1088 594
359	1984 1646 1520 2149
360	1082 2030 1326 1327
361	2170 1058 122 2049
362	2463 768 433 2259
363	1264 1011 931 1890
364	2463 1804 1459 2197
365	1013 1860 2281 2153
366	178 2462 1287 771
367	1752 1991 2405 466
368	412 2155 1079 1550
369	506 1833 1617 367
370	1405 822 2046 763
371	1826 463 10 2196
372	1989 2089 1992 1670
373	2118 1444 2375 470
374	2010 2270 483 879
375	2448 1244 2009 102
376	595 126 1075 750
377	336 90 1909 2228
378	278 2103 329 1605
379	390 1371 733 1681
380	911 1130 324 1088
381	1853 1737 1641 2313
382	870 1366 1605 837
383	610 2316 2411 943
384	1639 1696 1863 69
385	1573 2064 2388 662
386	577 2112 2291 1793
387	2021 2046 961 2058
388	444 2035 827 47
389	2471 2073 895 1674
390	578 548 2045 957
391	1487 957 354 622
392	1106 412 2129 1427
393	1982 1262 2473 312
394	511 699 1814 1883
395	1551 1341 803 1634
396	1007 1840 276 1322
397	704 1578 326 1268
398	320 1828 1291 1330
399	467 672 2144 1429
400	216 837 1996 799
401	2333 1513 228 3
402	1432 1008 1820 2294
403	1297 2110 892 1427
404	1570 1174 2091 1872
405	1872 283 2376 82
406	1983 330 445 1644
407	2400 1274 610 2187
408	1740 1208 1023 998
409	2277 221 330 1841
410	1388 1390 1455 699
411	2306 1419 823 1870
412	1429 1458 905 1466
413	333 1075 111 585
414	233 294 2379 196
415	77 2326 343 1354
416	964 1757 2150 213
417	677 574 641 589
418	2036 2066 2024 1725
419	375 1286 1514 1364
420	656 916 1200 187
421	11 1228 2312 1844
422	1585 1454 1268 847
423	605 235 2479 93
424	950 2461 338 46
425	1659 1456 1140 2089
426	181 269 442 215
427	597 1184 226 435
428	489 631 1262 1067
429	1277 2261 1545 2300
430	1217 2007 269 1657
431	938 229 274 1563
432	861 1464 2160 1800
433	119 1312 1445 1952
434	183 123 1444 1807
435	1684 1059 2000 218
436	2404 1892 1221 1594
437	403 1877 1466 950
438	1281 1967 1073 1470
439	1299 1980 1719 181
440	1089 424 87 2273
441	448 2229 703 799
442	981 1010 2302 2081
443	1311 1124 1266 1559
444	2109 1100 1398 350
445	363 1733 2095 687
446	1957 608 1602 680
447	266 125 448 2104
448	1436 532 220 299
449	2217 457 1075 2264
450	1488 675 1303 512
451	1241 2161 2360 943
452	2230 970 2234 22
453	1718 2289 1829 54
454	1500 1785 581 2439
455	241 917 1184 683
456	1110 460 2227 292
457	1578 2145 1073 50
458	603 1811 1240 498
459	972 95 213 2031
460	2423 1779 2037 543
461	2344 991 2422 2150
462	1531 861 254 562
463	2089 1286 977 637
464	1770 2473 214 1549
465	2125 531 11 257
466	596 889 1657 1690
467	1157 1088 2452 1540
468	671 1414 1307 1110
469	2239 25 705 1943
470	1323 1987 982 355
471	160 1522 2485 2197
472	2384 475 805 2042
473	1467 834 2297 244
474	108 467 1109 899
475	556 893 1670 708
476	2010 471 2372 2326
477	2177 2413 776 748
478	2333 2009 1466 1151
479	1471 372 545 2139
480	1224 2163 475 2267
481	1601 334 280 522
482	1237 678 310 258
483	2236 1610 1125 935
484	1150 610 2222 2442
485	177 422 1609 1724
486	2224 875 1772 288
487	1262 780 782 155
488	2470 214 334 1496
489	1267 2280 1721 1955
490	63 2 1761 1431
491	1459 1017 1139 1245
492	1201 983 2406 407
493	845 519 1837 1137
494	1750 1587 186 1854
495	918 1510 223 769
496	1770 807 2193 1638
497	1154 900 474 115
498	250 2060 837 344
499	677 1403 1622 2061
500	1668 1148 584 698
501	1026 1161 1463 1947
502	1263 1330 1101 1521
503	1638 185 1686 606
504	2224 1588 520 126
505	1194 2281 1995 280
506	300 469 2034 1920
507	1711 2482 2323 1280
508	2180 2386 717 1692
509	822 770 1342 776
510	837 950 256 533
511	940 630 1607 1224
512	1386 2304 1239 724
513	2093 646 1570 2145
514	2407 543 1227 560
515	537 1516 74 213
516	46 2113 2045 2109
517	322 1924 2167 1491
518	650 1569 1636 2203
519	2365 2311 1189 1058
520	2098 2315 1287 633
521	206 524 1123 1791
522	1935 357 1708 1993
523	996 332 87 648
524	1891 1700 745 1441
525	1914 180 648 2450
526	805 2370 1397 2251
527	1170 410 339 417
528	1500 1553 1428 2054
529	1368 18 1319 2017
530	1637 575 45 2404
531	1526 1253 1594 599
532	1598 876 465 461
533	2194 2110 1587 239
534	1501 280 2209 2030
535	1161 427 1580 796
536	1963 1173 1071 1968
537	2425 1437 188 2298
538	1855 1782 489 1083
539	1165 693 1591 2488
540	798 2445 478 585
541	2191 1326 2125 1157
542	2327 269 1806 918
543	1420 1081 179 2241
544	192 155 1332 1375
545	1725 522 2041 2108
546	458 584 1716 352
547	1066 1673 422 6
548	651 1085 226 804
549	2178 1228 1882 1695
550	1912 53 1965 1590
551	1676 1748 1753 15
552	760 1599 107 249
553	2313 526 415 1363
554	1272 714 2113 1520
555	283 1496 458 2405
556	1187 2459 1477 969
557	2318 735 270 1754
558	1686 420 1679 1961
559	64 696 1086 1834
560	309 2478 388 1951
561	1579 2405 1303 1735
562	2233 393 2396 609
563	2069 845 1625 2475
564	1937 1406 1872 157
565	378 1736 2205 1860
566	5 2443 768 16
567	2035 350 930 1893
568	1177 574 591 865
569	1114 2356 413 78
570	2044 2205 1778 105
571	1952 541 26 1946
572	122 448 1083 1372
573	281 2030 979 631
574	382 328 179 294
575	1648 860 2009 462
576	704 2370 627 1985
577	518 459 718 236
578	1553 1737 1465 489
579	1317 2225 910 584
580	126 2377 868 1342
581	241 2490 2041 1222
582	88 1151 226 774
583	1513 702 512 285
584	2452 639 2479 1222
585	1415 1674 1533 1959
586	1123 1219 1704 291
587	267 1696 2232 203
588	536 654 234 1646
589	1720 2203 1439 528
590	354 222 522 1411
591	124 574 1793 1030
592	610 477 1532 171
593	425 443 375 692
594	243 1930 1154 918
595	989 1171 66 2371
596	2467 1391 1991 2435
597	471 340 162 2376
598	1946 840 346 569
599	332 1832 1549 554
600	1310 35 2402 1596
601	2335 144 1360 1981
602	619 1610 2318 6
603	397 1712 2109 1043
604	441 648 1921 2486
605	908 1010 651 961
606	2336 2180 700 611
607	213 716 1716 2129
608	2199 518 1868 2232
609	1146 1384 1757 1502
610	637 1788 2056 792
611	2065 531 1374 2067
612	805 1836 1850 58
613	2331 1709 773 755
614	1567 1811 1381 80
615	2117 338 1009 965
616	710 1626 336 1220
617	329 1222 1004 707
618	1559 86 2284 169
619	423 964 263 2256
620	256 827 2341 994
621	574 1779 2332 2380
622	2313 344 1886 1637
623	152 233 851 1265
624	1539 897 793 2055
625	1561 126 2153 2281
626	156 2059 735 1077
627	87 2293 1787 1673
628	1961 1544 1433 1042
629	900 1084 122 1347
630	1381 621 2265 2190
631	2149 2486 1031 986
632	1642 2424 664 627
633	1458 2143 2428 2035
634	2319 844 2473 45
635	1924 71 805 598
636	179 856 457 634
637	394 2350 1219 1471
638	40 679 476 1389
639	354 1211 2095 1437
640	1816 1968 384 1666
641	1721 1126 535 1573
642	1013 1445 2016 2040
643	171 2287 1268 602
644	143 846 1752 542
645	1863 1698 751 1840
646	425 1916 2480 982
647	572 1041 2375 19
648	1617 1811 1910 2486
649	717 1984 1666 1155
650	495 1758 1569 1407
651	1725 1180 1832 1265
652	279 657 2479 614
653	1421 1364 2473 573
654	1726 403 2414 2072
655	1365 1712 279 1333
656	1697 1229 833 1409
657	109 2421 2 2169
658	1697 605 1038 461
659	1322 390 2078 2237
660	2268 913 2300 479
661	95 2341 2230 2156
662	1571 1520 206 2382
663	2488 1274 999 493
664	655 178 1197 1049
665	514 1797 2189 2133
666	1177 1789 2310 734
667	2306 2050 1284 610
668	1242 1981 1890 721
669	106 2268 523 401
670	1601 1243 1585 1811
671	2054 2363 1409 2381
672	134 2439 1764 199
673	2449 859 564 944
674	2378 429 1552 651
675	1746 49 989 2369
676	2343 2314 1029 785
677	2041 2319 446 799
678	983 341 1731 28
679	1169 277 1867 605
680	1919 1977 2495 567
681	1308 1090 2359 2134
682	457 318 776 858
683	1147 735 112 1667
684	2428 638 22 2366
685	1692 1822 2225 1009
686	1615 209 1318 2358
687	2279 1614 1204 2397
688	792 1266 2478 2120
689	123 2430 1143 402
690	1927 1055 2423 980
691	1507 2293 1370 1666
692	633 729 705 2014
693	304 1891 626 722
694	1266 1610 1200 215
695	2 2208 1132 713
696	1884 326 561 780
697	1353 608 1751 1634
698	361 1209 714 1533
699	1476 1562 239 703
700	1573 15 774 1734
701	1976 1781 1467 2170
702	908 67 1991 2313
703	667 628 1328 2282
704	1280 218 2449 2224
705	1468 357 2452 1704
706	1915 1248 1019 2261
707	2347 2025 220 32
708	2421 785 199 1299
709	1975 1760 1000 15
710	2492 1653 2285 435
711	1836 984 1441 346
712	1129 2255 495 534
713	2054 731 597 267
714	1911 5 993 631
715	1156 1738 647 1882
716	108 217 963 1054
717	2209 1203 1896 1872
718	900 435 1769 977
719	532 1286 1268 854
720	503 1682 2454 458
721	1208 1307 510 824
722	1236 906 2230 1753
723	622 2436 806 1590
724	2401 510 1388 1437
725	97 696 2094 718
726	1355 1311 482 1042
727	1454 1111 365 847
728	758 2058 436 2018
729	1462 499 2359 790
730	1306 1738 1183 957
731	2182 1075 1587 62
732	1614 339 1285 493
733	2115 1878 266 439
734	1003 2005 462 324
735	1401 2327 820 297
736	1648 1608 1320 1222
737	499 2234 771 326
738	1347 1681 606 295
739	876 50 948 291
740	2185 1413 1689 600
741	738 1277 1637 754
742	947 462 1038 33
743	1173 1625 1957 1135
744	1941 286 2368 635
745	886 2266 1924 1176
746	1734 1871 257 198
747	818 2349 1918 1718
748	892 1356 418 686
749	1038 1890 420 283
750	2463 1388 1512 107
751	1187 1105 709 2236
752	786 1302 800 1045
753	110 337 385 1770
754	2149 738 625 62
755	28 387 1908 1145
756	939 1690 2217 168
757	705 1261 110 1491
758	1161 693 2491 969
759	2069 669 1425 1593
760	1084 858 1065 489
761	2130 1974 1925 2332
762	803 364 921 1487
763	844 2273 2065 1485
764	1168 2143 2232 873
765	2208 2297 391 1275
766	329 1586 2101 1076
767	1463 975 1333 1943
768	1107 2354 1076 1884
769	1722 1150 1078 1245
770	974 126 86 444
771	2191 1756 422 2078
772	1652 55 1562 687
773	877 582 1904 929
774	2221 1070 851 1505
775	817 689 445 1086
776	623 1297 1147 503
777	358 56 2183 1438
778	1104 1358 2068 2099
779	2440 606 108 1828
780	1913 1116 1141 179
781	139 1936 125 1747
782	1036 586 1386 1334
783	880 1804 2127 659
784	272 2185 1881 61
785	2356 2257 163 518
786	2215 1787 1619 2057
787	1613 2173 1343 1419
788	517 194 201 958
789	158 1465 2110 10
790	1331 2057 1887 59
791	2176 1757 588 2098
792	441 1091 2273 1156
793	83 456 2286 921
794	1390 999 1855 270
795	1688 2381 994 841
796	2296 1001 567 2007
797	1146 358 2340 111
798	627 586 1859 808
799	1700 1107 1559 1051
800	895 222 1753 807
801	1922 131 2172 1318
802	66 678 2334 1368
803	1245 1900 919 1004
804	1946 847 527 243
805	64 1676 1438 2055
806	2455 46 1561 592
807	2078 519 2374 1493
808	2410 681 2451 1853
809	1783 288 2276 538
810	890 871 1408 142
811	706 756 1370 661
812	256 1730 2037 1560
813	1995 1385 1495 2110
814	1090 335 1334 1350
815	1955 804 246 782
816	1651 2198 406 947
817	1397 92 1115 240
818	1897 1027 1581 957
819	1930 1614 688 2411
820	1707 1515 6 1098
821	2425 887 1752 324
822	1722 15 2066 530
823	1352 2267 2452 1911
824	564 1072 1980 1414
825	1635 106 1476 104
826	1741 2064 1649 2327
827	894 498 49 1519
828	2204 1453 2403 1490
829	1670 2289 900 1193
830	2323 611 553 2466
831	738 2110 2199 1717
832	1506 75 1735 2201
833	1624 1904 864 1775
834	2251 709 1844 398
835	2225 1194 2007 1317
836	684 1285 2459 337
837	225 173 2236 1202
838	949 1311 1003 1794
839	79 1140 1410 1277
840	1889 1571 507 1690
841	1881 2307 433 323
842	2046 2363 753 108
843	1823 2081 1592 1411
844	847 686 1683 668
845	1265 1103 436 2009
846	2229 310 1425 159
847	1607 1040 1687 2252
848	2069 96 2440 110
849	242 980 1159 1961
850	2464 1246 256 258
851	1337 1645 1197 2481
852	1767 793 2470 615
853	1554 2133 1184 511
854	1798 1561 1175 2465
855	57 940 2198 440
856	241 649 2220 1803
857	1818 156 990 1765
858	2059 1562 2223 1251
859	731 1422 523 1387
860	1135 2078 1533 1082
861	2011 2052 2414 2038
862	2422 673 881 1411
863	1626 2049 733 259
864	581 1454 1274 1093
865	1735 224 1743 169
866	911 941 740 1740
867	195 130 317 353
868	2365 2300 415 133
869	1691 1631 915 445
870	552 1207 1016 1574
871	404 1588 1689 1441
872	893 2425 1659 511
873	1910 2438 1979 1953
874	996 2408 1094 454
875	158 227 1162 1477
876	1842 803 1838 360
877	1415 1607 545 1330
878	2078 129 365 1778
879	1023 2288 2228 1667
880	1012 599 1423 121
881	608 2496 2119 1504
882	1379 1124 1777 1930
883	638 647 1065 306
884	38 397 621 480
885	814 2168 810 2134
886	1017 1159 630 2010
887	1279 1189 356 1400
888	700 1282 154 1701
889	1029 1234 546 580
890	1965 2159 764 2413
891	1198 1978 590 2236
892	259 578 437 2414
893	32 173 2048 385
894	2392 2268 937 1118
895	974 1494 1178 2164
896	801 1155 1002 1526
897	188 1198 1937 2335
898	2066 532 2296 2181
899	235 311 1800 491
900	1265 838 146 86
901	2332 377 980 1323
902	552 1083 969 1561
903	730 1236 78 2027
904	1394 2098 388 505
905	1815 321 1594 355
906	30 2281 445 518
907	2379 1031 2234 1913
908	22 308 961 1213
909	1363 1891 372 1153
910	1675 1935 1513 2440
911	2020 2495 1569 2021
912	702 1973 1684 424
913	2052 1488 1998 1451
914	195 311 687 2122
915	225 1277 194 1828
916	827 2495 688 811
917	1838 1141 1554 2192
918	1721 810 1129 2077
919	2171 2429 71 2268
920	1001 1117 1586 37
921	1669 1698 356 966
922	890 1260 744 1167
923	1668 2347 75 1744
924	2063 1351 1306 184
925	2368 72 1053 1150
926	1063 1953 225 1381
927	593 2350 1361 1547
928	276 805 449 2269
929	1077 2118 887 1839
930	2268 2146 1948 1786
931	1583 777 1500 1104
932	1824 2437 1116 149
933	1699 839 92 1786
934	2069 2368 1270 1755
935	2473 1124 944 1563
936	887 2424 325 1262
937	1864 236 586 1177
938	192 539 2365 1217
939	1599 1849 992 1878
940	1180 416 227 2228
941	2118 754 688 714
942	862 471 1400 1300
943	1188 1607 603 2162
944	1485 1104 1958 533
945	1117 398 2235 591
946	2437 2008 447 1868
947	1716 1791 2459 2214
948	1306 1639 623 1571
949	1257 1215 2126 78
950	2029 142 1167 552
951	695 1406 1873 1239
952	925 68 1978 985
953	2284 1456 888 1540
954	963 1089 438 1047
955	27 2396 216 419
956	744 573 2055 369
957	1063 1886 1535 874
958	12 1429 679 1514
959	1639 1686 180 601
960	435 1945 1558 11
961	1304 286 102 1932
962	1495 2036 813 2106
963	1775 1834 816 513
964	1541 1308 15 476
965	167 1371 2327 653
966	944 1654 1882 1226
967	2427 287 916 1521
968	288 791 270 469
969	1789 2429 1652 241
970	1670 593 1972 755
971	1511 389 2421 596
972	515 406 2043 1529
973	924 631 1747 1852
974	1175 661 742 1135
975	1533 395 1177 1241
976	2222 1078 1401 743
977	473 1097 2480 876
978	1502 539 1956 288
979	2099 2377 475 302
980	1896 2341 1110 780
981	2348 392 1290 2023
982	1227 1477 557 994
983	2263 1026 934 1674
984	1367 2393 2469 2173
985	1704 801 132 2066
986	2405 1266 1435 1976
987	1813 501 931 1060
988	98 1273 2335 920
989	216 1303 1217 2184
990	1454 112 175 1057
991	1248 560 2373 1551
992	1419 1101 2200 74
993	2214 1845 433 4
994	1033 122 1703 1881
995	783 1383 2268 438
996	1358 408 1777 2124
997	573 584 450 2061
998	630 766 842 1322
999	1903 2082 1154 767
1000	1818 220 202 2120
