Students	250
1	8 1 9 14
2	15 2 12 8
3	16 9 11 7
4	14 6 11 18
5	5 20 16 15
6	17 10 19 11
7	18 9 11 15
8	14 18 4 10
9	14 16 8 3
10	1 9 20 7
11	1 17 14 11
12	18 19 4 3
13	20 8 7 4
14	18 10 12 19
15	14 2 10 9
16	5 16 10 14
17	9 18 3 6
18	4 2 8 3
19	4 16 3 20
20	8 2 13 10
21	8 6 11 12
22	13 5 15 10
23	18 10 9 12
24	2 3 17 6
25	19 3 13 6
26	3 6 16 18
27	5 16 7 6
28	5 6 2 9
29	7 4 13 12
30	9 19 16 2
31	5 19 9 14
32	8 10 17 11
33	13 7 3 9
34	16 9 13 4
35	19 20 10 2
36	7 1 11 6
37	15 4 14 19
38	8 1 5 14
39	11 14 5 6
40	9 16 12 19
41	17 18 16 6
42	18 11 4 10
43	8 13 3 19
44	6 12 3 8
45	4 8 11 2
46	9 2 12 17
47	19 16 5 12
48	17 9 2 5
49	2 1 8 16
50	12 10 19 7
51	8 4 14 6
52	10 12 4 16
53	18 6 5 2
54	3 17 16 2
55	4 9 2 3
56	10 4 2 8
57	20 17 7 10
58	12 14 11 2
59	9 13 10 3
60	12 3 5 18
61	11 1 5 4
62	17 6 20 5
63	10 14 16 4
64	18 6 8 14
65	4 18 3 14
66	18 7 17 16
67	17 14 5 12
68	4 8 12 16
69	14 18 10 6
70	10 18 20 6
71	13 9 14 16
72	12 9 4 7
73	17 14 11 16
74	2 17 10 14
75	9 10 3 13
76	20 12 16 6
77	3 1 15 13
78	3 4 20 7
79	2 15 1 3
80	20 10 15 14
81	5 1 17 3
82	17 7 9 20
83	5 10 4 13
84	12 3 11 1
85	17 3 2 9
86	11 13 2 18
87	1 3 18 16
88	20 12 13 16
89	8 4 7 5
90	15 9 18 13
91	6 20 8 7
92	10 3 9 17
93	4 13 19 20
94	15 17 20 1
95	16 9 3 5
96	10 19 14 17
97	16 10 2 19
98	16 5 9 14
99	18 10 3 6
100	11 1 18 8
101	20 19 11 9
102	7 12 8 15
103	17 16 11 20
104	13 2 20 12
105	15 9 20 3
106	3 1 8 5
107	17 14 18 2
108	1 17 12 11
109	5 2 15 6
110	16 20 6 17
111	10 14 20 8
112	11 18 8 13
113	4 20 2 14
114	10 16 17 1
115	3 19 9 4
116	10 2 12 5
117	2 12 6 1
118	20 16 15 3
119	10 8 15 9
120	13 10 9 11
121	1 15 9 4
122	6 12 10 15
123	9 19 5 8
124	9 7 13 16
125	9 7 8 14
126	2 5 19 17
127	6 11 5 7
128	5 17 1 14
129	9 3 1 13
130	15 16 17 18
131	11 18 12 17
132	12 7 1 11
133	5 13 15 2
134	17 4 3 9
135	6 8 3 7
136	16 6 12 17
137	9 14 15 6
138	18 20 5 2
139	2 4 12 1
140	1 12 9 3
141	7 17 20 9
142	19 1 4 7
143	20 9 1 17
144	10 13 5 1
145	2 17 5 4
146	19 6 5 16
147	18 6 15 11
148	2 20 11 17
149	19 2 10 1
150	14 10 19 11
151	16 10 17 12
152	16 8 6 9
153	9 12 17 10
154	16 2 20 6
155	15 17 7 6
156	19 17 13 18
157	2 14 7 5
158	6 1 16 13
159	7 2 8 4
160	17 8 20 19
161	16 9 11 8
162	14 13 11 17
163	2 5 14 11
164	2 9 7 11
165	12 9 13 17
166	1 18 19 3
167	13 8 11 9
168	9 8 18 1
169	18 10 6 8
170	18 19 13 9
171	20 8 6 18
172	20 16 6 15
173	5 20 12 1
174	6 18 8 5
175	1 2 14 5
176	13 12 15 3
177	7 6 3 10
178	4 13 3 9
179	12 4 2 17
180	17 14 15 12
181	12 14 19 18
182	15 4 1 17
183	2 11 5 19
184	15 3 11 1
185	20 17 16 12
186	3 6 15 2
187	7 6 18 4
188	8 7 6 19
189	11 18 8 9
190	2 17 8 16
191	4 2 12 7
192	6 16 20 1
193	3 9 1 5
194	20 11 17 15
195	4 17 10 15
196	6 14 13 7
197	4 9 5 3
198	4 19 14 8
199	2 18 8 11
200	2 7 17 14
201	18 19 9 16
202	2 5 16 13
203	18 11 5 10
204	17 10 1 3
205	1 3 13 16
206	19 16 18 8
207	2 10 16 15
208	3 5 6 18
209	3 13 7 18
210	7 16 13 4
211	6 9 13 12
212	15 18 2 11
213	2 1 17 16
214	15 10 9 17
215	13 4 3 15
216	20 10 6 2
217	2 8 13 18
218	13 15 4 20
219	2 16 10 15
220	8 10 14 3
221	19 1 7 5
222	6 8 17 3
223	16 17 18 13
224	8 6 7 20
225	7 3 16 5
226	20 16 7 10
227	13 1 3 10
228	20 13 10 7
229	5 16 9 10
230	9 10 7 14
231	6 12 16 18
232	15 1 17 10
233	12 5 9 19
234	9 1 7 10
235	18 3 20 13
236	14 1 18 13
237	2 17 7 11
238	12 6 15 2
239	8 16 14 9
240	19 1 20 15
241	15 5 13 12
242	6 10 11 13
243	16 5 6 1
244	8 9 19 10
245	20 18 7 9
246	13 19 7 12
247	9 13 2 15
248	4 2 1 8
249	19 3 7 12
250	7 13 3 8
Students	250
1	6 4 17 7
2	13 10 15 5
3	15 2 18 6
4	19 3 18 15
5	10 5 1 18
6	4 8 15 7
7	16 1 17 4
8	8 16 10 9
9	1 4 19 6
10	7 9 15 10
11	15 10 18 13
12	5 13 3 4
13	9 3 20 19
14	12 7 11 19
15	17 3 8 10
16	1 18 11 10
17	2 19 7 17
18	12 11 20 18
19	9 18 7 13
20	14 16 18 13
21	12 18 1 6
22	14 16 12 7
23	11 3 17 13
24	1 20 14 8
25	20 1 8 14
26	10 16 1 19
27	1 7 16 9
28	15 8 9 14
29	13 14 6 2
30	3 17 5 10
31	16 11 18 1
32	7 17 3 18
33	12 7 14 1
34	17 2 4 7
35	3 10 15 13
36	16 2 9 5
37	2 9 14 11
38	13 15 17 10
39	8 20 7 10
40	18 2 1 8
41	12 1 5 2
42	14 19 5 9
43	11 8 4 13
44	14 18 5 15
45	4 8 16 19
46	15 20 9 10
47	20 4 14 6
48	20 8 9 7
49	18 8 4 16
50	17 9 1 6
51	4 7 12 9
52	9 18 16 1
53	4 15 1 16
54	13 16 14 5
55	6 2 18 13
56	15 20 11 10
57	14 15 7 18
58	18 2 19 8
59	1 17 11 12
60	19 18 11 20
61	10 15 17 19
62	14 12 11 1
63	9 10 12 11
64	5 17 14 10
65	12 5 20 18
66	15 6 9 16
67	5 9 6 4
68	9 10 8 19
69	7 3 16 19
70	10 20 1 12
71	12 10 8 17
72	3 4 6 14
73	11 17 6 13
74	12 4 18 15
75	9 8 2 6
76	10 18 4 12
77	15 10 18 12
78	15 17 5 20
79	9 4 12 15
80	6 16 8 19
81	1 19 2 4
82	15 14 1 20
83	7 5 8 11
84	1 6 7 10
85	2 7 1 8
86	5 9 4 15
87	8 2 14 4
88	20 7 9 6
89	7 1 15 16
90	9 1 16 5
91	3 6 16 14
92	8 14 5 3
93	1 15 17 5
94	7 2 15 10
95	4 1 9 15
96	12 10 1 16
97	11 9 20 6
98	8 16 1 12
99	6 1 11 15
100	18 12 11 17
101	7 14 5 18
102	9 5 7 11
103	6 14 8 9
104	6 4 3 5
105	17 8 19 10
106	2 17 4 15
107	5 7 8 4
108	6 11 12 18
109	8 18 6 15
110	8 16 17 15
111	7 4 14 8
112	2 15 6 11
113	6 20 7 18
114	6 20 19 8
115	6 5 9 7
116	5 3 12 7
117	2 11 12 14
118	19 8 7 6
119	16 6 19 14
120	3 11 2 13
121	20 14 9 6
122	12 7 15 9
123	4 13 17 9
124	17 18 3 19
125	8 17 3 1
126	2 3 8 18
127	2 13 14 18
128	10 17 4 15
129	4 16 11 9
130	18 11 3 6
131	5 8 9 12
132	15 7 2 8
133	5 4 20 11
134	10 3 18 2
135	17 10 18 15
136	5 17 6 1
137	11 9 4 12
138	11 20 15 18
139	11 12 3 17
140	5 16 20 8
141	13 18 8 14
142	7 16 13 3
143	6 14 18 8
144	9 19 13 11
145	16 4 2 11
146	16 15 7 20
147	15 12 18 10
148	5 18 6 17
149	8 1 12 14
150	19 6 12 20
151	9 18 13 10
152	15 19 11 12
153	10 19 4 17
154	11 1 19 10
155	20 16 12 11
156	8 20 5 10
157	17 5 10 2
158	8 19 6 9
159	18 4 1 19
160	18 2 12 3
161	16 4 13 2
162	8 19 4 17
163	17 13 5 19
164	11 15 16 13
165	5 20 4 1
166	13 6 8 12
167	5 18 17 16
168	9 11 7 10
169	8 16 7 1
170	18 4 15 8
171	7 20 12 15
172	5 20 8 6
173	7 8 9 3
174	9 15 17 2
175	20 3 6 11
176	6 4 20 14
177	4 19 2 1
178	13 7 10 18
179	4 13 7 6
180	1 16 18 10
181	18 4 20 16
182	5 11 13 15
183	5 3 10 17
184	7 2 18 1
185	20 5 12 15
186	17 20 6 14
187	6 14 7 15
188	8 5 2 16
189	4 3 7 6
190	18 9 7 10
191	13 18 5 19
192	1 14 19 3
193	14 12 7 11
194	10 13 5 2
195	13 3 14 16
196	8 15 10 13
197	4 17 5 8
198	8 6 13 17
199	1 2 13 4
200	7 5 2 19
201	7 3 15 20
202	1 19 3 14
203	20 10 1 8
204	10 1 3 20
205	5 16 9 4
206	11 14 3 7
207	7 1 17 20
208	6 12 20 2
209	15 14 10 8
210	13 14 19 7
211	2 3 7 15
212	14 8 13 4
213	13 18 1 15
214	13 18 10 1
215	3 12 7 2
216	12 11 19 8
217	1 12 13 4
218	10 18 5 8
219	14 18 5 2
220	11 17 3 6
221	1 7 18 8
222	19 12 4 5
223	1 9 19 12
224	2 6 17 13
225	9 4 10 18
226	2 20 7 12
227	2 11 19 20
228	6 13 19 18
229	6 20 15 18
230	9 7 2 10
231	18 15 20 14
232	18 13 15 8
233	3 5 15 12
234	10 18 12 15
235	18 10 16 4
236	18 13 3 11
237	8 4 7 3
238	19 11 12 14
239	15 9 18 19
240	7 4 10 20
241	14 12 4 11
242	7 18 1 20
243	19 10 18 7
244	4 8 14 2
245	14 16 4 6
246	15 11 16 19
247	2 4 8 16
248	16 20 8 2
249	3 15 13 5
250	4 5 13 7
Students	250
1	19 4 15 17
2	12 14 16 17
3	6 18 4 7
4	18 7 6 10
5	5 7 8 16
6	1 12 4 10
7	15 4 9 14
8	10 7 17 12
9	17 12 8 7
10	8 5 13 14
11	13 2 11 16
12	9 16 7 20
13	8 7 15 10
14	8 12 17 1
15	14 17 7 2
16	14 20 8 11
17	16 2 12 17
18	9 14 2 7
19	15 12 1 9
20	13 14 20 9
21	20 14 8 13
22	15 12 6 16
23	6 14 12 10
24	14 9 20 17
25	19 13 10 5
26	8 19 7 6
27	1 9 8 6
28	9 2 3 1
29	4 17 3 13
30	14 2 8 10
31	5 19 2 18
32	14 1 15 7
33	14 6 8 19
34	14 1 16 5
35	17 2 8 5
36	1 11 10 2
37	2 16 12 17
38	3 8 20 12
39	13 16 1 4
40	19 18 17 3
41	6 8 20 9
42	7 1 8 14
43	16 1 20 7
44	16 20 14 9
45	18 4 3 7
46	2 11 20 14
47	20 14 8 1
48	16 10 4 19
49	3 18 4 16
50	13 1 20 10
51	8 9 16 15
52	11 2 14 6
53	4 8 13 6
54	17 8 11 19
55	14 1 8 11
56	19 14 15 6
57	3 16 6 20
58	18 4 10 12
59	6 16 17 2
60	2 16 20 12
61	4 6 13 17
62	1 18 15 14
63	19 14 18 7
64	14 11 4 3
65	18 20 12 13
66	17 16 1 13
67	16 8 9 5
68	10 1 11 13
69	2 6 17 9
70	6 16 5 12
71	12 13 9 2
72	7 18 8 14
73	1 9 10 18
74	6 18 2 20
75	15 3 10 9
76	13 2 17 3
77	16 13 4 11
78	15 2 8 14
79	5 3 14 6
80	8 12 2 14
81	19 20 10 14
82	5 12 20 11
83	17 3 20 11
84	15 7 2 16
85	16 3 15 5
86	3 8 14 4
87	8 6 17 12
88	6 11 16 18
89	8 9 1 4
90	15 11 5 16
91	1 5 19 17
92	12 15 18 10
93	3 13 16 12
94	1 3 6 8
95	17 18 20 6
96	18 14 4 17
97	4 9 19 11
98	10 17 18 15
99	12 17 1 2
100	19 5 13 7
101	9 1 5 8
102	16 3 14 5
103	17 11 18 6
104	4 5 1 10
105	7 5 12 8
106	5 19 11 1
107	13 20 6 10
108	20 8 4 16
109	13 18 8 16
110	3 7 20 18
111	16 12 14 6
112	5 6 11 3
113	12 7 3 14
114	13 19 12 1
115	14 15 16 3
116	10 16 19 12
117	10 8 14 1
118	19 9 15 2
119	6 20 7 18
120	1 16 11 17
121	16 10 2 12
122	6 3 10 9
123	2 7 3 16
124	19 17 1 9
125	19 9 7 2
126	9 11 10 20
127	2 19 8 13
128	18 8 4 2
129	3 13 14 2
130	18 19 5 6
131	4 14 12 11
132	12 16 13 9
133	18 16 9 17
134	3 18 14 5
135	11 4 19 17
136	6 18 11 20
137	17 9 5 8
138	12 16 10 8
139	9 12 18 10
140	16 6 10 8
141	9 11 12 15
142	19 2 18 16
143	18 20 17 1
144	14 20 6 12
145	4 10 8 6
146	2 7 16 20
147	19 4 11 10
148	6 20 1 4
149	5 11 18 2
150	4 19 15 14
151	10 7 20 3
152	10 13 18 1
153	12 6 4 2
154	8 15 16 18
155	12 16 3 6
156	1 19 13 12
157	12 17 15 3
158	18 6 7 13
159	8 13 2 4
160	5 10 2 15
161	17 15 1 5
162	13 6 12 18
163	12 7 14 5
164	9 1 7 13
165	12 17 19 1
166	11 12 2 7
167	14 9 15 1
168	12 6 5 3
169	14 9 6 5
170	20 14 18 19
171	1 20 4 14
172	16 3 20 12
173	14 5 6 4
174	19 15 7 20
175	20 12 13 5
176	3 15 12 6
177	15 17 8 3
178	1 14 3 15
179	10 19 4 11
180	13 14 12 10
181	16 14 10 13
182	8 10 12 15
183	5 3 4 12
184	1 18 5 14
185	10 17 4 2
186	4 7 15 8
187	19 7 3 14
188	17 7 5 20
189	1 15 11 10
190	8 15 10 12
191	5 19 4 14
192	8 15 1 13
193	14 13 19 8
194	3 10 4 6
195	3 18 2 6
196	11 13 12 4
197	1 5 7 12
198	2 6 7 19
199	5 11 16 8
200	7 9 20 12
201	17 6 3 13
202	4 17 1 7
203	1 5 16 15
204	13 17 4 8
205	17 3 15 9
206	2 10 16 13
207	10 18 16 20
208	2 13 12 7
209	7 3 14 10
210	17 3 13 15
211	4 17 1 14
212	5 12 4 11
213	11 14 9 1
214	9 2 4 15
215	3 18 2 4
216	1 2 15 20
217	8 13 9 20
218	19 2 8 16
219	19 18 9 15
220	18 16 6 11
221	16 10 12 6
222	1 4 7 16
223	5 18 19 20
224	2 10 14 17
225	5 2 18 4
226	7 10 16 13
227	7 19 18 11
228	14 19 2 7
229	18 3 7 9
230	17 13 12 8
231	16 13 17 10
232	11 9 6 4
233	4 2 6 13
234	11 4 17 16
235	9 19 7 4
236	20 12 10 5
237	17 8 19 16
238	19 18 6 17
239	18 17 3 1
240	2 8 18 15
241	16 10 9 5
242	10 20 4 16
243	17 11 20 8
244	14 15 8 17
245	9 12 8 13
246	14 9 1 18
247	20 6 13 18
248	17 8 5 10
249	3 13 18 8
250	7 17 6 1
Students	250
1	8 20 13 16
2	8 14 7 15
3	9 2 10 7
4	17 16 5 18
5	15 12 18 10
6	15 8 2 1
7	13 1 15 12
8	18 20 9 17
9	11 15 5 6
10	9 2 15 20
11	19 16 1 3
12	10 11 5 13
13	15 19 13 5
14	6 17 12 5
15	7 6 8 12
16	17 9 15 16
17	9 10 1 11
18	14 3 17 18
19	15 18 10 11
20	20 19 14 16
21	7 4 13 15
22	7 10 8 4
23	12 11 17 16
24	5 15 13 4
25	12 3 18 15
26	19 3 20 16
27	15 13 3 12
28	19 9 5 1
29	5 20 1 19
30	18 13 2 5
31	7 3 1 6
32	15 5 18 20
33	4 5 13 20
34	11 6 12 8
35	14 1 19 16
36	9 16 1 20
37	2 10 3 20
38	17 13 14 19
39	7 17 15 19
40	2 16 14 18
41	3 14 8 2
42	4 3 17 7
43	7 9 18 2
44	12 15 9 17
45	14 10 17 13
46	3 11 20 12
47	11 12 14 8
48	3 7 17 18
49	17 20 18 8
50	6 12 17 8
51	9 19 4 17
52	13 2 8 17
53	17 15 19 13
54	4 1 5 13
55	13 6 2 12
56	8 3 20 14
57	16 3 6 8
58	5 19 9 14
59	20 11 19 15
60	8 9 6 12
61	12 1 17 8
62	20 3 19 2
63	3 14 12 16
64	7 8 9 15
65	20 2 9 12
66	2 16 18 13
67	16 7 3 19
68	1 14 20 4
69	4 14 9 10
70	1 11 2 15
71	3 14 9 6
72	4 13 17 2
73	4 6 16 17
74	4 19 16 20
75	10 6 3 4
76	5 12 17 6
77	18 17 11 1
78	17 13 19 10
79	17 9 16 7
80	3 18 6 10
81	17 11 12 16
82	14 11 17 10
83	5 9 3 6
84	3 16 15 11
85	1 2 19 7
86	6 13 17 18
87	18 10 12 4
88	17 2 16 1
89	13 15 8 10
90	19 8 18 16
91	17 13 3 6
92	7 3 20 6
93	15 16 10 3
94	6 19 9 17
95	19 4 20 9
96	1 19 9 3
97	13 2 6 4
98	1 17 8 14
99	20 14 6 3
100	6 10 12 4
101	15 3 2 13
102	20 14 13 7
103	6 15 7 16
104	17 7 5 15
105	14 16 3 7
106	19 18 9 14
107	9 17 16 15
108	3 14 17 13
109	5 3 9 11
110	4 15 11 19
111	8 1 20 3
112	12 9 17 1
113	13 6 7 15
114	11 15 17 1
115	4 7 14 18
116	20 7 16 4
117	10 3 7 6
118	3 11 19 7
119	11 10 15 5
120	17 2 1 16
121	2 3 6 16
122	14 3 20 13
123	10 14 20 5
124	20 2 14 4
125	16 4 10 6
126	16 9 10 17
127	8 14 4 3
128	16 5 9 17
129	15 10 16 6
130	16 12 8 5
131	7 14 12 17
132	19 14 10 17
133	6 19 8 2
134	18 6 17 13
135	5 12 9 16
136	8 2 11 5
137	3 1 20 10
138	19 10 5 15
139	18 11 5 4
140	2 4 13 1
141	3 9 19 18
142	5 13 15 14
143	20 2 9 7
144	1 15 10 2
145	20 4 3 8
146	13 7 10 20
147	2 6 9 11
148	11 9 17 14
149	13 11 17 6
150	13 2 18 14
151	3 2 14 5
152	5 2 17 13
153	10 4 16 6
154	16 8 10 5
155	16 12 18 17
156	16 12 20 1
157	1 12 8 17
158	10 19 18 11
159	16 19 14 2
160	5 19 11 6
161	14 6 1 11
162	19 16 12 4
163	8 12 18 13
164	6 2 8 14
165	10 16 12 7
166	19 5 17 2
167	4 3 7 19
168	10 6 17 2
169	15 18 14 2
170	14 1 15 3
171	6 1 17 2
172	8 2 9 12
173	2 17 8 3
174	17 3 8 10
175	10 1 16 9
176	15 17 20 1
177	13 1 15 2
178	9 18 12 8
179	14 3 8 1
180	11 17 9 3
181	14 13 5 18
182	3 7 14 1
183	11 19 3 12
184	16 18 1 15
185	2 13 8 17
186	11 10 15 20
187	18 13 16 19
188	12 6 17 20
189	3 2 17 19
190	17 5 20 2
191	9 11 17 2
192	2 9 5 19
193	14 13 8 11
194	15 3 19 8
195	1 5 8 19
196	12 16 20 4
197	14 2 16 13
198	20 9 16 3
199	8 5 6 15
200	19 5 17 18
201	17 18 13 10
202	9 17 7 20
203	20 15 19 18
204	16 7 4 6
205	10 3 19 11
206	8 10 3 12
207	5 15 16 13
208	7 6 15 18
209	7 15 3 11
210	19 14 1 5
211	15 17 18 12
212	5 13 6 2
213	14 7 11 16
214	17 12 14 5
215	15 18 16 19
216	11 2 15 19
217	7 13 19 14
218	13 6 11 9
219	16 6 20 3
220	1 8 17 9
221	16 7 1 4
222	9 18 11 16
223	19 5 13 11
224	18 11 7 16
225	16 8 14 19
226	6 7 8 2
227	2 17 15 5
228	2 9 6 19
229	12 8 15 18
230	13 20 5 2
231	13 2 14 20
232	14 15 5 10
233	18 17 20 12
234	10 9 15 11
235	18 20 4 6
236	8 7 3 6
237	4 11 9 5
238	5 4 17 19
239	15 10 5 12
240	11 20 6 7
241	2 18 14 13
242	13 7 9 5
243	3 18 7 1
244	3 19 6 15
245	5 11 17 14
246	1 14 2 8
247	18 11 5 19
248	2 12 6 5
249	1 9 11 7
250	14 15 17 7
Students	250
1	12 3 10 8
2	7 6 20 14
3	9 11 8 7
4	6 9 10 12
5	14 11 3 17
6	10 16 8 11
7	1 10 5 20
8	5 7 6 14
9	17 7 8 6
10	6 15 13 8
11	10 1 2 14
12	7 15 12 4
13	7 6 8 2
14	20 12 2 11
15	5 20 11 9
16	1 9 19 12
17	11 15 14 7
18	14 2 20 19
19	14 5 16 4
20	3 18 15 8
21	14 20 8 4
22	14 3 5 18
23	2 5 17 7
24	3 18 15 20
25	10 16 5 3
26	14 5 9 3
27	13 2 20 18
28	13 12 16 17
29	18 3 8 13
30	18 10 7 15
31	10 2 11 15
32	3 18 15 1
33	8 18 11 4
34	16 18 4 10
35	19 11 1 16
36	12 5 7 15
37	11 14 18 5
38	10 1 12 19
39	11 13 19 15
40	17 14 19 15
41	9 12 10 15
42	12 18 5 15
43	5 12 13 6
44	9 15 6 10
45	13 5 7 11
46	14 5 4 16
47	14 18 5 8
48	19 4 3 9
49	18 17 14 15
50	5 2 9 17
51	8 11 6 14
52	12 19 8 9
53	15 17 3 12
54	5 10 19 20
55	17 2 3 20
56	9 14 1 15
57	9 8 10 20
58	13 1 6 7
59	19 2 10 11
60	15 17 7 10
61	5 11 6 9
62	5 16 13 18
63	11 1 18 20
64	8 4 15 17
65	14 8 7 11
66	2 14 3 18
67	5 1 18 9
68	6 8 18 5
69	10 8 1 11
70	4 7 17 8
71	2 14 1 11
72	5 20 3 13
73	17 13 10 3
74	16 7 20 4
75	7 19 3 1
76	3 19 2 10
77	19 14 7 20
78	7 1 13 15
79	12 17 10 5
80	6 16 3 5
81	20 11 18 14
82	17 11 16 3
83	20 13 5 18
84	8 19 5 14
85	4 9 8 6
86	13 18 11 17
87	17 1 5 10
88	4 9 1 3
89	13 2 7 10
90	11 19 3 17
91	19 11 9 17
92	11 4 18 20
93	12 20 9 11
94	6 1 19 17
95	19 12 4 20
96	3 1 16 15
97	16 19 17 18
98	9 15 4 11
99	8 2 9 15
100	18 13 12 5
101	2 20 4 19
102	6 2 15 8
103	10 19 14 3
104	19 20 16 11
105	15 14 2 7
106	10 15 5 12
107	16 9 14 8
108	5 11 3 12
109	12 16 10 13
110	1 20 17 7
111	15 20 7 12
112	15 1 17 19
113	3 13 7 6
114	14 19 16 6
115	16 14 2 9
116	14 12 6 4
117	17 12 2 19
118	10 6 11 3
119	5 12 16 11
120	15 20 6 9
121	11 12 1 9
122	18 6 20 11
123	4 17 19 9
124	16 4 6 18
125	12 18 15 6
126	10 11 3 14
127	17 2 11 6
128	8 13 7 12
129	6 4 16 17
130	2 15 4 6
131	5 17 4 14
132	8 15 6 2
133	7 4 9 17
134	11 14 9 19
135	20 17 10 5
136	11 10 19 6
137	16 11 2 1
138	5 17 14 16
139	7 12 17 4
140	3 9 18 19
141	11 15 4 19
142	10 9 5 20
143	17 16 18 10
144	4 7 20 10
145	4 9 20 8
146	6 15 20 17
147	4 2 13 18
148	12 18 10 4
149	4 17 12 1
150	16 12 8 19
151	15 17 5 18
152	2 17 5 8
153	9 7 2 12
154	9 18 20 8
155	1 10 13 2
156	3 7 10 20
157	1 7 12 18
158	5 13 17 18
159	20 10 16 15
160	15 8 6 7
161	10 12 18 13
162	1 6 7 12
163	6 1 18 4
164	7 4 17 10
165	5 19 2 9
166	7 13 17 15
167	4 19 1 5
168	5 3 2 17
169	4 7 20 3
170	15 14 5 11
171	20 4 7 18
172	5 18 2 3
173	17 20 3 8
174	1 15 16 12
175	20 8 19 15
176	15 5 7 9
177	10 13 20 8
178	6 7 2 9
179	15 8 6 3
180	2 15 8 11
181	13 18 4 20
182	6 3 13 2
183	7 3 20 17
184	17 5 19 14
185	3 2 18 12
186	1 10 3 11
187	4 16 17 18
188	2 10 8 6
189	6 1 2 12
190	8 14 17 5
191	6 12 18 14
192	2 12 7 20
193	8 3 5 17
194	7 20 11 15
195	7 17 15 9
196	11 5 20 16
197	10 15 20 4
198	6 14 10 3
199	8 2 20 9
200	12 17 19 15
201	10 4 6 12
202	19 14 2 9
203	11 3 16 2
204	6 8 1 16
205	17 4 20 16
206	1 5 11 16
207	15 16 12 5
208	7 19 6 10
209	4 8 11 12
210	11 4 12 7
211	16 5 17 13
212	15 9 13 8
213	9 7 5 2
214	18 14 4 8
215	9 14 3 8
216	18 4 9 3
217	5 15 13 14
218	7 5 19 15
219	18 9 16 12
220	19 14 12 15
221	6 19 13 16
222	8 11 5 2
223	19 20 16 7
224	5 12 2 19
225	14 8 6 9
226	5 7 11 1
227	7 18 2 1
228	1 7 17 11
229	5 4 17 20
230	17 15 8 2
231	3 18 19 5
232	6 16 20 2
233	9 4 13 10
234	7 3 9 16
235	19 3 14 18
236	19 15 8 7
237	13 15 12 4
238	13 20 7 16
239	7 13 15 12
240	2 11 10 7
241	17 18 7 15
242	13 8 12 2
243	9 18 14 5
244	15 6 4 2
245	9 18 17 13
246	11 7 3 20
247	3 13 5 2
248	15 19 4 16
249	8 1 20 19
250	8 16 20 5
Students	250
1	11 14 7 19
2	12 1 11 4
3	16 3 20 19
4	18 14 4 12
5	8 6 16 3
6	15 3 5 11
7	17 20 1 3
8	8 14 10 13
9	2 19 3 5
10	7 9 3 4
11	3 18 7 15
12	19 6 11 20
13	19 6 13 16
14	15 3 2 16
15	11 17 20 16
16	15 10 11 18
17	15 6 2 8
18	4 13 16 17
19	4 3 17 9
20	10 1 9 5
21	5 9 11 12
22	12 10 14 16
23	7 17 19 11
24	19 13 16 7
25	3 5 18 12
26	17 16 6 11
27	9 10 6 18
28	17 13 3 20
29	11 6 1 15
30	18 6 1 19
31	4 13 3 19
32	19 18 20 8
33	15 10 19 3
34	9 6 13 20
35	7 17 13 3
36	17 11 15 10
37	11 16 10 14
38	9 17 1 10
39	13 4 17 5
40	9 5 13 8
41	17 20 14 16
42	15 11 20 16
43	3 13 2 11
44	20 18 8 16
45	6 17 20 15
46	8 4 20 16
47	7 4 5 6
48	11 19 20 8
49	5 13 15 9
50	16 19 4 6
51	11 2 14 10
52	11 18 14 6
53	10 6 11 5
54	8 4 11 17
55	4 12 16 5
56	8 16 17 3
57	19 2 11 20
58	12 18 11 3
59	1 17 16 2
60	10 17 11 7
61	7 11 4 2
62	2 8 4 18
63	16 10 11 4
64	6 19 13 7
65	5 11 20 12
66	15 4 3 20
67	9 18 13 6
68	8 19 17 6
69	13 3 4 6
70	11 18 4 7
71	17 3 4 1
72	2 14 3 15
73	6 16 3 13
74	1 16 12 5
75	6 14 16 15
76	5 15 11 1
77	13 19 6 17
78	3 16 8 6
79	17 13 18 1
80	2 5 20 14
81	10 16 17 18
82	4 5 18 9
83	1 4 5 20
84	3 14 15 20
85	16 15 6 11
86	15 4 7 3
87	10 20 8 14
88	16 20 11 13
89	2 6 5 19
90	13 3 12 8
91	1 10 20 13
92	6 2 15 10
93	15 14 9 8
94	1 6 20 2
95	19 17 14 12
96	6 10 14 13
97	17 4 18 7
98	5 14 9 17
99	6 17 1 19
100	8 4 7 5
101	12 17 2 1
102	11 10 15 12
103	20 16 10 15
104	1 17 14 7
105	8 13 5 9
106	16 8 7 19
107	6 4 18 3
108	16 19 2 7
109	3 5 16 7
110	14 9 7 6
111	6 15 12 17
112	6 5 12 7
113	16 15 4 6
114	9 18 20 11
115	17 8 13 10
116	7 4 1 10
117	15 10 1 20
118	9 12 14 7
119	9 3 5 12
120	20 9 16 15
121	6 11 12 9
122	18 12 16 15
123	2 7 18 20
124	17 20 5 14
125	16 10 8 6
126	3 11 8 9
127	11 9 12 8
128	12 15 5 6
129	3 13 20 5
130	11 3 17 13
131	11 16 18 6
132	17 6 8 10
133	20 12 18 2
134	11 2 14 7
135	20 5 16 17
136	14 7 20 10
137	17 13 3 12
138	12 16 17 9
139	8 19 17 10
140	1 8 18 4
141	10 13 15 6
142	18 14 11 1
143	2 11 9 17
144	9 19 15 10
145	13 6 5 9
146	2 13 16 18
147	5 10 17 1
148	20 1 8 17
149	1 5 2 9
150	13 11 2 15
151	11 13 1 4
152	4 20 6 17
153	1 2 12 17
154	5 18 10 6
155	7 12 5 16
156	12 8 17 2
157	14 16 12 17
158	2 12 16 7
159	4 12 20 16
160	19 6 13 16
161	6 12 18 16
162	13 2 1 17
163	13 18 17 12
164	11 9 20 4
165	5 20 19 7
166	12 2 14 10
167	2 5 19 3
168	3 11 19 1
169	10 2 19 3
170	13 9 14 18
171	17 5 1 6
172	19 11 1 6
173	18 7 17 1
174	11 1 10 7
175	10 13 3 15
176	10 17 4 5
177	13 10 8 2
178	20 14 17 1
179	4 3 14 19
180	2 3 20 13
181	17 18 9 15
182	9 14 2 3
183	5 11 4 14
184	18 6 3 20
185	5 1 7 2
186	10 12 2 6
187	6 17 8 4
188	4 20 14 18
189	4 16 15 10
190	6 18 9 3
191	4 18 15 12
192	20 15 11 5
193	16 10 1 19
194	4 17 9 13
195	1 10 19 14
196	12 17 10 4
197	19 4 6 13
198	6 18 13 15
199	5 14 20 18
200	3 18 15 13
201	14 10 8 18
202	5 3 18 19
203	12 16 5 15
204	8 9 6 11
205	11 9 17 6
206	10 11 7 18
207	5 13 1 2
208	13 5 10 17
209	13 17 16 12
210	20 8 13 3
211	12 4 17 18
212	9 6 20 12
213	13 10 9 18
214	16 15 19 18
215	10 4 19 17
216	4 20 1 13
217	18 6 10 16
218	12 5 17 9
219	15 6 9 16
220	12 11 5 4
221	12 17 4 6
222	19 10 5 3
223	9 7 15 20
224	2 20 1 12
225	13 8 6 10
226	19 17 15 7
227	3 17 1 4
228	13 17 9 8
229	1 20 12 2
230	18 9 16 17
231	15 5 11 10
232	4 13 20 16
233	3 16 14 9
234	7 14 15 11
235	17 7 11 4
236	9 16 1 17
237	18 9 6 7
238	1 9 8 6
239	13 8 9 5
240	8 20 17 13
241	14 3 4 18
242	13 10 9 3
243	15 3 10 1
244	9 17 5 20
245	6 19 15 20
246	16 7 14 13
247	20 10 13 6
248	16 13 4 14
249	8 20 4 19
250	1 4 5 17
Students	250
1	8 19 7 10
2	15 10 19 14
3	20 9 17 2
4	1 3 7 17
5	18 12 20 6
6	16 11 10 5
7	2 20 18 17
8	2 5 11 14
9	13 19 10 7
10	12 14 16 1
11	9 19 3 4
12	2 8 7 13
13	16 17 5 13
14	8 9 13 19
15	15 12 9 18
16	11 9 4 18
17	18 19 14 1
18	10 12 2 7
19	20 2 6 11
20	5 12 9 7
21	19 10 8 3
22	18 10 7 1
23	6 18 14 1
24	7 17 9 19
25	7 14 12 17
26	2 16 4 6
27	7 5 4 1
28	1 11 18 15
29	19 15 3 1
30	8 14 19 17
31	17 18 11 14
32	11 15 4 8
33	17 20 10 3
34	9 17 11 7
35	9 7 15 2
36	18 2 3 6
37	4 8 10 15
38	4 19 5 9
39	17 18 19 9
40	10 20 15 11
41	18 6 9 8
42	3 4 17 16
43	7 18 19 4
44	8 10 15 16
45	5 2 20 16
46	11 5 13 17
47	15 13 4 17
48	8 20 14 5
49	2 3 1 10
50	18 5 2 19
51	10 6 7 11
52	5 18 11 7
53	4 9 19 5
54	13 16 20 7
55	7 3 14 11
56	4 8 7 3
57	9 19 13 17
58	17 7 20 3
59	12 10 1 2
60	11 14 7 3
61	2 11 14 12
62	1 2 9 8
63	17 10 13 1
64	19 4 14 9
65	2 6 11 18
66	15 6 1 8
67	11 3 15 6
68	12 20 19 14
69	8 4 3 12
70	12 6 11 17
71	17 9 15 13
72	12 18 16 10
73	14 4 7 8
74	11 8 18 6
75	17 11 14 12
76	11 5 14 4
77	15 12 10 8
78	9 1 10 13
79	8 4 2 1
80	8 1 10 2
81	16 8 3 7
82	3 5 19 12
83	16 6 10 5
84	9 20 1 6
85	8 9 10 2
86	19 14 5 13
87	17 18 16 3
88	18 8 6 5
89	19 17 20 10
90	18 10 13 11
91	8 2 20 4
92	11 6 17 16
93	7 13 3 9
94	3 5 12 9
95	18 14 7 3
96	15 20 12 1
97	4 20 5 7
98	18 12 15 4
99	15 13 12 3
100	16 9 3 8
101	2 19 4 8
102	4 11 13 19
103	1 18 2 13
104	1 12 6 15
105	17 13 7 10
106	5 20 15 1
107	9 11 20 10
108	14 5 2 9
109	8 1 10 9
110	19 1 16 18
111	18 4 20 12
112	1 2 3 14
113	15 16 17 14
114	19 20 2 1
115	1 16 7 8
116	8 13 19 18
117	13 5 6 11
118	11 6 9 5
119	13 14 6 18
120	11 8 1 5
121	16 10 8 9
122	15 11 14 17
123	12 6 4 14
124	10 20 19 14
125	13 6 9 17
126	7 4 17 6
127	1 17 2 12
128	14 13 18 7
129	1 13 11 6
130	17 5 9 12
131	4 19 10 17
132	3 9 15 18
133	16 5 20 10
134	17 6 8 12
135	2 20 19 14
136	15 14 11 5
137	14 16 8 2
138	13 9 5 10
139	17 13 12 2
140	20 10 9 18
141	15 8 18 19
142	4 9 10 16
143	8 17 10 9
144	10 15 9 2
145	8 1 3 2
146	14 4 7 5
147	4 13 3 16
148	10 15 13 11
149	6 20 8 13
150	7 16 17 1
151	12 13 11 9
152	4 20 7 8
153	19 12 9 1
154	19 12 5 8
155	20 4 7 1
156	2 9 6 18
157	18 5 10 1
158	1 6 7 10
159	16 12 2 8
160	6 2 11 17
161	5 19 14 7
162	14 18 20 11
163	4 13 6 12
164	18 7 19 3
165	20 13 17 12
166	18 19 12 3
167	12 7 16 5
168	18 6 14 9
169	12 5 19 1
170	1 20 19 13
171	8 6 12 18
172	5 4 7 16
173	8 16 6 3
174	17 16 3 2
175	16 8 7 5
176	4 9 11 14
177	14 15 2 4
178	3 17 18 15
179	17 6 18 19
180	13 4 6 7
181	8 12 7 18
182	7 6 10 5
183	12 16 3 9
184	3 11 12 17
185	10 7 14 19
186	16 9 14 2
187	1 9 7 15
188	8 10 13 6
189	4 10 15 17
190	2 9 10 14
191	13 8 15 9
192	11 4 16 13
193	6 4 15 13
194	19 7 5 13
195	6 14 13 20
196	6 4 2 17
197	14 12 11 4
198	10 15 12 3
199	17 9 15 20
200	10 12 7 8
201	10 12 3 19
202	15 2 13 6
203	13 12 10 16
204	16 5 18 2
205	4 8 12 17
206	20 6 14 11
207	11 5 13 2
208	10 16 20 5
209	10 15 8 1
210	16 12 2 14
211	6 14 10 17
212	13 8 11 3
213	20 3 10 12
214	3 8 15 19
215	1 11 20 19
216	19 5 1 3
217	14 13 17 12
218	15 9 16 4
219	7 16 6 13
220	18 9 19 2
221	14 8 3 13
222	16 15 18 9
223	12 17 5 20
224	17 14 15 6
225	18 11 12 5
226	1 7 12 18
227	5 10 16 14
228	13 11 5 9
229	10 18 5 9
230	20 18 16 19
231	14 20 8 19
232	13 3 11 15
233	12 9 14 2
234	14 17 7 9
235	14 20 3 9
236	19 15 9 1
237	7 3 11 2
238	8 6 17 13
239	12 19 9 15
240	4 15 1 18
241	6 2 5 4
242	17 2 16 15
243	4 17 6 19
244	2 3 10 20
245	12 7 17 13
246	6 12 19 16
247	19 6 18 9
248	17 9 5 4
249	8 17 13 4
250	8 10 19 20
Students	250
1	6 9 1 14
2	7 10 14 11
3	5 4 15 10
4	5 16 14 19
5	7 5 13 9
6	1 14 3 13
7	18 13 9 4
8	5 7 15 10
9	18 16 14 20
10	5 11 14 17
11	17 3 5 16
12	17 10 1 8
13	6 10 14 12
14	17 5 20 11
15	5 20 10 14
16	16 8 10 15
17	13 6 10 2
18	4 16 9 5
19	11 15 18 13
20	10 15 9 14
21	19 18 8 11
22	19 12 10 11
23	13 16 14 7
24	3 4 10 6
25	1 14 5 9
26	17 7 10 8
27	12 5 3 11
28	16 12 9 5
29	15 7 8 17
30	8 14 4 3
31	12 9 17 4
32	8 2 1 17
33	15 14 20 1
34	17 15 20 7
35	16 7 5 19
36	10 18 15 1
37	9 11 18 4
38	12 18 2 17
39	5 2 17 16
40	8 13 1 19
41	5 16 1 13
42	19 18 11 8
43	18 9 19 20
44	16 14 7 5
45	18 7 4 12
46	13 16 11 2
47	19 2 11 10
48	3 8 20 15
49	5 7 9 8
50	1 9 6 8
51	18 3 15 14
52	14 8 5 7
53	13 8 5 3
54	13 1 3 2
55	1 4 13 17
56	4 6 1 15
57	4 6 7 11
58	20 12 16 10
59	20 8 11 15
60	9 7 17 14
61	15 13 6 8
62	10 11 16 4
63	4 3 15 16
64	13 2 19 5
65	1 7 3 2
66	19 1 2 20
67	19 15 13 17
68	16 6 8 5
69	15 8 17 6
70	5 10 16 15
71	8 13 9 1
72	9 12 1 11
73	15 14 5 4
74	14 2 8 9
75	3 10 16 11
76	17 12 7 15
77	5 16 20 2
78	2 20 18 6
79	14 19 16 9
80	3 8 14 19
81	13 8 7 17
82	18 13 1 9
83	16 9 3 7
84	8 7 20 17
85	1 4 7 16
86	20 14 2 7
87	1 14 8 6
88	4 13 7 2
89	18 16 13 6
90	4 17 20 1
91	12 9 5 13
92	15 6 4 9
93	20 4 18 17
94	18 1 13 2
95	6 17 10 11
96	7 9 2 12
97	12 20 11 14
98	2 17 18 12
99	6 10 19 15
100	8 4 13 10
101	2 13 11 5
102	4 8 7 12
103	17 4 20 18
104	8 10 7 16
105	10 6 8 3
106	12 15 13 20
107	7 2 9 12
108	11 20 19 13
109	13 5 7 9
110	11 10 3 14
111	3 12 2 10
112	19 5 20 7
113	5 6 17 14
114	13 16 4 14
115	17 3 16 6
116	20 9 2 10
117	4 20 10 13
118	4 11 14 17
119	17 13 18 16
120	1 8 14 7
121	13 8 12 20
122	19 5 16 3
123	5 14 18 16
124	1 10 9 8
125	14 18 15 17
126	15 19 2 6
127	13 6 12 20
128	19 20 18 10
129	6 11 3 18
130	11 3 16 20
131	14 3 2 16
132	20 4 12 5
133	1 10 5 15
134	12 18 16 10
135	20 5 4 1
136	16 11 20 5
137	3 5 20 18
138	7 15 10 12
139	8 3 6 4
140	15 18 20 6
141	3 8 7 6
142	17 16 11 9
143	9 6 13 16
144	5 3 1 6
145	1 3 7 17
146	5 12 1 18
147	6 10 14 9
148	7 8 12 13
149	12 18 16 13
150	12 11 10 19
151	19 15 13 4
152	16 1 3 2
153	13 16 19 5
154	7 19 6 10
155	2 12 5 17
156	9 15 11 10
157	10 15 3 2
158	12 18 5 14
159	15 10 4 1
160	3 8 20 5
161	14 3 7 11
162	20 9 14 3
163	13 5 16 2
164	2 9 11 7
165	4 11 18 9
166	3 6 17 18
167	14 12 6 15
168	3 14 19 1
169	11 14 20 5
170	2 1 3 12
171	2 17 18 9
172	17 7 19 12
173	3 8 19 6
174	5 7 18 12
175	13 11 1 14
176	1 20 14 13
177	3 10 12 20
178	9 5 10 18
179	17 8 15 1
180	15 19 20 9
181	13 18 14 17
182	10 8 9 11
183	6 5 19 12
184	9 19 2 12
185	8 11 1 10
186	3 1 9 8
187	8 2 11 1
188	3 2 17 6
189	20 19 2 11
190	16 18 6 3
191	14 12 3 10
192	12 18 9 11
193	3 2 20 19
194	1 9 7 14
195	1 11 12 10
196	1 20 15 19
197	16 1 14 15
198	8 20 6 17
199	20 8 16 19
200	4 14 6 11
201	18 3 6 7
202	7 9 16 13
203	7 11 19 18
204	17 6 15 10
205	1 10 13 17
206	5 6 13 4
207	7 19 12 13
208	11 13 20 1
209	3 2 16 12
210	4 8 17 16
211	14 9 6 15
212	20 15 17 6
213	18 2 20 9
214	17 1 6 12
215	19 11 2 13
216	13 1 14 19
217	12 3 14 9
218	6 19 2 3
219	7 10 15 1
220	5 11 13 6
221	9 2 14 16
222	3 2 15 4
223	12 15 17 6
224	17 18 10 20
225	1 13 7 12
226	9 16 18 6
227	15 16 10 12
228	14 18 10 3
229	11 16 18 9
230	12 10 17 18
231	11 12 8 7
232	11 9 17 18
233	9 17 15 2
234	15 10 2 1
235	17 3 10 18
236	12 6 10 7
237	3 6 15 4
238	2 6 14 15
239	7 19 20 5
240	20 4 8 1
241	14 6 12 19
242	8 6 15 10
243	6 4 17 7
244	16 18 9 20
245	1 9 18 10
246	6 13 15 20
247	4 16 13 9
248	8 9 1 20
249	18 14 10 20
250	8 4 10 6
Students	250
1	14 11 3 10
2	12 10 6 9
3	14 8 17 12
4	17 8 2 16
5	18 20 7 16
6	10 17 8 11
7	8 13 1 16
8	19 11 10 7
9	3 2 11 12
10	20 4 6 13
11	2 20 14 3
12	14 8 7 6
13	17 19 2 7
14	10 19 9 2
15	18 17 10 15
16	10 15 7 3
17	5 13 10 15
18	13 12 3 17
19	1 12 18 3
20	16 18 15 8
21	15 3 6 2
22	17 14 11 7
23	14 20 3 2
24	14 11 5 2
25	13 7 6 20
26	18 1 2 6
27	6 7 10 16
28	18 8 19 3
29	19 8 13 16
30	1 13 10 8
31	9 20 4 18
32	15 14 6 10
33	2 7 8 9
34	8 10 17 4
35	19 4 20 5
36	10 12 6 17
37	15 6 2 20
38	11 2 1 3
39	10 12 19 2
40	17 6 14 13
41	20 4 3 1
42	1 5 8 13
43	3 16 20 5
44	4 19 9 20
45	13 6 14 10
46	20 4 11 3
47	19 11 15 3
48	8 13 10 3
49	16 20 8 7
50	14 12 1 20
51	11 16 12 17
52	10 11 17 7
53	5 16 7 11
54	7 6 5 14
55	14 20 19 15
56	20 12 14 6
57	8 11 16 7
58	2 13 16 19
59	8 18 16 9
60	2 1 9 20
61	9 4 2 8
62	20 5 12 13
63	11 10 15 12
64	9 2 5 6
65	9 14 6 12
66	16 10 9 3
67	8 7 11 18
68	11 5 9 14
69	11 5 16 17
70	18 9 4 14
71	20 16 7 1
72	11 8 9 5
73	3 14 19 15
74	3 11 20 14
75	10 4 14 9
76	20 5 17 8
77	5 19 13 14
78	3 4 13 11
79	8 10 7 14
80	18 14 8 6
81	10 19 3 16
82	2 13 4 16
83	17 18 20 12
84	2 13 5 16
85	1 10 4 12
86	17 11 20 4
87	6 17 15 2
88	12 2 13 14
89	15 8 14 13
90	18 14 6 2
91	3 20 13 12
92	9 7 8 1
93	7 19 8 14
94	19 3 1 14
95	16 12 19 4
96	16 12 14 6
97	3 9 1 10
98	20 4 11 18
99	7 20 13 9
100	8 15 9 17
101	6 4 14 8
102	15 4 8 20
103	11 9 19 16
104	14 11 17 15
105	7 6 9 10
106	12 14 1 17
107	1 20 10 5
108	19 1 10 17
109	16 1 15 20
110	17 15 20 14
111	18 12 8 11
112	2 3 8 19
113	3 17 9 8
114	1 9 19 7
115	19 14 4 13
116	13 17 14 18
117	10 1 19 5
118	14 18 11 12
119	5 12 15 14
120	13 14 17 6
121	3 8 2 11
122	14 18 20 9
123	13 8 18 2
124	1 20 2 11
125	5 4 19 6
126	15 1 3 10
127	13 20 10 2
128	18 20 9 10
129	8 3 2 7
130	2 18 16 15
131	11 13 15 9
132	12 11 9 4
133	13 4 1 9
134	19 10 11 16
135	2 15 10 19
136	10 20 4 5
137	15 12 7 13
138	6 7 20 10
139	1 19 4 18
140	18 7 15 4
141	3 7 2 19
142	15 18 17 16
143	8 1 10 11
144	8 16 9 11
145	18 12 9 13
146	13 17 19 2
147	10 6 8 17
148	18 19 3 4
149	20 11 14 19
150	7 1 3 10
151	8 20 3 7
152	17 2 6 5
153	11 3 5 7
154	7 5 14 9
155	20 9 2 11
156	14 6 10 17
157	16 7 4 2
158	7 17 13 9
159	18 12 7 4
160	4 15 3 1
161	10 9 17 1
162	6 14 15 13
163	7 8 17 15
164	3 15 2 16
165	13 6 3 10
166	9 11 7 15
167	19 13 9 4
168	11 7 12 3
169	5 7 15 11
170	4 12 6 15
171	3 11 2 8
172	1 2 18 4
173	16 14 9 6
174	11 8 4 14
175	9 20 12 2
176	16 19 17 3
177	8 16 7 19
178	14 12 4 10
179	3 5 12 17
180	4 12 9 19
181	18 19 15 20
182	3 6 13 1
183	3 13 2 1
184	7 14 10 2
185	11 12 9 4
186	12 16 2 13
187	13 9 17 20
188	10 17 8 16
189	12 15 1 11
190	10 19 2 8
191	13 14 3 20
192	13 10 12 14
193	8 10 4 7
194	12 3 14 18
195	13 18 1 9
196	8 12 16 9
197	2 20 10 16
198	13 10 16 19
199	2 3 19 17
200	5 7 3 14
201	9 17 20 19
202	7 15 1 14
203	12 1 13 2
204	6 7 15 11
205	11 4 15 6
206	9 13 3 6
207	13 8 18 2
208	18 2 6 11
209	18 3 9 14
210	16 13 18 1
211	19 5 3 8
212	8 3 1 14
213	12 7 10 8
214	2 9 3 17
215	16 8 19 1
216	5 6 11 3
217	2 5 3 8
218	4 2 16 1
219	5 8 11 3
220	8 10 7 5
221	16 9 1 13
222	8 16 5 20
223	13 6 15 9
224	7 9 6 10
225	10 17 14 8
226	5 20 14 9
227	12 16 4 2
228	8 16 12 7
229	8 13 19 12
230	19 8 7 2
231	18 5 9 6
232	4 3 18 5
233	15 4 3 12
234	4 19 16 17
235	20 3 15 5
236	19 20 12 17
237	14 16 17 7
238	12 17 3 13
239	13 10 11 17
240	8 4 7 5
241	8 13 1 3
242	9 13 8 1
243	15 3 10 17
244	9 4 14 13
245	15 16 20 13
246	13 4 11 18
247	8 20 19 7
248	11 17 3 13
249	4 14 13 9
250	3 5 1 20
Students	250
1	9 6 20 18
2	9 3 11 4
3	12 17 13 18
4	18 15 16 2
5	19 9 14 11
6	8 19 5 1
7	10 4 12 9
8	19 1 5 15
9	5 18 10 6
10	15 18 14 7
11	14 4 11 18
12	3 12 6 9
13	5 12 3 16
14	14 10 20 19
15	16 3 14 11
16	19 6 13 5
17	5 8 16 7
18	8 16 3 15
19	2 4 19 5
20	5 19 18 12
21	13 10 11 7
22	8 14 11 5
23	17 11 18 20
24	15 14 12 18
25	15 18 14 2
26	17 5 12 2
27	6 20 11 10
28	1 4 8 19
29	6 13 4 11
30	7 18 12 9
31	2 3 14 19
32	8 17 15 1
33	12 19 15 4
34	9 5 19 18
35	1 6 4 2
36	12 3 14 17
37	14 5 9 8
38	5 14 8 15
39	5 3 1 18
40	13 1 16 17
41	9 19 2 17
42	11 14 17 18
43	17 12 4 1
44	1 11 13 19
45	1 19 16 5
46	12 2 5 1
47	12 14 7 6
48	19 3 2 14
49	10 19 12 13
50	3 18 12 19
51	3 7 10 15
52	4 14 6 15
53	9 13 3 18
54	8 6 13 16
55	4 1 18 5
56	12 11 20 2
57	1 8 4 18
58	18 5 16 7
59	14 3 7 12
60	10 15 19 6
61	20 4 2 19
62	20 13 3 18
63	12 8 15 6
64	14 4 8 1
65	19 17 15 10
66	7 12 16 8
67	19 13 18 17
68	18 20 2 8
69	6 5 14 1
70	18 1 20 3
71	4 13 17 18
72	5 18 19 10
73	11 18 20 5
74	10 16 6 12
75	10 11 15 12
76	8 14 18 1
77	8 3 6 10
78	11 15 4 19
79	14 3 9 2
80	1 13 4 10
81	9 15 20 3
82	3 5 11 7
83	9 16 20 5
84	4 13 19 3
85	13 4 3 6
86	14 4 20 17
87	15 17 1 20
88	14 9 1 3
89	19 8 10 7
90	2 17 7 14
91	2 3 11 15
92	6 8 13 10
93	8 4 9 1
94	18 3 17 2
95	5 12 7 18
96	4 18 7 16
97	17 12 13 2
98	1 11 15 9
99	9 14 8 20
100	10 11 12 5
101	20 9 16 8
102	12 7 8 1
103	12 14 1 15
104	18 17 2 9
105	19 15 20 3
106	17 5 19 12
107	18 2 7 13
108	5 13 8 18
109	17 2 19 13
110	20 12 19 13
111	11 1 6 14
112	17 19 14 16
113	3 4 13 16
114	3 13 15 4
115	1 19 10 12
116	12 4 8 11
117	10 9 5 17
118	10 7 18 3
119	14 13 12 1
120	12 19 3 15
121	8 17 9 11
122	12 1 18 9
123	14 11 6 8
124	5 14 12 15
125	9 1 5 13
126	9 2 10 11
127	16 3 4 2
128	5 15 14 10
129	15 14 9 1
130	6 9 3 8
131	16 17 15 2
132	8 7 16 10
133	19 18 20 14
134	4 20 1 11
135	15 19 10 5
136	8 19 9 6
137	4 3 12 18
138	7 19 13 3
139	18 9 20 10
140	5 11 1 14
141	18 15 4 13
142	17 16 5 18
143	17 7 15 3
144	7 1 9 19
145	13 1 6 7
146	16 17 6 3
147	14 16 17 10
148	17 3 13 1
149	1 2 19 6
150	12 7 3 20
151	12 11 6 13
152	19 20 4 3
153	15 7 14 18
154	15 20 12 5
155	18 3 11 1
156	19 1 14 20
157	10 16 12 15
158	11 18 13 6
159	20 19 14 3
160	10 9 3 8
161	15 14 11 13
162	5 14 6 11
163	8 14 11 4
164	17 9 4 7
165	9 18 11 14
166	15 3 14 4
167	1 4 16 14
168	13 12 8 14
169	12 6 10 2
170	11 16 17 18
171	15 20 10 12
172	1 6 16 2
173	7 11 3 6
174	5 10 7 6
175	3 11 18 8
176	13 14 16 15
177	10 8 20 2
178	2 5 6 7
179	10 1 7 16
180	14 6 17 13
181	17 4 12 7
182	5 4 15 13
183	16 6 9 12
184	20 9 2 3
185	11 18 10 3
186	17 15 19 9
187	8 2 12 10
188	19 11 14 18
189	10 3 7 15
190	20 1 15 19
191	7 11 15 9
192	15 4 1 2
193	14 9 3 4
194	17 16 10 2
195	8 18 4 12
196	2 16 17 18
197	9 17 6 10
198	6 15 13 18
199	7 8 5 3
200	13 18 5 7
201	4 7 12 5
202	18 11 15 3
203	12 9 11 19
204	14 1 4 15
205	19 6 14 15
206	17 10 16 15
207	18 4 3 16
208	14 13 10 12
209	1 10 12 6
210	11 10 12 9
211	20 18 11 1
212	12 15 16 9
213	6 12 18 8
214	6 14 12 19
215	16 11 10 14
216	20 5 15 16
217	8 9 19 16
218	19 7 3 6
219	8 17 16 6
220	5 9 18 8
221	7 8 15 3
222	9 17 2 10
223	19 18 5 16
224	5 17 10 3
225	4 15 7 12
226	10 19 20 5
227	18 11 19 13
228	12 20 14 10
229	5 3 8 15
230	2 1 17 9
231	4 7 15 3
232	17 15 13 12
233	13 20 14 1
234	14 1 12 6
235	3 11 6 14
236	19 15 11 14
237	2 10 4 20
238	9 6 20 12
239	5 14 16 19
240	9 6 1 16
241	2 4 3 12
242	2 1 18 16
243	9 16 18 4
244	3 13 12 10
245	16 3 13 11
246	2 5 4 11
247	14 15 8 6
248	7 9 19 5
249	7 14 16 10
250	20 12 19 4
Students	250
1	8 18 7 14
2	9 1 14 13
3	3 6 1 17
4	12 17 11 9
5	13 5 11 1
6	10 14 7 3
7	12 4 5 6
8	8 15 4 3
9	4 11 8 20
10	4 8 16 3
11	13 19 7 14
12	7 8 17 18
13	11 16 19 13
14	16 6 2 8
15	9 8 18 10
16	1 18 9 12
17	19 11 14 4
18	6 2 20 10
19	10 19 4 16
20	8 5 20 19
21	8 1 17 5
22	4 19 7 14
23	16 11 7 3
24	4 14 18 1
25	1 7 20 6
26	17 14 18 12
27	13 18 2 6
28	3 20 15 4
29	4 16 17 14
30	9 12 5 11
31	12 19 7 4
32	3 1 18 12
33	19 2 9 15
34	16 19 13 17
35	4 18 10 14
36	15 13 3 16
37	19 13 6 18
38	17 2 12 11
39	5 3 7 18
40	7 2 6 19
41	5 8 16 18
42	3 11 4 15
43	6 12 7 11
44	17 9 6 13
45	18 15 11 14
46	6 7 13 2
47	18 9 14 11
48	1 15 4 8
49	10 17 16 13
50	17 19 1 7
51	3 18 1 4
52	11 15 20 10
53	12 13 16 10
54	4 6 12 11
55	6 16 12 8
56	4 19 10 13
57	10 7 14 9
58	14 3 17 9
59	10 15 20 12
60	11 5 7 17
61	10 20 14 7
62	16 8 11 2
63	14 16 3 19
64	2 11 19 8
65	20 1 16 8
66	9 5 16 4
67	5 8 19 14
68	8 5 10 6
69	3 14 15 18
70	20 15 1 17
71	7 18 20 3
72	10 19 3 16
73	14 2 11 20
74	19 1 14 4
75	7 11 19 9
76	16 20 10 12
77	1 17 12 4
78	17 19 8 16
79	3 13 5 15
80	13 19 3 18
81	4 16 17 15
82	20 9 11 2
83	18 13 1 5
84	17 20 3 9
85	3 6 20 15
86	14 20 15 19
87	1 16 14 11
88	6 20 10 1
89	16 3 1 2
90	16 20 4 12
91	2 11 8 19
92	2 8 6 9
93	1 2 6 19
94	11 6 16 5
95	6 7 14 19
96	3 7 4 17
97	18 2 16 14
98	20 11 3 16
99	2 13 7 9
100	11 18 12 6
101	8 5 14 3
102	18 4 5 3
103	5 11 2 1
104	7 13 19 11
105	13 18 17 1
106	19 18 2 10
107	14 5 1 13
108	1 8 3 9
109	12 17 1 10
110	16 12 11 15
111	14 15 19 5
112	4 10 13 9
113	17 5 1 3
114	14 4 20 12
115	19 12 7 18
116	15 4 16 6
117	13 6 5 3
118	9 1 5 19
119	8 2 9 14
120	10 13 5 19
121	12 10 5 18
122	5 9 4 17
123	3 17 1 7
124	7 9 2 14
125	10 20 4 1
126	7 8 17 4
127	2 5 20 18
128	4 15 8 16
129	15 1 18 19
130	20 7 5 2
131	8 3 2 6
132	6 11 16 14
133	11 1 2 10
134	13 17 19 20
135	13 19 6 4
136	9 3 19 7
137	1 12 15 16
138	18 17 5 4
139	17 3 15 4
140	15 4 8 11
141	17 12 15 3
142	13 2 15 14
143	10 5 12 13
144	5 11 14 3
145	6 1 15 16
146	11 10 3 9
147	20 3 15 6
148	6 3 20 18
149	8 13 5 2
150	13 6 8 3
151	11 18 7 16
152	9 18 20 8
153	2 14 16 18
154	10 17 13 16
155	20 1 19 5
156	14 5 3 16
157	3 13 8 1
158	6 3 14 13
159	3 5 1 7
160	10 4 15 3
161	13 5 14 15
162	13 15 2 18
163	14 17 5 3
164	6 13 1 17
165	18 7 1 14
166	2 18 16 20
167	20 19 1 18
168	20 13 16 3
169	5 13 16 14
170	1 6 12 14
171	12 16 11 7
172	4 8 2 12
173	18 20 4 13
174	10 14 20 4
175	5 4 12 13
176	13 4 3 16
177	15 10 6 8
178	20 19 9 11
179	6 15 4 9
180	16 13 15 9
181	5 6 2 20
182	11 15 13 10
183	15 5 11 18
184	2 4 15 6
185	4 7 10 17
186	3 11 10 17
187	14 8 15 3
188	9 18 20 17
189	10 11 13 9
190	1 7 17 11
191	7 3 12 1
192	5 13 16 6
193	11 4 3 14
194	1 7 8 11
195	19 7 14 12
196	11 20 18 19
197	14 1 17 10
198	9 15 1 6
199	12 16 4 3
200	12 8 16 1
201	5 9 18 4
202	9 16 2 12
203	16 10 9 6
204	11 19 7 12
205	8 20 4 10
206	10 6 1 20
207	15 19 2 1
208	1 14 18 3
209	11 13 20 17
210	18 1 13 5
211	17 5 19 15
212	11 12 3 17
213	8 4 10 17
214	20 6 10 7
215	7 16 5 20
216	15 16 7 20
217	5 6 19 11
218	19 10 3 6
219	14 19 9 18
220	19 12 20 1
221	4 10 6 15
222	4 11 15 12
223	18 5 6 2
224	2 13 18 10
225	13 12 1 19
226	8 20 15 13
227	4 15 9 10
228	19 10 6 11
229	12 1 4 15
230	3 5 14 11
231	8 18 7 11
232	9 8 3 18
233	4 11 10 12
234	4 19 20 14
235	13 6 3 8
236	19 10 9 20
237	17 20 19 5
238	6 7 4 9
239	2 6 11 17
240	11 4 3 8
241	13 2 20 5
242	16 8 19 17
243	19 5 7 14
244	16 3 18 20
245	20 3 5 6
246	10 5 6 14
247	9 11 19 1
248	13 5 2 8
249	6 7 20 13
250	6 17 19 16
Students	250
1	4 11 18 13
2	7 3 15 8
3	3 7 1 15
4	10 5 8 19
5	19 7 9 5
6	1 5 18 8
7	1 2 20 17
8	17 2 19 5
9	17 3 15 5
10	6 13 2 17
11	14 10 12 20
12	5 8 17 19
13	20 1 13 11
14	13 9 7 18
15	19 20 12 7
16	6 20 1 13
17	19 8 11 6
18	18 20 8 6
19	4 9 7 5
20	10 9 2 15
21	1 2 3 6
22	18 10 9 13
23	19 5 2 13
24	4 5 20 13
25	10 5 8 13
26	3 18 11 13
27	18 7 15 4
28	3 16 7 19
29	17 10 1 11
30	6 1 5 19
31	12 9 11 18
32	20 6 13 3
33	6 19 3 17
34	14 10 8 6
35	17 8 14 1
36	9 2 16 20
37	16 8 7 13
38	13 12 4 16
39	13 6 1 4
40	16 9 7 15
41	17 18 19 2
42	16 6 1 11
43	16 12 14 3
44	2 12 17 3
45	12 1 15 8
46	14 5 20 7
47	7 16 1 10
48	14 18 6 15
49	11 20 14 13
50	5 15 16 6
51	2 1 17 10
52	2 15 7 14
53	16 12 18 5
54	8 5 1 20
55	2 5 9 20
56	10 14 9 12
57	19 5 3 10
58	3 8 1 2
59	9 13 19 15
60	1 18 13 14
61	3 2 16 8
62	16 2 4 13
63	16 7 18 14
64	14 3 17 12
65	17 9 11 2
66	12 2 17 11
67	12 6 16 11
68	20 19 1 9
69	16 4 1 3
70	17 9 19 8
71	10 6 12 5
72	20 19 3 4
73	16 18 9 10
74	13 14 11 1
75	5 9 19 17
76	16 15 8 17
77	10 17 7 20
78	12 16 17 9
79	2 17 19 10
80	7 8 2 9
81	18 2 6 8
82	12 3 19 18
83	15 11 14 5
84	11 17 5 16
85	5 6 4 13
86	13 15 18 16
87	19 1 5 4
88	3 4 17 1
89	10 17 20 2
90	17 2 6 14
91	6 12 16 11
92	20 12 8 9
93	9 18 5 20
94	13 10 3 9
95	15 14 18 20
96	19 2 5 1
97	13 16 5 6
98	3 20 2 1
99	3 14 7 12
100	10 9 3 15
101	13 11 19 9
102	6 7 16 17
103	20 17 6 11
104	6 20 3 4
105	16 3 9 1
106	11 18 20 9
107	14 6 7 18
108	6 12 7 18
109	16 9 12 7
110	18 5 7 1
111	1 3 17 8
112	19 16 6 15
113	3 5 8 6
114	8 14 3 10
115	18 20 19 15
116	14 3 10 4
117	16 15 8 1
118	8 7 19 20
119	14 5 6 20
120	19 20 4 18
121	8 15 12 9
122	2 19 1 16
123	17 12 14 10
124	2 10 12 16
125	15 2 19 3
126	20 3 16 1
127	10 3 6 11
128	20 11 5 13
129	13 14 1 4
130	3 9 6 20
131	16 4 6 18
132	16 10 14 15
133	17 4 11 9
134	9 2 4 8
135	2 15 16 11
136	13 11 2 7
137	12 9 14 18
138	20 16 3 17
139	14 8 18 20
140	9 7 11 13
141	10 6 7 1
142	16 10 4 5
143	1 5 10 6
144	12 2 5 20
145	2 3 18 1
146	8 4 15 19
147	14 17 3 7
148	1 7 12 13
149	1 19 10 13
150	3 16 12 14
151	9 6 10 20
152	12 15 11 1
153	19 4 14 9
154	8 12 17 15
155	4 18 13 7
156	17 11 15 19
157	5 3 8 6
158	7 4 11 8
159	17 18 11 8
160	19 15 1 17
161	10 15 17 12
162	14 8 16 20
163	4 3 8 9
164	3 7 12 18
165	10 13 2 18
166	5 6 8 9
167	1 5 11 8
168	16 17 3 19
169	19 11 2 3
170	10 13 18 11
171	16 1 17 3
172	18 5 2 7
173	3 8 2 6
174	7 14 9 19
175	6 4 11 10
176	20 4 16 8
177	7 15 19 12
178	5 14 13 4
179	3 6 1 5
180	15 3 19 13
181	15 6 13 20
182	10 16 2 13
183	10 1 6 8
184	18 12 4 7
185	3 10 17 2
186	14 19 3 4
187	4 13 12 6
188	16 6 14 7
189	7 6 13 1
190	18 4 17 15
191	7 2 12 10
192	2 6 10 1
193	5 3 14 6
194	7 4 13 14
195	14 1 4 10
196	20 3 2 12
197	15 19 8 10
198	16 13 7 17
199	13 10 3 17
200	17 2 18 3
201	13 20 9 10
202	10 19 16 8
203	18 13 8 15
204	17 13 2 5
205	18 3 12 11
206	19 4 16 13
207	2 20 19 17
208	2 7 4 17
209	14 12 19 13
210	9 19 8 5
211	20 12 11 2
212	8 18 12 1
213	3 4 10 11
214	13 19 4 12
215	4 11 20 14
216	17 15 7 11
217	5 10 20 6
218	4 16 10 11
219	8 11 15 20
220	13 11 15 7
221	11 1 13 10
222	4 15 20 5
223	17 10 14 4
224	5 17 6 11
225	14 15 8 3
226	5 19 6 10
227	15 10 14 5
228	1 11 3 5
229	17 4 8 3
230	8 18 2 20
231	12 10 6 11
232	19 10 14 8
233	3 14 5 6
234	8 18 11 7
235	15 11 12 8
236	1 13 18 17
237	16 17 13 12
238	3 18 14 9
239	18 6 19 1
240	12 16 4 9
241	13 4 6 11
242	12 3 9 4
243	4 11 18 12
244	10 12 14 8
245	19 1 14 2
246	2 1 7 16
247	2 14 6 16
248	2 20 11 18
249	8 20 12 19
250	6 12 13 3
Students	250
1	8 19 14 5
2	3 16 7 2
3	19 1 20 3
4	9 16 5 1
5	17 11 19 9
6	3 8 11 19
7	7 16 3 12
8	17 18 14 1
9	10 17 1 12
10	1 7 17 15
11	19 12 10 2
12	9 19 5 10
13	11 7 13 14
14	10 1 11 4
15	2 13 7 9
16	8 11 1 14
17	2 15 4 19
18	16 19 4 5
19	5 6 3 13
20	6 18 17 8
21	13 10 2 1
22	2 14 11 5
23	18 12 9 19
24	2 16 5 7
25	19 14 16 20
26	15 13 6 18
27	5 20 7 18
28	15 14 17 11
29	5 18 6 13
30	15 14 13 7
31	10 3 17 20
32	13 3 18 14
33	10 17 11 18
34	9 1 11 19
35	12 17 2 1
36	8 9 10 18
37	15 17 19 14
38	5 12 17 19
39	20 1 6 13
40	1 2 12 7
41	13 4 18 7
42	4 5 13 7
43	16 11 18 17
44	4 8 9 18
45	20 12 5 15
46	7 13 12 6
47	3 13 19 1
48	19 4 9 12
49	6 8 7 10
50	9 8 20 16
51	16 20 15 9
52	7 3 16 9
53	4 1 16 17
54	2 17 11 5
55	12 2 15 19
56	20 10 1 6
57	17 4 6 3
58	13 17 15 16
59	3 16 11 6
60	5 10 16 2
61	13 20 17 11
62	9 8 2 12
63	6 5 10 13
64	14 12 10 8
65	6 9 16 8
66	3 20 11 17
67	12 11 6 5
68	12 7 20 10
69	15 14 20 1
70	14 19 6 4
71	20 7 13 16
72	19 6 18 7
73	1 3 13 2
74	8 14 1 9
75	15 9 20 13
76	8 11 4 6
77	8 15 7 3
78	1 9 18 14
79	1 14 8 17
80	15 13 1 10
81	12 5 17 3
82	16 8 20 11
83	9 1 17 16
84	6 2 15 12
85	20 11 9 8
86	15 6 8 4
87	5 19 14 9
88	9 7 6 8
89	3 15 18 7
90	5 12 7 19
91	6 4 9 3
92	18 11 13 14
93	8 7 18 3
94	12 14 9 17
95	4 15 19 14
96	3 11 8 20
97	1 4 12 2
98	14 1 13 6
99	7 11 3 12
100	16 6 8 14
101	15 16 20 17
102	2 9 19 10
103	8 5 4 9
104	15 3 11 10
105	18 8 17 2
106	19 17 2 4
107	3 20 18 11
108	3 8 11 4
109	6 3 18 9
110	4 5 19 18
111	2 11 14 16
112	2 8 16 9
113	12 7 16 11
114	9 10 2 7
115	2 8 18 11
116	4 10 2 16
117	4 20 14 1
118	17 11 5 15
119	11 1 15 3
120	8 10 12 4
121	12 17 3 8
122	17 1 14 12
123	4 3 14 1
124	18 19 4 10
125	9 18 3 8
126	8 1 3 9
127	12 3 4 19
128	20 2 4 11
129	4 3 5 18
130	8 10 4 1
131	8 13 17 12
132	11 8 9 18
133	9 7 15 12
134	18 2 9 14
135	14 6 17 18
136	2 5 8 19
137	6 3 7 1
138	3 13 1 18
139	10 13 19 7
140	3 18 12 15
141	8 5 13 3
142	1 20 7 5
143	8 5 4 15
144	8 7 1 12
145	16 10 4 18
146	19 17 1 5
147	14 1 3 16
148	6 20 2 12
149	19 9 16 13
150	4 19 17 11
151	14 16 12 17
152	5 9 20 19
153	9 8 5 17
154	5 13 8 4
155	5 4 1 13
156	15 7 11 20
157	7 9 12 14
158	1 16 12 11
159	1 17 11 4
160	9 14 10 19
161	5 3 12 14
162	10 19 3 4
163	6 9 8 16
164	17 13 9 11
165	11 14 19 2
166	12 9 1 5
167	14 17 5 10
168	19 4 18 16
169	6 2 4 12
170	5 9 18 17
171	18 15 20 6
172	3 14 2 16
173	8 16 20 1
174	10 18 16 8
175	3 2 19 14
176	18 14 7 11
177	8 3 10 17
178	5 14 8 13
179	13 19 18 8
180	13 12 8 7
181	3 20 17 11
182	14 3 18 10
183	13 5 7 10
184	1 20 4 12
185	18 11 4 6
186	15 3 16 11
187	13 8 14 15
188	8 11 10 20
189	8 12 11 4
190	6 10 1 5
191	20 16 9 15
192	8 16 17 3
193	4 10 11 19
194	12 17 14 19
195	10 8 13 15
196	8 3 20 11
197	4 13 15 6
198	6 14 19 8
199	2 14 18 9
200	6 16 4 2
201	16 3 7 14
202	20 13 9 11
203	9 7 19 16
204	17 2 16 18
205	3 12 15 13
206	15 17 5 2
207	6 10 7 2
208	15 14 2 7
209	14 9 20 18
210	12 5 6 3
211	5 20 13 6
212	9 4 16 20
213	16 13 20 10
214	5 6 14 18
215	1 4 7 2
216	20 16 4 7
217	1 2 3 19
218	5 19 11 8
219	18 9 1 16
220	18 3 17 16
221	9 5 10 11
222	4 16 20 18
223	15 8 16 7
224	10 12 14 13
225	11 20 8 17
226	16 2 6 20
227	4 15 1 10
228	1 12 16 10
229	11 4 15 8
230	6 8 15 1
231	6 18 16 5
232	16 18 19 3
233	1 12 20 17
234	15 10 18 8
235	3 15 8 6
236	4 10 20 8
237	3 5 8 19
238	16 5 15 18
239	7 5 8 18
240	2 13 1 3
241	13 20 5 10
242	15 16 10 18
243	10 20 6 7
244	9 2 5 11
245	12 9 4 19
246	6 17 13 5
247	5 2 12 10
248	7 1 5 16
249	1 12 3 13
250	2 1 7 11
Students	250
1	1 4 20 17
2	13 2 7 10
3	20 11 10 1
4	6 3 11 17
5	20 19 16 13
6	15 6 13 4
7	16 14 17 4
8	13 6 17 1
9	14 6 9 10
10	8 6 16 10
11	10 17 1 2
12	11 6 13 5
13	4 15 1 12
14	7 17 18 15
15	2 19 8 18
16	17 19 2 7
17	12 10 14 4
18	11 3 13 5
19	10 4 16 2
20	14 15 19 12
21	12 18 8 15
22	17 3 20 8
23	5 1 3 7
24	7 1 11 2
25	17 18 14 12
26	12 19 20 5
27	1 12 20 17
28	4 20 10 5
29	14 3 15 6
30	15 14 1 20
31	13 16 9 14
32	12 10 1 5
33	1 16 4 17
34	9 8 20 5
35	3 20 12 11
36	17 7 10 11
37	20 14 13 6
38	4 9 13 12
39	12 5 18 16
40	2 7 6 15
41	9 6 12 11
42	11 2 3 6
43	12 3 19 10
44	10 19 1 15
45	2 10 12 1
46	1 18 7 5
47	16 6 18 14
48	1 6 14 19
49	3 7 9 4
50	14 2 11 17
51	19 4 15 2
52	17 14 18 4
53	7 14 16 8
54	4 5 2 9
55	15 19 3 4
56	3 9 10 8
57	8 14 11 4
58	8 1 3 10
59	15 13 6 4
60	12 4 11 2
61	1 19 3 9
62	13 18 12 4
63	13 9 8 12
64	16 9 6 5
65	16 18 15 8
66	15 12 20 1
67	17 2 19 5
68	2 20 5 12
69	6 7 13 5
70	1 10 9 14
71	12 2 7 10
72	14 5 1 7
73	10 6 15 19
74	4 14 13 11
75	20 7 18 4
76	20 17 8 11
77	10 7 9 6
78	15 10 12 8
79	17 11 1 14
80	2 3 9 17
81	6 11 19 1
82	3 4 12 14
83	14 12 18 10
84	13 19 9 8
85	5 10 19 13
86	16 7 19 5
87	4 9 20 3
88	14 2 16 10
89	8 5 14 2
90	11 1 16 7
91	12 1 9 13
92	9 14 18 6
93	11 19 5 10
94	9 6 17 4
95	14 12 17 20
96	8 9 16 7
97	12 16 13 8
98	8 3 9 4
99	4 8 6 20
100	11 7 14 19
101	18 19 1 15
102	15 17 19 13
103	11 10 4 1
104	12 20 10 19
105	5 20 15 14
106	13 10 2 19
107	5 8 19 15
108	7 14 11 12
109	17 11 19 3
110	1 18 20 6
111	20 6 16 17
112	5 7 15 19
113	5 19 18 8
114	9 6 2 4
115	9 1 5 18
116	1 3 13 11
117	16 11 4 3
118	8 14 17 20
119	15 3 2 19
120	5 15 1 12
121	5 9 12 15
122	9 5 13 10
123	14 10 16 8
124	16 11 17 14
125	12 17 10 13
126	17 13 10 18
127	2 17 1 3
128	8 10 3 17
129	8 10 13 17
130	19 15 3 8
131	11 8 12 20
132	6 13 16 10
133	5 17 15 10
134	20 5 15 6
135	10 9 2 5
136	11 4 1 10
137	9 16 6 10
138	10 15 5 18
139	11 5 6 14
140	4 13 11 6
141	20 15 17 18
142	8 5 6 9
143	11 4 7 8
144	14 9 13 17
145	19 16 2 7
146	12 1 7 20
147	15 17 8 11
148	11 13 3 12
149	8 18 10 2
150	12 15 4 10
151	2 20 14 3
152	11 20 4 1
153	17 16 12 8
154	7 13 15 20
155	4 7 13 15
156	6 2 16 18
157	20 11 1 4
158	14 9 13 16
159	1 20 14 15
160	12 8 3 17
161	4 7 5 16
162	15 3 11 6
163	8 2 20 10
164	5 11 8 2
165	16 2 9 20
166	18 20 15 4
167	12 3 16 11
168	7 18 2 14
169	2 9 18 7
170	3 8 1 9
171	9 1 8 7
172	17 9 4 10
173	3 4 9 19
174	11 5 13 15
175	11 12 18 17
176	20 19 18 8
177	19 6 4 9
178	15 11 3 19
179	3 14 11 9
180	5 4 13 14
181	3 11 16 19
182	9 17 18 2
183	12 16 18 14
184	18 13 4 7
185	7 3 4 12
186	1 18 20 7
187	1 11 17 10
188	1 4 8 18
189	20 11 12 19
190	13 8 7 3
191	13 10 14 19
192	19 9 13 3
193	10 2 7 13
194	14 12 1 2
195	16 19 5 17
196	8 16 14 13
197	19 13 5 2
198	13 20 4 3
199	2 14 3 13
200	18 3 8 12
201	6 7 11 4
202	16 19 10 7
203	3 10 9 2
204	19 11 1 4
205	15 16 10 3
206	13 16 1 17
207	2 11 17 18
208	11 9 14 15
209	11 9 12 14
210	17 16 7 11
211	8 3 2 9
212	14 2 19 4
213	3 9 16 5
214	2 11 17 12
215	16 2 17 7
216	2 11 13 8
217	19 1 16 20
218	4 15 20 11
219	14 2 18 9
220	20 12 15 9
221	3 8 17 5
222	12 1 3 16
223	15 16 3 6
224	5 18 19 13
225	9 19 17 8
226	14 13 4 19
227	4 6 13 11
228	15 1 3 8
229	19 10 20 18
230	8 4 5 17
231	12 9 6 2
232	3 9 11 10
233	18 9 8 20
234	4 13 7 17
235	9 16 3 7
236	3 6 16 2
237	4 6 7 20
238	3 4 5 6
239	1 6 13 12
240	4 11 9 3
241	12 2 3 13
242	3 16 9 19
243	11 8 20 13
244	10 20 6 3
245	9 13 7 18
246	8 4 9 12
247	20 12 17 14
248	9 7 15 14
249	3 16 20 5
250	15 11 3 10
