Course	Room	Teacher	Time	Students
005725	12 / 12 / 12	CARP15	0031543	1	0138353 1075852 1087771 1155700 1156612 3066711 3078258 3087757 3087809 3091890 3204243 3211360 
011306	9 / 9 / 14	TAYC	3319825	1	0362014 1045792 1052076 1068656 1070835 1076785 1095813 3098496 3152571 
001837	4 / 60 / 4	PK128	0123161	2	0385511 0746108 0794549 0858172 
002161	26 / 36 / 26	PK243	0301910	3	0385511 0794549 1032467 1057174 1060971 1073230 1081207 1151485 1154430 1155748 1156282 1160418 1161679 1163245 3065779 3068878 3075104 3076209 3078822 3084494 3085643 3087231 3087330 3087527 3087533 3089580 
006847	26 / 26 / 26	PK243	0031335	4	0385511 0794549 0858172 1022159 1058731 1075329 1125596 1136061 1143387 1156282 3062766 3075104 3076209 3078822 3080539 3085421 3085643 3086192 3088969 3092244 3092532 3099257 3100402 3104489 3181938 3205337 
003034	10 / 11 / 30	TAYF	0222805	2	0472799 0992777 0994316 0994663 1014173 1026827 1057202 1058076 1060805 1074339 
006031	33 / 51 / 33	PK336	0431634	5	0472799 0950914 1001389 1059337 1071241 1086556 1155813 1160418 3070495 3072895 3074091 3079774 3079866 3079871 3081503 3081951 3085421 3085643 3087527 3087948 3088264 3089555 3090058 3090752 3091305 3092408 3092532 3092830 3094802 3095021 3095908 3097592 3097709 
011224	10 / 10 / 11	TH111	3196642	3	0493741 0997621 1012505 1048518 1059101 3065565 3078958 3098034 3155348 3190685 
011536	8 / 8 / 11	TH111	3213249	4	0493741 0997849 1060948 1156277 3062898 3082246 3087328 3179026 
003278	3 / 3 / 33	GOB	0675005	5	0661374 1034757 1057660 
001849	4 / 4 / 4	PK128	0123161	7	0663344 0996066 1033981 3065929 
010842	7 / 7 / 77	PK338	0564741	6	0692830 1009761 1134649 1163719 3068633 3086709 3097468 
002153	26 / 57 / 26	PK243	1167863	6	0998860 1073211 1075264 1091600 1162423 1162443 1164327 3063119 3065929 3068181 3077505 3080539 3081400 3084117 3087948 3090776 3092411 3092781 3093257 3097592 3098317 3099676 3103166 3105219 3106403 3119909 
008439	14 / 19 / 14	TAYC	0132890	7	0820385 0899040 0994663 1045527 1047863 1050843 1072036 3065568 3065947 3082688 3083717 3088010 3092532 3098243 
008469	5 / 9 / 14	TAYC	0125630	8	0820385 0892947 1078911 1143180 3093349 
008501	14 / 16 / 14	TAYC	0031553	10	0820385 0899040 0902364 0980359 0983542 0993172 1001526 1025351 1043203 1045527 1056692 1065966 1069425 1072036 
011322	2 / 2 / 14	TAYC	0028980	9	0820385 0980359 
011198	4 / 7 / 9	GOCOM	3198088	8	0825075 3100080 3211643 3216420 
002456	14 / 14 / 14	TH102	0493725	9	0890353 0993172 0994663 1012249 1015916 1032365 1048062 1058076 1085421 1090070 1090632 3061194 3065722 3069318 
002877	3 / 3 / 33	GOB	0031582	10	0890353 1036579 1161791 
005157	10 / 10 / 33	GOB	3334598	11	0893684 1058730 1155813 1157995 3079005 3082314 3087431 3089884 3095599 3190633 
005293	16 / 16 / 33	GOB	1020104	12	0893684 0984608 1011239 1020671 1032101 1048703 1050014 1068696 1071806 1072571 1073316 1133642 1162792 3069040 3084716 3190633 
005310	11 / 11 / 33	GOB	0493855	13	0893684 0984608 0995811 0997834 1003172 1032101 1046598 1050014 1058730 1068696 1069205 
001842	4 / 37 / 4	PK128	0031557	11	0897102 1001981 1012505 1012900 
004297	5 / 5 / 26	PK243	3318666	12	0897102 1048518 1079289 1109686 1109742 
006539	14 / 14 / 14	TAYC	0777265	13	0898104 0912822 1017801 1049160 1056692 1071866 1073428 1075221 1095145 1129252 3064819 3079829 3092151 3098490 
003482	22 / 23 / 22	GIL210	3320456	14	0898869 0904197 1012792 1030725 1036983 1048742 1050602 1075221 1075329 1085466 1098264 1150448 3065806 3065947 3066711 3067585 3069455 3080539 3080843 3082688 3084658 3090375 
010965	13 / 16 / 22	GIL210	0897706	15	0898869 0912194 0940990 0995811 1010605 1012792 1013117 1029963 1049279 1072178 1076785 3061460 3089555 
001182	2 / 3 / 14	TH102	0493725	14	3065568 3095867 
011313	12 / 26 / 12	CARP15	0672202	15	0899040 0981248 1021988 1048434 1048639 1050480 1050843 1056297 1058367 1080204 1086904 1096573 
001890	4 / 8 / 4	PK128	3312777	17	0899385 0999166 1001981 1033981 
003017	11 / 14 / 30	TAYF	0492580	16	0899385 0999166 1060971 1114293 3065488 3065806 3084117 3085394 3092333 3093208 3204243 
001164	14 / 30 / 14	TH102	0601586	16	0900586 1009914 1033981 1069839 1071343 1092958 1098264 1153036 1156282 1160418 1163179 3057362 3061134 3067214 
007106	12 / 12 / 29	BYC127	3337003	17	0904197 1060284 1071070 1073428 1134634 1136139 3065806 3065990 3067387 3071694 3077926 3100385 
008812	8 / 8 / 33	GOB	0576472	18	0908849 1018066 1069276 3061194 3068167 3070830 3077926 3077943 
011317	10 / 10 / 33	GOB	3194197	19	0908849 0997849 1039740 1068696 1070930 1153554 1161763 3068167 3070830 3077943 
004356	10 / 10 / 16	TAYSEM	0847593	18	0909462 1013149 1050201 3080774 3120137 3125322 3126772 3154498 3155695 3193776 
005738	9 / 9 / 12	CARP15	0031543	19	0909462 1017991 1088535 1156628 3067387 3078934 3084716 3190134 3217372 
005742	10 / 10 / 12	CARP15	0031543	20	0909462 0996066 1048625 1056807 1057027 1057660 1069276 1088535 3070830 3081400 
001839	4 / 25 / 4	PK128	0898918	21	0910971 1003065 1009914 1014289 
001840	4 / 41 / 4	PK128	0168763	22	0910971 0994228 1012942 1013439 
006509	10 / 11 / 14	TAYC	3194739	20	0910971 1048446 1052099 1080636 1161531 3083207 3083995 3092151 3093319 3103193 
004083	11 / 11 / 14	TAYC	0031578	21	0912194 1011428 1016345 1032253 1057605 1057693 1060148 1069345 1074361 1074374 1136061 
004709	11 / 11 / 26	TAYE	3310303	22	0912194 0912822 1050032 1056467 1071343 1071866 1080595 1163245 3069486 3084494 3089769 
011321	10 / 12 / 29	BYC127	0028980	23	0912822 0994316 1005493 1048625 1049237 1049385 1071241 1097508 3073483 3077931 
006043	24 / 24 / 33	PK336	0554585	23	0940517 0950914 0998866 1018066 1028449 1028647 1047770 1050645 1057605 1058218 1060948 1069904 1073075 1088892 1096638 1135712 1138792 1143387 1151485 3062828 3065016 3066088 3078822 3089763 
006045	3 / 3 / 33	PK336	0031526	24	0940517 1016705 3085596 
006060	13 / 13 / 33	PK336	0031384	25	0940517 0998866 1005619 1012942 1016705 1018066 1042351 1050645 1057202 1057605 1059756 1069411 1069583 
008764	33 / 62 / 33	GOB	0428728	24	0940990 1034403 1049237 1056457 1060148 1069345 1074361 1074374 1093772 1098264 3061134 3068181 3072097 3079872 3081720 3088147 3089555 3090752 3092411 3093208 3094422 3095908 3097709 3099184 3100468 3105866 3108691 3110627 3118090 3122181 3125873 3126731 3152667 
006033	20 / 28 / 33	PK336	0207327	26	0980022 0992777 0997504 0998860 1009866 1059673 1059756 1068431 1069583 1074339 1075264 1086556 1092958 1096920 1153554 1164327 3064630 3089384 3092179 3203791 
007381	29 / 29 / 29	BYC127	0031611	25	0979769 1010605 1049279 1058154 1071068 1071507 1071785 1075329 1081394 1082986 1092959 1093772 1096920 1143142 1155700 1161804 3065488 3067156 3067352 3070045 3073017 3080943 3081234 3081698 3090325 3096808 3097075 3097192 3098553 
003029	3 / 7 / 30	TAYF	0492580	27	1014173 3097153 3100402 
010948	26 / 35 / 26	TAYE	1062534	28	0980022 0985218 0993172 0994035 0998860 1017930 1030842 1049683 1050602 1057564 1058203 1065966 1071102 1071690 1072415 1073214 1081207 1083355 1085971 1112411 1122236 1136061 1162493 1162725 3057399 3062413 
001193	13 / 14 / 14	TH102	0135660	26	1047500 1058203 1072725 1085421 1133031 1153036 1162493 3075252 3077943 3083717 3098947 3100011 3188793 
011204	14 / 26 / 14	TH102	0601586	27	1009914 1011634 1069345 1071070 1079538 1080542 1098264 1130377 1163179 3067585 3069758 3079169 3087472 3100468 
001152	14 / 51 / 14	TH102	0406445	28	0980685 0983635 1009914 1059663 1073076 1109276 1150630 1156282 3063558 3066711 3075104 3079120 3080118 3081179 
001249	8 / 11 / 14	TH102	0135660	29	0980685 1003526 1011239 1017930 1047500 1072415 1162901 3074820 
004012	14 / 28 / 14	TAYC	3244352	30	0980685 0985223 1060284 1150110 1156319 1162423 3068633 3069893 3071791 3082314 3085002 3086240 3098380 3103166 
006862	7 / 8 / 26	PK243	0824244	29	0981025 0997481 1005619 1016705 1092551 1153307 3066445 
010844	7 / 7 / 33	GOB	0409737	31	0981025 1049957 1071258 1088892 1155813 3068633 3070495 
011530	4 / 4 / 12	CARP15	3310251	30	0981042 1059105 1068953 3088047 
003512	8 / 10 / 22	GIL210	0995587	31	0981248 0997873 1021988 1029713 1115327 1119061 1161753 3306653 
004830	12 / 17 / 12	CARP15	0348369	32	0981248 0993816 1011279 1034403 1039761 1048692 1060805 1073316 1096573 1163424 3067056 3081179 
003478	14 / 14 / 22	GIL210	0431946	32	0981412 1115327 1119061 1161753 3066088 3069455 3071792 3081410 3092577 3100011 3121199 3194888 3211128 3306653 
006564	12 / 13 / 14	TAYC	0777265	33	0981412 0985223 0997873 0998527 1000374 1013439 1059673 1059719 1068721 1088018 3063437 3103193 
006588	7 / 7 / 14	TAYC	0031399	34	0981412 0985223 1013439 1023105 1059673 1059719 1068721 
011629	10 / 10 / 14	TAYC	0031399	35	0981412 1000374 1014173 1023105 1047500 1059604 1059719 3063437 3071694 3090714 
007017	18 / 21 / 29	BYC127	0031568	33	0984608 1001981 1052099 1095813 1163131 3067056 3067387 3077926 3081074 3091890 3092244 3093184 3097933 3108886 3109227 3152623 3180697 3217434 
007040	25 / 28 / 29	BYC127	3195964	34	0984608 1011279 1013117 1019072 1068660 1079538 1092760 1093453 1093758 1104799 1141766 1141987 1161679 1163131 3067313 3067793 3073790 3087144 3087328 3087431 3094479 3094575 3100080 3100415 3213909 
001891	4 / 4 / 4	PK128	0031557	35	0985218 1010254 1021988 1028864 
006504	14 / 29 / 14	TAYC	0031399	36	1094452 1125596 1129252 3071694 3073216 3078258 3079915 3081951 3083207 3085643 3093246 3093319 3094700 3125450 
011311	13 / 15 / 29	BYC127	3198619	37	0986212 1012362 1019072 1020019 1049392 1069679 1069838 1079349 1136139 1141766 3079774 3088350 3098284 
001433	9 / 10 / 14	TH102	0031632	36	0990773 1086904 3066973 3078437 3080405 3081763 3082941 3093298 3100196 
002464	7 / 8 / 14	TH102	1051497	37	1012096 1012249 1058367 1058429 1073523 1075327 1079132 
002864	6 / 6 / 14	TH102	0004955	38	0990773 1009834 1163125 3064715 3188887 3194683 
005263	12 / 13 / 33	GOB	0029475	38	1021632 1022791 1033040 1046598 1049426 1050480 1065966 1069205 1071806 1162792 3069040 3190633 
004889	8 / 9 / 12	CARP15	0031373	39	0993773 1010693 1013149 1021632 1048639 1048692 1056807 1076439 
007043	20 / 26 / 29	BYC127	3315634	39	0993816 1020019 1056570 1058367 1060805 1069679 1069838 1076049 3064630 3065016 3065312 3068911 3078066 3078408 3090316 3090776 3091890 3093411 3095306 3098284 
001844	4 / 6 / 4	PK128	3312777	40	0994035 1028864 1057027 1081058 
001893	4 / 4 / 4	PK128	0898918	41	0994035 1022209 1057027 1059882 
002414	7 / 9 / 14	TH102	0697660	40	0994228 1012249 1079132 3066736 3175457 3189715 3205491 
003437	11 / 11 / 22	GIL210	0897706	41	0994228 0996647 1010596 1012900 1048639 1059105 1059663 3088071 3097933 3098242 3217408 
007910	2 / 2 / 14	TH102	0031539	42	0994327 1138792 
007923	2 / 7 / 14	TH102	0031539	43	0994327 1138792 
007926	5 / 5 / 14	TH102	0431946	44	0994327 1032467 1033040 1038861 1039740 
007374	22 / 22 / 29	BYC127	3220272	42	0994458 1082986 1092959 1139204 1161804 3057399 3065560 3069352 3073359 3078150 3078437 3079816 3080512 3081234 3087117 3091870 3093411 3097075 3098553 3099375 3142378 3217415 
007380	10 / 18 / 29	BYC127	3332660	43	0994458 1017955 1057212 1071507 1139204 1141766 1161824 3078437 3095417 3099375 
011299	4 / 6 / 4	PK128	0058557	44	0994458 1079538 1156612 3064906 
006026	16 / 22 / 33	PK336	0213446	45	0996066 1009761 1060284 1070385 1134634 1143121 1161791 3061194 3066973 3092577 3092604 3097588 3152434 3205329 3216649 3217785 
001896	4 / 7 / 4	PK128	0205229	45	0996647 1012572 1041721 1047712 
003008	25 / 25 / 30	TAYF	3195619	46	0997481 1001389 1012362 1012942 1026827 1050032 1059804 1060805 1071241 1090521 3063558 3065568 3077931 3079866 3085394 3088071 3090312 3092179 3096808 3100415 3118090 3151195 3154498 3155033 3204243 
003033	3 / 4 / 30	TAYF	0492580	47	0997481 1069716 3069486 
011310	15 / 15 / 33	PK336	0207327	46	0997504 1002151 1028449 1029963 1042351 1047770 1059756 1060948 1069583 1069904 1074339 1075264 1150429 3064630 3066088 
009335	9 / 10 / 29	BYC127	0031522	47	0997849 1052099 1060170 1071507 1074737 1136139 1141766 3062862 3096229 
007378	18 / 27 / 29	BYC127	0851717	48	0998860 1025191 1045527 1073214 1081394 3078150 3088052 3091870 3091892 3092604 3093411 3098380 3099375 3104870 3145520 3205491 3211006 3217415 
006035	11 / 13 / 33	PK336	3334524	48	0998866 1028647 1051994 1057202 1072193 1092958 1096638 1109742 3078071 3079774 3095021 
011190	4 / 8 / 4	PK128	3208554	49	0999166 1003065 1005493 1037801 
004869	5 / 7 / 12	CARP15	0053518	49	1000374 1010723 1072820 3063437 3212165 
011309	2 / 5 / 12	CARP15	0180723	50	1163424 3080118 
006034	28 / 33 / 33	PK336	0031454	50	1001389 1080636 1086556 1153554 1155813 1160136 1162725 3072895 3079774 3079871 3085421 3087527 3088264 3088433 3090752 3091221 3092333 3092408 3092532 3092830 3094744 3094802 3095908 3096963 3097709 3108691 3125856 3204893 
010959	10 / 11 / 14	TAYC	0024402	51	1002597 1068859 1079912 1095145 3063573 3064906 3085407 3096355 3135241 3248179 
001180	11 / 11 / 14	TH102	0031388	51	1003163 1070296 1095813 1133031 1158585 1162390 3075252 3085021 3087472 3089763 3094738 
010934	1 / 5 / 14	TH102	3098022	52	1090632 
011539	4 / 9 / 14	TH102	3315568	53	3081763 3085002 3093298 3100196 
005850	12 / 15 / 15	TH251	3212821	52	1003172 1041472 1070105 1073076 3078958 3079829 3082941 3089580 3096911 3105382 3216649 3219428 
001161	13 / 13 / 14	TH102	0031388	54	1003526 1031093 1058731 1070296 1072415 1073523 1093772 1122236 1153036 1153904 3075252 3079169 3150843 
005290	7 / 11 / 33	GOB	3334598	53	1050014 1094776 1119061 3070922 3077505 3081431 3082314 
001547	6 / 11 / 6	GOA	0129398	54	1009834 1017955 1050843 1058076 1080595 1096573 
006849	12 / 13 / 26	PK243	0031347	55	1069299 3091221 3094263 3095021 3099423 3136630 3145694 3155695 3169335 3190685 3193996 3217543 
009299	5 / 5 / 12	CARP15	3092667	56	1010254 1056692 1096573 3078437 3099191 
001467	5 / 5 / 14	TH102	0031582	55	1010262 1079349 1156628 1158585 3095599 
001763	11 / 11 / 14	TAYC	0027799	56	1010596 1036983 1057618 1150110 1157995 3062439 3081720 3088346 3089884 3125873 3126883 
011529	19 / 19 / 22	GIL210	3310251	58	1010605 1027000 1030725 1049279 1068656 1072178 1075221 1076785 1081394 1093453 3062413 3064869 3066992 3081179 3084658 3097009 3104870 3155201 3205208 
002399	6 / 6 / 14	TH102	3208421	57	1010674 1058076 1093758 3063558 3065722 3094744 
006523	2 / 2 / 14	TAYC	3319106	57	1010693 1048446 
011397	3 / 5 / 12	CARP15	3310251	58	1059105 1076884 3061759 
002397	13 / 13 / 14	TH102	0493725	59	1010723 1050664 1090070 1090632 1133589 3063558 3069318 3081988 3089769 3095460 3097321 3188402 3211643 
011333	2 / 3 / 29	BYC127	0031573	59	1049392 3098034 
004809	12 / 13 / 12	CARP15	3194193	59	1011239 3062413 3065722 3068911 3073216 3078958 3088433 3088969 3119630 3190134 3194428 3205208 
011329	20 / 22 / 22	GIL210	1165592	1	1011239 1012792 1048703 1070105 1083355 1086904 1092760 1150448 1154382 1157995 1163282 3082246 3088052 3089884 3103910 3153306 3165225 3179026 3191823 3194873 
004066	9 / 9 / 16	TAYSEM	3335907	1	1011428 1016345 1034403 1069839 1074374 1091481 3059978 3070830 3100080 
009259	7 / 10 / 33	GOB	0031416	1	1011634 1017801 1036579 1050014 1095145 3082941 3089580 
011533	7 / 10 / 30	TAYF	3213249	1	1012096 1012900 1059404 1069838 3100011 3110756 3209843 
003275	13 / 16 / 28	TAYD	0695890	1	1012362 1049392 1069205 1103971 1134731 1161782 3068633 3080142 3081988 3084782 3095254 3098240 3216244 
008784	5 / 8 / 15	TH251	0031572	1	1156086 3068167 3090714 3091842 3107224 
011660	5 / 6 / 6	GOA	0855533	1	1014173 1080204 1091600 3079872 3213727 
007396	9 / 10 / 29	BYC127	0162977	3	1014289 1076785 1094452 1094776 1155700 3070045 3078602 3079816 3210877 
002992	34 / 51 / 34	TH104	3195619	1	1015916 1033562 1058218 1059882 1068660 1073075 1084609 1163719 3070922 3072097 3078987 3079829 3085302 3087533 3091889 3094744 3095337 3097592 3098947 3098983 3099257 3104870 3105292 3109335 3122181 3149019 3150843 3173283 3185376 3189715 3191198 3191285 3194322 3196059 
007032	6 / 7 / 29	BYC127	3319106	1	1072725 3094575 3095290 3097080 3213909 3217540 
011391	4 / 4 / 26	TAYE	3310794	1	1016737 1019072 1060170 1141987 
002856	14 / 188 / 14	EHSEM	3310251	1	1017457 1068953 1073211 1080636 1104799 1120982 1154430 1154715 1156319 1156628 1158383 1160136 3062898 3063119 
002163	14 / 16 / 26	PK243	0168378	1	1017882 1051994 1093828 1109276 1126780 3057362 3061134 3062766 3070495 3084853 3086192 3088141 3088969 3100402 
002166	1 / 13 / 16	PK354	0428815	1	1033296 
011219	2 / 6 / 77	PK338	1168490	1	1134649 3086709 
008780	10 / 10 / 14	TH102	3194197	1	1018045 1048446 3088350 3090375 3145695 3161390 3212165 3212293 3215081 3217415 
002174	1 / 3 / 13	PK278	0004950	1	1018051 
004360	11 / 11 / 24	GIL101	0138190	1	1018267 1056297 1163424 3064819 3080512 3081503 3085421 3091218 3093349 3103193 3204644 
008421	10 / 34 / 10	BYC100	0132890	1	1020019 1047863 1090521 1136656 1138000 1143180 3062439 3062862 3068251 3068998 
004734	4 / 5 / 17	CARP17	1084458	1	1020671 1155110 3153713 3219428 
005870	6 / 6 / 15	TH251	3212821	2	1020671 1032253 1092084 1104323 1156628 3098553 
001847	4 / 6 / 4	PK128	0205229	1	1022209 1030842 1041721 3064906 
011396	10 / 11 / 22	GIL210	3310251	2	1023115 1068656 1093453 1150110 3063070 3064869 3082784 3082959 3085391 3090316 
007377	18 / 18 / 35	CARP21	0031522	1	1025191 1048062 1057693 1060793 1071343 1092959 1094452 1096920 1115206 1150429 3065488 3070045 3078602 3080943 3081698 3097192 3204153 3211384 
002667	5 / 7 / 23	EHLEC	0897706	1	1027000 1049942 1052099 1058429 1072415 
002562	23 / 23 / 77	PK338	1168490	2	1027570 1071070 1084609 1159860 3067313 3073790 3101907 3119630 3125322 3125808 3127044 3190778 3190802 3191198 3191876 3192657 3205454 3213412 3216013 3216840 3217604 3217793 3248179 
008766	18 / 38 / 18	EHII	0431786	1	1029713 1073523 1076016 1076439 1079132 1081207 1161753 3063558 3067133 3072284 3078150 3091587 3092126 3092577 3093100 3093257 3096963 3097468 
001425	2 / 3 / 39	TH110	0020093	1	1029760 3096355 
005195	13 / 25 / 13	CARP13	0493855	1	1032101 1073316 1112411 3067793 3084075 3095391 3105382 3118027 3120610 3121966 3126639 3126772 3152623 
007904	4 / 7 / 4	RCSEM	0431946	1	1032467 1092805 1161808 3103203 
009358	3 / 4 / 12	TAYB	0031386	1	1033040 1038861 1039740 
004275	7 / 12 / 46	PK180	0017611	1	1080542 1156277 1164777 3088571 3093208 3096489 3125322 
005141	13 / 16 / 28	TAYG	1020104	1	1050480 3077505 3082488 3084716 3095306 3100468 3152743 3153576 3197905 3211393 3212787 3213840 3217793 
007391	8 / 11 / 8	PK227	0031631	1	1049022 1058154 1069835 1071690 1143142 1161804 3057399 3065560 
004010	14 / 40 / 14	TAYC	0030564	4	1039740 1039761 1069276 1104799 1158585 3082370 3084075 3084494 3090312 3092179 3093184 3095391 3095417 3105219 
011312	2 / 4 / 25	CARP25	0125630	1	1043203 3089115 
001232	1 / 1 / 11	TH111	0493725	1	1047500 
007403	4 / 7 / 51	TH224	0031611	1	1047712 1057564 1071785 3069352 
009342	6 / 6 / 29	BYC127	0031522	2	1048062 1058757 1059799 3081698 3087328 3091781 
007007	25 / 26 / 29	BYC127	0028980	4	1048446 1070105 1081058 1094452 1161679 3068612 3082488 3083717 3084853 3085394 3089115 3096963 3098242 3104014 3105292 3105382 3107224 3118027 3121966 3155060 3155346 3190802 3191210 3193161 3194322 
004874	1 / 1 / 9	BYC239	0607548	1	1048639 
011206	3 / 3 / 33	GOB	0129398	2	1049392 1138000 3087757 
011630	4 / 5 / 14	TH102	0031539	2	1049683 1071507 1161808 3094738 
011308	5 / 7 / 16	PK354	0180723	3	1049957 1092084 3071791 3089542 3100458 
011298	5 / 6 / 12	EHIII	0058557	1	1050602 1057618 1134634 1163179 3096248 
005723	12 / 21 / 12	CARP15	0984701	3	1050645 1081058 3091169 3097592 3119048 3119630 3120610 3126883 3145694 3145695 3153306 3161390 
011319	1 / 3 / 6	CAN314	0827051	1	1051315 
010949	3 / 7 / 28	EHI	0897399	1	1079912 1085466 3069455 
004285	4 / 8 / 5	PK259	3092832	1	1056457 1133031 3086119 3216914 
004020	5 / 6 / 14	TAYC	3244352	2	1057605 1071068 3089763 3091169 3151195 
008774	8 / 8 / 33	GOB	0031572	3	1057693 3079866 3093319 3094575 3135241 3189715 3204830 3215666 
003003	4 / 6 / 34	TH104	3195619	2	1058203 3065016 3213968 3214138 
002659	3 / 3 / 12	CARP15	0031543	2	1058429 3091889 3152743 
002638	1 / 1 / 6	CAN314	0765372	2	1059101 
011318	4 / 4 / 13	PK278	3092667	2	1059105 1075852 3093100 3306653 
001749	4 / 9 / 9	GOCOM	0254474	1	1059200 1071788 3078331 3088147 
001771	6 / 7 / 12	EHIII	3319168	2	1059200 1163282 3067585 3091340 3104716 3194474 
010845	13 / 14 / 35	CARP21	3092941	2	1059404 1059663 1083355 1088535 1115327 1134634 1154382 1154715 1158383 3064819 3065722 3081410 3100385 
004389	3 / 3 / 16	TAYSEM	0989327	3	1059604 3211473 3213968 
009286	4 / 4 / 16	TAYSEM	0138190	4	1059604 1073230 3082852 3210027 
007404	1 / 2 / 39	TH110	0205229	2	1069835 
003027	14 / 14 / 25	CARP25	0375562	2	1059804 1060146 1087351 1163125 3066992 3067352 3069758 3071798 3073034 3077931 3089384 3092196 3097153 3098276 
006024	33 / 77 / 33	PK336	0301909	1	1059804 1079289 1155839 1162423 1162443 3065332 3068181 3068444 3080546 3082370 3083995 3086455 3092781 3093246 3094263 3098317 3099184 3099423 3099745 3100415 3104489 3105219 3105866 3106403 3110627 3118090 3120137 3121582 3122857 3123316 3125127 3125873 3126731 
008437	6 / 8 / 10	BYC100	0031619	2	1060531 1074374 3062862 3093050 3098224 3217408 
008792	5 / 6 / 26	TAYE	0031572	2	1068696 1079912 3068167 3070830 3088052 
007364	35 / 39 / 35	CARP21	0031611	3	1068953 1082986 1162423 1164327 3073017 3079887 3080512 3080943 3082959 3083207 3085302 3085407 3086240 3087117 3090325 3094527 3095391 3097009 3097153 3121966 3126639 3126930 3142378 3152572 3152788 3177063 3177388 3189051 3192437 3193672 3204153 3210074 3211081 3211360 3212787 
004040	11 / 12 / 16	TAYSEM	0854975	2	1069205 1076743 1097091 3062958 3072097 3080405 3085302 3085596 3104777 3126602 3217540 
002872	5 / 6 / 13	CARP13	1084458	2	1069299 1164777 3086240 3171506 3191191 
005853	5 / 5 / 15	TH251	0031416	3	1069299 1155110 3106446 3188887 3191191 
008496	3 / 3 / 14	TAYC	0031619	3	1069425 1072725 1163270 
010966	4 / 5 / 12	TAYB	0775640	2	1069425 1103971 3086192 3098983 
001157	3 / 4 / 24	GIL101	1051497	2	1070296 3104870 3163183 
009240	2 / 3 / 23	EHLEC	0138190	2	1070930 1072820 
004036	3 / 5 / 28	TAYD	0163316	2	3063573 3191834 3216898 
006874	4 / 4 / 13	PK337	0750235	1	1071077 1092551 1153307 3063573 
002368	3 / 37 / 3	ROSTUD	1051497	1	1133589 3066736 3075252 
004276	11 / 12 / 46	PK180	3318666	3	1073211 3091218 3092091 3092830 3105292 3121199 3122857 3152623 3177165 3191198 3211393 
004665	15 / 15 / 26	TAYE	1137952	3	1076479 1130377 1133642 1134731 1143180 1162792 3061460 3068444 3078232 3079855 3081988 3098240 3216898 3217434 3218135 
004281	3 / 4 / 26	PK243	3092832	2	1079289 1080542 1109686 
001424	10 / 12 / 51	TH224	0024663	2	1079349 3081179 3082370 3094700 3108814 3120788 3123316 3153713 3155060 3203791 
009232	3 / 6 / 3	ROSTUD	3208421	2	1093758 3061194 3078408 
002362	1 / 3 / 9	BYC239	1168243	2	1133589 
011334	1 / 2 / 17	CARP17	0031573	2	3215241 
001163	3 / 4 / 14	TH102	0031568	3	1122236 3085612 3088010 
005272	9 / 9 / 28	TAYG	1137952	2	1130377 1133642 1162792 1163270 3069585 3098496 3183942 3209784 3211478 
008434	11 / 17 / 11	TH111	0031553	2	1136656 3062439 3065312 3065779 3081234 3081988 3087809 3098240 3098243 3150738 3191428 
005218	5 / 5 / 30	TAYF	1020104	3	1150448 3067793 3074091 3153473 3209784 
004016	11 / 11 / 12	TAYB	0030564	3	1156086 1162443 3073790 3079769 3087472 3088141 3091842 3097321 3121582 3150738 3175457 
006850	2 / 3 / 4	PK154	0824244	1	3062958 3153473 
007882	4 / 5 / 7	RCCON	0742958	1	3073216 3090029 3095460 3191876 
007899	1 / 2 / 4	RCSEM	0742958	2	3095460 
004015	18 / 18 / 24	GIL101	0031578	3	3061759 3071792 3078987 3080118 3082784 3084658 3099191 3100196 3103910 3125808 3136630 3160933 3165880 3177284 3192054 3193161 3209843 3209936 
005126	3 / 3 / 13	CARP13	0031543	3	3062439 3081073 3095254 
009225	11 / 11 / 12	EHIII	1165592	3	3062958 3080405 3082688 3092179 3101150 3125127 3170878 3194873 3211396 3211478 3214704 
003406	10 / 10 / 18	EHII	3318436	2	3068251 3081951 3088571 3092126 3094479 3099184 3179110 3214899 3216670 3217413 
005846	9 / 11 / 15	TH251	0031416	4	3068444 3094700 3095599 3097082 3101907 3125856 3194683 3204517 3212787 
003270	9 / 9 / 28	TAYD	3334646	3	3068998 3079120 3087757 3090375 3121782 3191428 3193288 3216244 3218034 
010859	5 / 5 / 13	PK337	0031347	2	3072284 3074091 3087414 3090029 3090058 
005138	2 / 2 / 12	CARP15	0031560	4	3076521 3096248 
007888	1 / 1 / 7	RCCON	0431946	2	3078331 
005159	6 / 7 / 17	CARP17	1084458	3	3079005 3125450 3190802 3197905 3213217 3227175 
004362	5 / 6 / 22	GIL210	0989327	4	3079169 3081763 3086709 3150843 3209294 
002678	3 / 3 / 12	CARP15	0031416	5	3080774 3193672 3216420 
005122	4 / 5 / 13	CARP13	0031560	5	3081073 3092604 3093050 3100458 
004803	8 / 8 / 13	PK278	0031373	5	3082784 3085126 3090312 3095417 3120788 3177063 3191428 3210877 
009213	2 / 4 / 39	TH110	0138190	3	3090714 3209294 
007878	4 / 7 / 4	RCSEM	0031386	3	3087144 3103203 3110756 3204306 
002396	3 / 3 / 3	ROSTUD	0020988	3	3089769 3095460 3188402 
006019	6 / 9 / 51	PK349	0856198	1	3090312 3098490 3125450 3188887 3217724 3217778 
002700	1 / 1 / 23	EHLEC	0053518	3	3093100 
002636	6 / 6 / 6	CAN314	0765372	3	3098224 3196059 3203991 3204495 3210027 3217543 
005120	4 / 4 / 12	CARP15	0031560	7	3101150 3108814 3152434 3191428 
011535	1 / 1 / 25	CARP25	3213249	3	3107592 
002564	1 / 1 / 77	PK338	0564741	3	3108814 
005238	1 / 1 / 28	TAYG	0854975	3	3171506 
002449	0 / 1 / 22	GIL210	0031582	3	
004810	2 / 3 / 13	PK278	1051497	3	3180821 3209949 
002401	0 / 2 / 9	BYC239	0492580	3	
002856-B	14 / 188 / 14	EHSEM	3310251	3	3067133 3067214 3068251 3072284 3079915 3080546 3080774 3081400 3081431 3082033 3082488 3085021 3085391 3087414 
001837-B	39 / 60 / 41	PK229	0123161	1	1073230 1096638 1125596 1160418 3067214 3078071 3082852 3084494 3085021 3087231 3087330 3088047 3089555 3090752 3090776 3092091 3092333 3094802 3095867 3097075 3098380 3119048 3119909 3135241 3145520 3158474 3160933 3173096 3177873 3185620 3190685 3194428 3204830 3208714 3209232 3210876 3211081 3211473 3218679 
006024-B	33 / 77 / 33	PK336	0301909	2	3149019 3150160 3151640 3152572 3152667 3155695 3158474 3173283 3177165 3180821 3181938 3185122 3185376 3185620 3188793 3189051 3191210 3191285 3193161 3193288 3193776 3193996 3203991 3204279 3204517 3205324 3208714 3209843 3210000 3211335 3211360 3211727 3213727 
001840-B	24 / 41 / 60	PK25	0168763	1	1026827 1056807 1057174 1059799 1065966 1068431 1076479 1085421 1119061 1129252 1143121 1155748 1162792 1163270 1164327 3061460 3073017 3073483 3079887 3085643 3086240 3096911 3098242 3099191 
001152-B	18 / 51 / 51	TH224	0406445	3	3084353 3085002 3094738 3096808 3097521 3104777 3107224 3123316 3160008 3188793 3194474 3204248 3204644 3205138 3212165 3216013 3217604 3217778 
002368-B	14 / 37 / 14	TH102	1051497	4	1073211 3082314 3082959 3087948 3088147 3088433 3089542 3090058 3090375 3095460 3095867 3104777 3105866 3119630 
001842-B	8 / 37 / 8	PK10	0031557	1	1023115 1027570 1049110 1056570 1059101 1070296 1071258 1073214 
002153-B	16 / 57 / 16	PK354	1167863	4	0746108 3120137 3121582 3126433 3126602 3126930 3150160 3152667 3185122 3185376 3188793 3189051 3191834 3192657 3203991 3204248 
008764-B	25 / 62 / 33	GOB	0428728	4	1095145 3079769 3082688 3092091 3094527 3153473 3155033 3163183 3188879 3193996 3197905 3205138 3205324 3210000 3210876 3211081 3211478 3215784 3216244 3216840 3217413 3217434 3217439 3217604 3227175 
004010-B	14 / 40 / 14	TAYC	0030564	5	3108487 3109227 3121966 3123316 3126433 3126639 3149019 3150160 3151640 3153576 3155060 3165225 3166656 3177388 
008421-B	15 / 34 / 34	TH104	0132890	3	1029713 3085394 3092126 3093349 3104014 3105382 3108487 3118027 3153576 3173096 3178019 3179110 3205324 3216670 3217793 
001839-B	16 / 25 / 41	PK229	0898918	2	1017955 1022159 1030842 1047712 1057174 1057564 1058731 1076016 1076479 1091481 1143121 1150429 1154430 1155748 1161679 1163245 
008766-B	14 / 38 / 18	EHII	0431786	3	1160136 3094744 3095337 3098243 3098317 3100011 3106403 3119909 3169335 3173283 3175356 3191285 3194322 3213840 
006031-B	13 / 51 / 13	PK328	0431634	1	3108691 3108886 3109227 3125856 3126433 3145694 3155346 3169335 3194888 3204306 3205337 3215784 3217371 
002992-B	14 / 51 / 30	TAYF	3195619	4	1156319 3110627 3204279 3204306 3204495 3211335 3214704 3215666 3216898 3217371 3217444 3217543 3217778 3218679 
001164-B	12 / 30 / 39	TH110	0601586	4	1049683 3067352 3069758 3079915 3082033 3088390 3089580 3090325 3096911 3097192 3099745 3166656 
006504-B	12 / 29 / 12	TAYB	0031399	4	0985223 1097508 3126883 3151640 3153306 3153576 3178019 3191823 3193672 3194888 3211128 3214899 
011313-B	11 / 26 / 13	PK278	0672202	4	1115327 1163424 3065947 3067056 3073216 3078934 3091221 3100388 3170878 3179110 3204153 
004012-B	13 / 28 / 26	TAYE	3244352	4	3109335 3121199 3121782 3122857 3152572 3152788 3171506 3185620 3192437 3211384 3211393 3213402 3217313 
005195-B	8 / 25 / 17	CARP17	0493855	4	3161390 3165880 3194428 3196059 3208714 3209669 3213909 3219428 
002166-B	9 / 13 / 16	PK354	0428815	2	1017882 1051994 1093828 1109276 1112411 1126780 3062766 3070495 3091587 
011204-B	9 / 26 / 14	TH102	0601586	5	0980359 1048703 1049385 1058203 1092958 1135712 1153036 3062828 3180821 
