Course	Room	Teacher	Time	Students
006043	18 / 18 / 26	PK349	0554585	1	1057610 3425437 3438254 3482198 3485416 3560770 3576879 3580397 3581077 3581127 3465103 3467781 3485228 3483651 3561280 3445343 3484887 3460359 
006060	19 / 19 / 26	PK349	0031526	2	1057610 3425437 3429761 3438254 3455148 3458250 3460867 3462356 3463593 3483638 3451553 3429199 3461826 3441900 3462639 3463587 3445343 3460701 3460359 
007128	8 / 26 / 8	DAL6	0028980	1	3239415 3436588 3441413 3443453 3446653 3453472 3454439 3455297 
013997	8 / 18 / 8	DAL6	3575049	2	3239415 3437962 3453472 3464638 3467199 3482263 3457979 3463708 
014628	8 / 19 / 8	DAL6	3575049	4	3239415 3454439 3464855 3467199 3475950 3462116 3463708 3474598 
001837	2 / 2 / 26	PK349	3452118	3	3255755 3330330 
002161	46 / 46 / 46	PK180	0301910	5	3255755 3330330 3433686 3460338 3470846 3471450 3481813 3483638 3487055 3514095 3516634 3521265 3521461 3529298 3559302 3561074 3575483 3579723 3580248 3580251 3580269 3581605 3581996 3457873 3464379 3481690 3559149 3581967 3650578 3513947 3581085 3581456 3477425 3487266 3581375 3485550 3574558 3481702 3457988 3483587 3559857 3577187 3694797 3471447 3576411 3668758 
006847	25 / 103 / 25	PK337	3102267	6	3255755 3330330 3433686 3448679 3448687 3455631 3455719 3462270 3462817 3465036 3476797 3481203 3481813 3487055 3514095 3561074 3561084 3579723 3580248 3580251 3580269 3581609 3581996 3479311 3481690 
004293	6 / 7 / 16	PK259	0802802	3	3375323 3457231 3469520 3480714 3576013 3463022 
004306	9 / 9 / 16	PK259	3092832	4	3375323 3438254 3450490 3457231 3455690 3459523 3458176 3459972 3463022 
011865	3 / 3 / 16	PK259	3646542	5	3375323 3455690 3458176 
001243	2 / 2 / 14	DAL315	3646621	6	3405451 1160238 
002450	8 / 8 / 16	CARP15	3448653	7	3405451 3476908 3484763 3457873 3481875 3463525 3458452 3483950 
009386	14 / 17 / 14	DAL315	0031388	8	3405451 3454182 3456820 3576126 3580991 3540124 3485361 3446353 3568636 3479085 3448314 3462964 1160238 3463560 
001765	10 / 10 / 13	EHIII	3473979	7	3412725 3447681 3479838 3481354 3465591 3457808 3492361 3440687 3576499 3576565 
010965	14 / 14 / 16	EHI	0897706	8	3412881 3443522 3454210 3457393 3462293 3467427 3477014 3486571 3414205 3483278 3438999 3450546 3576579 3668958 
001249	14 / 21 / 14	DAL315	0254151	9	3418606 3432223 3435187 3439912 3443283 3451663 3455291 3459645 3459980 3462417 3462849 3463776 3452964 3461933 
002872	7 / 7 / 16	CARP15	1084458	9	3423839 3461020 3480937 3655393 3467932 3797607 3797722 
001235	14 / 27 / 14	DAL315	0031471	10	3425347 3474207 3475745 3475950 3480935 3575735 3465591 3484898 3478747 3455058 3462647 3466011 3462416 3461962 
008764	16 / 34 / 16	CARP15	3554385	10	3426943 3540714 3631215 3689329 3690020 3691834 3692514 3692915 3693276 3694813 3694828 3695345 3576002 3651816 3692269 3691983 
001857	7 / 8 / 7	PK200	0123161	11	3428608 3462514 3477576 3459523 3485548 3486379 3463993 
011219	10 / 11 / 26	PK349	0564741	11	3484894 3559624 3576792 3581227 3560373 3451331 3463439 3452445 3576574 3668947 
003270	22 / 22 / 26	EHLEC	0695890	12	3430131 3446670 3480217 3486141 3487316 3520100 3559534 3574483 3577682 3580586 3694791 3476899 3487623 3505157 3437341 3438102 3458932 3597215 3438652 3576333 3668894 3668902 
010845	14 / 15 / 16	EHI	3092941	13	3430131 3439147 3442335 3478102 3443731 3474789 3483546 3443092 3486571 3465442 3481102 3486083 3477004 3576629 
006565	7 / 17 / 7	TH251	0031399	12	3430697 3463524 3486844 3457692 3425239 3445738 3485228 
008770	16 / 46 / 16	CARP15	0428728	13	3430697 3455227 3462565 3483511 3493748 3544254 3555254 3558528 3559476 3559903 3561229 3570123 3574483 3575259 3580397 3581999 
011294	13 / 13 / 14	DAL315	0135660	14	3432223 3455291 3463776 3475745 3479054 3485028 3537536 3452964 3580256 3484898 3462647 3576403 3576553 
014786	10 / 11 / 26	PK349	3788276	15	3432223 3456677 3458972 3462270 3487041 3455915 3445081 3428042 3474620 3485169 
003459	12 / 12 / 16	EHI	1079401	14	3433275 3442335 3502893 3581171 3650874 3692285 3486083 3580407 3430527 3477004 3485169 3669030 
003548	13 / 15 / 16	EHI	0024092	15	3433275 3462817 3464666 3477014 3481354 3484845 3581596 3457935 3474789 3484361 3560687 3460586 3479804 
013616	4 / 5 / 30	TAYF	0375562	16	3456653 3486998 3463389 3460134 
007370	18 / 36 / 18	DAL1	0826964	16	3510665 3525604 3533264 3557742 3559843 3608097 3651573 3694798 3441273 3483567 3560511 3651816 3427674 3463589 3462292 3579592 3467452 3453262 
014218	3 / 3 / 21	TH111	0031471	17	3433881 3459111 3668852 
002397	16 / 20 / 16	CARP15	0493725	17	3433962 3461556 3479534 3486844 3540190 3546417 3559970 3576231 3576792 3579949 3580389 3481391 3505185 3580095 3476864 3561098 
002414	11 / 32 / 16	CARP15	3452082	18	3455341 3463453 3559302 3457777 3540705 3576494 3576629 3668827 3668831 3668839 3668918 
001861	2 / 3 / 26	PK349	0056992	18	3438113 3428042 
004840	9 / 10 / 16	CARP15	3452082	20	3438113 3454494 3462246 3462514 3481944 3581469 3479961 3482101 3576451 
014787	2 / 4 / 16	CARP15	3554810	19	3438119 3462019 
007926	3 / 5 / 11	RCCON	0470839	19	3438455 3462246 3426169 
004282	8 / 16 / 16	PK259	1165566	20	3474140 3477576 3480791 3485361 1160238 3467932 3576365 3576425 
006035	23 / 25 / 26	PK349	0409737	21	3438254 3458250 3463593 3475933 3483638 3485416 3486852 3486998 3559534 3577109 3578804 3578811 3581952 3564528 3441900 3581375 3479718 3650596 3469615 3455046 3476927 3476082 3478412 
004015	11 / 12 / 30	TAYF	3460456	21	3438294 3579028 3582182 3457777 3652569 3689500 3598090 3652373 3666570 3692536 3668920 
007923	2 / 5 / 11	RCCON	0031386	22	3576463 3576471 
004885	7 / 7 / 16	CARP15	0672202	22	3438842 3456103 3579099 3578488 3457327 3454100 3478713 
003543	12 / 14 / 16	EHI	3393009	23	3439147 3478102 3459584 3444537 3455220 3457808 3551641 3427633 3457932 3477004 3581080 3576466 
006868	9 / 13 / 25	PK337	0402773	24	3439147 3441226 3458087 3463011 3487732 3458136 3576423 3576437 3576459 
006588	2 / 7 / 7	TH251	3554648	23	3439409 3463745 
004360	11 / 14 / 16	CARP15	0847593	24	3439636 3464666 3476860 3556617 3561772 3574047 3464279 3560193 3416640 3451331 3486632 
010977	10 / 14 / 26	EHLEC	0695890	25	3439912 3442641 3449400 3459032 3464379 3457935 3455043 3461057 3462115 3456290 
011187	7 / 11 / 16	CARP15	3194193	25	3440958 3456103 3462298 3578488 3462019 3463882 3576579 
005263	16 / 16 / 30	TAYF	0493855	26	3441016 3441413 3458957 3463859 3578707 3579579 3476899 3452561 3559218 3459508 3462416 3463939 3442237 3576417 3576485 3576494 
006031	18 / 83 / 18	PK336	0213446	27	3441016 3443421 3457231 3462565 3471450 3478356 3482144 3482288 3487035 3493704 3496439 3503382 3516634 3555932 3574519 3574873 3575898 3575916 
006045	9 / 9 / 26	PK349	0431634	26	3441166 3462356 3485288 3455043 3485228 3479718 3448314 3463587 3581980 
010851	20 / 21 / 26	PK349	3764518	27	3441166 3441306 3455148 3460399 3483929 3485416 3486998 3577022 3465103 3485548 3581952 3479718 3483651 3694426 3455046 3462228 3576323 3576416 3668878 3668940 
002562	26 / 41 / 26	PK349	3792642	28	3441226 3443522 3484845 3503865 3576013 3576212 3576879 3651487 3668623 3692796 3581201 3692098 3694236 3576020 3694903 3459972 3486571 3606293 3650596 3692187 3485054 3470393 3693084 3455294 3667311 3690719 
014570	26 / 152 / 26	PK349	3483424	29	3480375 3483638 3496673 3558796 3560256 3561511 3579181 3580326 3581609 3591591 3621523 3652276 3661465 3668420 3689375 3689845 3693224 3693253 3693789 3693813 3694432 3694754 3695285 3558739 3651017 3481664 
014571	26 / 139 / 26	PK349	3577231	30	3441306 3480375 3480868 3483638 3493748 3496673 3558796 3559963 3560256 3561511 3579181 3579723 3580326 3581609 3591591 3621523 3629467 3651487 3652276 3661465 3668420 3689375 3692796 3692915 3693224 3693253 
012832	6 / 6 / 16	CARP15	1168592	28	3442432 3462882 3452529 3463729 3458339 3463525 
008810	5 / 10 / 16	CARP15	0576472	31	3455297 3483385 3576345 3576552 3668924 
014550	16 / 20 / 26	EHLEC	0695890	29	3442641 3486141 3519078 3578240 3484324 3486311 3447478 3458932 3486083 3462115 3580584 3514920 3558963 3576395 3576553 3669000 
001242	2 / 2 / 14	DAL315	0493725	30	3443283 3485756 
005741	3 / 4 / 18	DAL1	3556752	31	3443283 3576260 3456210 
002876	16 / 22 / 16	CARP15	1084458	33	3443453 3474374 3480592 3480791 3481944 3521272 3557478 3557742 3559172 3574967 3577741 3581907 3655393 3656490 3667385 3467781 
007368	18 / 62 / 18	DAL1	3474098	32	3485812 3487640 3502893 3521272 3529298 3580397 3602816 3629467 3638301 3669280 3689893 3690043 3692766 3694318 3574047 3651293 3652473 3690516 
013190	9 / 22 / 30	TAYF	1137952	34	3444811 3651077 3693473 3457039 3668780 3668843 3669027 3669036 3797736 
014121	13 / 15 / 30	TAYF	0029475	32	3444811 3449400 3454439 3578707 3581827 3457873 3427674 3524066 3497993 3540428 3666570 3576417 3576529 
014781	12 / 12 / 21	TH111	3555097	33	3444811 3458250 3469520 3474463 3485327 3486141 3486182 3503865 3462242 3485504 3464272 3576347 
013176	10 / 17 / 16	EHI	0995587	34	3443453 3447306 3453445 3544254 3417108 3483278 3484202 3471447 3669033 3797640 
013632	16 / 25 / 16	EHI	3443571	35	3447306 3448687 3462270 3463188 3481203 3524341 3578488 3460488 3464327 3483278 3581274 3454625 3375410 3467384 3692440 3455808 
007380	18 / 32 / 18	DAL1	0987494	35	3447681 3463936 3481813 3525604 3538202 3544945 3574349 3575309 3579099 3667319 3417819 3440419 3559319 3445081 3581456 3581786 3694384 3481798 
001899	8 / 8 / 26	PK349	0056992	36	3448679 3455631 3456677 3463188 3487041 3417108 3463526 3456228 
004065	7 / 7 / 30	TAYF	3646540	36	3448687 3453467 3485549 3485803 3441406 3561098 3576503 
005197	5 / 5 / 30	TAYF	1020104	37	3441016 3449400 3463859 3579687 3559218 
011829	4 / 4 / 16	PK259	1168592	37	3450490 3456645 3455690 3463022 
001749	8 / 15 / 16	EHI	3460008	38	3514835 3599090 3606418 3663306 3694289 3693084 3596492 3602435 
001770	4 / 10 / 13	EHIII	3474420	38	3453467 3475327 3431257 3576520 
004389	4 / 4 / 10	TAYSEM	0989327	39	3453663 3559624 3445680 3655749 
004394	9 / 9 / 16	CARP15	0989327	40	3453663 3455562 3459980 3559462 3575483 3621523 3581870 3443092 3484314 
013781	16 / 19 / 16	CARP15	3557107	39	3454210 3455297 3462298 3462516 3462517 3462872 3482144 3461882 3461933 3458949 3578781 3460359 3485800 3576578 3668926 3797752 
014866	18 / 61 / 18	DAL1	0031522	40	3425347 3459111 3460371 3461469 3462882 3463936 3487316 3521461 3651487 3689893 3417819 3651816 3486379 3540124 3692628 3694428 3508682 3486838 
007106	4 / 5 / 8	DAL6	3447549	41	3464638 3581031 3485803 3576335 
003491	13 / 16 / 16	EHI	0020038	41	3423839 3454494 3456653 3457393 3482989 3483036 3443731 3462606 3438999 3694797 3484887 3620520 3669023 
004889	10 / 16 / 16	CARP15	0031373	42	3438842 3456016 3485970 3455151 3463851 3457327 3441177 3454100 3438232 3431750 
002469	11 / 11 / 16	CARP15	3452082	43	3455227 3460770 3475298 3476908 3487035 3487276 3478050 3485054 3650956 3576429 3576465 
012325	4 / 16 / 21	TH111	3420576	42	3477014 3486311 3485931 3443207 
001474	5 / 5 / 21	TH111	0020093	43	3455419 3455625 3462417 3463524 3468504 
001455	5 / 5 / 21	TH111	0020093	44	3455625 3485028 3448314 3460757 3462955 
004869	11 / 11 / 16	CARP15	0053518	44	3456016 3481944 3533264 3552259 3455151 3484361 3580139 3414205 3454100 3451664 3431750 
004356	16 / 17 / 16	CARP15	0847593	45	3456053 3496673 3556169 3638301 3661465 3667608 3689893 3694318 3599536 3492361 3561026 3579116 3463560 3580346 3638956 3616872 
010725	11 / 15 / 16	EHI	3092941	46	3456053 3578861 3581596 3691694 3695292 3481102 3560234 3462228 3484619 3455808 3476082 
003019	9 / 11 / 30	TAYF	0375562	45	3456066 3510971 3689845 3486501 3581455 3629951 3645471 3694006 3694431 
009362	11 / 23 / 21	TH111	0125630	46	3451663 3455625 3459645 3652396 3460369 3481875 3462262 3463883 3668796 3669008 3797863 
008769	16 / 36 / 16	CARP15	0899465	47	3456645 3516634 3557244 3575898 3581031 3619255 3632103 3668195 3668366 3693224 3695285 3691140 3691416 3691925 3464027 3578781 
014634	1 / 1 / 8	DAL6	1165566	48	3456645 
003001	8 / 19 / 30	TAYF	3691394	47	3478964 3474598 3650596 3694006 3581980 3668867 3668875 3668968 
006026	26 / 80 / 26	PK349	0431634	48	3435187 3443421 3456677 3458295 3460235 3462290 3463524 3487041 3487055 3502893 3533264 3540662 3559900 3576231 3580251 3581149 3608097 3650874 3661465 3667385 3692766 3694741 3487623 3445081 3459972 3463526 
013921	9 / 10 / 26	PK349	3483424	50	3456820 3463602 3486782 3463071 3484334 3462639 3457988 3581920 3438652 
006502	7 / 44 / 7	TH251	3554648	51	3457393 3460399 3482144 3483084 3485288 3486133 3486182 
006872	4 / 5 / 25	PK337	0031347	49	3458087 3487732 3441310 3460701 
011963	8 / 9 / 26	PK349	0409956	49	3458295 3467093 3521461 3575483 3480999 3480732 3483587 3576299 
012227	7 / 7 / 8	DAL6	3447549	50	3458533 3556169 3486501 3581038 3581846 3580159 3668911 
014669	3 / 3 / 16	CARP15	3647094	51	3458533 3458932 3442188 
005228	7 / 8 / 30	TAYF	3448653	52	3458957 3479054 3574475 3577054 3483977 3454476 3694101 
008442	19 / 19 / 21	TH111	3646854	53	3458957 3465036 3514095 3576037 3579028 3581497 3581996 3694791 3561660 3303699 3574558 3470393 3559857 3514964 3556594 3580259 3576436 3668900 3668909 
012289	11 / 11 / 26	PK349	0409956	52	3453445 3458972 3480217 3481203 3486852 3446832 3481690 3692269 3460488 3463071 3464327 
014865	18 / 69 / 18	DAL1	0031522	53	3425347 3442335 3459111 3460371 3461469 3462514 3462882 3463936 3482198 3484763 3487316 3493764 3521461 3559815 3651487 3689375 3689893 3692849 
002178	4 / 4 / 46	PK180	0180723	54	3459522 3462270 3464027 3250683 
013213	9 / 10 / 10	TAYSEM	3648217	54	3459645 3560860 3561516 3575309 3581085 3455120 3668935 3668996 3669001 
011312	4 / 9 / 21	TH111	0125630	56	3459647 3457979 3486311 3576517 
012326	5 / 9 / 21	TH111	3420576	55	3459647 3559476 3486475 3458949 3485774 
012338	4 / 5 / 16	CARP15	1165566	55	3460235 3462882 3463879 3452529 
006860	12 / 14 / 25	PK337	0031347	57	3479838 3482288 3576879 3692771 3693921 3558543 3579094 3579291 3564528 3581192 3581980 3580095 
014788	9 / 9 / 11	RCCON	0470839	56	3460371 3559462 3580671 3667381 3498772 3462606 3458037 3561318 3451724 
014789	9 / 11 / 11	RCCON	0470839	57	3460371 3559462 3580671 3667381 3690516 3455120 3458037 3667404 3561318 
004066	6 / 8 / 30	TAYF	0854975	58	3437962 3460770 3439206 3480939 3461936 3576586 
011190	2 / 4 / 26	PK349	3577231	58	3460867 3461937 
013059	5 / 5 / 16	CARP15	3212821	59	3461020 3441838 3436710 3484898 3485361 
006047	11 / 14 / 26	PK349	3646603	59	3441306 3461469 3486852 3451553 3461826 3460488 3441900 3479718 3448314 3461936 3455046 
004806	14 / 14 / 16	CARP15	0032827	60	3462246 3463453 3465050 3581469 3638301 3690789 3465103 3580139 3483651 3598090 3655749 3667749 3576578 3668818 
011313	21 / 30 / 21	TH111	0672202	61	3460338 3462246 3463453 3485970 3555254 3581907 3619718 3689402 3576002 3692294 3481202 3508682 3690800 3576753 3579116 3577795 3638956 3642332 3482101 3579361 3448868 
004852	9 / 9 / 16	CARP15	3194193	62	3462293 3577741 3581907 3619718 3651750 3690789 3693368 3440687 3581851 
013774	16 / 16 / 16	EHI	0058557	60	3462293 3462414 3459823 3524341 3650277 3463589 3462292 3465591 3667821 3460820 3455037 3558838 3576408 3576560 3668928 3668931 
002700	2 / 2 / 16	CARP15	0053518	61	3438294 3462298 
003006	16 / 17 / 30	TAYF	0492580	62	3482263 3487035 3690778 3695434 3492423 3651499 3690346 3578392 3694415 3486617 3692761 3577703 3668794 3668883 3669037 3797599 
009225	13 / 13 / 13	EHIII	1061058	63	3462414 3560199 3561074 3665045 3578921 3581375 3480732 3595163 3451557 3477004 3616872 3669019 3797709 
014784	5 / 6 / 27	GOB	3814283	64	3439912 3503382 3560373 3581786 3668765 
014631	15 / 18 / 21	TH111	3555417	63	3460338 3491953 3540662 3574967 3582182 3606418 3650736 3650997 3666175 3667503 3668386 3693557 3650256 3426858 3608602 
014632	18 / 18 / 21	TH111	0020093	64	3460338 3462417 3491953 3540662 3574967 3582182 3606418 3650736 3650997 3666175 3668386 3669280 3692294 3466011 3650256 3426858 3608602 3695282 
002572	26 / 26 / 26	PK349	0477036	65	3429761 3462512 3484894 3575916 3576792 3581227 3692849 3695024 3465103 3560373 3650277 3651017 3651499 3463851 3483651 3694384 3463439 3457195 3452445 3456313 3459888 3486187 3576478 3668787 3668964 3797772 
009342	15 / 15 / 18	DAL1	0031522	65	3439636 3462516 3485549 3486133 3487316 3546891 3443731 3457459 3552259 3463589 3460569 3464985 3581250 3463882 3487621 
010944	6 / 7 / 7	TH251	0777265	66	3462517 3462720 3581455 3484752 3650636 3576480 
011844	14 / 21 / 14	DAL315	0031471	1	3462516 3462517 3462872 3475745 3475950 3574483 3579579 3540124 3559218 3466011 3451331 3815898 3463226 3576341 
006034	23 / 26 / 26	PK349	0213446	66	3478356 3482288 3574873 3575898 3575916 3577022 3577109 3639772 3581135 3650578 3564528 3691416 3628726 3477425 3578252 3464327 3694426 3695373 3469615 3556970 3580584 3668782 3669025 
013647	3 / 5 / 30	TAYF	0492580	1	3462720 3463389 3464100 
002390	5 / 5 / 16	CARP15	0316015	1	3462882 3578747 3486787 3416891 3797683 
012339	6 / 8 / 8	DAL6	3420576	3	3463143 3474207 3559645 3485931 3576521 3668825 
006518	7 / 21 / 7	TH251	0031399	1	3463188 3576011 3579414 3581098 3592208 3668195 3463675 
007375	18 / 25 / 18	DAL1	0031631	1	3463602 3467093 3475933 3481813 3578861 3579099 3690482 3443731 3552259 3484324 3628726 3460569 3481102 3454115 3480939 3485636 3576342 3576461 
011298	15 / 15 / 16	EHI	0058557	1	3456820 3463879 3464855 3480375 3480868 3481944 3581389 3460718 3539996 3576230 3484619 3576383 3576406 3576553 3797608 
007378	9 / 56 / 9	BYC239	0851717	1	3430131 3463936 3480217 3485549 3486133 3487316 3524963 3525604 3575309 
009335	3 / 3 / 7	PK200	0031522	1	3464638 3465327 3576465 
001771	10 / 10 / 13	EHIII	1000086	1	3433275 3439636 3464666 3474374 3478964 3629970 3694828 3695292 3460586 3479804 
005122	4 / 7 / 11	DAL212E	3400071	1	3485028 3561318 3668801 3668893 
004865	8 / 8 / 16	CARP15	0031373	4	3465036 3485970 3457777 3463851 3463587 3478713 3576465 3580383 
005258	10 / 13 / 10	TAYSEM	3461286	1	3463859 3465050 3485628 3453218 3486782 3577054 3478309 3465588 3486623 3476082 
009304	4 / 9 / 5	TH223	1020104	1	3556169 3454625 3576303 3576324 
002464	9 / 11 / 17	DAL25	0493725	1	3465245 3487276 3480166 3484750 3482445 3576417 3668826 3668972 3797676 
013185	2 / 3 / 21	TH111	0132890	1	3476930 3486475 
004036	5 / 8 / 18	DAL10	3646540	1	3465332 3476908 3474598 3485803 3576435 
004803	15 / 19 / 16	CARP15	0031373	3	3479382 3487035 3581663 3638594 3668386 3692294 3575969 3463389 3572330 3691575 3645720 3689931 3576303 3576462 3669015 
006874	9 / 10 / 25	PK337	1167884	2	3465332 3483929 3576212 3576879 3579291 3481202 3441310 3454059 3467040 
002153	42 / 84 / 46	PK180	3415849	1	3458087 3466014 3474140 3496439 3496673 3538202 3544945 3559870 3561511 3576260 3580217 3581081 3591774 3631215 3638301 3689375 3689893 3479311 3558739 3549272 3569865 3581038 3591844 3560167 3591211 3303699 3651365 3481894 3645471 3481532 3632720 3579143 3690806 3470393 3574137 3581962 3437574 3514964 3616918 3580912 3606536 3692440 
003454	16 / 26 / 16	EHI	3443571	2	3466014 3467427 3483036 3484746 3487040 3502893 3540714 3559900 3575769 3560511 3578177 3581846 3551641 3465442 3480999 3539996 
005853	5 / 8 / 5	TH223	3647094	4	3468281 3474207 3480791 3483306 3460757 
001168	11 / 14 / 26	DAL2	3646621	1	3468504 3476797 3546891 3557478 3559963 3579181 3574639 3692269 3456722 3482101 3487310 
011831	0 / 1 / 22	CARP25	1168592	1	
011299	7 / 17 / 7	PK200	0058557	2	3470846 3483511 3540662 3547282 3557742 3576260 3694980 
006851	23 / 48 / 25	PK337	0402773	1	3469520 3471450 3493704 3521265 3529298 3577741 3581605 3689845 3693921 3694432 3695024 3480668 3579094 3581135 3694903 3458176 3466364 3578252 3667674 3689500 3469615 3690719 3451724 
004281	6 / 13 / 16	PK259	3092832	1	3477576 3467040 3576365 3576425 3576555 3633806 
007032	10 / 13 / 26	TAYD	0031573	1	3474207 3575898 3578921 3618222 3581207 3668760 3668768 3668825 3668946 3797706 
011319	9 / 9 / 18	DAL10	0827051	2	3474463 3485504 3460718 3505185 3481862 3482591 3576347 3576370 3668998 
012765	8 / 20 / 8	CARP13	3555097	1	3474463 3478102 3481805 3503865 3519078 3578075 3481391 3538928 
009231	10 / 11 / 18	PK336	0697660	1	3455227 3580389 3533093 3692609 3462606 3559804 3505185 3581080 3485170 3226303 
006504	14 / 21 / 29	TAYE	3554648	1	3576013 3577109 3476899 3581085 3579592 3460820 3572330 3693286 3483996 3693219 3668820 3668854 3668874 3669000 
012331	3 / 4 / 21	TH111	0132890	2	3475950 3487640 3464306 
003448	13 / 16 / 30	TAYF	0031359	2	3443522 3474374 3476797 3549052 3619718 3629970 3426858 3484887 3476418 3695201 3451724 3669010 3669012 
002163	11 / 11 / 46	PK180	3415849	2	3477824 3480710 3481419 3582040 3480668 3485290 3466364 3483467 3487087 3576301 3576572 
002164	1 / 10 / 42	PK278	0180723	1	3480714 
011827	8 / 11 / 53	PK243	0428815	1	3477824 3480710 3574543 3582040 3440419 3485290 3483467 3487087 
004276	7 / 100 / 7	PK200	1165566	4	3478419 3480868 3491953 3561001 3561229 3576231 3578036 
013645	4 / 8 / 4	BYC100	3194197	1	3478419 3540190 3693280 3691983 
001206	16 / 22 / 16	DAL212A	0254151	1	3462849 3479054 3483084 3485327 3503630 3559843 3580991 3441273 3561772 3439206 3446353 3486838 3481798 3451557 3455981 3479350 
005179	10 / 21 / 10	TAYSEM	3461286	2	3456653 3461556 3479054 3482288 3560199 3580671 3600785 3694434 3437011 3560649 
012818	12 / 12 / 25	TAYB	3448653	1	3475298 3479534 3546417 3463729 3470797 3485756 3568636 3469119 3485054 3575071 3576558 3797836 
001152	14 / 64 / 14	DAL315	0135660	2	3480592 3488858 3557478 3558796 3560256 3560860 3576126 3578240 3578714 3580269 3581077 3581830 3591436 3592208 
005846	5 / 9 / 5	TH223	3647094	3	3606418 3655393 3656490 3667385 3694039 
002182	2 / 8 / 42	PK278	0428815	2	3463675 3576403 
004012	14 / 38 / 14	TAYC	0215359	1	3480728 3483036 3493931 3575769 3576126 3578036 3579687 3581827 3606148 3691361 3693433 3578963 3666801 3690346 
011838	2 / 5 / 28	DAL119	0031619	1	3578781 3560858 
002992	18 / 49 / 18	DAL1	3473854	2	3430697 3462512 3465050 3480935 3491953 3574349 3580955 3631101 3631215 3651243 3689402 3692514 3693921 3694813 3695027 3452964 3481391 3579094 
014670	1 / 1 / 16	CARP15	3647094	5	3480937 
007057	15 / 16 / 22	CARP25	3195964	2	3436588 3481031 3581098 3581455 3438342 3484752 3577795 3483085 3768686 3695529 3464193 3576391 3582017 3668906 3668938 
002444	2 / 2 / 21	TH224	0989327	1	3481221 3454497 
014107	4 / 4 / 21	TH111	3554810	4	3481221 3484361 3462019 3595641 
003464	16 / 19 / 26	EHLEC	0599596	1	3481354 3559903 3560256 3665045 3455037 3581250 3694039 3486083 3446645 3560487 3689920 3438652 3581315 3482558 3576486 3668840 
011630	11 / 14 / 11	RCCON	0431946	1	3484845 3559462 3694318 3560649 3457184 3474409 3441406 3560234 3484243 3577146 3452445 
005159	13 / 15 / 27	GOB	1084458	1	3481419 3544254 3689329 3695539 3651033 3508682 3620017 3652177 3481075 3577703 3576354 3576523 3668850 
001871	1 / 3 / 8	PK229	3788276	1	3462639 
006500	7 / 13 / 7	TH251	0031399	2	3482198 3493931 3510971 3537536 3579414 3463745 3629951 
013659	3 / 5 / 22	TAYG	0254151	2	3462116 3463589 3452874 
011964	0 / 1 / 11	PK127	0031611	1	
013840	1 / 3 / 64	DAL300	3447549	1	3580341 
014785	15 / 20 / 48	TH110	3814283	1	3462356 3483511 3560860 3575916 3580256 3538688 3461962 3580259 3456210 3461937 3560308 3486389 3482323 3486596 3669018 
014114	18 / 26 / 18	DAL10	0827051	4	3478356 3483965 3559963 3559970 3574543 3576792 3479311 3481391 3560373 3538928 3569865 3581995 3486571 3480867 3581207 3512896 3559612 3668778 
011191	5 / 5 / 17	DAL25	3213249	2	3484763 3577167 3478747 3456290 3419002 
010844	3 / 6 / 36	BYC127	0824088	1	3555932 3438102 3576473 
014551	11 / 13 / 22	TAYG	0492451	1	3485288 3520100 3576037 3577590 3694791 3581201 3577984 3580407 3576431 3576477 3576557 
011535	4 / 4 / 14	DAL315	3213249	4	3485327 3690719 3560858 3576306 
005725	4 / 12 / 4	BYC106	3785071	1	3521461 3581596 3581996 3487090 
014630	4 / 5 / 11	DAL212E	3400071	2	3485628 3455043 3538400 3668801 
001748	9 / 11 / 15	GOCOM	0254474	1	3485812 3667821 3458934 3450069 3531305 3578443 3768686 3668772 3797757 
002376	2 / 2 / 6	DAL20	3691394	1	3433962 3486182 
006024	7 / 50 / 7	PK328	3470402	1	3486834 3561229 3574519 3577485 3577806 3578240 3580248 
013613	18 / 22 / 18	PK336	0492580	2	3486834 3560770 3561084 3576248 3577485 3579028 3580326 3580397 3580798 3650636 3486787 3561280 3481967 3556970 3480571 3486617 3576480 3668782 
003029	6 / 9 / 21	TH224	3764395	2	3486998 3471745 3576329 3576375 3576432 3576534 
003004	30 / 30 / 30	TAYF	3473854	5	3487640 3574873 3580798 3581913 3691416 3650636 3453262 3455049 3476864 3459635 3576352 3576362 3576376 3576384 3576405 3576473 3576527 3668782 3668854 3668860 3668874 3668878 3668881 3668901 3668934 3668961 3669006 3669038 3797607 3797722 
002368	16 / 48 / 16	CARP15	0697660	2	3510665 3559970 3575259 3575908 3576231 3580389 3668623 3692766 3692796 3694481 3470797 3695539 3533093 3651605 3692380 3485848 
013919	7 / 8 / 19	EHII	0897399	1	3488858 3547282 3631101 3501476 3667404 3693092 3797696 
005723	15 / 17 / 25	TAYB	3785071	2	3493764 3559815 3577741 3650874 3693501 3695643 3634695 3481664 3651033 3671851 3650256 3690806 3692756 3691981 3693230 
008469	18 / 26 / 18	DAL1	3420576	4	3480728 3503630 3510665 3514095 3559476 3559534 3559537 3576037 3577167 3577590 3577682 3578861 3581497 3581999 3464306 3476930 3561660 3489089 
009263	5 / 7 / 26	TAYD	0467822	2	3519078 3694741 3577984 3608602 3667749 
011962	9 / 10 / 26	EHLEC	0492451	2	3520100 3558800 3577590 3580586 3694791 3476899 3544262 3580407 3576477 
005141	13 / 16 / 69	CARP21	0493856	1	3561516 3632103 3650736 3667608 3457873 3467671 3692756 3667311 3484374 3576570 3797632 3797773 3797803 
001237	11 / 13 / 26	DAL2	0031471	2	3521272 3559537 3483567 3651412 3478343 3581265 3464100 3576306 3576351 3576499 3576556 
001163	5 / 5 / 14	DAL315	3575049	5	3537536 3446832 3538400 3463939 3580714 
008774	20 / 21 / 29	TAYE	0576472	2	3540190 3581149 3581918 3639772 3693789 3652473 3498772 3595071 3692786 3481894 3575971 3483640 3559225 3629518 3691962 3693565 3472140 3485417 3668931 3797717 
007017	8 / 12 / 8	DAL6	3575049	6	3433881 3485970 3546891 3559624 3694073 3694481 3667381 3581995 
014134	8 / 8 / 30	TAYF	3461286	4	3463776 3556169 3453218 3479885 3592325 3815898 3506165 3576479 
001157	3 / 3 / 17	DAL25	0697660	4	3557244 3653119 3591211 
006523	8 / 9 / 8	CARP13	0031573	2	3558528 3576011 3579116 3652177 3542887 3668768 3669051 3797830 
014548	5 / 8 / 10	PK227	0168378	1	3558796 3692915 3695345 3576002 3695201 
014549	5 / 6 / 53	PK243	0168378	2	3426943 3690043 3460343 3694797 3456228 
009270	8 / 19 / 8	CARP17	0897706	1	3555254 3558528 3558800 3581903 3651573 3695027 3524341 3690516 
014671	3 / 3 / 16	CARP15	3647094	6	3559172 3447478 3483640 
004362	9 / 9 / 10	TAYSEM	0989327	6	3464666 3559462 3575483 3621523 3695643 3540124 3442188 3815898 3482588 
009232	6 / 8 / 6	ROSTUD	3208421	1	3559624 3579291 3479085 3512896 3483385 3668923 
014552	7 / 9 / 36	BYC127	1079401	2	3459032 3693241 3483241 3576343 3576431 3668821 3669084 
006019	12 / 14 / 12	PK354	0207327	1	3580586 3668623 3691834 3693253 3694754 3668538 3651439 3692786 3690733 3597365 3652339 3668816 
007007	16 / 28 / 16	DAL212A	0028980	2	3559903 3568950 3629467 3632881 3666520 3667608 3691361 3653119 3667381 3445738 3561402 3652273 3482019 3651365 3693856 3574866 
011037	4 / 6 / 28	DAL119	0777265	2	3486501 3484334 3482194 3458049 
001763	10 / 13 / 13	EHIII	3474420	4	3568950 3579414 3649568 3691361 3581389 3485848 3692519 3576543 3668801 3668917 
013210	5 / 8 / 5	TH223	3212821	2	3423839 3544945 3650997 3666175 3667503 
007039	2 / 4 / 7	PK200	0916272	3	3606536 3576555 
013636	10 / 11 / 64	DAL300	0605187	2	3570123 3453856 3411186 3438102 3692609 3459613 3510878 3458452 3483950 3668824 
014579	4 / 4 / 16	EHI	0168378	4	3574475 3692915 3559464 3667273 
007888	9 / 10 / 11	RCCON	0431946	2	3574542 3667319 3581249 3524066 3480166 3577146 3525384 3668752 3668917 
001448	7 / 7 / 14	TAYC	3764585	2	3574967 3579687 3482264 3578963 3580139 3560858 3576313 
004872	3 / 4 / 21	TH111	0989327	5	3561511 3575908 3452561 
013839	17 / 20 / 27	GOB	3447549	2	3576037 3650736 3651573 3692285 3489089 3690652 3666207 3556594 3580341 3581315 3576358 3576376 3576377 3576625 3668806 3668989 3797590 
011300	3 / 4 / 48	TH110	0020093	2	3578036 3576753 3576328 
008790	5 / 7 / 10	TAYSEM	3194197	4	3578804 3458136 3581250 3462956 3797828 
004010	26 / 31 / 26	TAYD	3460456	4	3540662 3578842 3581663 3581903 3600785 3608097 3690778 3692849 3694073 3694434 3694798 3694980 3695027 3695434 3668196 3667677 3694428 3651412 3597215 3471190 3642204 3642332 3694780 3560687 3579361 3694433 
011987	5 / 5 / 16	CARP15	3764403	8	3468281 3579687 3650736 3650997 3483306 
007028	18 / 19 / 22	CARP25	0316015	4	3453445 3537536 3579723 3694828 3485504 3487623 3581249 3601391 3485290 3460718 3645471 3483954 3635012 3463993 3516442 3768686 3576763 3668911 
005191	11 / 13 / 27	GOB	1137952	4	3487640 3580269 3581967 3463011 3694101 3606536 3581981 3576527 3668816 3668850 3668892 
010933	3 / 4 / 6	DAL20	0031632	2	3580991 3446353 3463560 
013775	8 / 8 / 26	PK349	0058557	4	3484894 3581077 3581171 3592208 3463439 3487621 3575928 3576474 
007882	3 / 5 / 11	RCCON	0470839	3	3581081 3574639 3797631 
003005	4 / 9 / 30	TAYF	3691394	3	3433686 3581913 3437341 3669037 
003406	19 / 48 / 19	EHII	3784569	2	3493704 3493748 3496439 3559870 3580251 3581127 3581282 3602816 3608097 3619323 3690020 3690778 3693280 3695434 3578811 3651017 3668196 3668538 3690346 
001562	19 / 24 / 24	PEMSTD	3572646	1	3438206 3441016 3577682 3581609 3694798 3483557 3581786 3441310 3479712 3460737 3481702 3694101 3451496 3464272 3440454 3576474 3576586 3668765 3668895 
003546	4 / 5 / 16	EHI	3554810	3	3454210 3592680 3464263 3463882 
004016	8 / 9 / 14	TAYC	3442425	4	3629467 3693368 3561402 3559857 3597365 3520880 3668974 3668989 
012837	6 / 6 / 21	TH224	0467822	4	3480935 3579949 3619255 3695345 3645720 3480069 
007878	5 / 11 / 5	RCSEM	0031386	1	3651243 3492423 3652473 3578392 3692372 
014546	0 / 4 / 10	PK227	0180723	2	
009296	4 / 6 / 69	CARP21	0897706	2	3482989 3669280 3694073 3595163 
012353	2 / 3 / 24	PEMSTD	0683480	2	3503382 3463729 
003407	8 / 8 / 8	CARP17	3478658	2	3691834 3692098 3695510 3694431 3691241 3694780 3694433 3695554 
004810	4 / 4 / 22	CARP25	0697660	5	3692807 3694741 3576753 3597302 
004020	4 / 4 / 16	DAL212A	3646540	4	3460399 3559657 3442237 3668929 
012665	3 / 3 / 18	PK336	3473854	4	3462242 3459613 3460134 
003481	5 / 5 / 16	EHI	3554810	5	3477014 3478964 3458441 3484361 3487621 
013172	18 / 19 / 26	EHLEC	0024092	4	3462414 3581605 3667385 3481690 3634695 3650578 3639603 3690204 3578252 3575971 3606293 3693856 3463560 3576230 3652373 3602435 3560308 3668783 
001559	2 / 2 / 24	PEMSTD	0129398	4	3483557 3479712 
014537	2 / 2 / 8	CARP13	3648007	4	3483567 3580159 
002151	15 / 15 / 42	PK278	0168378	5	3426943 3574519 3693813 3695643 3492423 3650277 3666801 3694236 3690204 3544262 3694101 3648970 3691981 3649880 3576555 
011534	5 / 5 / 18	DAL1	3213249	5	3438113 3454210 3577054 3508682 3464985 
012320	6 / 8 / 21	TH111	0965307	3	3689845 3581201 3569865 3691514 3695282 3576529 
001878	3 / 4 / 152	PK20	0564741	1	3482739 3650277 3483587 
014441	4 / 4 / 13	TH121	3786642	1	3540714 3459508 3481643 3558838 
005282	3 / 3 / 9	BYC239	0493856	2	3561516 3559218 3454625 
006534	7 / 10 / 7	TH251	0916272	4	3456053 3463879 3446832 3452529 3577984 3485361 3460073 
001552	3 / 5 / 27	GOB	0129398	3	3581786 3460737 3668765 
007006	18 / 18 / 29	TAYE	3195964	4	3466014 3482739 3560199 3575908 3581827 3518231 3599536 3428042 3455043 3561026 3580346 3694415 3416891 3691981 3479355 3480571 3797673 3797702 
001750	5 / 7 / 7	GOAUD	0622960	1	3692380 3479945 3482019 3471190 3642204 
013920	1 / 3 / 15	GOCOM	0897399	2	3442991 
014523	1 / 2 / 4	BYC106	3648007	2	3443283 
004304	1 / 2 / 7	PK200	1165566	5	3459972 
014215	7 / 7 / 28	DAL119	3646854	4	3428608 3465245 3575769 3461057 3486475 3467452 3668961 
004275	25 / 48 / 49	PK100	3646542	1	3455562 3493764 3559815 3574475 3575259 3582182 3591436 3666520 3556617 3464306 3581220 3693557 3689991 3486632 3595163 3650256 3694433 3695282 3458061 3627845 3668767 3669036 3797728 3797839 3797880 
014791	1 / 2 / 2	SW3	0999321	1	3462416 
001430	2 / 3 / 6	DAL20	0020093	4	3693565 3796230 
012352	4 / 4 / 27	GOB	0129398	5	3503382 3483557 3457184 3797855 
002381	2 / 2 / 6	ROSTUD	3786635	2	3639603 3479085 
014870	3 / 7 / 8	CARP17	3764585	4	3455419 3579143 3467932 
006538	6 / 6 / 7	TH251	0916272	5	3462116 3454115 3437574 3581228 3668768 3669007 
006557	2 / 2 / 13	TH121	0031573	4	3506324 3668919 
014228	4 / 4 / 18	DAL10	3648007	5	3690789 3572330 3693286 3492392 
005734	1 / 1 / 18	DAL1	3556752	3	3592325 
011209	1 / 2 / 11	PK10	3577231	1	3454059 
002448	1 / 1 / 10	TAYSEM	0031373	5	3463883 
002409	4 / 4 / 30	TAYF	0697660	6	3487276 3478050 3512896 3668827 
004817	5 / 6 / 48	TH110	3786635	4	3438842 3575969 3538400 3431750 3668770 
005727	7 / 7 / 18	DAL1	3648007	6	3555932 3577806 3484314 3540428 3580159 3669004 3669016 
002396	6 / 6 / 25	TAYB	0020988	4	3469119 3540705 3576429 3576558 3668831 3669008 
004023	4 / 4 / 10	TAYSEM	0854975	3	3462290 3559657 3438999 3578443 
003500	9 / 10 / 19	EHII	3194193	4	3486834 3592680 3581870 3485550 3454476 3475327 3480810 3460586 3479804 
014869	7 / 9 / 17	DAL25	3646854	3	3460235 3503630 3591211 3463071 3578910 3576411 3668870 
011536	1 / 1 / 21	TH111	3213249	6	3464272 
012355	7 / 8 / 24	PEMSTD	0031333	3	3438206 3694101 3464272 3559731 3668849 3668895 3797855 
014871	2 / 2 / 21	TH224	3764585	5	3557478 3668948 
014219	1 / 1 / 11	DAL212E	0031619	4	3433962 
007051	6 / 10 / 22	CARP25	0031336	3	3441413 3689329 3458949 3480810 3516442 3397840 
014582	5 / 5 / 13	TH121	3198619	2	3459584 3506324 3576400 3576519 3692372 
001897	1 / 1 / 26	PK349	1165566	6	3463993 
011295	5 / 10 / 10	PK11	3209393	1	3557244 3464279 3463993 3471447 3580261 
014140	3 / 4 / 17	DAL25	0031336	5	3480728 3489089 3667676 
006580	4 / 4 / 26	TAYD	0777265	5	3445738 3484334 3576359 3576379 
011198	2 / 2 / 7	GOAUD	0254474	2	3485812 3479945 
005217	6 / 8 / 9	BYC239	0493856	4	3458957 3570123 3561280 3482101 3693612 3797721 
002403	4 / 4 / 18	PK336	1137952	5	3463729 3486838 3693840 3462851 
014456	2 / 3 / 29	TAYE	3691385	3	3455120 3486083 
012332	3 / 3 / 6	ROSTUD	0132890	4	3486844 3460369 3462851 
011855	2 / 2 / 14	TAYC	0020093	5	3438232 3482588 
002382	2 / 3 / 22	TAYG	0492580	4	3493748 3695510 
010966	4 / 5 / 4	BYC100	0775640	2	3580912 3668753 3668789 3668862 
001247	1 / 1 / 14	DAL315	1165566	7	3463126 
014581	3 / 3 / 26	DAL2	3198619	4	3485305 3576542 3576580 
001751	1 / 1 / 15	GOCOM	0254474	4	3547282 
014651	2 / 4 / 51	PK25	0802802	1	3797815 3797831 
013713	1 / 1 / 11	PK127	0031631	2	3576302 
005290	2 / 2 / 5	TH223	3786635	5	3576303 3576324 
002404	1 / 1 / 69	CARP21	0375562	4	3797683 
014570-B	8 / 152 / 8	PK229	3483424	2	3441306 3480868 3559963 3579723 3692915 3576002 3498974 3591844 
014571-B	31 / 139 / 152	PK20	3577231	2	3693813 3694432 3694754 3558739 3691983 3695368 3579592 3695543 3497993 3596713 3695542 3579864 3480867 3559464 3559857 3580211 3690361 3560487 3597365 3616918 3666570 3581920 3655749 3620520 3667676 3482323 3576475 3576523 3599497 3668921 3668966 
004276-B	16 / 100 / 16	PK259	1165566	8	3581227 3581469 3581918 3606148 3639772 3668366 3692285 3693280 3693433 3693921 3444491 3561772 3580256 3580340 3581249 3524066 
006847-B	20 / 103 / 50	PK241	3102267	1	3505157 3559149 3581967 3486379 3513947 3462292 3463071 3464327 3574558 3461063 3474620 3577187 3485169 3581920 3485912 3481862 3576411 3576517 3668904 3668966 
006031-B	45 / 83 / 83	PK338	0213446	1	3559534 3578804 3579949 3581282 3619255 3619323 3639772 3649568 3667503 3668420 3692771 3692796 3692807 3693276 3693789 3650578 3460343 3691416 3694428 3695368 3445680 3695543 3477425 3485848 3497993 3581375 3694417 3581192 3492361 3650596 3457988 3694006 3694431 3503587 3629518 3694797 3556970 3580584 3667273 3693612 3695554 3476927 3691748 3668782 3797740 
006026-B	7 / 80 / 7	PK328	0431634	2	3546417 3574483 3606148 3694318 3650228 3437534 3480732 
014865-B	11 / 69 / 11	PK127	0031522	4	3476899 3651816 3486379 3540124 3559218 3692628 3465591 3508682 3486838 3497993 3689991 
001152-B	39 / 64 / 64	DAL300	0135660	4	3599090 3619323 3632881 3651750 3689402 3693433 3694813 3485756 3487090 3561772 3651293 3666801 3513947 3629951 3651033 3630915 3652273 3667821 3691694 3692786 3462964 3663306 3486632 3597302 3690361 3692756 3693473 3514964 3608602 3668870 3668967 3669013 3797586 3797619 3797696 3797699 3797804 3797819 3797836 
007378-B	9 / 56 / 9	BYC239	0851717	3	3577806 3651750 3665045 3668420 3690482 3693433 3581085 3581456 3460569 
007368-B	11 / 62 / 11	PK127	3474098	3	3478102 3516634 3652276 3693224 3693276 3465327 3630915 3667821 3690800 3693840 3620017 
006024-B	12 / 50 / 12	PK354	3470402	2	3538202 3580217 3695024 3695345 3492423 3651499 3694236 3694903 3694417 3632720 3667674 3595641 
014866-B	9 / 61 / 9	BYC239	0031522	5	3462514 3474207 3482198 3484763 3493764 3559815 3476899 3497993 3689991 
002153-B	0 / 84 / 46	PK180	3415849	4	
006502-B	7 / 44 / 7	TH251	3554648	3	3574543 3581907 3581999 3692849 3481798 3492361 3463439 
002368-B	10 / 48 / 10	TAYSEM	0697660	7	3488858 3591436 3693840 3694384 3620017 3606293 3692187 3559804 3691514 3575071 
002992-B	18 / 49 / 18	PK336	3473854	6	3601391 3538928 3599536 3595071 3695543 3480999 3457327 3459508 3474409 3691575 3693286 3452988 3480166 3595641 3484887 3580714 3649880 3667749 
008770-B	17 / 46 / 36	BYC127	0428728	3	3457459 3467781 3559319 3581135 3601391 3561660 3690204 3560167 3578747 3618222 3606293 3606350 3483954 3485774 3581980 3451496 3649880 
003406-B	22 / 48 / 36	BYC127	3784569	4	3692796 3691983 3695368 3692380 3651439 3578392 3693840 3694039 3579864 3606350 3693286 3694426 3503587 3580211 3666207 3693084 3596492 3652339 3667311 3692761 3693219 3482592 
006851-B	2 / 48 / 25	PK337	0402773	4	3496439 3581081 
004012-B	16 / 38 / 18	DAL10	0215359	3	3690516 3549272 3581389 3628726 3695292 3481102 3692187 3540428 3531305 3473086 3690719 3375410 3581981 3576763 3580383 3669003 
004275-B	0 / 48 / 16	PK259	3646542	2	
002414-B	20 / 32 / 25	TAYB	3452082	5	3433962 3462720 3465245 3475298 3540190 3668623 3470797 3533093 3568636 3469119 3480166 3485054 3465588 3416891 3485170 3576558 3668826 3668895 3668923 3226303 
008769-B	8 / 36 / 8	DAL6	0899465	5	3578714 3619323 3652396 3689402 3690043 3460343 3693856 3579864 
007128-B	17 / 26 / 29	TAYE	0028980	5	3456645 3458469 3461469 3462290 3462872 3463143 3581031 3453856 3463708 3438342 3425679 3479945 3458949 3459613 3485305 3462956 3439917 
008764-B	17 / 34 / 36	BYC127	3554385	5	3695543 3596713 3690800 3620017 3651365 3663306 3694289 3695542 3416640 3559464 3580211 3666207 3691514 3581851 3689919 3442237 3542887 
007370-B	13 / 36 / 64	DAL300	0826964	3	3433881 3454115 3474620 3576230 3484243 3558838 3581228 3482382 3668749 3668790 3668798 3668830 3668904 
002562-B	11 / 41 / 11	PK10	3792642	2	3555932 3693902 3648550 3576436 3576571 3603544 3668783 3668920 3669016 3797798 3797825 
006518-B	8 / 21 / 8	CARP13	0031399	5	3538202 3690346 3618222 3597215 3480810 3580159 3458452 3485642 
007380-B	5 / 32 / 69	CARP21	0987494	3	3661465 3483587 3485169 3479350 3576299 
001235-B	13 / 27 / 26	DAL2	0031471	5	3435187 3455291 3574866 3574563 3462297 3478343 3479350 3461937 3485912 3576306 3576525 3576556 3576577 
013190-B	5 / 22 / 5	TH223	1137952	6	3437962 3458972 3485628 3667319 3690778 
012765-B	11 / 20 / 26	TAYD	3555097	3	3485327 3581995 3479712 3481643 3694810 3483171 3576350 3576355 3576512 3576514 3576545 
007007-B	7 / 28 / 7	PK200	0028980	6	3631101 3690020 3695539 3651605 3581207 3598090 3667273 
012325-B	12 / 16 / 16	DAL212A	3420576	5	3455341 3462356 3476797 3480714 3481221 3510665 3577682 3411186 3464306 3460737 3576329 3576354 
009362-B	1 / 23 / 16	DAL212A	0125630	3	3456103 
009270-B	9 / 19 / 26	EHLEC	0897706	5	3444537 3487732 3483977 3691694 3642204 3668130 3669015 3797810 3797856 
005179-B	9 / 21 / 69	CARP21	3461286	5	3576126 3667677 3467671 3538688 3560193 3452988 3486623 3608602 3668941 
014628-B	8 / 19 / 8	DAL6	3575049	7	3437341 3581038 3487266 3484334 3482194 3576352 3582017 3668788 
003001-B	9 / 19 / 11	DAL212E	3691394	5	3456653 3486834 3574542 3577485 3579028 3578811 3510878 3481967 3480571 
