Students	1000
1	47 361 195 226
2	266 178 283 60
3	391 285 251 133
4	257 275 203 116
5	31 194 255 212
6	41 94 106 282
7	500 469 12 460
8	453 278 267 233
9	181 255 93 309
10	371 295 315 415
11	162 316 300 75
12	85 272 391 364
13	456 347 178 395
14	274 420 437 236
15	188 301 256 437
16	235 62 300 180
17	18 208 322 231
18	190 157 477 44
19	358 298 286 229
20	457 263 395 156
21	285 219 267 51
22	150 253 209 22
23	478 8 188 376
24	185 222 65 315
25	22 459 132 113
26	372 404 260 425
27	491 464 289 238
28	182 70 130 152
29	412 377 184 160
30	409 309 344 300
31	410 459 369 493
32	432 252 125 7
33	198 445 15 383
34	53 287 162 128
35	452 306 267 346
36	30 491 212 336
37	68 305 339 77
38	371 2 65 358
39	395 17 207 348
40	226 310 159 414
41	126 22 250 335
42	335 441 236 445
43	269 82 479 197
44	418 295 440 147
45	385 213 402 216
46	154 440 257 137
47	167 157 261 55
48	8 478 143 291
49	358 414 196 496
50	44 161 57 364
51	44 116 480 17
52	171 296 490 14
53	447 199 198 170
54	279 55 356 219
55	24 11 238 493
56	187 216 389 323
57	444 161 105 69
58	8 459 354 141
59	332 149 444 415
60	138 264 101 60
61	97 30 245 26
62	436 134 32 41
63	141 89 447 261
64	389 282 178 245
65	320 288 185 178
66	111 125 57 220
67	185 494 50 63
68	381 408 486 200
69	225 281 164 115
70	145 491 415 82
71	177 422 442 147
72	415 349 260 498
73	321 475 186 187
74	379 68 12 240
75	143 226 197 9
76	209 193 217 410
77	308 82 239 455
78	68 27 113 262
79	450 380 115 342
80	156 81 446 160
81	54 453 230 328
82	332 166 112 401
83	399 188 294 355
84	301 236 344 394
85	440 232 344 131
86	222 436 262 323
87	405 412 487 155
88	233 415 61 423
89	401 392 164 397
90	369 388 90 412
91	393 36 360 75
92	160 36 489 417
93	112 422 22 366
94	344 304 384 420
95	156 460 448 484
96	90 295 493 337
97	384 22 163 258
98	424 431 236 293
99	97 79 210 199
100	165 274 172 40
101	480 319 437 28
102	153 350 266 190
103	318 298 189 287
104	303 110 104 101
105	153 240 352 425
106	147 129 268 272
107	226 182 455 134
108	450 457 111 20
109	379 261 466 332
110	264 59 147 38
111	404 48 84 307
112	352 94 239 131
113	335 459 180 439
114	365 369 136 25
115	126 450 79 351
116	382 130 255 111
117	332 314 174 477
118	6 457 433 397
119	32 109 272 290
120	108 424 90 163
121	18 437 304 329
122	64 292 472 12
123	102 480 333 210
124	365 424 293 28
125	304 441 426 476
126	380 281 216 205
127	177 276 184 470
128	278 164 136 86
129	346 242 372 150
130	493 472 162 424
131	391 204 153 243
132	185 390 315 449
133	29 378 422 431
134	289 321 354 244
135	267 262 45 67
136	90 101 111 189
137	323 25 429 227
138	2 438 151 266
139	422 211 28 32
140	428 407 381 97
141	36 113 441 261
142	464 150 360 185
143	432 139 405 305
144	275 104 477 68
145	263 112 86 166
146	275 234 26 323
147	317 262 293 247
148	375 344 429 245
149	485 150 98 445
150	360 73 7 430
151	389 497 370 274
152	139 213 180 11
153	94 318 368 182
154	457 413 421 361
155	262 347 340 63
156	325 262 55 282
157	84 96 474 98
158	340 96 203 374
159	323 395 169 20
160	266 186 245 170
161	293 1 260 198
162	160 252 132 456
163	122 291 199 62
164	97 439 253 215
165	197 179 194 341
166	461 83 318 167
167	221 269 433 355
168	90 238 327 4
169	381 253 297 230
170	9 467 266 150
171	225 336 373 324
172	309 496 74 135
173	434 419 143 418
174	241 265 232 63
175	272 405 428 336
176	437 375 43 83
177	161 357 467 51
178	208 325 259 305
179	449 294 42 101
180	238 261 198 180
181	94 179 121 218
182	84 284 361 77
183	192 87 299 456
184	263 91 343 19
185	441 252 180 372
186	368 441 472 375
187	349 25 404 329
188	4 102 160 240
189	226 355 182 435
190	81 38 400 199
191	231 206 61 289
192	354 158 161 260
193	489 260 49 308
194	359 477 141 366
195	93 478 381 231
196	339 495 488 156
197	52 450 423 144
198	470 58 42 408
199	92 64 95 359
200	221 281 96 8
201	481 315 233 365
202	427 14 424 230
203	439 66 462 255
204	184 72 499 167
205	493 279 451 17
206	470 184 406 251
207	31 120 392 463
208	462 343 383 4
209	180 461 108 203
210	326 340 284 437
211	20 106 420 102
212	368 387 498 348
213	65 299 441 280
214	275 452 224 380
215	437 305 213 324
216	22 390 430 103
217	355 480 422 222
218	399 483 474 162
219	81 151 88 116
220	173 141 287 385
221	164 27 287 446
222	215 101 211 242
223	80 47 38 215
224	489 407 185 426
225	31 135 128 110
226	162 406 39 20
227	482 398 102 134
228	321 205 271 31
229	179 261 86 393
230	456 337 231 113
231	201 191 399 427
232	480 458 274 372
233	171 438 19 4
234	160 491 151 249
235	459 98 390 31
236	340 15 197 25
237	205 423 340 334
238	358 25 236 171
239	83 431 468 318
240	459 404 74 341
241	141 252 254 434
242	5 455 480 60
243	102 438 314 39
244	277 494 166 465
245	405 252 328 60
246	198 225 500 374
247	332 18 187 136
248	73 210 17 35
249	425 339 449 153
250	403 449 340 277
251	31 189 218 199
252	77 279 483 70
253	425 91 233 156
254	69 405 476 267
255	340 278 113 97
256	183 309 221 471
257	84 291 43 147
258	53 398 280 176
259	500 343 112 464
260	277 10 45 178
261	323 466 292 396
262	12 165 85 387
263	295 500 1 275
264	286 366 246 414
265	497 334 479 103
266	37 179 441 343
267	476 4 241 215
268	80 385 382 272
269	56 247 126 194
270	261 105 411 111
271	187 488 72 34
272	4 484 426 236
273	255 360 29 179
274	311 302 323 405
275	8 405 40 170
276	495 230 268 338
277	121 388 353 163
278	83 369 50 99
279	427 341 71 103
280	294 230 197 309
281	5 421 224 288
282	454 376 9 371
283	85 482 286 465
284	467 140 119 166
285	172 400 114 450
286	172 41 194 262
287	358 161 423 113
288	498 360 388 340
289	12 497 413 293
290	269 237 177 46
291	374 23 325 460
292	408 103 246 43
293	79 224 233 109
294	11 338 145 434
295	275 467 93 490
296	424 170 5 225
297	277 288 93 367
298	468 30 168 271
299	81 168 129 30
300	393 378 223 76
301	171 254 274 265
302	457 371 498 488
303	197 81 406 446
304	217 205 245 160
305	471 280 252 275
306	217 453 353 228
307	192 486 440 77
308	260 360 117 403
309	425 259 237 321
310	295 203 246 149
311	132 220 67 333
312	250 94 500 261
313	433 341 483 317
314	267 442 43 74
315	337 399 231 23
316	369 195 328 39
317	338 463 149 450
318	14 468 68 254
319	108 51 141 88
320	315 255 98 447
321	486 85 114 188
322	434 43 204 144
323	38 183 262 272
324	385 288 103 242
325	13 296 138 54
326	299 30 216 197
327	467 235 46 330
328	217 27 328 312
329	268 106 5 174
330	199 219 475 74
331	321 454 234 34
332	136 277 184 308
333	110 351 7 269
334	304 468 423 289
335	314 135 343 346
336	308 397 358 147
337	457 468 251 6
338	239 446 407 232
339	429 353 97 472
340	208 96 89 489
341	30 140 188 372
342	362 287 345 377
343	342 148 180 71
344	469 392 491 36
345	224 441 382 24
346	280 332 3 183
347	32 412 398 45
348	498 350 226 155
349	300 302 478 86
350	460 443 83 85
351	108 403 191 192
352	432 448 108 404
353	117 198 350 266
354	326 312 38 228
355	421 367 324 155
356	127 98 375 162
357	279 95 47 278
358	352 342 117 203
359	104 350 160 217
360	16 432 438 194
361	153 314 299 168
362	286 277 318 182
363	350 433 98 104
364	264 112 90 113
365	380 91 425 304
366	261 415 500 471
367	335 222 343 111
368	303 44 254 311
369	90 249 165 366
370	183 321 66 123
371	322 82 318 463
372	449 490 486 64
373	197 10 35 336
374	399 118 250 370
375	124 193 149 461
376	413 213 69 146
377	223 103 455 102
378	290 48 131 281
379	209 156 283 96
380	158 395 163 409
381	286 457 24 398
382	36 102 190 157
383	364 2 416 419
384	173 226 96 397
385	454 387 430 462
386	450 178 269 294
387	464 55 41 95
388	363 141 14 214
389	339 295 120 377
390	380 313 487 410
391	499 272 46 189
392	380 347 217 465
393	391 63 464 223
394	323 195 249 92
395	170 254 418 366
396	332 397 165 233
397	15 406 295 262
398	7 257 130 319
399	454 291 240 286
400	455 167 210 164
401	220 97 311 35
402	321 300 27 164
403	177 406 276 137
404	433 258 305 371
405	168 103 460 340
406	111 202 114 483
407	287 493 92 339
408	201 443 489 98
409	284 47 208 471
410	412 245 445 74
411	270 252 108 168
412	410 146 328 222
413	435 451 123 293
414	37 72 456 301
415	398 282 165 438
416	176 99 208 332
417	91 416 334 458
418	463 304 86 250
419	223 215 22 218
420	179 270 189 459
421	122 63 246 175
422	72 95 296 368
423	257 121 390 253
424	172 230 9 75
425	265 354 17 107
426	251 253 343 299
427	96 217 387 213
428	172 112 202 439
429	401 370 76 51
430	498 8 369 217
431	145 205 341 123
432	338 476 468 299
433	458 421 439 36
434	78 260 354 4
435	97 162 110 16
436	288 324 494 337
437	498 81 302 366
438	277 338 148 435
439	274 417 479 153
440	468 120 77 294
441	123 404 25 247
442	454 393 32 164
443	59 454 287 235
444	342 275 475 420
445	3 199 241 233
446	208 234 271 428
447	242 39 110 189
448	265 167 92 443
449	423 333 456 403
450	86 483 344 5
451	272 376 399 236
452	47 440 187 432
453	384 212 116 266
454	413 82 96 100
455	2 210 136 40
456	345 391 440 23
457	415 160 273 25
458	420 308 208 438
459	143 451 176 404
460	107 421 336 119
461	391 78 54 471
462	496 63 11 493
463	284 491 80 484
464	142 441 278 242
465	366 332 380 487
466	343 275 390 435
467	22 354 389 172
468	345 270 166 110
469	248 52 436 129
470	416 248 136 210
471	288 151 467 344
472	164 98 22 217
473	350 299 286 342
474	334 488 338 323
475	105 103 405 413
476	140 277 401 488
477	173 89 313 142
478	438 361 382 369
479	94 220 444 169
480	202 13 215 450
481	299 172 483 481
482	95 322 117 263
483	365 210 411 321
484	4 158 483 231
485	199 247 55 412
486	184 334 162 242
487	62 435 107 423
488	492 356 104 121
489	396 380 141 333
490	96 47 99 206
491	326 356 276 316
492	119 149 414 229
493	18 238 229 412
494	375 41 412 135
495	285 348 151 94
496	144 178 331 362
497	438 409 260 410
498	492 75 227 463
499	332 402 467 147
500	179 260 207 243
501	470 320 355 396
502	500 495 438 329
503	265 39 66 103
504	309 333 44 317
505	233 387 362 31
506	470 105 452 278
507	438 388 344 139
508	227 351 345 20
509	427 156 51 179
510	229 402 388 89
511	251 485 422 245
512	480 377 31 482
513	375 316 378 255
514	36 236 206 27
515	371 6 34 160
516	24 218 433 318
517	327 104 411 330
518	473 39 362 462
519	258 247 270 309
520	415 74 37 217
521	118 224 77 146
522	432 427 203 408
523	156 305 416 215
524	99 326 249 219
525	445 53 61 315
526	221 97 464 163
527	356 20 273 464
528	373 169 101 173
529	93 4 301 105
530	436 36 315 355
531	145 396 463 437
532	233 449 428 481
533	125 73 127 331
534	357 239 74 328
535	3 299 329 157
536	421 197 164 388
537	123 185 247 20
538	274 200 290 427
539	207 401 206 197
540	146 446 54 182
541	234 119 389 92
542	243 114 60 357
543	155 424 260 50
544	62 187 291 378
545	382 43 499 429
546	307 35 431 324
547	396 48 112 113
548	456 376 408 91
549	45 356 310 300
550	89 212 127 413
551	233 482 242 359
552	138 47 380 137
553	182 382 416 58
554	296 246 23 349
555	95 194 181 272
556	228 429 229 109
557	166 5 125 337
558	447 113 289 449
559	91 435 88 51
560	151 437 312 383
561	205 445 34 296
562	59 102 32 167
563	30 445 306 370
564	360 295 216 417
565	136 459 231 388
566	287 229 438 469
567	36 296 232 496
568	84 50 161 1
569	103 378 447 188
570	168 299 268 18
571	479 98 454 207
572	185 258 251 196
573	380 330 453 300
574	400 449 373 457
575	295 460 255 103
576	361 265 91 322
577	235 70 97 492
578	193 162 58 227
579	384 210 192 4
580	57 93 375 486
581	328 485 10 316
582	347 328 212 455
583	419 489 83 267
584	46 111 194 257
585	283 473 114 113
586	365 86 259 94
587	10 477 370 479
588	292 260 431 220
589	211 490 241 420
590	7 289 122 120
591	286 137 451 115
592	330 245 285 37
593	229 223 414 321
594	57 499 188 108
595	464 179 343 3
596	231 245 219 166
597	475 17 176 335
598	26 384 324 223
599	367 380 333 39
600	194 124 29 118
601	338 481 150 182
602	2 396 303 311
603	458 348 3 88
604	216 96 417 384
605	174 105 326 84
606	369 80 26 498
607	90 403 296 412
608	125 153 182 390
609	130 78 286 232
610	225 11 319 32
611	178 225 191 121
612	26 237 48 85
613	389 226 381 235
614	343 116 188 435
615	406 310 268 409
616	368 99 28 286
617	286 468 433 420
618	165 272 228 103
619	90 493 294 392
620	334 191 65 31
621	130 65 474 401
622	194 368 463 390
623	66 151 409 298
624	470 95 308 335
625	153 66 171 465
626	239 133 57 409
627	96 271 110 340
628	73 105 15 356
629	169 473 205 431
630	113 162 429 350
631	438 247 362 261
632	8 219 183 105
633	112 273 489 284
634	13 203 461 266
635	319 348 309 153
636	231 381 150 453
637	284 120 248 485
638	414 371 93 407
639	191 459 136 277
640	426 2 37 337
641	245 65 109 19
642	457 116 216 290
643	267 303 319 247
644	289 355 496 158
645	412 346 452 321
646	424 359 439 338
647	479 474 64 33
648	130 94 390 9
649	50 415 435 397
650	22 367 372 18
651	90 263 413 418
652	46 272 149 5
653	483 452 196 40
654	320 33 253 71
655	354 342 77 108
656	112 344 137 78
657	449 280 379 181
658	308 386 318 14
659	214 38 225 374
660	91 285 44 274
661	177 201 251 53
662	179 243 484 251
663	170 26 33 182
664	336 50 398 158
665	360 409 309 450
666	51 82 1 224
667	75 399 467 431
668	170 266 438 107
669	357 251 383 499
670	475 291 385 193
671	218 217 372 23
672	138 128 210 374
673	49 231 385 483
674	198 126 52 328
675	221 235 74 106
676	187 143 370 419
677	419 299 472 388
678	287 290 193 444
679	352 152 326 497
680	401 439 309 158
681	45 56 12 463
682	310 201 79 326
683	24 348 47 354
684	109 34 335 378
685	321 165 371 198
686	460 126 84 213
687	349 192 447 355
688	243 38 266 214
689	346 357 172 282
690	42 488 354 133
691	250 131 230 216
692	3 421 436 183
693	38 72 273 187
694	471 278 170 429
695	257 413 205 43
696	472 86 210 424
697	179 367 387 180
698	457 131 175 403
699	244 383 280 109
700	471 115 252 398
701	184 381 329 174
702	253 239 274 160
703	477 460 387 291
704	62 183 406 430
705	55 252 57 467
706	419 425 119 355
707	477 3 75 22
708	228 263 178 104
709	64 12 265 21
710	213 286 236 152
711	333 397 75 225
712	394 359 423 153
713	375 107 419 90
714	314 486 466 348
715	200 329 312 355
716	70 143 486 91
717	397 324 258 91
718	226 361 11 243
719	378 336 430 251
720	17 487 146 486
721	332 20 396 285
722	354 152 27 437
723	461 351 42 171
724	487 5 356 370
725	461 183 306 409
726	311 300 290 389
727	187 60 40 476
728	172 360 390 430
729	368 466 59 66
730	211 354 128 183
731	239 65 399 81
732	167 196 129 236
733	418 483 354 289
734	276 172 410 64
735	383 412 89 387
736	337 187 354 396
737	421 261 472 303
738	227 229 7 457
739	430 212 263 48
740	140 335 28 137
741	55 362 422 178
742	67 461 297 277
743	157 195 85 72
744	42 248 175 457
745	229 353 170 137
746	460 196 362 484
747	449 146 120 327
748	324 271 103 104
749	206 365 483 457
750	68 363 192 457
751	13 330 401 209
752	193 471 322 265
753	427 174 3 485
754	304 274 316 380
755	196 96 350 312
756	202 84 145 480
757	92 304 347 455
758	106 427 407 461
759	10 24 390 77
760	176 177 93 409
761	197 319 110 378
762	444 368 33 441
763	129 52 218 32
764	396 384 321 215
765	338 69 290 433
766	416 307 366 449
767	233 195 298 347
768	467 230 451 453
769	216 297 280 396
770	390 292 247 418
771	198 46 294 49
772	390 137 277 462
773	416 129 194 273
774	306 364 186 374
775	257 415 262 399
776	15 370 463 407
777	147 101 423 429
778	339 266 445 41
779	395 60 67 3
780	134 296 470 228
781	253 489 430 131
782	282 369 26 350
783	339 100 101 415
784	144 442 75 373
785	440 358 433 36
786	118 139 463 33
787	160 323 498 62
788	299 468 459 337
789	276 337 248 309
790	369 64 487 133
791	104 224 192 489
792	217 311 492 130
793	170 291 169 138
794	457 100 233 374
795	405 243 261 14
796	422 364 427 445
797	118 142 421 84
798	401 327 279 469
799	464 281 143 25
800	326 177 397 400
801	184 263 316 295
802	347 105 450 52
803	389 220 426 274
804	195 307 166 367
805	256 449 384 250
806	3 183 434 68
807	22 264 42 149
808	240 64 273 38
809	288 134 372 329
810	217 293 383 64
811	215 96 328 23
812	140 13 290 453
813	321 117 130 125
814	33 431 295 445
815	215 400 16 407
816	377 227 61 416
817	241 200 16 30
818	202 123 107 411
819	181 494 381 266
820	439 425 410 276
821	329 266 109 273
822	235 109 40 375
823	441 395 354 477
824	42 216 422 227
825	291 447 95 197
826	235 497 381 329
827	249 282 74 24
828	145 337 40 378
829	89 154 374 183
830	336 79 487 220
831	426 444 445 166
832	183 367 339 478
833	12 377 496 275
834	224 104 446 28
835	367 432 412 436
836	38 49 463 316
837	36 266 233 164
838	355 451 439 384
839	71 242 281 428
840	412 448 324 194
841	163 140 323 51
842	246 475 161 410
843	5 44 11 381
844	327 274 232 343
845	153 207 367 120
846	305 119 44 261
847	278 157 47 231
848	453 108 26 372
849	354 70 158 396
850	430 296 475 32
851	335 277 310 395
852	205 471 296 110
853	163 50 471 154
854	258 469 350 37
855	150 7 422 224
856	19 24 329 6
857	371 318 464 225
858	81 132 297 12
859	116 81 118 218
860	381 134 7 453
861	9 217 211 283
862	172 68 140 212
863	113 488 208 322
864	12 208 93 124
865	208 416 354 368
866	428 203 17 318
867	391 292 187 334
868	101 275 330 288
869	317 261 204 244
870	100 69 12 89
871	142 82 9 118
872	205 447 54 280
873	166 92 8 165
874	291 330 66 213
875	215 152 307 466
876	48 22 116 384
877	500 476 227 230
878	26 431 37 449
879	45 146 474 140
880	82 103 77 37
881	214 356 302 124
882	297 73 409 273
883	23 26 137 182
884	292 262 222 378
885	172 319 497 189
886	159 339 284 372
887	106 325 173 248
888	364 366 87 296
889	492 249 43 371
890	29 413 402 430
891	150 308 66 345
892	449 335 317 241
893	313 293 425 232
894	2 475 72 322
895	35 254 496 444
896	377 207 294 212
897	198 180 287 328
898	91 443 8 404
899	278 222 208 105
900	323 39 95 438
901	431 49 54 391
902	461 427 209 244
903	488 276 312 355
904	20 248 472 413
905	100 98 477 363
906	314 293 124 272
907	87 274 294 177
908	264 188 174 39
909	489 444 468 477
910	231 453 477 411
911	404 443 155 126
912	76 318 36 308
913	421 255 173 174
914	392 52 274 422
915	335 107 205 165
916	492 482 417 20
917	316 401 303 224
918	374 88 293 395
919	34 170 487 118
920	446 163 208 357
921	304 106 151 156
922	439 407 135 132
923	6 400 178 150
924	426 419 25 285
925	221 296 495 269
926	327 391 176 463
927	357 79 224 264
928	27 220 22 466
929	486 309 464 271
930	460 63 60 155
931	301 482 478 320
932	63 432 308 486
933	384 78 169 352
934	143 53 297 274
935	70 418 327 25
936	428 234 275 189
937	153 87 132 79
938	316 141 319 49
939	421 165 433 268
940	256 448 136 151
941	110 375 209 142
942	96 488 237 250
943	281 285 48 1
944	266 163 199 247
945	386 58 319 364
946	298 41 2 266
947	351 370 500 150
948	290 217 383 82
949	409 449 391 42
950	263 261 322 224
951	170 359 128 166
952	131 219 144 160
953	442 30 109 263
954	436 403 286 101
955	235 228 2 449
956	10 436 71 334
957	87 78 120 29
958	265 239 285 410
959	393 442 440 12
960	474 481 64 152
961	293 456 13 88
962	132 222 451 159
963	385 218 446 371
964	288 358 111 393
965	44 143 15 28
966	113 219 439 433
967	499 255 291 272
968	442 69 324 171
969	3 220 444 315
970	44 61 24 17
971	437 197 135 477
972	28 81 492 115
973	42 177 102 62
974	436 296 105 184
975	140 266 154 3
976	384 108 78 299
977	193 497 434 466
978	461 135 310 320
979	404 74 319 267
980	492 258 160 155
981	180 111 354 445
982	317 224 61 229
983	288 279 51 260
984	296 244 475 281
985	341 457 322 165
986	423 500 54 75
987	388 379 133 2
988	171 475 355 161
989	333 477 338 249
990	12 498 234 37
991	242 36 363 108
992	443 454 427 429
993	177 32 168 88
994	335 110 494 378
995	184 473 82 486
996	471 65 135 461
997	307 321 221 312
998	272 438 418 152
999	98 300 243 413
1000	418 207 163 406
Students	1000
1	240 18 59 29
2	118 393 202 55
3	457 103 194 379
4	338 64 107 488
5	438 483 491 67
6	300 33 335 344
7	204 343 323 344
8	264 433 195 41
9	329 440 236 314
10	414 175 417 357
11	473 32 307 237
12	195 47 168 275
13	148 287 390 442
14	416 337 349 488
15	111 357 14 189
16	194 177 46 240
17	467 116 269 126
18	253 30 288 5
19	488 348 493 360
20	185 196 62 106
21	420 375 426 189
22	251 305 54 341
23	469 290 255 40
24	383 156 226 463
25	461 100 103 320
26	128 261 73 466
27	144 154 64 100
28	316 217 381 58
29	390 264 292 314
30	370 474 298 478
31	108 419 473 47
32	274 220 268 406
33	478 434 212 417
34	344 439 203 117
35	182 261 464 75
36	98 299 239 306
37	177 38 109 461
38	170 228 44 68
39	126 258 176 117
40	404 53 403 423
41	500 178 443 120
42	454 215 218 26
43	493 320 344 38
44	399 437 68 236
45	292 34 127 221
46	152 325 186 133
47	411 245 165 219
48	129 132 25 269
49	246 56 127 207
50	436 387 21 5
51	191 373 478 431
52	89 319 301 134
53	123 244 329 418
54	61 321 303 214
55	314 466 217 494
56	259 360 151 63
57	287 442 240 40
58	361 478 188 195
59	439 64 276 369
60	247 44 184 220
61	253 211 191 151
62	136 115 95 183
63	214 168 493 429
64	382 173 140 201
65	123 462 334 445
66	287 74 105 417
67	312 271 143 307
68	152 401 457 272
69	352 144 361 327
70	223 390 268 452
71	216 321 407 327
72	102 320 405 498
73	463 441 7 206
74	149 169 155 61
75	410 401 432 139
76	333 483 166 80
77	411 10 481 432
78	497 182 101 341
79	260 460 228 344
80	456 104 388 278
81	461 458 158 438
82	378 279 231 236
83	2 105 246 473
84	413 364 354 497
85	40 360 429 307
86	47 335 460 341
87	353 79 144 329
88	248 321 27 184
89	156 250 271 66
90	15 51 310 459
91	425 151 331 348
92	5 103 375 321
93	113 135 214 161
94	68 95 493 25
95	204 307 47 215
96	69 135 480 452
97	366 227 485 188
98	48 147 337 109
99	16 221 319 126
100	402 316 87 264
101	479 190 281 76
102	423 85 269 368
103	5 132 296 224
104	223 163 350 395
105	292 332 194 43
106	251 126 178 412
107	294 373 65 312
108	324 76 173 269
109	11 308 474 266
110	309 410 109 204
111	93 412 191 129
112	348 1 163 353
113	70 9 434 357
114	248 91 388 199
115	177 414 330 64
116	454 382 337 403
117	233 440 404 317
118	287 162 351 100
119	264 425 424 315
120	443 445 347 346
121	35 29 303 309
122	66 349 41 192
123	450 443 59 131
124	30 446 127 95
125	278 415 482 185
126	419 38 306 367
127	478 218 250 403
128	77 167 461 210
129	435 405 159 356
130	428 321 378 62
131	265 311 3 471
132	231 64 135 459
133	423 390 352 175
134	278 366 157 474
135	202 489 128 181
136	22 80 427 422
137	351 179 361 189
138	28 472 10 14
139	400 242 443 303
140	120 295 327 455
141	456 274 488 175
142	55 245 44 120
143	151 261 78 88
144	59 155 19 405
145	76 300 278 54
146	45 498 450 148
147	35 378 254 339
148	373 223 245 140
149	128 374 202 375
150	36 86 90 197
151	169 103 21 6
152	203 434 346 41
153	193 357 351 186
154	139 14 197 347
155	303 479 65 447
156	69 39 341 257
157	422 35 296 240
158	188 276 111 410
159	2 138 324 108
160	113 492 93 143
161	112 423 419 122
162	193 17 142 433
163	353 51 267 3
164	270 190 181 405
165	420 490 142 468
166	107 235 276 290
167	216 88 330 18
168	410 90 259 144
169	314 240 93 128
170	28 347 34 359
171	179 131 115 160
172	157 354 286 58
173	483 203 403 196
174	78 102 451 368
175	5 117 95 17
176	188 287 152 251
177	43 21 403 494
178	365 411 261 166
179	470 492 177 314
180	461 492 340 163
181	22 434 174 201
182	492 312 475 239
183	142 211 113 69
184	430 237 383 305
185	210 97 482 451
186	271 419 200 476
187	230 14 378 493
188	439 213 30 79
189	96 283 274 344
190	379 298 140 282
191	326 353 241 388
192	110 438 111 108
193	248 166 39 454
194	336 378 375 251
195	408 470 391 427
196	159 218 266 106
197	88 463 450 9
198	304 90 100 280
199	166 231 113 329
200	216 184 293 466
201	176 405 350 92
202	342 94 184 79
203	300 477 119 58
204	325 63 17 348
205	213 53 236 285
206	364 36 472 190
207	63 245 265 319
208	446 452 185 187
209	112 176 53 352
210	168 437 439 245
211	474 367 30 219
212	401 496 39 165
213	108 475 225 139
214	61 421 378 311
215	227 54 230 110
216	323 500 340 302
217	499 92 457 21
218	178 117 468 311
219	449 219 82 256
220	294 117 215 468
221	248 459 495 344
222	275 210 173 107
223	99 407 361 73
224	498 400 369 235
225	278 178 142 439
226	348 212 39 489
227	408 312 496 327
228	319 105 284 92
229	444 221 389 102
230	180 120 424 402
231	26 116 313 457
232	278 192 205 270
233	398 101 389 378
234	213 337 24 161
235	237 124 131 231
236	276 191 14 172
237	139 285 137 304
238	188 243 365 93
239	269 71 333 421
240	494 48 70 17
241	277 146 335 42
242	329 266 361 143
243	434 162 320 41
244	204 311 161 483
245	138 447 483 123
246	320 131 60 456
247	343 400 3 156
248	24 6 399 320
249	373 364 304 21
250	297 309 338 167
251	389 464 348 173
252	311 46 236 71
253	135 245 195 181
254	423 89 86 302
255	75 92 465 287
256	225 3 237 365
257	349 113 480 453
258	208 149 200 247
259	191 488 213 193
260	375 3 421 311
261	301 62 343 61
262	234 301 16 90
263	39 102 99 171
264	220 173 286 483
265	468 234 117 318
266	201 337 405 92
267	68 298 470 346
268	66 253 307 341
269	267 24 466 244
270	280 290 237 371
271	97 161 344 2
272	377 392 101 48
273	409 15 466 438
274	79 58 201 150
275	477 255 151 196
276	63 60 168 54
277	261 305 297 198
278	424 269 363 403
279	285 218 32 217
280	472 246 295 361
281	267 29 172 232
282	306 377 93 141
283	151 327 346 29
284	20 225 345 44
285	112 37 267 400
286	430 88 182 204
287	446 303 226 479
288	438 314 279 199
289	408 289 10 109
290	456 334 14 66
291	211 227 112 164
292	309 166 382 122
293	349 175 242 43
294	143 166 359 256
295	290 87 327 491
296	141 253 282 164
297	365 76 387 85
298	208 34 438 149
299	303 91 385 78
300	385 340 495 305
301	460 112 354 386
302	370 58 22 499
303	170 498 354 258
304	401 363 328 134
305	25 152 83 167
306	161 19 13 195
307	74 353 195 115
308	29 250 122 45
309	61 286 207 478
310	189 433 496 373
311	324 149 157 44
312	19 354 422 70
313	345 73 477 239
314	212 161 458 120
315	250 33 421 11
316	221 289 303 423
317	224 24 190 28
318	452 199 429 143
319	348 321 287 277
320	53 78 187 420
321	343 383 7 217
322	248 329 476 393
323	55 221 362 488
324	384 172 135 86
325	206 398 150 149
326	236 28 61 269
327	126 247 307 156
328	102 476 201 389
329	141 427 120 208
330	404 84 441 142
331	229 486 335 182
332	262 211 65 148
333	343 301 177 242
334	465 33 382 67
335	496 460 267 197
336	330 488 304 299
337	270 28 458 426
338	132 151 97 182
339	390 470 92 126
340	167 171 258 329
341	353 39 250 270
342	493 342 440 409
343	374 445 101 484
344	9 171 95 309
345	26 286 25 128
346	337 412 24 203
347	493 408 269 75
348	362 468 294 73
349	292 154 500 153
350	357 326 30 217
351	106 345 211 359
352	297 288 390 241
353	94 246 100 298
354	330 178 128 379
355	132 336 149 384
356	314 454 452 385
357	422 247 323 64
358	481 227 38 497
359	287 479 457 319
360	28 103 389 256
361	220 186 127 349
362	339 483 391 139
363	441 228 462 225
364	75 37 313 159
365	237 41 113 346
366	69 433 170 159
367	305 411 334 354
368	253 140 290 128
369	155 269 347 83
370	338 156 145 355
371	339 313 487 363
372	43 395 458 226
373	391 442 357 323
374	431 158 326 388
375	347 330 67 480
376	279 161 114 388
377	136 326 412 155
378	444 421 107 199
379	372 330 209 263
380	349 22 477 382
381	297 343 335 240
382	7 269 365 298
383	139 484 383 230
384	464 96 484 50
385	151 491 240 305
386	122 264 440 413
387	397 452 266 117
388	367 79 148 122
389	418 184 92 320
390	14 15 128 145
391	422 204 327 12
392	197 108 210 238
393	472 356 98 458
394	335 70 243 366
395	157 452 87 356
396	306 15 3 445
397	171 78 85 128
398	405 173 233 489
399	291 14 317 20
400	146 216 237 63
401	179 463 418 244
402	116 35 296 455
403	270 11 384 227
404	202 89 353 325
405	465 262 482 14
406	490 351 112 356
407	442 152 396 25
408	384 205 317 35
409	480 5 477 134
410	125 89 55 285
411	439 488 155 437
412	311 500 468 24
413	304 202 86 157
414	291 10 229 101
415	92 277 179 311
416	395 240 111 204
417	317 468 83 106
418	387 328 318 495
419	295 376 201 9
420	265 259 159 140
421	111 94 105 55
422	128 39 376 338
423	291 258 171 206
424	207 51 254 190
425	450 162 418 492
426	430 87 295 405
427	44 307 411 181
428	399 443 426 395
429	240 487 153 426
430	102 131 322 247
431	445 237 188 139
432	359 199 467 397
433	64 241 76 323
434	66 350 124 27
435	234 51 126 179
436	164 20 335 339
437	495 266 136 58
438	476 291 8 351
439	153 117 466 200
440	73 36 13 261
441	499 212 103 241
442	186 431 58 171
443	464 52 322 121
444	381 13 379 202
445	381 242 272 341
446	206 246 35 15
447	89 219 229 444
448	394 124 271 277
449	344 179 315 218
450	337 168 62 400
451	262 279 357 294
452	78 240 60 165
453	359 112 498 242
454	373 495 185 413
455	198 373 442 207
456	45 361 146 64
457	161 69 104 348
458	322 387 77 74
459	411 107 57 61
460	168 382 454 275
461	338 24 8 470
462	264 249 239 218
463	452 170 25 164
464	240 59 94 214
465	61 103 18 445
466	76 390 201 248
467	439 12 357 143
468	215 135 5 286
469	168 4 175 80
470	357 16 336 264
471	401 151 248 398
472	210 227 2 165
473	418 244 351 217
474	69 195 37 157
475	54 306 277 26
476	36 191 297 143
477	368 496 120 262
478	451 81 120 425
479	291 157 90 213
480	198 313 161 369
481	435 389 481 237
482	480 313 454 55
483	252 178 464 253
484	391 297 49 381
485	356 265 145 79
486	199 119 430 469
487	488 113 282 456
488	160 145 102 487
489	346 41 230 500
490	404 275 18 143
491	365 274 58 334
492	17 147 99 181
493	424 403 320 383
494	297 214 281 128
495	450 481 304 87
496	431 333 32 367
497	468 225 481 274
498	324 188 337 348
499	281 86 127 35
500	236 352 107 340
501	195 210 443 182
502	61 11 387 143
503	15 137 80 250
504	108 373 121 57
505	392 380 295 30
506	117 54 68 192
507	103 383 433 298
508	420 241 383 343
509	171 140 185 166
510	262 471 26 242
511	422 116 98 386
512	207 400 100 28
513	499 308 180 332
514	108 350 13 490
515	444 259 36 24
516	242 92 105 288
517	310 347 297 279
518	18 120 294 59
519	121 335 486 6
520	362 277 242 112
521	380 493 422 393
522	277 420 341 67
523	52 474 93 64
524	253 151 138 430
525	295 346 213 429
526	430 466 106 369
527	226 342 290 29
528	149 69 301 420
529	148 182 28 486
530	238 147 15 224
531	336 130 133 499
532	124 192 481 187
533	448 275 383 190
534	301 47 416 31
535	310 486 55 220
536	345 20 237 225
537	49 136 309 177
538	192 82 406 51
539	496 94 422 270
540	325 496 404 486
541	328 273 292 364
542	309 37 497 253
543	103 88 450 297
544	343 462 62 223
545	186 134 405 358
546	79 360 383 443
547	53 107 445 116
548	432 157 2 286
549	54 85 184 102
550	8 198 379 207
551	493 192 466 104
552	11 87 304 250
553	268 401 389 27
554	179 332 217 318
555	375 277 138 441
556	314 201 307 296
557	232 377 444 53
558	441 247 15 382
559	117 219 449 380
560	429 464 310 472
561	482 284 461 458
562	152 247 358 127
563	482 398 7 356
564	362 4 47 16
565	331 25 385 213
566	450 98 55 352
567	451 48 355 370
568	174 172 31 92
569	436 466 408 41
570	181 362 260 195
571	478 115 63 187
572	378 454 27 412
573	249 53 445 66
574	205 153 280 495
575	146 63 441 54
576	375 305 50 308
577	411 438 79 38
578	450 229 499 134
579	362 161 345 220
580	372 111 359 484
581	320 469 8 267
582	201 401 479 411
583	370 413 174 215
584	313 94 95 288
585	182 16 138 1
586	226 422 451 71
587	462 445 273 418
588	17 107 314 452
589	8 255 135 115
590	486 83 478 282
591	408 229 94 122
592	296 399 280 404
593	149 116 317 115
594	284 440 258 456
595	254 224 81 376
596	10 39 32 348
597	42 258 427 65
598	345 147 110 433
599	251 63 376 61
600	69 323 344 471
601	40 63 456 194
602	428 45 350 189
603	300 111 72 241
604	94 113 338 221
605	240 223 282 34
606	218 275 353 338
607	449 281 349 470
608	8 186 117 252
609	421 178 46 106
610	354 278 261 321
611	63 171 469 374
612	490 273 428 247
613	273 238 296 247
614	77 210 385 326
615	457 175 228 427
616	349 131 480 466
617	270 382 48 353
618	116 406 497 72
619	359 360 81 481
620	479 82 164 459
621	117 322 60 373
622	37 137 327 235
623	243 36 288 242
624	198 91 57 64
625	374 81 222 79
626	433 61 202 430
627	169 44 54 478
628	403 92 220 368
629	447 415 92 205
630	423 376 397 255
631	384 440 253 409
632	74 372 391 5
633	282 77 235 229
634	90 295 373 63
635	97 362 459 330
636	317 462 359 219
637	217 18 166 127
638	72 128 242 229
639	428 494 136 146
640	234 117 363 303
641	74 251 274 138
642	192 329 370 313
643	189 173 447 125
644	49 66 50 127
645	185 238 287 123
646	92 33 201 148
647	249 300 286 306
648	37 376 90 72
649	200 274 432 280
650	1 225 485 389
651	347 249 117 426
652	349 216 358 119
653	473 51 83 354
654	275 227 85 158
655	379 389 83 55
656	67 339 126 89
657	117 431 137 250
658	295 315 369 133
659	239 9 394 174
660	325 482 449 11
661	151 138 445 2
662	248 341 13 308
663	171 354 394 479
664	287 365 48 429
665	219 498 354 160
666	80 12 479 378
667	344 206 315 415
668	107 169 110 266
669	280 299 350 301
670	190 26 86 321
671	63 184 368 326
672	106 225 421 96
673	301 274 179 172
674	24 198 91 324
675	26 295 153 46
676	126 368 317 424
677	168 127 97 478
678	435 341 424 119
679	65 97 277 176
680	86 395 52 277
681	53 344 136 369
682	479 430 49 244
683	87 17 331 469
684	460 122 34 237
685	18 200 126 392
686	438 312 469 149
687	68 24 40 438
688	81 106 7 128
689	269 417 322 281
690	18 381 14 176
691	71 448 495 340
692	252 262 387 214
693	84 121 135 105
694	287 213 181 95
695	381 371 33 389
696	306 199 82 389
697	88 322 74 404
698	41 344 423 477
699	482 175 427 137
700	360 244 253 464
701	139 308 133 77
702	417 443 401 322
703	212 392 183 82
704	140 246 88 271
705	253 418 485 397
706	180 292 334 482
707	85 192 379 226
708	381 364 305 445
709	85 342 474 176
710	264 96 233 48
711	352 426 89 378
712	425 181 205 367
713	136 172 12 208
714	248 270 392 492
715	44 279 57 168
716	277 112 235 354
717	461 87 113 241
718	82 482 165 470
719	322 230 438 341
720	486 184 143 344
721	288 153 437 388
722	498 354 173 350
723	130 103 13 17
724	364 409 420 422
725	88 366 323 453
726	189 341 197 102
727	215 164 439 259
728	153 84 373 155
729	243 188 415 336
730	416 440 160 361
731	267 303 199 371
732	417 480 276 363
733	107 421 141 261
734	387 9 218 78
735	499 489 55 27
736	9 14 173 29
737	355 444 373 216
738	325 93 88 288
739	155 306 429 406
740	133 108 56 219
741	166 411 284 116
742	303 277 395 172
743	26 5 258 158
744	127 80 231 484
745	390 162 1 318
746	31 230 423 201
747	219 114 496 165
748	203 27 333 350
749	488 212 282 262
750	406 199 295 275
751	491 306 70 150
752	46 289 74 119
753	145 320 96 273
754	368 212 403 150
755	322 198 336 248
756	201 422 341 96
757	247 81 333 448
758	98 31 86 100
759	377 140 487 229
760	485 49 431 326
761	454 492 134 213
762	200 66 196 259
763	119 28 269 370
764	230 495 40 415
765	110 376 7 75
766	19 140 268 193
767	305 103 500 263
768	50 132 401 451
769	396 342 296 239
770	234 14 239 430
771	16 260 499 56
772	149 134 9 30
773	236 401 464 368
774	379 479 315 69
775	334 466 346 38
776	106 285 114 17
777	184 496 315 300
778	267 489 238 384
779	43 208 2 200
780	361 71 123 331
781	355 452 406 54
782	61 362 384 273
783	28 289 364 167
784	485 145 151 184
785	378 218 47 55
786	419 187 228 39
787	190 381 452 483
788	445 371 65 295
789	494 371 378 142
790	214 204 337 76
791	293 388 44 394
792	204 265 4 230
793	52 9 177 60
794	500 56 193 316
795	301 219 367 114
796	304 477 173 261
797	260 149 230 488
798	417 249 424 487
799	327 365 233 202
800	172 270 16 196
801	268 87 260 438
802	159 271 285 290
803	233 363 447 45
804	152 8 309 180
805	155 402 240 480
806	304 124 83 403
807	443 256 98 87
808	494 366 231 284
809	49 173 28 40
810	168 298 490 106
811	67 368 418 351
812	213 13 357 310
813	434 470 325 114
814	212 83 239 340
815	154 423 167 140
816	399 28 142 261
817	169 328 500 319
818	232 444 394 237
819	109 379 399 434
820	239 152 137 406
821	179 394 200 228
822	178 254 311 36
823	297 296 232 330
824	92 324 118 194
825	405 371 466 145
826	469 178 495 456
827	35 172 374 476
828	61 143 388 377
829	276 27 145 103
830	337 130 209 199
831	252 344 288 94
832	141 450 174 343
833	43 147 52 468
834	343 331 292 392
835	248 125 489 311
836	164 410 157 276
837	474 444 436 193
838	322 145 304 399
839	101 16 105 116
840	350 51 273 387
841	18 61 453 362
842	162 487 193 62
843	395 434 460 439
844	383 91 86 169
845	418 444 299 424
846	202 351 54 66
847	36 37 376 462
848	311 158 82 402
849	301 470 147 453
850	474 14 136 295
851	318 350 398 383
852	202 359 48 157
853	192 165 440 246
854	423 115 278 486
855	335 322 202 415
856	81 440 71 488
857	480 91 322 465
858	179 300 171 19
859	472 450 335 485
860	67 478 277 111
861	313 418 176 120
862	357 458 328 66
863	342 109 86 420
864	268 213 116 215
865	471 366 83 54
866	461 233 83 386
867	14 20 378 54
868	491 270 422 22
869	276 468 121 15
870	402 121 404 174
871	391 482 10 99
872	256 429 2 199
873	168 346 157 184
874	399 361 95 108
875	174 150 201 228
876	199 225 114 373
877	215 324 413 202
878	194 474 56 411
879	8 212 25 440
880	108 297 340 98
881	429 301 204 315
882	124 419 411 352
883	479 475 456 437
884	438 496 455 268
885	410 462 369 422
886	200 459 441 218
887	310 498 350 315
888	283 444 56 80
889	449 7 50 412
890	499 466 368 456
891	182 1 339 44
892	421 290 303 292
893	345 220 98 303
894	283 496 186 262
895	271 449 220 311
896	134 99 282 132
897	324 314 490 335
898	375 118 324 53
899	183 298 44 427
900	188 401 92 342
901	75 114 308 279
902	474 90 103 364
903	115 42 256 132
904	429 40 419 474
905	31 274 406 353
906	189 96 12 353
907	197 299 344 255
908	107 139 447 174
909	151 335 55 267
910	210 397 9 199
911	71 328 81 306
912	155 58 116 306
913	105 67 465 37
914	158 363 136 335
915	417 465 72 201
916	279 397 337 419
917	347 163 198 335
918	283 488 396 41
919	248 117 457 464
920	334 195 411 155
921	237 468 140 275
922	296 91 434 98
923	414 56 217 342
924	92 113 21 332
925	448 60 293 134
926	253 77 212 279
927	388 398 178 430
928	127 496 291 79
929	60 124 296 175
930	32 201 480 115
931	41 264 425 1
932	176 373 34 495
933	342 181 193 321
934	73 449 483 476
935	221 252 469 375
936	452 22 422 448
937	361 368 106 81
938	161 245 452 150
939	75 468 117 281
940	9 410 467 252
941	172 67 86 243
942	180 341 55 208
943	208 499 150 290
944	393 394 285 81
945	482 345 34 477
946	378 353 142 84
947	353 330 5 32
948	426 239 282 111
949	289 251 235 117
950	293 35 174 431
951	391 324 309 16
952	114 91 488 485
953	143 173 139 12
954	158 25 435 394
955	156 25 233 15
956	268 195 425 368
957	269 51 170 464
958	177 397 142 112
959	154 232 95 69
960	276 489 421 459
961	413 463 402 223
962	493 21 44 82
963	312 413 495 446
964	100 474 201 229
965	272 65 46 125
966	132 40 64 363
967	3 344 182 220
968	384 482 88 376
969	86 224 466 336
970	417 83 36 170
971	233 283 39 144
972	335 81 483 205
973	97 75 53 392
974	483 21 118 486
975	71 410 273 44
976	228 211 133 296
977	483 93 29 202
978	159 216 362 9
979	162 265 235 430
980	49 457 69 336
981	389 362 293 352
982	142 160 426 14
983	320 249 496 54
984	375 433 271 134
985	31 292 458 187
986	392 320 125 101
987	469 139 119 8
988	259 141 299 100
989	175 73 134 113
990	114 387 101 362
991	283 201 220 105
992	38 311 242 51
993	453 260 71 139
994	280 229 55 210
995	49 124 23 383
996	96 321 481 366
997	50 12 447 343
998	290 478 67 148
999	369 108 222 221
1000	234 468 369 125
Students	1000
1	110 20 101 180
2	107 204 382 81
3	35 130 430 337
4	201 182 322 221
5	121 163 313 413
6	148 149 162 275
7	464 251 402 186
8	145 360 260 377
9	289 392 351 395
10	151 201 125 95
11	151 141 362 404
12	198 72 89 346
13	457 121 310 370
14	40 204 346 321
15	238 193 226 447
16	285 255 448 185
17	463 94 165 72
18	32 272 437 283
19	289 95 43 426
20	396 495 418 217
21	300 324 350 24
22	466 412 500 27
23	152 334 192 352
24	363 11 179 269
25	490 236 473 266
26	34 247 391 11
27	158 283 140 197
28	300 456 160 292
29	440 213 265 437
30	449 174 423 178
31	491 384 394 9
32	299 167 358 2
33	177 298 489 262
34	235 397 248 364
35	161 492 449 451
36	134 122 324 472
37	2 150 142 433
38	411 313 127 186
39	144 126 262 325
40	499 443 40 498
41	235 476 138 145
42	130 374 220 177
43	76 345 247 52
44	335 50 162 297
45	40 269 289 468
46	487 211 29 151
47	492 489 60 30
48	420 187 431 415
49	344 317 496 442
50	279 458 38 171
51	129 134 78 196
52	108 1 363 138
53	406 400 174 492
54	186 335 450 148
55	36 248 251 42
56	80 340 173 145
57	327 330 448 349
58	500 54 435 319
59	10 372 441 24
60	329 415 109 430
61	469 243 144 497
62	298 19 459 166
63	12 55 188 356
64	250 482 36 492
65	77 451 71 115
66	302 24 234 490
67	433 45 380 220
68	319 500 269 314
69	180 226 67 497
70	234 210 466 46
71	255 74 77 438
72	361 404 458 328
73	301 11 211 101
74	431 468 473 384
75	44 383 148 449
76	424 459 155 349
77	465 345 178 29
78	297 390 491 299
79	127 430 436 458
80	467 110 328 162
81	51 121 174 313
82	352 161 257 231
83	25 40 498 85
84	411 192 202 329
85	170 98 451 43
86	9 365 1 207
87	475 8 306 461
88	443 130 488 155
89	366 92 79 326
90	287 403 190 358
91	169 138 420 343
92	102 408 134 427
93	81 387 301 218
94	308 359 1 183
95	462 324 269 425
96	301 195 426 136
97	441 51 425 377
98	38 260 135 322
99	404 418 297 169
100	52 136 319 37
101	39 441 326 304
102	349 317 194 263
103	99 239 360 89
104	309 472 73 6
105	24 342 238 184
106	137 357 477 9
107	7 217 384 58
108	432 234 332 309
109	427 261 185 459
110	312 260 174 362
111	440 270 415 320
112	447 416 453 477
113	286 84 471 362
114	133 373 55 115
115	103 171 331 36
116	357 148 493 155
117	242 355 327 322
118	480 469 394 49
119	201 243 90 283
120	421 499 406 390
121	422 142 393 209
122	263 464 475 276
123	206 387 25 84
124	409 185 101 444
125	35 4 358 71
126	320 220 154 87
127	40 46 327 160
128	6 75 162 366
129	235 253 228 100
130	256 382 91 84
131	49 337 474 212
132	111 18 145 161
133	446 309 259 214
134	321 344 370 499
135	247 225 485 169
136	463 111 492 30
137	438 59 284 244
138	25 32 371 253
139	462 216 13 480
140	95 211 222 272
141	97 281 236 373
142	349 346 363 389
143	117 178 415 127
144	275 50 204 75
145	446 303 324 52
146	492 215 425 176
147	33 34 53 178
148	218 490 414 38
149	87 197 432 300
150	258 336 430 292
151	221 190 212 318
152	453 54 225 395
153	388 427 437 363
154	295 316 429 116
155	313 166 147 431
156	380 6 391 39
157	336 7 266 379
158	10 33 436 285
159	350 70 396 404
160	171 365 21 60
161	105 335 148 288
162	140 181 195 305
163	314 126 108 488
164	280 371 458 153
165	43 12 128 367
166	56 76 179 118
167	383 131 283 140
168	469 56 100 359
169	366 57 28 405
170	20 426 151 167
171	46 319 430 422
172	377 174 333 236
173	490 80 208 118
174	226 400 290 109
175	304 261 275 136
176	276 393 364 182
177	75 77 38 82
178	89 444 463 454
179	343 3 278 14
180	296 262 376 260
181	445 147 184 48
182	381 432 394 64
183	154 349 347 412
184	12 90 37 479
185	197 66 380 141
186	405 349 60 7
187	237 228 266 52
188	430 22 36 157
189	432 246 33 79
190	72 345 312 459
191	130 299 450 16
192	6 179 438 49
193	167 276 83 149
194	317 106 313 418
195	114 494 312 311
196	491 409 261 118
197	95 324 212 331
198	462 131 26 139
199	117 393 108 424
200	488 263 339 406
201	26 339 84 63
202	230 107 108 334
203	415 383 282 454
204	257 483 115 93
205	413 90 452 284
206	250 234 177 285
207	377 250 439 500
208	407 392 165 484
209	37 224 59 488
210	12 427 73 154
211	134 404 204 109
212	267 191 370 251
213	29 143 432 193
214	367 3 331 406
215	154 128 362 252
216	315 322 274 413
217	27 108 241 298
218	279 32 209 366
219	346 316 278 361
220	213 156 297 142
221	421 144 62 479
222	171 205 281 84
223	445 326 234 137
224	78 395 84 126
225	210 398 485 364
226	321 162 161 276
227	32 171 451 434
228	280 218 428 316
229	188 258 139 360
230	408 355 116 254
231	195 426 168 162
232	156 299 280 53
233	236 162 331 149
234	406 169 401 386
235	448 321 296 278
236	179 474 33 146
237	177 135 125 464
238	179 108 315 234
239	146 138 283 38
240	211 452 364 139
241	223 229 304 408
242	226 28 54 156
243	276 155 442 347
244	139 71 49 106
245	226 178 289 187
246	171 468 123 287
247	108 484 137 129
248	278 268 292 443
249	11 177 213 258
250	219 305 127 417
251	327 301 322 289
252	77 1 237 256
253	249 339 470 28
254	393 59 447 444
255	400 79 90 455
256	267 45 448 67
257	401 2 192 347
258	38 296 387 167
259	27 48 466 315
260	236 150 286 178
261	435 197 213 168
262	173 215 28 341
263	198 263 350 488
264	32 233 204 168
265	116 176 237 397
266	392 122 142 18
267	444 244 107 491
268	6 346 145 120
269	293 76 16 28
270	170 126 141 335
271	56 323 448 499
272	266 329 323 295
273	250 374 488 350
274	28 2 171 35
275	114 409 346 202
276	198 160 306 97
277	301 440 455 70
278	138 310 69 124
279	342 60 398 207
280	465 144 444 312
281	432 108 496 380
282	99 472 51 207
283	396 321 114 44
284	12 209 305 194
285	417 323 424 80
286	203 138 98 145
287	335 459 287 472
288	215 204 411 146
289	483 17 252 13
290	165 291 143 329
291	132 324 201 386
292	460 213 188 321
293	180 43 239 190
294	403 181 298 483
295	245 195 49 288
296	51 27 182 118
297	289 62 191 108
298	77 284 467 8
299	334 105 89 355
300	472 49 185 181
301	176 449 373 383
302	232 119 318 53
303	395 244 163 328
304	144 18 87 103
305	164 389 451 454
306	500 380 236 72
307	171 192 334 2
308	468 63 350 190
309	102 452 50 238
310	450 464 461 294
311	321 331 41 286
312	48 253 160 268
313	430 91 125 226
314	313 88 289 122
315	496 424 265 381
316	110 378 413 97
317	184 85 462 161
318	394 348 289 135
319	32 481 349 265
320	284 385 324 148
321	483 131 257 46
322	157 153 171 469
323	160 138 235 311
324	10 460 94 64
325	199 353 354 348
326	59 126 496 479
327	199 413 497 466
328	482 423 149 289
329	89 176 327 418
330	352 170 118 226
331	374 332 178 59
332	136 179 452 353
333	108 233 239 182
334	41 309 446 493
335	26 76 430 358
336	143 460 235 150
337	86 489 262 462
338	369 186 275 351
339	45 224 193 161
340	130 286 62 259
341	216 436 207 88
342	210 165 148 355
343	239 466 70 254
344	377 27 86 206
345	308 294 320 235
346	350 288 397 500
347	208 120 364 12
348	449 9 72 267
349	253 326 233 44
350	164 415 217 421
351	416 380 259 5
352	423 91 385 416
353	440 164 160 186
354	7 375 275 408
355	217 207 260 364
356	383 149 444 403
357	481 357 317 377
358	210 301 363 368
359	148 90 216 375
360	338 485 97 259
361	191 358 59 384
362	22 155 357 477
363	206 485 336 366
364	308 27 161 361
365	251 376 95 360
366	459 189 425 121
367	83 437 320 352
368	88 401 224 1
369	181 480 425 231
370	162 392 142 164
371	60 106 129 342
372	193 112 390 350
373	51 377 278 64
374	194 32 301 338
375	398 428 321 166
376	362 78 223 187
377	420 165 492 221
378	140 419 461 78
379	134 362 88 164
380	203 47 230 290
381	460 465 17 290
382	64 275 429 397
383	486 32 373 241
384	216 481 83 128
385	370 91 481 400
386	431 356 12 143
387	169 362 300 259
388	232 44 219 32
389	292 313 276 84
390	420 208 310 217
391	279 18 253 93
392	6 157 230 398
393	131 446 9 366
394	405 312 350 223
395	475 138 165 423
396	485 450 116 25
397	410 260 445 73
398	84 217 444 153
399	475 293 201 29
400	361 448 37 216
401	244 44 185 86
402	426 320 41 435
403	225 317 202 200
404	485 305 228 234
405	304 448 166 293
406	298 266 433 220
407	167 449 29 297
408	114 410 494 307
409	282 287 168 60
410	341 101 302 424
411	176 267 87 141
412	72 274 337 485
413	477 159 187 226
414	236 421 221 154
415	355 99 394 11
416	57 271 386 330
417	252 332 103 213
418	136 375 342 290
419	7 170 248 173
420	445 413 437 479
421	252 3 236 480
422	200 28 135 87
423	215 389 104 476
424	45 459 16 294
425	361 122 498 179
426	226 206 165 330
427	95 297 448 185
428	411 291 18 426
429	58 129 458 491
430	77 47 18 157
431	425 340 52 342
432	440 122 102 221
433	388 71 290 238
434	150 151 105 327
435	448 222 128 68
436	78 206 126 55
437	456 180 172 12
438	321 310 220 301
439	291 258 26 351
440	134 366 67 302
441	423 122 352 158
442	393 435 324 156
443	80 239 246 479
444	267 263 453 230
445	148 270 194 114
446	194 440 173 474
447	414 466 145 420
448	399 475 498 303
449	214 442 186 179
450	120 427 31 438
451	44 225 374 57
452	368 51 223 443
453	225 215 463 472
454	31 191 315 59
455	164 109 172 314
456	318 362 6 453
457	374 6 62 404
458	30 151 176 5
459	402 201 293 361
460	406 175 93 428
461	403 276 246 169
462	275 448 113 200
463	195 284 458 154
464	49 497 250 91
465	209 311 336 337
466	125 95 362 423
467	355 337 342 265
468	64 393 356 141
469	488 162 147 284
470	16 149 428 320
471	270 235 256 12
472	164 60 362 295
473	391 477 218 323
474	102 54 228 315
475	310 157 267 70
476	407 105 160 357
477	340 37 184 495
478	318 368 479 71
479	120 378 170 352
480	324 78 39 259
481	255 482 224 140
482	154 269 51 251
483	114 193 322 74
484	63 442 25 140
485	56 296 183 467
486	43 317 148 467
487	116 397 472 48
488	28 286 36 170
489	456 282 67 484
490	399 102 320 433
491	210 332 375 361
492	106 215 385 431
493	158 346 232 258
494	458 13 386 442
495	481 156 54 246
496	196 471 323 317
497	230 68 241 116
498	215 6 36 445
499	475 112 262 44
500	401 466 411 5
501	3 144 450 8
502	352 361 458 100
503	304 190 251 314
504	334 39 142 209
505	25 402 41 399
506	207 39 472 310
507	471 217 146 236
508	150 365 375 44
509	184 249 326 145
510	421 404 294 387
511	100 17 296 129
512	21 67 233 423
513	239 492 277 490
514	72 157 162 94
515	380 419 129 464
516	389 225 292 89
517	172 135 365 372
518	174 489 176 452
519	175 19 149 448
520	485 78 458 455
521	318 355 416 434
522	106 65 358 329
523	354 212 356 313
524	195 355 98 95
525	438 8 302 178
526	101 95 23 433
527	34 150 452 127
528	4 294 91 312
529	467 107 433 403
530	102 342 208 484
531	49 402 388 25
532	352 26 105 374
533	315 387 131 123
534	368 83 25 431
535	89 211 363 414
536	390 127 11 101
537	228 142 81 341
538	392 120 405 247
539	70 385 62 308
540	212 288 498 139
541	340 195 199 151
542	266 109 371 412
543	419 453 17 91
544	299 135 55 355
545	155 447 365 259
546	283 49 54 362
547	102 382 110 119
548	16 394 112 433
549	344 107 110 177
550	191 453 322 288
551	322 246 363 203
552	126 215 283 365
553	366 300 448 421
554	127 298 15 273
555	456 363 279 146
556	426 66 237 164
557	19 409 199 384
558	13 379 438 425
559	76 128 115 224
560	275 391 241 198
561	100 247 196 301
562	360 461 322 297
563	422 200 266 499
564	382 211 18 221
565	121 317 184 188
566	220 298 403 86
567	114 158 171 213
568	130 46 482 224
569	91 475 300 307
570	384 412 260 285
571	349 266 203 381
572	1 51 489 266
573	119 183 485 79
574	110 202 15 346
575	98 387 178 107
576	378 367 281 381
577	207 361 185 287
578	304 485 309 402
579	148 254 161 443
580	498 355 275 459
581	31 45 27 206
582	322 36 208 184
583	301 181 488 29
584	7 319 326 464
585	315 322 344 162
586	14 119 33 192
587	256 453 162 128
588	56 249 295 105
589	130 414 19 208
590	255 119 263 311
591	314 312 413 254
592	478 271 346 223
593	84 314 246 177
594	326 14 264 184
595	202 42 349 259
596	254 107 78 262
597	494 106 448 38
598	146 41 227 279
599	396 303 225 334
600	38 449 153 331
601	243 128 191 78
602	470 51 335 231
603	475 3 36 214
604	316 269 482 174
605	349 90 66 305
606	159 274 120 161
607	410 1 45 6
608	60 420 457 472
609	376 298 193 392
610	424 374 29 322
611	111 24 7 349
612	314 500 280 124
613	209 304 189 281
614	431 239 298 321
615	470 51 430 302
616	317 468 198 179
617	413 409 145 85
618	244 397 55 263
619	349 117 230 466
620	162 387 96 132
621	72 342 214 180
622	357 89 204 263
623	381 187 152 433
624	126 282 133 410
625	449 129 460 213
626	369 465 184 37
627	17 453 397 470
628	409 393 491 26
629	452 443 262 406
630	253 72 450 192
631	462 74 445 229
632	177 27 224 146
633	105 280 326 282
634	198 140 222 257
635	261 35 158 427
636	478 310 334 373
637	353 452 432 64
638	133 302 213 99
639	435 425 383 43
640	196 314 343 234
641	153 493 232 93
642	189 8 124 1
643	183 28 408 222
644	341 108 214 449
645	448 206 484 288
646	427 21 378 301
647	285 286 236 184
648	106 448 147 199
649	197 209 260 242
650	351 496 124 114
651	487 300 272 79
652	229 411 352 219
653	329 455 297 220
654	298 293 228 300
655	249 146 152 332
656	345 434 75 199
657	45 329 260 408
658	448 258 47 441
659	375 435 47 178
660	119 329 237 66
661	65 54 335 420
662	310 386 435 223
663	180 152 423 174
664	90 462 198 357
665	20 258 179 184
666	181 355 42 273
667	440 445 349 132
668	265 426 262 42
669	321 178 389 434
670	180 76 97 71
671	38 148 74 28
672	147 152 188 231
673	457 110 272 200
674	91 8 489 231
675	315 459 218 61
676	495 39 79 375
677	304 321 326 276
678	390 142 79 52
679	261 311 44 184
680	234 280 142 168
681	147 303 461 283
682	426 139 327 348
683	330 111 422 21
684	63 231 459 480
685	259 309 119 85
686	381 283 396 231
687	257 119 182 237
688	443 254 18 296
689	463 312 85 411
690	235 482 66 100
691	406 404 224 43
692	262 107 371 238
693	291 94 381 189
694	103 227 399 254
695	279 408 338 136
696	90 87 438 393
697	425 319 295 207
698	430 498 206 137
699	466 279 347 15
700	88 243 63 278
701	246 80 180 339
702	154 264 13 390
703	422 274 273 219
704	236 105 98 401
705	466 13 337 224
706	72 339 346 454
707	89 147 396 177
708	178 1 367 25
709	404 211 358 361
710	273 463 263 154
711	4 50 153 474
712	115 162 35 316
713	121 291 484 274
714	122 134 208 267
715	169 137 490 463
716	283 443 494 253
717	243 92 129 467
718	413 320 364 241
719	64 131 376 281
720	211 86 17 219
721	419 110 352 43
722	415 312 338 329
723	327 306 339 450
724	25 129 73 401
725	12 390 188 492
726	181 92 94 42
727	245 385 474 375
728	257 127 282 184
729	206 241 367 250
730	108 250 226 451
731	319 61 39 158
732	184 28 162 393
733	374 247 89 288
734	354 55 229 479
735	300 397 348 379
736	147 395 333 161
737	168 120 94 347
738	465 110 466 207
739	44 310 458 275
740	300 9 228 354
741	483 142 39 256
742	448 266 408 479
743	308 83 79 159
744	308 467 263 252
745	394 364 250 400
746	121 191 386 21
747	232 446 327 154
748	191 292 69 363
749	314 76 240 217
750	352 208 350 37
751	487 92 371 349
752	493 482 115 381
753	392 409 146 17
754	83 34 17 176
755	493 217 212 401
756	312 94 97 30
757	352 222 94 391
758	244 130 295 121
759	293 340 352 496
760	237 486 28 467
761	459 150 286 258
762	291 381 260 398
763	369 482 246 252
764	16 369 378 94
765	124 458 72 160
766	485 313 320 291
767	173 401 78 223
768	388 390 221 216
769	221 499 365 43
770	177 151 367 390
771	303 246 66 297
772	167 146 480 126
773	372 178 393 388
774	491 162 289 405
775	349 89 72 425
776	269 129 471 340
777	35 450 421 169
778	398 349 392 12
779	94 434 484 222
780	7 210 111 293
781	378 26 165 268
782	337 179 368 142
783	344 428 393 113
784	87 440 215 455
785	48 44 286 53
786	123 164 88 202
787	312 111 268 330
788	408 26 9 459
789	59 146 447 19
790	39 236 120 398
791	96 190 433 175
792	327 494 41 425
793	149 467 64 441
794	121 478 2 407
795	417 413 266 100
796	237 154 346 335
797	94 204 474 177
798	266 396 411 307
799	405 279 193 289
800	398 143 318 391
801	73 53 416 342
802	419 58 16 263
803	353 428 143 20
804	86 389 387 450
805	320 419 297 226
806	242 27 400 140
807	476 177 284 250
808	270 29 201 242
809	411 421 375 428
810	252 164 91 276
811	346 291 464 462
812	128 393 164 185
813	164 374 95 335
814	73 476 344 336
815	291 234 413 449
816	357 301 282 276
817	264 5 457 160
818	76 340 451 255
819	172 219 390 336
820	341 68 409 120
821	334 333 396 430
822	255 30 479 402
823	80 36 88 264
824	390 196 115 302
825	301 230 310 378
826	392 119 465 253
827	129 267 214 280
828	347 406 493 449
829	52 333 465 374
830	116 436 217 445
831	115 92 313 112
832	40 233 387 421
833	464 79 156 120
834	120 409 484 247
835	481 31 15 127
836	123 85 126 208
837	51 287 115 478
838	441 212 425 78
839	107 117 3 398
840	29 260 462 263
841	76 301 278 405
842	281 300 366 336
843	110 55 154 415
844	334 41 72 65
845	103 366 174 121
846	28 10 22 456
847	430 134 380 139
848	493 127 68 401
849	101 16 284 238
850	235 45 451 176
851	130 196 382 170
852	27 284 116 425
853	321 383 376 208
854	422 282 140 190
855	440 162 98 480
856	329 203 367 208
857	302 456 432 88
858	235 467 240 428
859	219 195 294 230
860	453 201 46 106
861	486 456 413 224
862	83 486 122 379
863	126 227 345 379
864	293 19 158 405
865	45 104 229 88
866	19 33 7 452
867	408 198 392 348
868	254 87 394 319
869	148 189 407 140
870	239 97 82 33
871	355 463 179 196
872	94 263 466 46
873	16 476 80 196
874	228 361 126 4
875	86 490 2 329
876	268 172 184 220
877	257 109 42 407
878	166 167 291 109
879	449 35 333 438
880	223 393 266 196
881	72 288 227 93
882	369 397 328 189
883	467 176 287 451
884	206 379 443 273
885	65 136 122 297
886	148 180 133 434
887	352 145 256 421
888	289 103 91 41
889	8 278 224 33
890	86 11 169 408
891	271 74 124 418
892	444 67 219 183
893	52 307 284 347
894	379 458 386 250
895	139 368 133 75
896	86 410 275 201
897	463 405 211 432
898	493 276 438 63
899	369 54 76 100
900	191 15 363 131
901	136 29 132 141
902	32 369 75 137
903	107 69 125 176
904	162 95 81 464
905	231 207 220 412
906	309 163 261 266
907	134 94 222 299
908	271 392 316 90
909	398 89 41 186
910	273 77 143 65
911	205 147 97 220
912	132 257 464 229
913	223 41 283 77
914	47 413 161 291
915	264 283 89 303
916	271 457 157 439
917	88 191 370 144
918	447 95 201 318
919	55 366 74 213
920	483 235 217 372
921	330 465 68 253
922	19 334 304 36
923	313 28 440 478
924	317 250 165 156
925	156 254 343 149
926	201 390 95 52
927	311 5 163 119
928	120 128 256 312
929	431 20 319 454
930	389 270 200 236
931	187 224 158 128
932	214 25 132 317
933	58 229 351 478
934	285 278 48 223
935	97 222 217 416
936	189 285 9 309
937	150 324 310 35
938	495 98 172 346
939	119 495 408 204
940	156 197 158 85
941	187 413 310 292
942	376 122 144 299
943	497 495 109 323
944	96 163 208 12
945	189 229 471 277
946	332 141 483 145
947	415 3 94 289
948	429 460 472 421
949	55 335 68 350
950	254 426 427 28
951	478 147 16 450
952	259 337 305 436
953	137 13 69 374
954	358 419 399 442
955	294 352 7 482
956	428 489 29 317
957	361 462 64 210
958	115 32 331 454
959	265 7 200 476
960	442 279 314 268
961	111 215 346 194
962	242 483 356 347
963	225 146 495 72
964	180 257 50 240
965	430 364 363 407
966	40 221 491 41
967	123 184 346 129
968	116 184 6 366
969	411 445 48 387
970	349 231 131 86
971	174 370 281 34
972	425 344 240 193
973	6 127 145 476
974	278 113 155 444
975	43 132 103 406
976	397 142 369 480
977	125 414 303 106
978	471 454 43 415
979	238 114 356 82
980	285 36 430 487
981	23 241 324 480
982	320 131 63 168
983	21 321 222 375
984	270 26 177 277
985	96 439 64 194
986	156 314 183 475
987	265 433 212 242
988	399 27 307 186
989	316 185 130 3
990	44 70 2 372
991	319 451 61 98
992	451 71 200 263
993	191 172 128 42
994	491 68 116 93
995	64 478 429 176
996	320 436 423 62
997	241 361 358 437
998	434 47 458 241
999	453 68 83 408
1000	131 390 324 343
