Students	1000
1	415 210 454 347
2	354 347 131 403
3	54 263 310 126
4	257 195 52 150
5	132 452 369 330
6	412 137 125 19
7	111 24 347 76
8	171 140 223 155
9	238 91 155 403
10	183 385 457 259
11	317 1 33 45
12	412 397 62 93
13	456 390 418 64
14	173 379 252 65
15	422 149 264 86
16	457 73 30 115
17	500 354 338 245
18	439 155 404 340
19	233 364 199 194
20	280 169 101 407
21	376 253 426 483
22	308 69 346 250
23	457 111 251 425
24	24 259 362 476
25	141 243 268 87
26	437 377 270 95
27	436 359 447 379
28	71 481 58 43
29	60 222 247 388
30	448 190 20 495
31	466 318 131 61
32	326 322 462 88
33	22 15 213 303
34	64 482 110 478
35	117 317 211 320
36	159 54 473 100
37	134 264 218 226
38	231 41 427 29
39	175 172 127 38
40	49 179 34 99
41	250 406 310 113
42	96 293 33 258
43	217 39 376 479
44	146 398 69 138
45	271 292 7 239
46	358 69 81 452
47	6 336 495 363
48	67 226 293 118
49	210 97 190 253
50	115 2 5 390
51	495 457 86 326
52	374 4 344 373
53	103 297 292 248
54	491 376 245 461
55	344 127 38 73
56	301 187 338 96
57	26 141 272 222
58	398 354 428 208
59	5 358 278 141
60	439 407 48 321
61	36 125 488 414
62	460 159 8 73
63	30 120 466 334
64	189 444 46 283
65	46 152 227 117
66	242 394 34 244
67	403 427 193 477
68	439 349 290 120
69	214 143 249 217
70	14 318 311 102
71	303 201 370 329
72	31 104 211 489
73	94 14 348 314
74	473 9 355 429
75	346 373 110 31
76	221 311 39 303
77	384 53 32 404
78	394 493 173 137
79	463 327 36 180
80	451 52 203 422
81	263 355 97 249
82	382 14 410 224
83	392 66 173 377
84	153 247 252 415
85	95 431 157 451
86	268 362 276 494
87	247 373 141 232
88	246 384 327 469
89	46 63 40 344
90	41 88 257 492
91	196 299 382 222
92	117 367 92 211
93	391 69 238 77
94	305 263 356 400
95	415 190 344 263
96	486 37 199 38
97	456 83 211 369
98	478 299 284 324
99	386 173 343 30
100	441 4 284 276
101	186 271 348 190
102	147 193 437 7
103	373 81 306 362
104	435 45 307 65
105	235 283 250 336
106	204 264 261 365
107	398 327 452 253
108	330 444 144 187
109	230 279 460 26
110	452 416 292 472
111	328 153 489 214
112	114 91 282 302
113	357 288 278 157
114	375 81 238 322
115	278 312 471 490
116	50 329 58 203
117	49 265 371 489
118	390 104 143 260
119	190 372 131 178
120	136 111 22 316
121	189 341 53 123
122	7 483 259 133
123	44 441 108 451
124	366 206 140 291
125	364 378 225 306
126	476 490 403 330
127	313 249 115 218
128	432 261 157 181
129	318 90 71 180
130	106 308 194 486
131	369 136 235 158
132	109 218 74 289
133	400 80 260 240
134	65 479 169 290
135	190 141 118 198
136	207 138 332 434
137	402 297 16 391
138	105 50 453 417
139	349 487 32 149
140	91 176 394 473
141	335 33 22 106
142	281 447 213 258
143	357 396 296 297
144	386 18 57 65
145	285 203 305 324
146	340 227 324 248
147	106 299 278 421
148	138 267 462 280
149	148 269 298 350
150	113 489 234 188
151	245 107 254 293
152	291 347 362 281
153	135 319 475 130
154	330 325 192 119
155	459 367 54 368
156	485 149 375 428
157	103 401 24 430
158	439 369 100 410
159	248 220 43 473
160	314 249 28 293
161	343 374 173 39
162	106 58 378 346
163	434 226 107 464
164	277 173 70 180
165	132 130 415 254
166	220 413 357 136
167	232 239 447 399
168	317 283 121 379
169	442 188 482 52
170	335 210 361 382
171	356 130 112 440
172	435 2 363 17
173	350 287 59 427
174	120 99 220 172
175	265 296 297 304
176	21 224 104 472
177	295 202 351 59
178	499 288 126 97
179	260 13 108 203
180	136 354 179 460
181	478 174 236 51
182	304 97 339 94
183	285 310 72 353
184	138 90 250 27
185	302 431 367 133
186	369 257 389 167
187	395 174 328 251
188	146 133 225 290
189	394 435 210 335
190	148 4 46 146
191	490 14 36 25
192	474 189 125 412
193	366 80 124 266
194	23 91 442 284
195	47 446 194 335
196	275 200 345 416
197	87 230 234 260
198	137 26 369 89
199	170 75 148 361
200	288 419 392 65
201	391 76 434 277
202	177 400 390 461
203	454 86 222 109
204	182 19 321 152
205	244 440 35 53
206	178 362 40 268
207	248 71 20 332
208	119 83 166 196
209	31 266 142 160
210	46 374 497 178
211	36 151 76 28
212	302 446 361 133
213	242 169 16 210
214	88 27 255 145
215	283 74 141 81
216	365 459 194 242
217	472 34 275 107
218	23 310 425 106
219	222 97 42 241
220	129 402 28 143
221	267 285 421 340
222	7 380 444 38
223	167 83 151 276
224	333 381 97 367
225	469 76 300 468
226	389 448 86 180
227	89 363 152 225
228	106 172 352 83
229	344 252 237 48
230	487 94 279 330
231	282 62 387 341
232	40 86 421 223
233	410 104 213 387
234	339 386 385 254
235	101 172 221 414
236	387 102 394 348
237	489 4 51 139
238	498 329 200 385
239	367 330 465 296
240	489 60 265 245
241	141 201 241 373
242	40 320 77 91
243	158 326 36 75
244	201 421 486 347
245	272 108 135 373
246	119 344 179 431
247	329 58 148 476
248	188 151 208 216
249	313 107 370 56
250	1 352 9 449
251	240 214 462 175
252	84 452 419 430
253	12 470 5 23
254	139 314 493 155
255	273 118 243 363
256	154 190 310 364
257	494 155 487 366
258	485 120 487 500
259	377 312 196 492
260	212 456 317 460
261	368 331 189 499
262	344 89 252 255
263	473 30 284 289
264	151 375 428 224
265	300 140 357 401
266	223 500 19 333
267	193 400 441 224
268	113 361 453 289
269	70 306 482 269
270	222 156 420 219
271	56 274 249 260
272	414 157 91 39
273	291 340 194 225
274	174 139 182 307
275	288 269 226 336
276	470 127 250 383
277	47 208 406 341
278	339 39 92 50
279	144 192 55 115
280	390 193 423 389
281	459 90 345 87
282	42 378 476 197
283	144 145 408 300
284	495 226 347 193
285	424 152 53 148
286	410 280 216 191
287	256 96 483 310
288	497 250 57 61
289	240 27 122 106
290	4 199 365 178
291	95 243 220 241
292	372 129 100 31
293	68 234 418 462
294	131 438 57 284
295	432 51 173 124
296	383 470 161 18
297	485 238 363 186
298	95 185 328 81
299	175 323 340 193
300	94 3 453 10
301	188 123 276 357
302	6 499 407 147
303	400 237 264 420
304	371 393 488 183
305	245 170 347 41
306	475 198 245 51
307	33 403 444 81
308	339 455 336 208
309	256 93 499 249
310	476 159 181 96
311	373 238 122 210
312	384 334 93 179
313	432 282 26 404
314	286 181 306 300
315	254 78 145 472
316	404 356 422 167
317	201 43 11 386
318	9 167 169 202
319	280 72 225 47
320	152 403 131 83
321	87 450 167 333
322	357 36 134 223
323	191 50 308 137
324	228 407 122 235
325	39 355 29 441
326	361 297 415 42
327	137 309 153 165
328	332 426 193 70
329	210 166 310 490
330	389 496 85 3
331	62 327 496 239
332	75 188 377 216
333	324 75 44 12
334	211 101 379 204
335	194 151 42 146
336	369 71 69 414
337	98 303 396 57
338	468 350 41 194
339	485 4 110 209
340	405 189 74 309
341	50 148 171 348
342	113 165 216 178
343	127 211 363 275
344	487 298 91 100
345	337 168 183 185
346	374 483 234 364
347	321 268 460 168
348	187 93 94 177
349	486 227 221 146
350	184 266 7 326
351	246 394 250 431
352	151 377 280 485
353	122 32 289 245
354	468 484 227 451
355	360 6 266 327
356	499 215 366 476
357	435 439 444 299
358	310 488 233 160
359	365 185 389 189
360	414 286 141 164
361	242 386 163 433
362	136 308 10 189
363	244 342 193 326
364	117 291 306 379
365	134 490 318 224
366	190 48 414 386
367	416 397 84 327
368	60 412 268 482
369	313 420 427 154
370	184 172 345 57
371	196 418 2 222
372	290 397 156 400
373	369 325 17 132
374	146 81 213 59
375	346 298 52 94
376	72 24 479 475
377	339 184 24 493
378	112 47 178 445
379	148 165 63 349
380	459 286 460 255
381	56 100 299 500
382	420 143 236 81
383	48 345 213 486
384	165 273 199 463
385	380 173 415 499
386	8 483 399 309
387	35 325 468 164
388	367 441 13 55
389	201 72 491 229
390	173 292 317 73
391	296 204 287 128
392	464 381 74 64
393	104 70 48 325
394	20 161 47 489
395	461 23 434 385
396	87 10 292 443
397	80 377 63 326
398	168 357 50 378
399	440 391 111 234
400	359 181 423 194
401	117 14 22 279
402	442 50 358 201
403	215 337 148 81
404	458 174 240 12
405	140 51 36 304
406	327 493 50 358
407	189 110 212 462
408	250 155 211 198
409	158 164 67 135
410	116 319 324 186
411	57 276 29 166
412	494 86 64 240
413	433 312 349 412
414	398 470 492 405
415	303 397 298 287
416	59 223 492 177
417	301 225 166 106
418	170 462 478 203
419	285 34 275 166
420	290 490 347 479
421	408 18 264 112
422	497 351 477 255
423	467 457 109 282
424	218 152 351 303
425	241 374 289 136
426	256 361 96 90
427	6 59 140 331
428	5 297 401 118
429	470 348 277 151
430	131 268 408 371
431	2 111 284 66
432	305 253 302 228
433	1 364 316 153
434	268 466 250 377
435	91 494 420 497
436	73 420 458 97
437	158 462 372 195
438	167 470 102 436
439	489 297 375 29
440	411 305 294 176
441	245 324 162 464
442	369 389 55 327
443	64 268 441 353
444	148 168 72 256
445	263 21 35 170
446	252 464 381 199
447	204 131 431 319
448	92 186 222 208
449	82 466 34 136
450	168 159 397 31
451	118 36 66 74
452	137 461 370 385
453	388 282 386 293
454	382 238 203 183
455	262 77 476 415
456	424 489 128 380
457	204 394 425 83
458	463 267 155 376
459	472 473 496 161
460	89 186 146 179
461	51 390 234 437
462	177 484 140 427
463	462 263 114 65
464	252 236 26 337
465	458 279 378 138
466	144 87 317 170
467	410 458 10 344
468	37 116 342 425
469	107 447 269 450
470	76 125 131 163
471	29 262 264 62
472	28 302 120 153
473	75 188 280 97
474	77 292 11 345
475	122 55 456 225
476	189 264 279 155
477	229 350 396 213
478	105 65 317 492
479	234 486 464 53
480	417 8 118 99
481	455 241 285 98
482	310 241 194 406
483	170 134 432 55
484	5 24 117 349
485	56 74 308 157
486	94 40 148 416
487	250 335 488 111
488	419 133 388 97
489	239 341 110 91
490	369 107 249 375
491	298 370 401 427
492	431 363 277 445
493	264 157 66 494
494	102 318 31 499
495	497 369 31 346
496	260 85 220 99
497	446 216 461 143
498	376 469 242 472
499	366 384 4 106
500	8 292 91 408
501	317 127 437 412
502	299 11 260 398
503	221 224 207 282
504	296 495 417 157
505	397 48 337 332
506	251 148 85 303
507	143 262 304 268
508	137 386 417 105
509	132 127 224 480
510	46 232 471 2
511	58 51 104 263
512	196 473 3 415
513	190 411 456 479
514	243 4 355 278
515	205 217 227 386
516	232 94 475 428
517	492 351 22 443
518	362 395 453 338
519	208 167 132 125
520	279 254 288 477
521	293 63 471 45
522	477 30 35 201
523	126 436 21 13
524	87 161 57 493
525	19 457 192 65
526	167 128 279 371
527	462 136 440 213
528	166 342 75 287
529	427 363 412 227
530	102 371 97 232
531	210 399 252 196
532	399 74 211 126
533	183 231 26 172
534	18 200 396 474
535	450 297 426 29
536	134 320 245 152
537	209 329 377 267
538	243 224 36 82
539	95 394 22 322
540	111 14 290 1
541	54 254 199 103
542	469 162 235 481
543	159 307 24 327
544	347 194 165 274
545	425 142 488 397
546	323 471 368 66
547	5 204 120 483
548	320 206 11 212
549	162 100 243 149
550	431 470 228 492
551	149 326 146 309
552	476 357 1 496
553	60 3 91 34
554	264 393 452 245
555	348 252 74 183
556	156 490 179 231
557	53 422 487 105
558	209 392 426 102
559	301 211 488 156
560	199 102 55 325
561	422 73 263 46
562	421 195 128 242
563	429 425 188 100
564	87 233 206 50
565	298 309 449 304
566	134 201 473 377
567	319 35 115 79
568	121 493 286 249
569	347 294 408 91
570	236 432 353 423
571	50 340 482 489
572	261 213 437 238
573	198 129 446 332
574	52 406 211 306
575	236 160 68 129
576	356 325 254 99
577	215 327 195 289
578	372 95 75 193
579	247 291 284 468
580	148 221 39 178
581	436 137 172 213
582	420 261 144 494
583	195 127 249 36
584	34 433 257 223
585	47 384 79 474
586	73 111 107 152
587	409 148 215 460
588	215 139 184 230
589	426 75 477 295
590	246 305 28 345
591	220 118 329 308
592	465 94 389 193
593	420 167 162 278
594	13 495 243 355
595	33 435 335 22
596	397 229 305 56
597	107 27 122 92
598	145 195 329 471
599	265 221 435 351
600	220 276 287 324
601	461 199 145 289
602	360 410 368 444
603	365 352 181 312
604	102 406 145 383
605	441 281 233 326
606	236 61 295 100
607	258 266 357 350
608	385 487 308 232
609	150 274 108 47
610	325 392 312 386
611	171 488 462 457
612	20 217 367 429
613	348 436 234 431
614	155 151 406 208
615	420 476 35 182
616	222 460 384 199
617	208 287 393 115
618	441 474 199 72
619	399 469 147 56
620	457 305 475 262
621	351 14 479 258
622	408 9 434 149
623	75 180 70 80
624	4 441 312 79
625	303 193 308 483
626	317 475 41 27
627	474 296 207 80
628	473 82 285 323
629	155 324 350 237
630	341 432 379 10
631	238 340 11 322
632	258 322 228 12
633	324 336 433 45
634	126 197 321 484
635	472 129 262 416
636	55 381 207 382
637	436 325 78 241
638	453 462 23 463
639	202 143 164 192
640	183 371 6 174
641	487 413 259 418
642	61 272 325 71
643	438 254 371 298
644	81 321 80 161
645	63 251 10 412
646	317 168 346 344
647	388 414 180 454
648	474 299 343 342
649	1 309 408 331
650	30 429 472 347
651	81 488 225 384
652	326 151 320 386
653	34 220 105 182
654	356 447 73 228
655	201 78 170 88
656	323 435 278 493
657	66 63 204 350
658	328 413 376 471
659	111 280 492 228
660	262 311 116 8
661	344 115 382 256
662	220 123 81 226
663	156 456 89 54
664	327 237 384 209
665	440 207 320 177
666	28 310 413 207
667	452 245 62 386
668	391 459 443 351
669	59 452 84 303
670	15 69 429 289
671	500 109 151 319
672	64 406 405 134
673	327 238 270 286
674	366 35 30 64
675	96 397 438 429
676	379 228 116 434
677	336 6 309 90
678	143 118 254 225
679	106 2 19 399
680	91 338 57 219
681	339 456 488 137
682	340 225 41 280
683	343 304 36 82
684	224 444 173 216
685	136 440 347 335
686	482 3 292 224
687	365 240 14 173
688	98 179 280 29
689	278 446 241 214
690	297 293 179 425
691	169 454 127 267
692	215 74 291 13
693	391 184 485 6
694	185 83 263 100
695	354 106 111 211
696	488 223 157 340
697	495 419 131 152
698	244 387 133 367
699	486 44 184 286
700	440 138 27 341
701	365 315 23 327
702	323 102 376 35
703	491 172 448 374
704	115 401 270 285
705	66 190 444 191
706	137 10 331 342
707	33 465 377 395
708	71 344 104 434
709	458 190 253 242
710	132 232 203 53
711	476 219 120 424
712	444 127 237 303
713	43 32 69 206
714	405 47 221 394
715	148 227 472 19
716	208 194 10 183
717	215 83 149 116
718	143 177 474 219
719	229 493 412 374
720	225 187 136 27
721	157 273 70 443
722	448 289 419 187
723	73 375 365 494
724	310 153 250 278
725	71 28 188 256
726	366 451 119 40
727	182 293 74 473
728	215 400 122 310
729	70 54 104 340
730	324 81 76 312
731	26 81 174 290
732	229 317 105 34
733	423 408 231 63
734	183 381 486 377
735	424 226 498 392
736	188 401 38 349
737	53 331 340 84
738	197 459 304 428
739	140 272 364 125
740	427 183 241 215
741	241 349 4 248
742	300 380 171 252
743	348 369 313 180
744	24 214 245 298
745	30 230 383 497
746	162 357 205 493
747	174 315 319 200
748	300 151 303 190
749	105 488 404 230
750	55 385 277 250
751	138 82 270 216
752	63 376 375 47
753	197 92 144 202
754	282 37 473 466
755	408 70 173 377
756	221 407 207 462
757	52 375 266 411
758	199 52 248 329
759	207 55 392 28
760	251 329 294 144
761	209 343 472 417
762	302 67 173 244
763	133 117 494 1
764	177 364 333 31
765	72 57 415 478
766	448 18 171 432
767	284 343 130 255
768	463 303 21 345
769	317 122 434 405
770	291 35 208 124
771	152 143 20 224
772	335 91 340 445
773	70 385 120 319
774	412 335 489 368
775	41 237 418 332
776	261 138 102 21
777	279 202 334 58
778	151 481 358 52
779	310 373 183 185
780	90 442 287 406
781	449 402 136 293
782	470 156 238 478
783	418 451 187 26
784	4 199 317 394
785	28 143 150 12
786	295 185 59 431
787	380 327 441 199
788	22 214 52 85
789	356 18 68 181
790	414 207 293 334
791	355 215 430 489
792	455 64 399 401
793	233 379 92 5
794	113 463 272 187
795	220 208 270 317
796	313 70 61 30
797	250 477 251 335
798	389 367 156 123
799	117 87 441 398
800	311 258 83 202
801	194 131 135 394
802	184 78 496 33
803	68 193 455 114
804	215 147 461 317
805	435 283 249 126
806	196 474 495 345
807	386 276 463 441
808	427 282 222 49
809	326 401 276 83
810	490 14 160 159
811	245 355 411 440
812	324 81 494 216
813	309 327 193 413
814	212 124 206 69
815	379 237 500 402
816	459 200 224 294
817	481 296 282 104
818	361 357 152 124
819	10 492 304 397
820	419 205 314 96
821	73 466 235 300
822	188 200 220 13
823	250 281 55 86
824	195 17 71 265
825	355 433 148 108
826	426 38 229 179
827	308 81 206 280
828	97 173 10 337
829	152 319 342 429
830	159 393 334 182
831	4 453 20 351
832	323 108 146 278
833	243 173 55 19
834	300 195 71 284
835	172 144 48 250
836	473 260 64 1
837	82 3 208 46
838	224 459 291 320
839	198 431 497 470
840	365 449 146 18
841	364 436 35 89
842	272 380 206 63
843	30 237 108 464
844	180 82 15 489
845	108 85 10 114
846	446 455 373 429
847	160 183 274 103
848	61 390 306 52
849	46 345 134 115
850	230 398 85 448
851	156 347 293 438
852	433 490 71 469
853	243 482 266 201
854	124 222 259 107
855	490 156 220 104
856	423 233 204 215
857	476 451 289 66
858	84 488 28 261
859	20 426 462 371
860	392 390 410 289
861	45 76 59 396
862	180 348 382 436
863	77 221 347 433
864	220 360 380 127
865	308 286 191 362
866	436 132 312 491
867	298 312 40 197
868	87 238 434 151
869	352 269 349 26
870	415 365 57 203
871	401 138 293 405
872	154 151 38 83
873	345 500 372 67
874	239 208 147 4
875	274 305 169 103
876	145 454 225 290
877	233 258 146 384
878	389 442 111 171
879	354 291 457 42
880	458 459 59 73
881	68 327 280 239
882	201 273 277 447
883	393 121 160 271
884	81 14 435 391
885	398 256 290 257
886	163 302 279 168
887	342 441 64 265
888	182 382 92 180
889	243 125 67 187
890	184 192 474 89
891	218 4 473 87
892	389 464 388 28
893	329 421 79 482
894	169 135 101 251
895	406 245 392 185
896	404 82 470 99
897	378 255 368 384
898	352 387 162 350
899	35 215 497 73
900	190 108 120 333
901	362 241 500 281
902	441 242 88 165
903	122 288 409 241
904	134 404 188 40
905	259 36 306 296
906	301 444 431 275
907	361 175 371 293
908	190 119 116 187
909	492 119 318 133
910	467 170 393 383
911	26 395 87 426
912	135 44 219 250
913	324 29 473 360
914	450 331 179 195
915	95 499 89 470
916	195 330 1 150
917	138 423 264 433
918	414 75 241 454
919	316 446 119 371
920	437 17 386 424
921	133 403 139 376
922	406 480 144 319
923	81 165 154 87
924	425 436 421 396
925	117 230 83 176
926	471 82 374 416
927	75 468 313 15
928	279 168 67 231
929	165 127 444 55
930	95 477 70 33
931	311 84 18 193
932	398 383 379 404
933	86 32 175 430
934	55 376 248 21
935	274 242 399 121
936	230 492 467 219
937	212 253 311 475
938	366 118 253 120
939	33 310 67 199
940	105 176 258 144
941	196 146 100 340
942	146 274 247 29
943	297 178 498 396
944	247 492 218 357
945	103 12 351 197
946	357 70 229 184
947	12 141 391 374
948	255 355 302 23
949	205 77 182 416
950	482 44 150 315
951	244 207 9 445
952	407 345 42 441
953	27 9 476 289
954	343 397 344 2
955	183 362 100 328
956	320 405 285 326
957	310 87 464 355
958	379 203 117 39
959	258 439 167 333
960	82 110 245 131
961	178 229 12 3
962	334 199 453 77
963	464 387 432 205
964	137 332 135 411
965	433 222 272 141
966	421 55 423 129
967	128 341 10 481
968	283 237 281 375
969	4 142 26 370
970	166 110 14 118
971	465 33 397 357
972	318 169 250 409
973	233 38 129 190
974	259 211 213 334
975	414 185 17 168
976	444 128 133 440
977	282 122 137 444
978	335 404 310 219
979	343 196 214 226
980	215 146 264 173
981	69 288 273 262
982	294 350 9 87
983	357 4 156 368
984	386 494 276 340
985	289 456 57 460
986	325 472 56 473
987	68 167 293 208
988	197 300 10 228
989	178 311 27 421
990	471 463 229 434
991	299 329 106 196
992	210 257 450 379
993	306 179 103 147
994	184 399 144 278
995	328 336 4 233
996	472 239 427 478
997	324 375 279 269
998	437 338 470 275
999	395 430 389 186
1000	375 260 20 74
Students	1000
1	381 218 78 423
2	132 484 208 33
3	44 338 273 432
4	55 7 215 43
5	346 306 27 263
6	300 472 219 270
7	134 18 253 429
8	499 36 64 108
9	461 205 473 83
10	150 408 4 431
11	372 162 332 195
12	301 426 315 203
13	279 241 275 352
14	71 268 234 329
15	351 187 62 17
16	135 136 176 37
17	481 8 329 130
18	25 377 232 162
19	415 303 17 147
20	39 406 186 264
21	66 233 61 120
22	100 117 371 452
23	329 197 359 495
24	106 487 468 270
25	446 242 176 233
26	126 70 427 372
27	32 202 262 366
28	327 279 61 60
29	375 226 147 376
30	58 443 413 65
31	3 481 246 261
32	355 46 428 197
33	262 112 76 297
34	466 263 58 205
35	316 339 135 387
36	77 487 347 332
37	32 14 184 461
38	75 431 212 176
39	135 438 420 161
40	21 85 59 24
41	353 304 298 29
42	448 382 89 350
43	16 290 495 99
44	233 283 108 137
45	127 32 346 167
46	497 189 367 96
47	491 46 318 127
48	397 139 499 266
49	319 493 480 17
50	183 90 325 255
51	49 209 184 452
52	82 261 382 233
53	277 398 84 288
54	324 61 282 456
55	254 35 434 275
56	147 432 97 344
57	364 224 35 68
58	121 134 257 259
59	357 500 29 249
60	434 476 80 204
61	298 438 236 55
62	91 341 374 261
63	391 359 61 195
64	24 10 190 37
65	275 409 29 57
66	242 238 184 385
67	361 407 387 249
68	442 403 210 48
69	34 471 251 212
70	441 136 170 244
71	257 229 203 186
72	339 333 343 31
73	167 194 309 32
74	66 250 356 56
75	264 299 491 350
76	283 487 187 3
77	96 72 271 465
78	131 128 50 247
79	152 456 416 193
80	430 90 286 328
81	272 444 109 332
82	227 333 374 469
83	444 381 345 89
84	476 22 464 352
85	257 92 331 80
86	232 491 376 409
87	118 342 320 190
88	388 468 310 261
89	7 100 397 465
90	360 418 115 392
91	194 84 414 221
92	79 125 255 450
93	258 162 409 352
94	271 201 272 380
95	190 384 34 258
96	279 136 371 348
97	79 155 203 493
98	53 189 425 124
99	64 392 371 110
100	2 47 78 236
101	267 448 101 222
102	53 9 291 336
103	377 35 290 112
104	123 195 139 269
105	365 491 190 180
106	113 341 326 370
107	38 348 133 202
108	209 73 383 472
109	254 399 146 264
110	435 295 227 33
111	113 266 461 326
112	372 338 267 181
113	337 349 208 147
114	398 368 491 282
115	318 490 455 315
116	39 253 8 454
117	18 236 72 324
118	278 95 315 150
119	425 195 273 5
120	144 473 100 148
121	257 159 79 287
122	461 117 240 423
123	444 473 314 6
124	407 229 221 466
125	125 439 190 26
126	345 10 82 171
127	72 7 437 150
128	448 61 99 412
129	419 488 382 196
130	262 376 300 382
131	14 118 349 251
132	134 398 79 194
133	1 474 216 428
134	387 274 84 66
135	412 447 450 477
136	179 412 216 280
137	161 361 458 350
138	190 236 82 324
139	253 147 97 209
140	145 158 383 386
141	437 17 241 51
142	168 222 284 5
143	229 109 331 431
144	95 201 477 357
145	421 206 415 308
146	153 475 232 189
147	171 344 277 298
148	309 496 451 476
149	252 425 319 53
150	181 406 333 366
151	288 286 17 144
152	64 443 15 387
153	68 153 362 163
154	481 216 190 316
155	72 405 375 352
156	140 168 476 449
157	362 194 413 279
158	300 115 479 286
159	358 126 194 92
160	297 179 314 439
161	273 469 128 7
162	393 122 26 235
163	153 211 274 92
164	137 206 215 173
165	7 165 456 449
166	126 40 382 498
167	457 340 299 204
168	348 126 404 211
169	159 351 223 158
170	281 348 285 367
171	458 293 189 177
172	494 23 255 471
173	389 226 269 234
174	267 343 62 214
175	67 229 441 159
176	102 45 263 171
177	482 345 285 391
178	55 36 107 395
179	419 217 145 71
180	441 352 111 159
181	467 255 95 463
182	313 378 244 299
183	69 252 500 140
184	25 65 171 315
185	104 126 256 435
186	303 74 359 52
187	245 163 255 485
188	458 269 406 326
189	156 59 488 214
190	250 308 348 478
191	149 413 152 279
192	413 222 277 273
193	490 407 50 474
194	20 386 38 73
195	409 423 51 144
196	120 65 374 81
197	193 54 322 43
198	55 376 362 349
199	426 195 63 50
200	391 463 110 16
201	493 211 462 414
202	144 494 191 61
203	477 91 110 119
204	316 192 454 34
205	405 447 152 97
206	243 74 370 418
207	50 310 8 360
208	412 362 303 419
209	169 261 50 153
210	163 109 101 26
211	39 177 226 488
212	97 55 202 255
213	131 150 195 360
214	94 464 465 444
215	20 1 167 91
216	20 295 270 430
217	381 244 266 117
218	33 491 330 479
219	410 389 67 398
220	394 293 463 66
221	201 164 283 326
222	398 303 310 473
223	146 341 332 98
224	336 88 92 430
225	191 71 300 160
226	346 499 306 341
227	468 305 465 393
228	497 349 188 249
229	417 221 55 450
230	390 57 195 193
231	428 345 64 379
232	107 332 160 470
233	228 276 72 202
234	482 164 293 47
235	387 221 204 218
236	5 344 170 466
237	52 286 250 71
238	389 7 282 95
239	305 319 39 458
240	347 122 85 463
241	442 384 483 425
242	9 185 329 207
243	410 292 173 331
244	56 347 227 313
245	194 457 116 378
246	195 25 257 422
247	40 223 109 50
248	440 112 91 407
249	121 160 343 384
250	297 199 270 8
251	255 143 237 10
252	335 359 160 153
253	300 244 69 291
254	203 351 421 34
255	246 251 259 162
256	200 111 104 113
257	188 302 163 473
258	318 69 278 342
259	144 111 356 24
260	348 327 281 99
261	236 373 467 307
262	373 174 232 220
263	392 36 90 380
264	180 323 211 50
265	163 187 432 182
266	191 470 464 397
267	308 217 248 203
268	211 462 387 193
269	304 86 80 397
270	269 84 255 261
271	495 305 469 478
272	107 45 319 193
273	177 360 64 385
274	336 375 441 56
275	481 478 486 95
276	96 452 321 455
277	23 125 347 261
278	84 357 229 305
279	398 276 12 232
280	115 223 324 148
281	231 327 70 423
282	478 121 244 354
283	140 95 390 272
284	161 356 156 142
285	123 111 317 72
286	165 387 294 46
287	65 368 298 408
288	437 288 320 201
289	242 357 101 111
290	166 420 462 156
291	426 90 391 250
292	18 97 458 350
293	387 383 34 47
294	104 184 261 345
295	360 455 391 319
296	383 102 288 17
297	279 366 259 105
298	404 227 217 28
299	352 5 282 499
300	280 187 451 126
301	349 229 343 423
302	475 415 359 152
303	257 327 368 93
304	24 263 304 469
305	289 304 474 297
306	48 263 240 31
307	64 430 84 284
308	444 429 343 317
309	108 250 398 82
310	451 226 205 489
311	214 98 94 408
312	330 19 45 320
313	65 309 198 483
314	219 455 293 202
315	407 100 292 98
316	346 340 63 414
317	3 110 102 76
318	83 116 237 241
319	482 303 4 437
320	10 25 316 42
321	185 365 161 58
322	491 48 185 463
323	28 315 254 439
324	453 67 150 143
325	398 416 244 304
326	450 95 376 496
327	78 455 135 257
328	313 212 367 489
329	205 222 443 486
330	87 130 133 214
331	287 435 418 162
332	229 17 52 44
333	330 493 69 87
334	471 386 155 201
335	190 288 158 470
336	30 4 239 200
337	326 327 107 296
338	351 321 224 355
339	212 191 211 182
340	340 474 91 302
341	262 282 39 394
342	94 418 66 369
343	248 454 161 289
344	451 145 400 66
345	304 11 154 348
346	231 379 214 495
347	257 78 300 251
348	425 446 324 65
349	209 129 33 473
350	140 360 382 92
351	427 413 444 335
352	28 372 406 115
353	340 190 33 137
354	34 474 431 86
355	106 57 464 90
356	212 480 68 10
357	465 209 241 123
358	28 442 199 116
359	314 275 50 395
360	496 194 349 169
361	214 326 470 357
362	197 377 19 240
363	273 343 362 92
364	207 221 339 404
365	195 333 493 376
366	156 325 446 216
367	12 334 314 400
368	192 30 340 121
369	399 388 365 500
370	326 313 279 485
371	258 6 415 375
372	208 431 437 407
373	140 390 274 322
374	160 255 121 134
375	403 54 150 355
376	338 442 272 76
377	416 91 499 231
378	249 234 355 194
379	498 147 71 414
380	412 256 450 367
381	182 175 191 341
382	326 259 490 318
383	346 248 349 494
384	19 228 118 172
385	125 302 282 344
386	253 19 444 363
387	398 192 20 339
388	456 407 366 16
389	351 113 478 393
390	136 12 222 44
391	208 128 388 114
392	11 440 33 160
393	446 126 379 500
394	297 72 457 492
395	324 399 345 372
396	351 253 193 293
397	264 228 492 488
398	236 408 337 31
399	176 271 3 304
400	358 98 391 348
401	491 175 119 137
402	190 139 468 156
403	91 53 462 369
404	57 424 266 73
405	499 459 488 35
406	415 213 166 389
407	457 328 29 128
408	240 129 458 95
409	355 257 454 297
410	250 100 309 75
411	463 267 313 7
412	168 99 297 323
413	20 246 454 481
414	91 210 463 3
415	13 193 444 48
416	336 294 51 341
417	109 294 180 241
418	387 316 184 155
419	437 371 190 483
420	339 485 241 283
421	353 48 166 403
422	238 212 57 18
423	418 92 269 143
424	186 114 73 484
425	157 479 74 148
426	182 242 21 406
427	480 279 48 160
428	55 143 467 342
429	109 20 256 365
430	230 442 316 336
431	145 393 196 220
432	458 225 420 457
433	311 459 35 290
434	124 301 415 374
435	89 19 290 69
436	272 295 116 387
437	446 126 235 363
438	106 382 186 330
439	244 256 2 217
440	421 339 412 299
441	47 489 488 264
442	190 5 238 419
443	70 145 293 58
444	372 130 173 216
445	323 174 423 123
446	460 47 471 174
447	170 209 44 440
448	261 18 321 198
449	1 97 491 2
450	13 59 480 6
451	22 359 165 378
452	96 69 38 399
453	314 464 295 404
454	319 1 85 413
455	273 474 388 195
456	122 394 230 97
457	347 64 414 156
458	381 49 401 492
459	99 158 35 15
460	26 193 450 383
461	90 377 341 155
462	197 31 452 28
463	331 251 186 170
464	317 128 122 359
465	201 171 289 93
466	167 178 2 31
467	116 317 329 176
468	325 284 44 48
469	348 213 397 207
470	12 357 259 37
471	461 149 96 395
472	93 223 251 295
473	472 70 231 440
474	305 64 362 237
475	445 268 194 460
476	221 300 118 348
477	489 412 75 490
478	181 496 413 202
479	187 385 446 338
480	51 359 486 180
481	321 66 463 8
482	32 19 222 6
483	382 344 76 174
484	499 118 225 96
485	96 274 131 184
486	93 470 445 425
487	75 336 409 124
488	64 69 86 204
489	433 281 440 143
490	84 386 140 465
491	165 29 475 455
492	94 285 131 425
493	312 488 46 216
494	1 479 25 472
495	436 62 406 395
496	235 304 16 196
497	427 442 241 247
498	30 348 106 330
499	459 307 240 455
500	69 93 235 167
501	409 103 138 403
502	460 364 114 311
503	140 385 65 135
504	459 368 342 12
505	353 94 154 97
506	495 81 414 294
507	348 285 124 346
508	208 97 323 270
509	412 125 277 19
510	429 39 187 229
511	408 150 377 330
512	466 279 289 405
513	134 180 464 283
514	161 496 247 64
515	384 108 307 304
516	23 32 170 395
517	38 427 438 443
518	259 75 110 431
519	316 470 54 335
520	251 433 427 136
521	85 303 435 107
522	467 470 309 29
523	342 57 34 458
524	425 309 129 200
525	178 240 419 211
526	168 22 113 295
527	130 229 403 157
528	248 302 391 99
529	429 142 393 149
530	464 24 448 84
531	190 253 283 460
532	50 174 255 350
533	52 366 72 54
534	144 290 432 213
535	238 350 349 35
536	250 430 261 230
537	396 49 293 200
538	436 129 59 325
539	416 315 446 273
540	283 452 47 275
541	223 285 184 62
542	75 482 218 179
543	313 262 87 4
544	347 496 469 174
545	475 246 216 236
546	339 131 309 85
547	329 189 253 77
548	414 485 334 324
549	409 499 405 34
550	318 479 403 326
551	75 136 91 201
552	114 191 479 488
553	86 370 44 190
554	325 59 460 44
555	103 375 189 31
556	180 11 58 57
557	333 342 483 243
558	475 31 288 176
559	412 173 256 147
560	319 155 493 95
561	425 108 74 282
562	74 60 27 171
563	280 313 161 150
564	443 225 218 438
565	361 3 64 379
566	107 96 80 332
567	98 156 395 279
568	381 234 430 264
569	213 183 304 136
570	207 203 22 244
571	22 184 152 38
572	250 294 201 161
573	187 34 289 417
574	152 183 161 394
575	369 54 365 455
576	349 298 438 356
577	121 430 163 456
578	19 423 41 203
579	322 361 122 241
580	30 41 278 378
581	303 64 452 152
582	288 444 300 310
583	104 388 59 205
584	128 375 173 85
585	102 224 407 493
586	285 329 429 82
587	461 275 405 452
588	174 89 486 60
589	16 495 465 169
590	492 271 92 446
591	352 154 17 463
592	223 353 106 54
593	403 499 464 69
594	383 149 299 267
595	430 432 347 334
596	254 180 169 257
597	249 412 378 475
598	45 145 355 106
599	473 7 407 37
600	245 485 111 296
601	475 115 445 389
602	500 45 118 344
603	89 349 442 202
604	119 440 422 1
605	391 468 209 62
606	242 487 236 257
607	121 495 122 65
608	416 471 65 95
609	63 319 99 413
610	150 59 152 267
611	300 133 207 312
612	133 332 173 96
613	431 484 322 146
614	39 256 291 211
615	343 64 251 210
616	345 351 241 321
617	206 55 437 20
618	267 436 483 108
619	290 483 54 22
620	295 49 181 57
621	137 28 126 318
622	404 57 264 8
623	19 107 166 336
624	309 457 210 24
625	407 364 304 221
626	126 68 372 145
627	492 344 409 54
628	492 94 172 436
629	25 207 316 384
630	113 493 337 259
631	415 287 478 425
632	292 183 30 59
633	209 137 117 175
634	329 326 208 20
635	118 464 319 121
636	143 305 380 297
637	369 433 430 119
638	244 28 94 192
639	87 396 114 479
640	37 326 456 472
641	452 458 41 251
642	114 6 294 229
643	205 120 309 168
644	468 61 243 75
645	1 410 459 195
646	118 92 445 153
647	383 3 264 155
648	355 228 420 399
649	434 293 352 388
650	242 165 222 201
651	390 244 226 469
652	148 436 488 86
653	155 93 262 41
654	436 193 260 311
655	307 128 439 394
656	449 495 52 243
657	244 279 221 4
658	201 70 85 194
659	170 207 338 341
660	125 38 380 423
661	97 361 46 365
662	367 284 473 319
663	481 198 412 277
664	489 20 454 359
665	8 356 187 207
666	483 40 278 283
667	386 22 416 213
668	271 288 361 2
669	304 170 140 109
670	325 126 393 181
671	464 47 267 374
672	206 82 22 13
673	302 490 60 52
674	185 399 137 166
675	179 188 66 313
676	211 388 343 491
677	423 335 76 208
678	408 481 73 169
679	184 319 330 238
680	249 28 354 484
681	254 5 97 182
682	316 161 62 191
683	457 54 214 13
684	228 402 390 280
685	304 30 476 314
686	361 336 373 141
687	111 158 429 494
688	350 231 158 187
689	490 57 6 120
690	270 83 432 225
691	251 377 486 27
692	488 123 499 179
693	345 428 152 227
694	136 152 133 432
695	407 58 402 267
696	262 268 86 229
697	329 323 460 482
698	393 16 280 150
699	493 324 218 99
700	169 342 30 236
701	454 47 227 380
702	174 379 277 332
703	359 6 224 370
704	259 69 211 195
705	298 102 100 480
706	431 445 290 276
707	89 283 144 426
708	325 43 111 11
709	170 283 424 77
710	333 350 234 207
711	368 98 136 16
712	180 37 61 424
713	277 207 288 17
714	98 305 35 457
715	323 45 137 291
716	226 150 434 179
717	380 276 313 211
718	12 122 289 182
719	395 60 161 226
720	153 273 436 176
721	52 199 401 465
722	41 397 20 175
723	413 349 308 438
724	212 477 294 486
725	270 346 226 425
726	35 283 384 439
727	179 135 360 479
728	147 55 231 200
729	213 315 434 26
730	193 389 307 356
731	467 421 470 324
732	493 67 272 258
733	234 218 103 474
734	29 462 124 356
735	5 84 64 384
736	70 363 38 480
737	144 324 148 410
738	249 160 469 158
739	105 257 213 16
740	125 197 307 188
741	11 318 6 34
742	57 313 240 259
743	237 63 351 108
744	201 159 257 391
745	366 62 14 83
746	17 230 121 487
747	482 405 340 464
748	444 266 416 175
749	287 366 63 203
750	257 204 254 26
751	397 122 6 312
752	172 209 484 23
753	470 403 213 340
754	398 22 282 2
755	480 483 412 413
756	170 346 304 447
757	30 33 77 459
758	224 373 105 286
759	24 59 217 347
760	272 173 403 419
761	396 410 426 454
762	244 223 324 335
763	294 198 158 464
764	131 115 225 276
765	399 67 308 402
766	297 471 488 62
767	409 255 465 310
768	220 462 482 312
769	416 185 135 341
770	476 238 299 188
771	107 497 177 172
772	31 76 186 155
773	472 478 379 225
774	20 56 36 294
775	400 282 300 418
776	52 296 332 289
777	5 80 271 156
778	494 321 154 369
779	416 43 500 171
780	289 456 376 10
781	320 222 258 198
782	74 407 262 391
783	340 256 202 157
784	460 114 340 127
785	84 326 397 494
786	220 352 229 245
787	460 277 393 44
788	405 400 436 399
789	471 46 95 106
790	193 73 333 275
791	317 423 485 334
792	344 260 145 134
793	290 189 232 281
794	471 9 223 93
795	95 481 338 52
796	454 456 300 347
797	418 161 252 357
798	184 174 147 375
799	253 144 248 76
800	465 199 245 434
801	199 17 425 416
802	315 194 102 103
803	162 350 370 212
804	53 253 304 119
805	156 362 321 83
806	18 492 214 307
807	114 108 158 233
808	446 26 432 55
809	431 22 134 31
810	15 440 279 29
811	212 23 8 252
812	270 271 23 93
813	26 12 115 331
814	180 404 493 311
815	264 353 457 393
816	295 112 490 354
817	42 429 20 470
818	26 239 69 164
819	439 76 382 364
820	369 301 362 363
821	215 78 75 422
822	429 417 21 81
823	49 35 275 179
824	442 174 242 124
825	205 199 119 341
826	85 94 47 310
827	480 392 309 352
828	210 435 125 157
829	186 350 173 18
830	265 51 64 187
831	372 217 15 70
832	52 11 191 124
833	444 73 343 414
834	121 54 59 491
835	327 175 39 432
836	27 350 291 302
837	280 126 67 163
838	353 333 62 388
839	2 413 44 490
840	347 149 9 298
841	170 193 353 107
842	249 472 159 163
843	98 337 464 438
844	361 138 271 3
845	242 76 264 20
846	151 143 101 55
847	371 142 460 435
848	202 161 120 427
849	260 40 66 305
850	99 251 180 162
851	418 32 497 167
852	381 422 386 177
853	424 68 26 91
854	491 158 167 459
855	107 244 163 363
856	251 396 126 454
857	438 445 33 270
858	215 306 236 154
859	166 66 400 137
860	345 13 306 91
861	401 181 285 131
862	371 156 438 187
863	50 203 498 119
864	274 377 337 252
865	207 427 449 391
866	289 15 367 325
867	332 445 300 486
868	456 362 220 63
869	279 172 308 37
870	194 420 357 423
871	11 230 203 128
872	84 115 134 60
873	73 96 33 17
874	483 393 97 60
875	227 309 145 278
876	364 47 474 457
877	409 135 359 447
878	221 497 238 347
879	11 358 433 120
880	195 89 442 368
881	327 381 42 130
882	64 247 153 381
883	322 497 345 449
884	53 58 426 253
885	283 112 125 298
886	468 61 154 403
887	258 297 92 125
888	4 143 37 465
889	115 338 158 111
890	136 57 88 359
891	428 2 359 171
892	376 118 275 406
893	356 401 128 103
894	320 126 360 190
895	115 293 229 497
896	239 43 455 433
897	70 267 3 333
898	188 338 63 291
899	1 57 469 347
900	485 296 110 270
901	39 302 403 187
902	93 367 1 221
903	297 256 248 209
904	421 460 246 314
905	230 409 34 352
906	236 231 41 353
907	308 103 489 21
908	392 161 430 333
909	112 75 170 137
910	300 292 345 294
911	56 387 190 180
912	106 111 322 216
913	11 465 56 431
914	284 66 134 10
915	194 402 171 429
916	439 229 385 499
917	317 337 261 213
918	379 19 313 244
919	112 78 318 372
920	129 320 148 91
921	482 188 123 153
922	367 166 359 412
923	221 22 43 457
924	395 450 485 179
925	374 152 47 475
926	117 402 29 304
927	52 306 274 414
928	128 243 40 457
929	180 292 58 370
930	429 116 59 40
931	413 466 445 245
932	458 484 33 448
933	166 79 118 372
934	39 271 159 343
935	485 302 52 2
936	79 10 294 288
937	234 439 355 245
938	280 269 220 342
939	365 184 495 194
940	390 19 29 494
941	352 409 468 41
942	490 10 285 214
943	169 218 25 322
944	97 32 419 345
945	28 44 205 126
946	375 228 460 116
947	461 215 252 120
948	53 382 290 136
949	156 353 425 76
950	188 255 58 482
951	379 63 300 254
952	264 226 217 190
953	171 160 396 11
954	185 57 412 383
955	454 218 312 315
956	78 190 47 141
957	72 426 88 500
958	464 433 386 263
959	265 139 129 95
960	215 405 453 121
961	11 171 352 389
962	470 279 11 159
963	141 104 248 436
964	290 256 102 251
965	277 17 205 472
966	409 406 433 441
967	248 134 59 243
968	83 375 299 449
969	72 30 441 151
970	247 288 325 5
971	264 109 179 148
972	242 388 118 307
973	220 420 110 96
974	491 463 63 396
975	103 306 178 448
976	329 303 302 65
977	465 143 226 134
978	303 469 199 390
979	284 412 383 95
980	432 37 297 210
981	98 273 316 29
982	31 113 142 273
983	93 244 275 248
984	217 369 468 225
985	175 209 142 464
986	351 255 252 411
987	421 457 206 198
988	371 1 130 14
989	385 220 273 376
990	261 252 345 223
991	102 354 376 347
992	56 50 130 491
993	198 431 221 260
994	303 263 117 11
995	186 336 215 307
996	380 49 141 334
997	347 236 300 447
998	363 46 31 493
999	56 293 87 193
1000	376 77 273 230
Students	1000
1	265 354 100 398
2	162 484 178 391
3	307 484 59 239
4	137 213 466 74
5	468 341 242 276
6	6 119 267 466
7	60 213 136 409
8	398 375 374 456
9	261 185 45 287
10	207 59 18 355
11	225 175 429 275
12	209 394 483 462
13	383 3 336 204
14	227 41 255 115
15	332 110 334 477
16	244 291 120 471
17	287 290 293 21
18	146 57 10 83
19	169 213 384 343
20	331 55 211 199
21	38 217 399 54
22	199 482 290 138
23	152 158 301 126
24	147 420 130 165
25	185 398 408 7
26	26 12 218 40
27	69 170 498 489
28	354 493 27 20
29	163 9 485 55
30	450 168 435 116
31	261 50 277 279
32	12 484 289 341
33	458 304 335 171
34	104 388 212 88
35	232 487 92 23
36	478 21 335 193
37	251 235 332 454
38	198 31 81 478
39	4 489 116 98
40	295 92 208 395
41	78 75 278 423
42	404 485 232 359
43	282 21 62 82
44	97 64 225 213
45	225 187 17 474
46	146 447 1 335
47	350 148 204 196
48	17 488 473 426
49	262 427 466 473
50	291 322 473 60
51	244 198 318 335
52	270 372 154 7
53	312 407 41 47
54	476 434 496 395
55	222 437 429 418
56	104 170 331 147
57	103 446 194 207
58	212 262 187 73
59	225 324 407 410
60	74 335 221 267
61	433 377 481 200
62	110 333 413 343
63	436 324 62 256
64	257 50 181 163
65	418 14 382 122
66	390 235 12 63
67	362 389 22 99
68	137 403 249 63
69	70 206 219 488
70	482 303 118 323
71	52 329 315 277
72	25 397 143 499
73	323 492 147 64
74	140 193 108 317
75	130 434 164 220
76	2 288 296 10
77	282 49 305 383
78	116 160 278 296
79	489 316 176 482
80	493 410 126 339
81	98 214 358 17
82	66 480 22 70
83	91 82 198 291
84	210 218 334 388
85	472 486 269 271
86	495 100 374 145
87	462 63 246 92
88	325 467 192 336
89	431 72 275 118
90	158 205 421 209
91	78 455 50 230
92	356 500 364 453
93	163 117 152 300
94	462 28 212 301
95	479 350 358 485
96	392 313 471 242
97	277 432 18 152
98	56 350 427 127
99	68 254 299 354
100	364 135 194 203
101	22 119 477 334
102	396 260 155 120
103	158 333 203 60
104	258 420 371 111
105	107 144 118 272
106	214 378 321 443
107	500 230 410 414
108	231 249 144 330
109	381 18 432 251
110	434 349 352 277
111	98 433 232 264
112	252 291 342 325
113	276 385 391 200
114	225 83 358 371
115	277 309 355 423
116	500 70 429 130
117	20 420 12 363
118	465 274 200 413
119	81 7 69 34
120	388 433 436 194
121	272 94 402 160
122	62 436 469 210
123	119 388 29 189
124	218 461 106 443
125	456 357 168 165
126	248 291 298 320
127	42 193 403 384
128	270 415 374 90
129	241 252 281 459
130	171 384 23 147
131	169 200 173 459
132	50 326 15 412
133	195 54 223 310
134	404 101 248 33
135	126 143 30 24
136	236 158 362 481
137	190 446 236 223
138	372 112 313 53
139	416 226 289 234
140	312 183 120 480
141	261 136 358 126
142	86 157 57 82
143	440 481 387 116
144	295 122 308 335
145	390 94 358 184
146	294 361 19 261
147	3 337 298 57
148	346 345 380 275
149	419 43 5 418
150	23 444 188 419
151	34 283 364 294
152	152 94 405 433
153	164 190 481 67
154	190 332 7 185
155	376 183 143 408
156	106 271 348 290
157	374 284 369 237
158	113 303 466 101
159	116 387 46 421
160	386 496 95 327
161	333 222 265 13
162	371 409 252 199
163	67 421 109 245
164	231 243 2 420
165	29 55 211 328
166	79 57 42 120
167	129 170 400 332
168	269 490 356 106
169	420 358 241 18
170	273 254 149 476
171	374 88 192 17
172	422 460 292 6
173	462 62 480 110
174	244 131 362 297
175	347 82 128 173
176	18 127 300 276
177	205 470 347 17
178	249 14 449 2
179	180 369 256 395
180	374 311 113 126
181	355 301 52 439
182	179 402 393 489
183	244 202 439 94
184	225 301 354 26
185	357 232 182 390
186	380 377 93 37
187	193 5 228 477
188	22 66 494 391
189	152 38 318 408
190	460 39 361 393
191	67 486 25 222
192	248 254 115 413
193	48 239 116 6
194	257 169 264 316
195	94 87 210 338
196	247 225 492 165
197	254 380 429 307
198	79 252 475 143
199	7 219 307 127
200	343 121 145 335
201	65 376 342 267
202	327 260 374 430
203	36 393 287 434
204	416 178 252 398
205	279 98 340 332
206	488 317 437 309
207	258 403 414 318
208	450 349 448 410
209	9 255 103 383
210	166 427 347 326
211	368 111 260 225
212	144 85 423 340
213	400 239 310 160
214	460 340 366 154
215	86 52 26 94
216	65 75 361 245
217	110 14 461 426
218	275 71 164 29
219	242 469 129 398
220	400 7 490 460
221	158 487 267 173
222	199 417 426 384
223	184 32 190 265
224	15 462 124 82
225	346 417 288 343
226	190 439 219 287
227	302 110 144 433
228	112 249 230 174
229	112 43 107 113
230	446 491 165 421
231	79 76 334 423
232	448 61 152 223
233	279 234 470 462
234	474 8 159 442
235	190 289 88 440
236	156 480 263 22
237	298 97 446 316
238	477 400 429 207
239	317 467 372 144
240	379 494 439 270
241	208 98 265 253
242	304 3 423 470
243	460 354 272 40
244	16 288 366 301
245	151 381 150 305
246	354 183 82 277
247	155 139 156 377
248	29 208 336 476
249	419 87 62 80
250	428 304 214 408
251	124 276 5 67
252	370 443 282 425
253	130 100 395 11
254	152 396 296 359
255	28 437 25 257
256	218 48 458 412
257	247 294 312 191
258	234 488 164 439
259	93 460 281 314
260	347 106 281 237
261	293 444 13 354
262	423 191 156 251
263	30 303 199 107
264	53 413 464 239
265	228 116 354 212
266	175 250 439 370
267	265 106 444 95
268	212 227 228 34
269	84 470 375 453
270	153 396 321 224
271	163 120 267 363
272	162 219 468 308
273	83 26 408 376
274	311 465 28 269
275	498 359 66 353
276	216 401 399 62
277	75 78 53 196
278	446 369 8 195
279	105 477 22 189
280	241 448 325 355
281	277 70 471 255
282	208 133 478 499
283	231 494 297 90
284	385 414 298 218
285	403 346 13 434
286	203 344 40 432
287	246 96 395 23
288	127 14 48 22
289	406 353 377 228
290	448 454 317 396
291	1 401 442 339
292	466 238 229 215
293	176 464 95 46
294	31 53 203 32
295	237 175 226 294
296	194 196 92 481
297	173 235 256 446
298	8 297 412 359
299	87 106 500 449
300	310 225 370 466
301	76 24 31 116
302	140 351 173 423
303	312 406 142 88
304	278 402 275 387
305	186 27 162 48
306	238 295 21 83
307	71 81 431 427
308	420 247 95 421
309	415 417 230 488
310	481 94 254 142
311	125 393 272 477
312	414 3 73 419
313	339 396 100 355
314	214 329 284 191
315	15 101 387 87
316	430 34 301 125
317	406 74 117 434
318	362 41 181 137
319	356 253 58 296
320	117 482 41 161
321	24 262 216 327
322	189 147 401 22
323	53 385 171 254
324	248 457 488 236
325	376 321 240 191
326	306 6 241 353
327	330 119 420 93
328	456 167 110 71
329	421 418 398 500
330	413 367 254 316
331	110 287 160 271
332	137 10 340 256
333	196 79 413 122
334	397 19 449 328
335	412 318 9 7
336	193 276 11 287
337	119 129 25 176
338	66 115 212 51
339	26 267 453 75
340	455 241 53 226
341	158 176 151 241
342	355 254 55 80
343	411 462 303 341
344	199 42 82 19
345	319 461 135 100
346	47 43 380 176
347	309 413 488 61
348	332 376 175 129
349	63 2 124 361
350	104 460 95 6
351	259 204 310 52
352	439 153 192 286
353	363 83 248 387
354	377 494 37 2
355	292 249 380 22
356	6 396 189 265
357	255 278 409 110
358	73 153 275 69
359	200 411 109 430
360	244 273 48 231
361	345 309 93 438
362	463 37 13 487
363	429 83 231 383
364	102 304 101 328
365	373 174 262 61
366	485 326 405 499
367	251 4 482 212
368	135 374 132 281
369	55 104 496 108
370	471 147 255 173
371	482 149 155 492
372	63 345 284 456
373	48 26 183 241
374	384 401 160 278
375	183 213 405 369
376	443 152 6 392
377	1 333 181 359
378	68 265 332 25
379	349 289 285 229
380	26 423 314 489
381	308 414 7 253
382	140 211 393 146
383	263 497 124 329
384	488 259 251 134
385	256 474 219 159
386	264 498 131 421
387	291 426 489 154
388	354 462 70 187
389	439 342 287 265
390	202 230 273 381
391	22 383 79 384
392	42 104 281 361
393	393 73 394 386
394	126 194 493 36
395	298 76 61 479
396	106 465 326 167
397	52 267 197 124
398	330 310 482 110
399	280 466 426 25
400	353 486 283 218
401	247 170 226 458
402	94 162 34 386
403	342 157 137 85
404	168 23 103 298
405	98 235 234 335
406	63 191 227 390
407	197 331 402 460
408	460 290 37 246
409	255 451 397 471
410	167 272 410 266
411	285 330 75 349
412	320 22 14 315
413	102 370 440 162
414	179 5 317 318
415	91 139 290 63
416	62 11 358 308
417	130 389 338 77
418	195 188 272 337
419	166 140 62 32
420	469 288 371 386
421	337 468 413 93
422	383 54 56 414
423	268 124 224 7
424	184 346 418 117
425	111 100 229 357
426	31 492 154 123
427	143 190 181 463
428	306 442 284 402
429	212 443 354 432
430	491 87 196 29
431	125 264 92 325
432	389 112 196 97
433	46 193 150 433
434	301 436 60 143
435	315 115 215 295
436	142 194 22 225
437	112 372 390 255
438	341 342 211 32
439	268 362 288 154
440	294 236 302 332
441	55 330 141 80
442	29 81 482 459
443	200 86 409 50
444	162 337 366 147
445	448 404 434 482
446	196 97 129 18
447	399 296 55 413
448	133 61 433 347
449	18 283 427 83
450	374 74 112 366
451	95 116 453 239
452	359 189 222 319
453	150 264 331 328
454	386 481 184 296
455	220 186 176 160
456	115 236 197 492
457	154 206 45 82
458	235 304 493 481
459	81 400 446 270
460	381 228 231 382
461	382 111 33 363
462	424 294 27 396
463	102 222 259 380
464	335 416 73 147
465	420 393 129 166
466	454 201 356 489
467	426 447 67 430
468	70 181 135 73
469	197 7 58 446
470	375 85 254 360
471	277 412 372 461
472	486 44 246 26
473	489 262 107 460
474	398 407 401 282
475	123 257 229 158
476	404 304 139 36
477	404 229 484 282
478	197 246 2 49
479	293 499 266 87
480	110 447 63 313
481	72 316 52 455
482	136 98 268 255
483	329 281 447 391
484	126 113 32 96
485	393 189 223 335
486	326 356 354 232
487	489 284 454 333
488	162 11 371 391
489	302 335 446 334
490	486 174 442 499
491	432 173 199 298
492	313 303 251 157
493	215 333 379 250
494	48 311 200 235
495	127 377 175 109
496	176 486 403 462
497	47 97 40 173
498	98 349 143 33
499	382 366 492 17
500	169 16 122 277
501	420 107 399 306
502	118 77 151 193
503	356 416 187 337
504	500 29 406 284
505	23 470 342 345
506	113 398 100 47
507	396 15 24 66
508	79 182 116 104
509	440 204 126 481
510	164 409 104 344
511	343 9 175 106
512	51 396 361 85
513	57 169 138 203
514	89 204 462 213
515	463 394 458 238
516	94 383 60 407
517	265 52 434 468
518	286 89 30 499
519	102 482 295 367
520	103 209 478 268
521	335 260 492 269
522	255 292 240 468
523	287 235 75 135
524	403 31 213 427
525	292 356 17 396
526	133 358 270 436
527	203 235 210 239
528	258 287 415 189
529	194 19 102 133
530	265 72 346 152
531	428 4 289 154
532	103 170 113 296
533	6 471 19 58
534	370 379 86 35
535	279 267 179 70
536	412 332 312 71
537	23 245 30 160
538	473 51 440 113
539	417 353 108 496
540	303 191 269 218
541	471 410 412 473
542	16 344 102 194
543	249 473 202 49
544	31 324 500 182
545	264 70 458 217
546	126 234 199 100
547	357 98 286 206
548	420 361 374 270
549	204 231 317 500
550	112 467 158 486
551	326 348 396 405
552	352 412 259 320
553	55 207 184 336
554	398 285 281 348
555	453 386 50 38
556	96 198 319 361
557	35 414 468 272
558	214 293 192 475
559	446 458 493 476
560	361 184 180 316
561	410 473 176 125
562	12 73 438 201
563	346 342 207 402
564	91 117 316 434
565	467 221 411 395
566	185 291 143 463
567	53 84 135 358
568	152 19 112 254
569	318 302 471 66
570	284 117 269 280
571	406 33 188 20
572	169 302 225 31
573	64 181 180 155
574	71 473 114 393
575	474 312 215 369
576	409 285 432 183
577	492 12 204 441
578	369 185 362 442
579	249 484 256 16
580	238 41 337 450
581	128 442 225 486
582	274 282 60 169
583	140 293 21 91
584	268 113 398 46
585	29 52 483 151
586	445 292 85 273
587	227 2 145 219
588	496 259 360 266
589	407 239 308 444
590	301 10 239 146
591	405 441 428 231
592	301 22 337 89
593	225 7 386 166
594	77 348 263 382
595	138 55 363 395
596	326 36 362 450
597	84 233 153 444
598	322 491 183 31
599	207 306 386 53
600	389 121 403 10
601	309 89 308 357
602	37 209 5 230
603	405 461 432 196
604	189 318 417 339
605	303 474 70 6
606	296 319 438 454
607	329 388 461 136
608	202 159 177 70
609	319 372 436 470
610	294 375 414 250
611	474 128 292 37
612	276 102 212 215
613	474 227 319 263
614	405 342 315 454
615	3 123 170 206
616	79 149 335 442
617	400 27 65 477
618	459 87 449 9
619	188 109 132 185
620	158 333 348 239
621	115 417 466 474
622	61 178 416 129
623	110 311 369 278
624	14 348 154 40
625	252 293 44 67
626	415 82 173 167
627	381 203 393 289
628	190 258 110 477
629	476 447 461 300
630	223 11 174 205
631	227 212 440 388
632	37 306 100 71
633	490 453 70 18
634	380 240 149 462
635	435 374 200 107
636	412 1 427 296
637	195 134 222 89
638	276 410 159 270
639	265 88 23 135
640	204 270 233 68
641	162 39 100 210
642	171 386 223 2
643	67 216 462 180
644	209 94 302 348
645	237 13 437 421
646	227 425 409 421
647	463 418 48 296
648	484 163 213 152
649	174 49 126 12
650	393 492 452 91
651	84 235 398 207
652	470 224 437 418
653	372 260 362 165
654	472 205 17 82
655	466 47 319 271
656	252 407 112 270
657	372 392 50 316
658	336 25 429 344
659	353 178 239 366
660	495 445 314 371
661	424 485 358 289
662	362 395 246 236
663	255 15 394 91
664	177 334 328 167
665	37 338 437 449
666	292 205 239 345
667	254 173 348 324
668	410 95 486 455
669	68 145 404 187
670	350 55 406 319
671	173 319 15 255
672	224 430 314 331
673	30 206 366 217
674	75 404 324 99
675	338 430 23 210
676	334 188 319 203
677	398 324 352 262
678	440 360 249 38
679	293 361 335 133
680	43 178 395 168
681	358 50 149 343
682	475 446 474 23
683	468 239 212 271
684	39 8 441 193
685	35 133 176 20
686	208 319 135 350
687	387 316 194 201
688	476 222 411 155
689	382 87 156 30
690	402 66 221 223
691	178 34 416 484
692	372 170 144 412
693	17 481 441 424
694	136 274 212 355
695	233 197 200 338
696	446 135 442 228
697	447 119 11 415
698	471 260 373 320
699	499 256 359 177
700	397 494 468 219
701	461 271 258 4
702	418 364 360 28
703	337 349 448 473
704	16 364 135 165
705	202 386 156 275
706	290 442 63 7
707	279 189 196 465
708	254 393 411 61
709	110 50 246 109
710	100 178 357 137
711	62 448 160 68
712	177 481 32 101
713	302 169 403 97
714	89 207 483 345
715	138 490 30 87
716	99 348 407 247
717	285 108 189 37
718	143 178 163 442
719	295 92 345 246
720	168 493 50 128
721	208 234 406 311
722	312 183 339 462
723	318 276 37 164
724	496 196 9 285
725	408 144 355 253
726	445 76 486 40
727	334 433 203 427
728	391 39 86 183
729	424 77 2 228
730	298 218 104 325
731	342 302 122 11
732	339 32 292 45
733	331 135 385 258
734	101 293 146 28
735	72 497 180 458
736	47 73 86 180
737	315 65 247 124
738	168 497 242 350
739	427 393 465 320
740	442 90 85 95
741	74 484 450 60
742	305 493 218 144
743	394 309 449 12
744	182 319 45 336
745	246 40 421 210
746	338 173 28 305
747	436 59 260 341
748	340 337 55 75
749	173 147 426 204
750	274 386 341 494
751	500 55 220 112
752	55 53 488 153
753	462 38 177 293
754	169 406 156 433
755	393 277 402 315
756	54 12 400 348
757	405 9 324 126
758	449 57 439 134
759	422 52 118 42
760	107 475 182 309
761	464 373 70 378
762	29 31 393 45
763	302 204 369 411
764	64 379 391 195
765	130 231 233 58
766	217 45 116 236
767	461 263 385 370
768	266 397 325 204
769	128 325 223 451
770	495 130 14 337
771	21 57 59 416
772	257 430 18 278
773	2 346 21 265
774	417 459 456 116
775	312 110 152 361
776	330 24 463 419
777	321 196 374 214
778	466 241 293 171
779	452 425 312 419
780	71 291 495 153
781	295 337 43 330
782	363 349 497 341
783	119 336 40 6
784	200 57 390 331
785	261 472 64 498
786	416 456 268 87
787	272 245 393 259
788	117 91 361 50
789	110 445 116 262
790	149 95 121 192
791	211 173 321 440
792	198 378 265 133
793	362 349 205 125
794	57 169 64 275
795	484 212 157 465
796	6 30 437 200
797	185 476 497 169
798	472 73 107 220
799	272 43 417 477
800	213 66 224 19
801	338 370 281 448
802	142 214 491 272
803	19 354 179 454
804	138 399 390 433
805	86 333 123 239
806	239 327 99 144
807	188 77 456 24
808	452 495 204 273
809	292 424 444 345
810	178 140 197 134
811	147 36 65 225
812	212 317 144 324
813	14 40 360 295
814	191 17 241 356
815	333 167 162 127
816	14 257 260 12
817	47 357 229 387
818	286 391 103 324
819	439 140 217 314
820	186 411 403 104
821	481 1 17 154
822	309 378 235 255
823	26 326 309 388
824	57 168 98 350
825	481 440 170 461
826	459 113 379 67
827	45 158 300 241
828	466 205 19 120
829	101 245 360 61
830	244 455 54 191
831	432 93 4 11
832	309 107 97 204
833	93 451 37 68
834	472 366 219 435
835	18 473 150 215
836	39 467 469 71
837	259 409 396 425
838	15 346 75 249
839	136 239 34 226
840	154 427 51 22
841	76 123 467 69
842	192 476 148 397
843	454 53 377 340
844	340 258 183 275
845	388 204 159 133
846	248 220 383 126
847	149 20 48 340
848	70 206 395 162
849	127 194 229 122
850	43 271 126 89
851	186 325 424 71
852	62 438 477 228
853	130 123 260 170
854	171 347 484 361
855	100 227 295 163
856	143 71 160 177
857	251 327 364 50
858	363 473 188 58
859	276 469 317 177
860	191 373 339 184
861	96 126 443 303
862	154 403 190 151
863	360 294 199 63
864	428 354 399 270
865	312 135 475 406
866	419 472 382 223
867	80 390 363 447
868	3 102 317 30
869	18 72 410 86
870	5 281 413 24
871	340 191 499 394
872	389 328 353 140
873	74 71 390 473
874	315 247 239 313
875	106 108 43 407
876	268 210 263 186
877	499 129 140 421
878	310 182 133 98
879	227 375 209 60
880	189 275 84 1
881	494 430 465 459
882	59 181 42 14
883	431 327 364 283
884	423 146 180 292
885	147 428 484 442
886	34 219 274 191
887	402 43 156 443
888	52 132 347 2
889	500 205 269 122
890	26 13 133 104
891	432 428 390 473
892	453 261 420 429
893	323 194 260 455
894	153 281 255 24
895	290 419 339 471
896	479 467 430 307
897	19 67 406 98
898	65 192 8 289
899	67 128 235 257
900	241 288 490 119
901	255 121 111 199
902	66 426 449 273
903	383 359 358 52
904	41 35 232 84
905	496 196 221 152
906	22 359 459 27
907	461 75 245 29
908	122 35 205 361
909	277 230 368 172
910	21 38 309 213
911	207 489 165 144
912	13 166 314 146
913	158 224 143 134
914	396 239 3 60
915	56 107 135 260
916	409 30 454 453
917	432 465 186 261
918	330 498 419 209
919	463 152 391 194
920	98 234 180 14
921	278 46 407 363
922	409 162 350 426
923	60 440 313 480
924	128 373 308 341
925	199 273 171 452
926	96 122 196 305
927	101 396 490 211
928	485 446 37 122
929	169 238 415 208
930	219 483 170 185
931	460 24 161 3
932	213 36 243 255
933	84 422 281 342
934	226 126 23 154
935	76 269 464 209
936	500 230 281 440
937	189 332 483 104
938	34 143 393 119
939	335 334 5 154
940	418 382 205 378
941	334 305 235 221
942	466 348 37 51
943	40 155 395 285
944	88 433 468 254
945	476 214 220 259
946	379 120 302 153
947	227 322 40 253
948	194 126 292 299
949	20 480 171 466
950	205 492 339 301
951	203 416 70 66
952	392 111 3 354
953	187 368 291 302
954	263 30 171 246
955	324 301 449 93
956	269 5 274 496
957	235 200 331 4
958	318 141 368 194
959	144 76 407 289
960	157 149 319 377
961	476 248 319 116
962	494 114 188 498
963	194 498 465 182
964	202 406 231 105
965	168 169 490 85
966	269 284 189 318
967	285 308 468 252
968	240 456 274 60
969	468 495 167 116
970	396 367 423 240
971	325 38 136 471
972	145 200 35 222
973	288 297 403 119
974	251 111 455 470
975	311 472 292 399
976	437 489 36 156
977	475 281 359 210
978	178 63 87 330
979	228 93 39 352
980	67 20 439 486
981	410 185 10 331
982	97 333 271 417
983	265 443 291 280
984	416 367 191 249
985	210 498 380 198
986	424 331 429 339
987	460 179 139 190
988	260 18 200 364
989	94 152 479 216
990	255 241 242 73
991	498 481 128 476
992	305 329 234 241
993	74 118 416 386
994	177 333 497 483
995	313 355 320 397
996	18 217 227 49
997	156 46 383 304
998	384 416 48 257
999	496 277 332 400
1000	130 360 207 442
