Students	1000
1	132 114 149 78
2	80 47 76 176
3	16 496 375 369
4	187 353 148 175
5	219 387 151 186
6	335 299 206 398
7	140 34 299 262
8	177 297 172 212
9	412 64 391 47
10	384 219 398 192
11	34 362 305 408
12	261 88 38 400
13	255 227 11 30
14	403 231 135 311
15	477 192 400 228
16	377 155 410 372
17	482 143 444 294
18	478 170 276 399
19	472 131 180 479
20	168 65 141 103
21	89 361 159 483
22	285 371 308 26
23	428 235 370 43
24	97 319 296 298
25	330 194 416 39
26	298 348 83 23
27	375 22 305 13
28	342 446 469 76
29	7 183 52 168
30	299 450 374 431
31	162 486 106 82
32	254 255 395 257
33	330 49 458 351
34	398 406 117 245
35	141 334 23 379
36	39 134 468 494
37	48 491 335 369
38	148 464 479 160
39	47 478 2 201
40	126 6 357 141
41	351 365 117 387
42	420 23 184 116
43	385 298 32 96
44	230 236 339 417
45	434 481 375 383
46	487 240 439 484
47	274 7 251 211
48	452 176 169 445
49	117 134 275 173
50	252 96 342 259
51	212 20 437 436
52	378 168 393 362
53	11 63 303 355
54	131 55 246 279
55	305 341 168 33
56	293 413 163 311
57	365 179 79 173
58	263 46 187 114
59	161 123 33 10
60	211 286 221 278
61	339 34 225 397
62	327 146 125 366
63	270 188 420 181
64	71 256 357 337
65	86 106 350 447
66	369 448 353 281
67	285 390 13 445
68	85 243 261 2
69	138 126 381 109
70	176 255 54 172
71	300 353 274 443
72	307 320 317 8
73	239 271 47 340
74	363 312 126 296
75	286 244 302 398
76	170 329 23 468
77	346 199 487 241
78	436 475 11 439
79	24 338 84 36
80	318 95 313 486
81	216 5 52 446
82	265 291 382 93
83	448 294 274 153
84	215 35 232 405
85	40 314 16 268
86	477 124 184 245
87	493 151 289 467
88	118 98 497 34
89	285 348 15 91
90	440 52 135 395
91	112 206 85 67
92	147 99 117 283
93	468 435 175 102
94	123 425 416 80
95	284 49 158 364
96	277 118 378 294
97	268 40 15 99
98	229 60 430 282
99	462 143 393 90
100	250 278 115 442
101	32 313 219 144
102	210 100 226 14
103	491 40 11 477
104	330 317 197 212
105	32 286 79 355
106	32 323 204 348
107	30 201 135 171
108	102 236 316 340
109	299 23 420 128
110	434 315 196 42
111	27 360 353 37
112	498 313 231 291
113	241 258 489 339
114	303 215 156 413
115	389 76 26 11
116	349 326 28 474
117	270 186 10 9
118	212 420 482 88
119	391 128 211 126
120	45 320 336 194
121	331 157 225 187
122	366 280 305 272
123	499 496 294 238
124	12 497 390 66
125	70 197 110 477
126	158 373 355 24
127	40 189 462 446
128	214 347 167 257
129	239 431 484 99
130	315 235 285 482
131	130 75 49 190
132	478 466 282 85
133	37 138 383 41
134	265 19 473 95
135	390 477 425 111
136	89 91 471 67
137	226 227 156 436
138	467 208 425 68
139	88 414 204 400
140	198 41 112 499
141	135 404 471 68
142	103 48 309 497
143	29 221 483 225
144	353 341 319 172
145	190 486 212 391
146	457 169 344 350
147	327 273 5 80
148	33 478 82 420
149	162 432 398 358
150	247 318 249 440
151	493 336 217 114
152	491 80 147 394
153	329 267 352 109
154	173 410 286 2
155	198 15 485 363
156	307 58 342 185
157	19 328 294 177
158	154 74 70 148
159	387 155 257 277
160	149 445 195 214
161	189 307 466 209
162	141 28 197 270
163	212 165 480 218
164	254 4 298 273
165	270 385 100 365
166	279 498 402 423
167	367 199 37 190
168	26 499 177 44
169	94 417 390 126
170	487 334 430 351
171	215 3 442 325
172	422 78 378 65
173	355 293 247 389
174	222 51 445 413
175	241 336 138 329
176	426 340 173 228
177	203 179 249 338
178	276 219 404 335
179	448 7 357 185
180	42 282 376 29
181	147 17 320 215
182	91 176 474 284
183	488 195 153 53
184	336 448 403 391
185	129 239 285 228
186	207 223 168 441
187	408 346 311 406
188	227 230 317 48
189	198 319 109 474
190	85 50 26 331
191	26 52 1 107
192	298 394 249 51
193	376 374 198 364
194	149 281 270 322
195	93 468 123 216
196	75 19 187 130
197	425 181 313 170
198	53 146 9 299
199	488 421 454 464
200	305 182 259 241
201	333 83 262 444
202	274 414 169 200
203	364 11 317 458
204	420 336 275 255
205	486 381 124 171
206	265 354 480 139
207	239 112 108 282
208	480 444 383 391
209	93 458 454 154
210	38 93 445 68
211	191 317 168 10
212	72 370 97 90
213	467 463 249 158
214	404 356 466 410
215	1 73 205 300
216	268 200 215 326
217	78 356 195 256
218	33 64 218 21
219	275 86 11 324
220	164 78 398 8
221	380 106 408 308
222	348 290 469 169
223	265 104 273 86
224	385 382 365 474
225	172 64 230 25
226	175 439 336 29
227	251 68 232 311
228	447 494 209 7
229	484 450 255 363
230	348 474 13 3
231	324 448 189 39
232	483 138 88 8
233	324 375 484 237
234	95 34 423 489
235	366 494 42 282
236	236 487 277 493
237	238 177 157 203
238	24 120 184 252
239	254 141 176 57
240	385 407 148 497
241	431 488 279 445
242	98 279 290 28
243	348 491 21 209
244	415 350 315 75
245	274 53 445 69
246	101 359 43 139
247	405 11 206 78
248	345 19 256 247
249	207 470 216 316
250	238 20 370 1
251	234 134 373 182
252	259 52 401 329
253	121 127 406 413
254	120 314 318 56
255	489 135 316 214
256	221 110 255 245
257	451 246 286 443
258	28 279 108 251
259	152 227 274 280
260	259 364 272 2
261	338 69 315 216
262	455 103 296 354
263	372 3 288 420
264	257 14 328 183
265	339 346 142 237
266	74 58 167 486
267	443 410 194 94
268	184 86 242 398
269	284 399 260 33
270	379 8 162 381
271	342 136 427 433
272	244 390 446 277
273	4 182 287 176
274	393 440 213 42
275	374 349 444 160
276	143 138 8 211
277	301 362 9 4
278	448 73 37 24
279	76 409 195 260
280	290 344 346 168
281	122 83 428 146
282	168 244 17 269
283	186 256 208 49
284	386 269 101 44
285	42 195 166 84
286	432 375 460 498
287	79 330 452 443
288	467 277 254 125
289	294 354 250 124
290	174 474 131 291
291	228 488 303 370
292	104 114 202 366
293	195 34 366 247
294	59 216 73 149
295	332 22 37 348
296	76 225 125 319
297	438 98 348 466
298	146 318 389 399
299	433 480 407 425
300	471 375 114 163
301	368 217 264 414
302	312 493 241 495
303	404 164 475 258
304	277 438 142 413
305	461 55 85 32
306	320 451 474 317
307	380 249 32 278
308	177 360 100 24
309	363 226 70 341
310	33 489 388 279
311	276 133 11 474
312	343 436 222 207
313	463 216 105 407
314	417 376 315 96
315	195 238 462 475
316	211 126 372 420
317	111 24 362 240
318	87 337 264 267
319	132 101 272 224
320	277 313 282 110
321	205 446 273 478
322	292 76 49 383
323	35 233 428 181
324	134 492 449 417
325	498 34 450 362
326	327 413 414 53
327	356 340 266 85
328	58 17 23 163
329	111 379 273 91
330	33 207 309 323
331	419 119 254 467
332	98 163 168 86
333	347 13 33 306
334	121 396 99 116
335	496 485 491 199
336	244 374 460 393
337	42 330 123 67
338	227 88 330 138
339	201 239 11 358
340	207 59 348 299
341	63 384 295 183
342	257 410 371 441
343	491 398 21 207
344	91 470 213 95
345	473 364 307 166
346	251 414 492 8
347	373 12 455 29
348	155 374 7 345
349	37 344 172 460
350	418 329 485 61
351	55 453 349 223
352	4 103 152 179
353	38 151 244 232
354	279 110 345 208
355	352 120 168 336
356	450 487 226 256
357	93 340 374 327
358	338 487 183 58
359	241 61 383 195
360	306 394 138 116
361	278 26 392 212
362	193 368 283 459
363	251 91 175 110
364	21 438 190 166
365	132 206 118 339
366	274 374 313 281
367	58 81 79 235
368	12 440 104 18
369	448 91 239 298
370	148 400 340 289
371	230 224 480 276
372	205 352 213 55
373	384 39 62 288
374	457 239 411 256
375	245 210 19 371
376	411 486 156 184
377	54 360 235 18
378	166 406 98 135
379	475 366 65 89
380	287 6 24 383
381	383 346 187 321
382	454 445 17 172
383	9 454 82 121
384	258 274 47 283
385	124 21 132 345
386	174 120 473 35
387	259 407 282 357
388	405 266 7 120
389	90 239 146 353
390	447 12 492 91
391	469 467 136 182
392	446 391 233 51
393	238 363 406 241
394	91 175 132 156
395	332 258 410 417
396	57 173 115 430
397	403 409 340 55
398	185 119 94 108
399	60 484 17 500
400	418 393 224 272
401	83 124 44 384
402	213 40 279 414
403	394 61 123 95
404	477 400 239 261
405	312 153 459 132
406	361 291 45 237
407	129 111 43 444
408	66 423 16 280
409	274 499 409 321
410	142 281 76 421
411	393 373 110 423
412	119 356 253 70
413	448 183 246 165
414	169 43 359 249
415	4 220 308 362
416	365 99 326 236
417	188 68 459 311
418	24 395 434 38
419	408 79 105 337
420	4 166 7 466
421	270 483 232 260
422	272 214 166 227
423	252 194 12 246
424	490 407 395 433
425	71 389 64 90
426	325 462 439 246
427	358 284 77 128
428	173 291 5 491
429	151 450 190 253
430	457 256 293 87
431	401 278 72 277
432	177 358 109 378
433	160 8 325 416
434	372 144 119 296
435	435 331 383 13
436	31 24 306 98
437	83 63 219 204
438	212 344 308 366
439	282 267 477 64
440	148 180 389 76
441	134 9 497 196
442	379 499 132 26
443	420 256 172 180
444	159 426 29 377
445	459 108 41 435
446	147 31 124 325
447	390 169 238 270
448	85 144 484 224
449	226 298 466 24
450	215 153 51 308
451	395 496 229 393
452	449 399 470 267
453	249 17 285 187
454	273 9 433 310
455	319 99 472 463
456	21 420 279 479
457	257 333 465 193
458	39 379 165 387
459	91 267 375 339
460	330 402 16 216
461	28 251 129 450
462	26 463 168 242
463	85 378 121 159
464	46 187 174 370
465	379 85 284 207
466	455 385 111 106
467	350 90 439 432
468	428 37 422 134
469	127 351 102 440
470	332 195 374 178
471	120 102 294 10
472	191 327 56 45
473	271 325 371 101
474	342 244 26 343
475	137 177 418 192
476	244 116 245 85
477	268 467 379 43
478	330 467 260 10
479	493 203 273 335
480	391 175 280 248
481	385 109 130 70
482	275 204 296 41
483	280 231 136 482
484	212 169 186 113
485	254 359 380 174
486	283 338 453 374
487	486 42 131 122
488	455 342 181 64
489	375 358 143 135
490	248 127 139 52
491	195 396 146 350
492	401 136 74 468
493	434 114 427 324
494	446 265 221 6
495	271 290 228 282
496	303 348 183 428
497	279 72 117 486
498	300 274 69 332
499	124 248 92 5
500	256 471 221 345
501	214 19 120 192
502	408 308 444 338
503	321 379 205 318
504	439 431 271 391
505	499 155 72 379
506	436 395 101 194
507	8 343 493 133
508	140 273 398 95
509	318 462 165 403
510	328 372 158 489
511	45 103 284 496
512	263 315 89 387
513	438 22 141 204
514	466 274 33 142
515	133 206 342 10
516	127 254 460 225
517	37 87 200 372
518	379 202 114 186
519	9 224 27 325
520	383 347 110 100
521	292 498 409 244
522	252 74 410 348
523	107 100 143 216
524	209 319 253 17
525	265 303 259 360
526	113 396 151 22
527	269 283 56 332
528	7 368 104 305
529	479 28 263 421
530	250 29 127 34
531	186 138 284 309
532	455 331 152 246
533	190 145 134 24
534	21 33 197 286
535	413 277 412 90
536	392 154 56 130
537	496 443 177 57
538	344 329 40 413
539	386 48 290 406
540	149 444 33 480
541	36 112 179 273
542	286 10 312 287
543	21 68 92 485
544	32 35 243 299
545	165 471 203 198
546	295 276 29 258
547	97 298 467 211
548	339 70 274 338
549	120 422 298 238
550	92 96 215 236
551	288 103 53 366
552	281 486 479 305
553	298 284 70 31
554	282 50 115 434
555	341 175 219 21
556	243 68 485 462
557	442 388 299 286
558	413 192 286 213
559	477 270 125 264
560	3 317 471 97
561	432 129 406 15
562	436 412 438 89
563	205 486 368 234
564	129 253 82 202
565	42 476 372 47
566	178 149 414 182
567	206 59 48 39
568	328 306 495 365
569	108 429 403 464
570	409 32 371 419
571	212 476 383 304
572	422 456 470 74
573	125 306 93 454
574	327 386 175 383
575	435 154 206 230
576	87 312 325 54
577	5 126 55 146
578	436 419 446 37
579	50 410 47 482
580	387 258 314 188
581	76 120 278 64
582	402 4 297 114
583	369 50 119 418
584	269 394 13 127
585	494 19 115 128
586	135 435 141 451
587	49 180 240 290
588	165 473 364 391
589	391 415 334 367
590	213 438 159 29
591	399 343 310 498
592	142 465 153 201
593	434 431 457 368
594	492 111 341 244
595	351 37 467 483
596	110 342 280 224
597	244 291 115 135
598	102 494 325 333
599	373 449 351 275
600	170 106 324 112
601	216 409 315 27
602	213 169 223 5
603	304 411 307 363
604	255 413 169 111
605	339 359 97 46
606	17 192 352 393
607	279 303 116 236
608	31 401 147 472
609	303 357 79 273
610	337 52 418 77
611	143 172 407 494
612	323 302 327 118
613	434 112 476 61
614	294 216 443 312
615	192 420 216 177
616	290 461 79 243
617	107 450 358 200
618	93 436 407 203
619	203 486 310 102
620	232 5 179 163
621	411 211 86 397
622	94 112 163 214
623	342 128 493 104
624	20 2 335 355
625	480 80 458 44
626	5 130 323 10
627	157 490 254 230
628	263 121 147 256
629	489 108 231 375
630	88 238 453 254
631	10 298 232 37
632	463 392 132 3
633	497 322 305 222
634	476 122 496 116
635	386 139 110 272
636	22 294 78 426
637	386 430 497 224
638	250 481 23 371
639	191 386 149 349
640	100 55 110 250
641	311 286 439 459
642	102 40 494 88
643	237 6 234 158
644	440 127 477 54
645	183 356 261 87
646	6 21 351 29
647	258 43 405 355
648	398 460 193 176
649	333 95 363 239
650	459 276 405 24
651	416 266 462 427
652	68 316 299 397
653	133 253 175 481
654	475 368 62 187
655	390 36 401 431
656	465 462 121 320
657	480 235 468 339
658	126 9 118 481
659	260 117 4 446
660	413 259 43 25
661	160 309 355 467
662	79 441 419 259
663	13 239 88 396
664	371 234 422 181
665	248 33 302 192
666	179 390 344 27
667	153 396 493 20
668	59 381 410 434
669	319 425 38 269
670	246 426 188 315
671	491 430 61 410
672	394 53 64 10
673	361 21 426 329
674	421 136 131 148
675	321 129 433 140
676	337 428 260 88
677	440 95 448 103
678	466 162 123 257
679	340 158 174 145
680	418 168 34 154
681	232 413 103 155
682	86 282 128 266
683	257 276 295 136
684	280 489 129 125
685	231 58 127 460
686	458 323 309 246
687	189 429 432 465
688	260 30 104 200
689	8 466 82 303
690	269 343 335 125
691	46 411 14 457
692	120 482 53 497
693	66 430 479 92
694	187 120 143 100
695	260 442 409 385
696	155 104 27 164
697	426 474 219 312
698	342 126 106 278
699	305 91 144 357
700	81 361 451 278
701	231 109 279 453
702	477 292 166 442
703	103 155 439 35
704	160 35 411 480
705	255 125 177 398
706	91 464 141 443
707	27 171 397 211
708	209 304 308 395
709	361 164 385 351
710	494 134 24 326
711	343 409 334 401
712	223 404 33 42
713	43 496 477 340
714	92 221 470 44
715	299 351 239 488
716	102 418 39 328
717	488 429 45 315
718	303 298 97 182
719	362 379 82 170
720	338 327 42 454
721	425 125 171 291
722	447 442 164 385
723	360 46 358 9
724	40 438 493 323
725	448 206 58 363
726	154 448 252 422
727	495 348 309 354
728	204 305 352 413
729	499 87 150 354
730	115 188 225 263
731	101 232 431 418
732	484 494 138 387
733	288 33 433 438
734	369 130 16 232
735	428 301 488 227
736	158 162 213 333
737	432 345 379 205
738	190 104 48 452
739	201 24 167 414
740	445 90 380 137
741	31 323 210 105
742	114 136 424 439
743	303 399 7 68
744	290 312 469 156
745	63 293 197 309
746	294 306 129 292
747	28 199 401 33
748	361 84 253 447
749	139 116 339 187
750	473 189 125 71
751	480 5 64 136
752	104 98 475 232
753	221 385 194 498
754	90 341 85 338
755	402 23 473 354
756	460 447 312 172
757	325 316 109 428
758	377 183 412 297
759	299 258 487 108
760	473 296 284 136
761	482 178 410 386
762	317 124 159 490
763	302 216 201 165
764	4 178 194 448
765	260 342 113 438
766	106 313 142 174
767	198 202 239 266
768	355 432 447 175
769	194 350 163 200
770	192 103 118 293
771	344 180 282 245
772	447 449 191 488
773	207 209 102 177
774	365 23 101 162
775	387 287 388 10
776	96 71 343 348
777	128 5 69 310
778	459 167 8 454
779	171 247 45 71
780	458 231 342 347
781	288 485 243 152
782	266 404 123 115
783	484 274 351 94
784	451 370 378 104
785	329 175 445 188
786	345 493 8 130
787	378 149 213 173
788	127 132 394 477
789	172 472 32 119
790	340 445 472 119
791	257 404 429 458
792	205 211 372 305
793	49 478 216 353
794	114 246 293 456
795	147 305 253 438
796	73 383 81 400
797	329 281 458 355
798	468 117 175 272
799	179 388 440 404
800	338 227 81 494
801	315 52 37 23
802	357 44 344 135
803	307 124 402 264
804	419 59 163 40
805	318 66 335 353
806	159 211 271 25
807	1 346 119 381
808	350 470 3 75
809	62 331 297 160
810	443 282 124 418
811	286 153 45 255
812	43 498 463 109
813	116 142 209 337
814	121 170 375 126
815	163 414 495 435
816	70 66 225 100
817	299 13 285 205
818	140 488 167 260
819	101 446 134 31
820	473 315 326 255
821	98 395 307 468
822	127 475 101 253
823	333 86 483 496
824	263 156 358 180
825	339 243 250 41
826	485 233 323 104
827	76 40 339 75
828	117 479 247 168
829	78 396 246 456
830	484 84 14 438
831	157 493 481 235
832	279 229 174 295
833	491 478 372 409
834	212 55 6 373
835	297 17 30 65
836	356 262 86 249
837	77 94 246 43
838	73 312 476 320
839	34 304 344 68
840	371 261 29 448
841	366 290 183 450
842	273 155 12 85
843	27 481 284 138
844	82 112 155 121
845	407 325 295 472
846	378 290 437 261
847	94 399 270 109
848	209 288 392 164
849	476 471 32 3
850	154 243 454 35
851	474 400 206 410
852	340 413 338 214
853	47 159 283 160
854	13 390 239 154
855	430 195 460 473
856	411 280 134 466
857	207 409 309 246
858	27 198 292 410
859	414 122 210 168
860	263 257 137 458
861	294 128 366 129
862	76 427 437 151
863	178 156 94 164
864	445 110 385 87
865	215 467 24 227
866	356 121 8 431
867	288 193 236 253
868	2 415 423 325
869	453 63 324 445
870	57 384 389 45
871	186 235 336 269
872	160 350 238 161
873	475 105 497 30
874	182 42 173 305
875	10 235 127 392
876	419 278 135 476
877	308 310 152 423
878	71 410 366 83
879	39 497 156 233
880	194 167 19 139
881	233 491 412 328
882	353 31 156 199
883	261 127 439 223
884	277 13 196 263
885	126 54 138 335
886	144 352 419 435
887	164 177 190 459
888	8 49 394 184
889	128 359 483 60
890	443 453 227 18
891	487 246 426 278
892	177 175 370 331
893	446 23 172 382
894	323 52 280 82
895	298 413 403 472
896	296 120 54 301
897	206 364 477 6
898	105 129 299 220
899	381 14 437 150
900	7 38 339 78
901	399 303 53 173
902	349 176 16 370
903	42 414 298 27
904	295 233 434 110
905	176 353 490 124
906	140 70 417 78
907	499 2 117 135
908	387 220 215 312
909	26 21 467 134
910	318 206 480 260
911	313 428 103 358
912	20 300 164 72
913	258 469 398 40
914	299 30 325 323
915	332 459 108 19
916	300 180 347 179
917	280 423 321 126
918	389 64 79 448
919	450 420 177 355
920	188 200 124 272
921	139 253 116 215
922	479 217 365 133
923	493 221 98 215
924	218 159 417 276
925	259 108 140 206
926	27 295 230 323
927	488 266 21 140
928	398 59 329 264
929	213 120 372 142
930	153 359 304 372
931	13 179 361 418
932	354 455 147 154
933	354 17 341 49
934	228 91 487 4
935	35 343 126 499
936	335 440 22 381
937	50 54 472 298
938	120 327 184 103
939	149 247 431 374
940	177 465 104 139
941	414 354 434 242
942	4 240 452 196
943	160 3 345 434
944	227 290 67 367
945	15 372 176 474
946	286 292 40 155
947	88 86 334 493
948	292 6 71 326
949	206 317 2 187
950	277 208 437 250
951	259 428 203 258
952	365 170 332 187
953	323 492 130 233
954	409 330 166 307
955	321 156 40 163
956	445 253 100 231
957	121 152 315 115
958	415 352 184 356
959	110 368 320 112
960	437 199 475 334
961	459 77 243 271
962	479 59 363 290
963	436 467 424 286
964	233 19 97 68
965	362 209 24 112
966	37 300 191 158
967	475 218 469 323
968	176 493 396 378
969	200 316 246 434
970	1 79 396 348
971	87 283 478 268
972	272 146 194 381
973	376 259 157 426
974	322 251 379 64
975	495 155 6 349
976	105 320 86 10
977	9 93 195 123
978	412 442 433 90
979	389 8 23 232
980	63 251 148 310
981	261 324 185 296
982	102 440 354 477
983	146 103 423 61
984	94 241 145 332
985	31 290 163 362
986	396 423 196 421
987	485 41 177 184
988	321 69 34 216
989	421 263 405 63
990	459 18 13 212
991	483 264 291 115
992	15 477 201 133
993	457 468 369 258
994	338 320 88 260
995	36 308 317 398
996	500 151 458 432
997	200 372 379 298
998	103 96 253 343
999	435 484 318 159
1000	214 251 492 423
Students	1000
1	155 230 371 252
2	383 131 257 150
3	268 121 130 449
4	216 98 446 186
5	407 404 300 42
6	56 338 392 286
7	139 351 464 206
8	53 125 203 406
9	462 31 187 184
10	368 445 113 149
11	38 198 8 285
12	138 155 281 445
13	261 127 449 76
14	184 76 452 247
15	264 386 155 15
16	456 406 148 433
17	365 418 103 298
18	330 217 437 285
19	404 398 465 238
20	398 337 327 381
21	131 368 82 404
22	283 484 229 299
23	50 427 163 181
24	328 203 457 407
25	83 406 245 287
26	184 365 193 494
27	471 435 135 54
28	392 337 359 272
29	55 75 485 97
30	52 324 351 163
31	409 357 408 190
32	497 329 139 452
33	326 463 469 336
34	167 278 272 232
35	249 125 192 167
36	7 448 416 64
37	55 382 173 380
38	244 69 96 74
39	469 287 226 443
40	329 245 468 127
41	493 419 488 294
42	132 215 4 359
43	374 158 248 215
44	191 409 142 241
45	31 66 312 423
46	402 294 76 359
47	270 24 87 291
48	32 72 41 392
49	311 289 152 402
50	301 5 94 216
51	334 81 451 403
52	55 387 122 222
53	210 32 410 301
54	199 3 486 332
55	82 386 142 42
56	118 337 444 231
57	165 228 114 300
58	245 306 231 154
59	444 249 43 466
60	258 316 448 499
61	414 74 27 369
62	119 129 142 261
63	101 96 347 204
64	275 226 282 136
65	362 405 143 82
66	334 172 125 259
67	329 481 119 495
68	425 362 273 299
69	391 156 249 308
70	237 482 70 164
71	275 21 423 195
72	394 73 324 243
73	90 12 325 141
74	406 174 213 19
75	149 190 345 359
76	351 251 99 493
77	459 471 185 79
78	342 360 395 169
79	3 494 393 290
80	9 345 499 344
81	315 184 413 50
82	408 330 288 198
83	338 213 374 485
84	234 228 58 32
85	217 32 224 50
86	157 101 278 201
87	462 476 448 49
88	388 370 12 39
89	365 66 62 244
90	258 92 310 147
91	84 114 230 238
92	191 369 419 122
93	68 23 317 36
94	405 322 154 243
95	314 305 394 462
96	40 62 322 267
97	457 276 213 230
98	177 133 131 322
99	318 196 382 154
100	317 22 95 426
101	310 195 21 4
102	471 74 14 411
103	33 285 432 85
104	378 390 222 476
105	410 26 366 101
106	241 203 399 240
107	451 477 282 285
108	11 122 372 16
109	39 18 65 195
110	406 197 492 111
111	119 362 11 397
112	285 337 293 179
113	301 139 496 81
114	407 280 385 139
115	119 375 110 383
116	349 107 135 339
117	112 376 182 414
118	34 93 493 15
119	428 133 20 138
120	344 107 459 138
121	307 214 361 370
122	254 283 484 82
123	168 361 463 203
124	233 227 321 443
125	437 21 455 233
126	397 183 129 102
127	388 452 53 374
128	475 325 407 441
129	488 199 459 17
130	199 93 142 260
131	155 323 265 147
132	77 450 372 207
133	313 68 436 364
134	300 305 199 37
135	337 366 7 44
136	228 480 121 209
137	264 105 366 101
138	436 125 449 242
139	94 394 115 18
140	272 252 409 339
141	92 250 282 439
142	201 280 462 102
143	238 144 261 228
144	487 368 271 186
145	319 132 225 436
146	338 214 165 420
147	200 487 357 127
148	187 21 400 379
149	410 213 153 470
150	197 419 474 472
151	25 140 183 408
152	333 268 223 472
153	210 430 126 84
154	84 49 417 404
155	393 302 87 4
156	457 330 67 460
157	218 76 133 212
158	355 209 207 39
159	320 247 216 438
160	309 122 398 129
161	403 275 129 390
162	262 424 314 112
163	300 41 385 457
164	292 325 274 87
165	396 21 418 200
166	138 430 230 82
167	282 186 299 9
168	348 456 254 434
169	7 390 176 325
170	181 37 246 311
171	8 84 482 242
172	87 495 152 164
173	162 156 20 198
174	177 455 178 489
175	332 388 365 334
176	111 293 121 5
177	439 160 151 364
178	165 97 100 351
179	321 382 152 83
180	46 212 41 63
181	407 239 316 143
182	479 282 317 500
183	205 167 314 482
184	315 150 73 289
185	8 326 149 61
186	494 149 349 270
187	310 38 293 106
188	151 198 315 271
189	180 153 44 457
190	432 185 411 156
191	219 185 434 463
192	14 128 129 115
193	167 456 200 219
194	266 370 68 119
195	234 203 257 382
196	324 414 143 443
197	56 375 446 100
198	325 315 359 365
199	383 371 132 244
200	87 397 213 432
201	99 265 418 195
202	132 432 245 130
203	43 123 5 402
204	154 305 314 398
205	253 327 280 271
206	274 56 5 118
207	249 459 402 162
208	333 135 82 139
209	317 71 124 420
210	326 108 119 328
211	388 387 153 375
212	161 7 331 359
213	117 287 275 138
214	457 465 294 191
215	38 119 378 334
216	284 258 19 138
217	362 305 389 97
218	485 365 396 13
219	393 362 437 238
220	28 147 251 11
221	392 441 326 432
222	254 289 190 379
223	296 184 134 189
224	339 169 21 389
225	172 178 413 62
226	354 369 426 282
227	66 46 107 236
228	440 117 42 10
229	220 362 140 316
230	32 406 364 386
231	209 477 162 130
232	128 125 157 107
233	231 184 367 36
234	174 316 298 188
235	391 418 296 305
236	100 188 452 159
237	137 120 45 320
238	321 220 446 70
239	107 463 295 401
240	483 118 195 374
241	39 186 337 57
242	329 244 59 403
243	324 483 419 81
244	64 314 308 375
245	405 91 361 152
246	318 99 418 432
247	122 385 496 110
248	6 381 122 99
249	295 393 345 484
250	158 219 427 276
251	227 220 362 486
252	8 62 300 411
253	65 380 209 271
254	434 410 306 379
255	376 500 206 41
256	98 118 236 302
257	46 309 57 348
258	469 43 148 64
259	114 162 361 315
260	183 490 248 131
261	386 233 195 5
262	88 440 237 493
263	245 231 229 155
264	101 223 18 26
265	319 295 401 127
266	432 215 134 446
267	273 364 121 132
268	60 215 369 176
269	278 480 328 36
270	272 497 192 458
271	323 90 458 430
272	468 26 75 356
273	387 439 1 37
274	381 32 242 475
275	110 162 352 83
276	271 74 34 166
277	478 142 42 305
278	154 332 375 336
279	209 93 275 453
280	56 179 271 100
281	433 214 342 372
282	294 142 303 479
283	442 46 84 73
284	301 48 335 159
285	246 459 54 104
286	494 125 469 424
287	374 394 349 3
288	265 420 303 364
289	348 184 390 161
290	194 289 158 191
291	4 374 16 65
292	154 188 226 155
293	340 75 323 102
294	91 307 10 451
295	365 397 92 375
296	303 484 461 276
297	434 490 450 371
298	221 11 444 324
299	405 194 143 251
300	265 304 473 364
301	496 152 355 53
302	47 446 146 361
303	79 103 28 205
304	299 383 326 118
305	235 390 482 426
306	133 29 380 378
307	292 428 427 332
308	389 168 164 500
309	185 135 103 424
310	68 451 17 438
311	376 433 321 34
312	39 336 166 98
313	273 78 143 279
314	480 90 305 393
315	470 143 242 181
316	234 468 40 354
317	380 447 208 225
318	66 360 14 18
319	267 272 201 366
320	55 69 261 32
321	419 55 300 285
322	198 497 225 427
323	220 190 352 115
324	79 282 391 101
325	340 346 251 313
326	441 167 33 433
327	6 62 471 327
328	264 426 171 161
329	279 261 143 379
330	100 490 82 438
331	182 39 121 301
332	262 121 465 166
333	412 16 393 370
334	406 149 328 275
335	458 186 355 383
336	468 426 11 368
337	477 131 468 473
338	142 192 337 368
339	109 213 321 72
340	222 499 12 315
341	299 120 200 226
342	453 243 104 209
343	264 455 324 130
344	334 255 308 83
345	472 410 128 44
346	364 358 445 265
347	48 379 475 492
348	459 94 48 68
349	32 289 234 65
350	88 460 123 394
351	239 365 153 298
352	200 434 158 366
353	229 123 33 420
354	125 349 191 263
355	60 16 278 320
356	422 290 252 114
357	489 356 456 312
358	41 118 298 316
359	251 423 133 250
360	247 491 278 149
361	314 61 334 160
362	436 353 279 1
363	255 464 120 439
364	294 261 302 486
365	469 418 426 227
366	266 193 12 29
367	411 338 446 288
368	382 36 466 228
369	455 131 48 245
370	259 384 140 124
371	220 157 374 141
372	18 467 270 162
373	360 425 4 191
374	339 145 367 307
375	361 31 280 147
376	135 241 479 404
377	352 376 120 494
378	65 244 188 395
379	232 238 410 155
380	142 429 35 80
381	147 455 339 66
382	230 333 14 26
383	475 153 315 388
384	14 221 45 184
385	456 311 413 184
386	388 204 287 150
387	3 285 112 202
388	230 31 460 324
389	21 413 417 380
390	205 264 316 15
391	217 339 316 416
392	35 65 269 264
393	464 312 366 106
394	138 167 369 215
395	408 112 295 86
396	93 88 220 330
397	420 399 78 108
398	437 85 146 403
399	460 87 384 200
400	267 185 54 290
401	304 80 325 408
402	377 48 95 78
403	469 26 60 36
404	473 110 100 129
405	129 12 97 264
406	13 155 396 127
407	118 43 234 154
408	312 194 493 253
409	20 77 392 40
410	26 222 450 179
411	162 416 312 39
412	444 345 488 70
413	220 239 23 261
414	89 29 141 92
415	133 129 120 297
416	152 153 409 238
417	54 480 239 187
418	490 334 17 362
419	223 245 135 348
420	92 487 442 393
421	336 55 51 362
422	294 362 427 99
423	280 368 472 72
424	345 346 168 80
425	478 375 39 132
426	464 124 316 389
427	2 66 237 494
428	496 378 317 265
429	187 469 40 290
430	483 24 468 447
431	14 257 436 199
432	85 111 361 409
433	260 82 247 106
434	139 369 135 157
435	193 297 328 428
436	36 198 204 102
437	102 367 142 266
438	484 128 488 439
439	280 454 93 387
440	346 287 228 248
441	119 102 359 365
442	284 482 72 213
443	120 85 389 335
444	213 240 360 247
445	78 375 177 125
446	286 123 90 281
447	281 228 232 168
448	168 474 455 447
449	70 312 230 36
450	127 341 275 251
451	410 86 320 335
452	211 183 386 285
453	456 127 237 367
454	348 210 263 90
455	450 320 202 488
456	458 490 186 367
457	145 202 478 428
458	255 100 223 448
459	335 383 111 1
460	220 276 156 211
461	459 242 42 166
462	344 99 189 448
463	166 134 189 178
464	52 301 428 164
465	149 47 100 253
466	392 278 125 259
467	494 54 406 163
468	426 371 80 128
469	258 46 104 450
470	414 345 409 416
471	459 35 159 128
472	322 409 58 352
473	136 358 418 183
474	350 384 30 443
475	171 325 112 487
476	129 433 258 190
477	53 302 36 358
478	453 471 421 478
479	323 349 478 474
480	404 47 246 308
481	477 362 152 77
482	451 116 478 232
483	176 233 93 79
484	137 214 243 495
485	197 261 466 58
486	236 65 439 223
487	151 5 218 431
488	312 146 102 340
489	112 433 257 173
490	405 170 423 352
491	427 52 158 367
492	170 343 137 140
493	128 276 350 132
494	119 108 50 31
495	23 54 405 34
496	203 360 295 67
497	217 220 258 500
498	400 401 196 172
499	13 225 125 5
500	42 86 285 224
501	343 256 391 315
502	64 281 44 494
503	110 328 458 17
504	25 370 389 344
505	51 215 332 244
506	141 88 252 216
507	500 57 199 52
508	344 15 325 24
509	175 173 352 307
510	261 2 137 335
511	437 483 68 111
512	314 238 151 2
513	221 32 400 332
514	91 50 444 304
515	212 421 409 181
516	413 352 316 104
517	114 407 488 440
518	57 435 362 73
519	259 170 258 471
520	385 43 86 141
521	128 117 466 476
522	176 370 89 48
523	265 216 368 161
524	307 220 230 108
525	434 152 352 417
526	490 234 369 177
527	299 105 395 19
528	158 69 429 233
529	331 169 459 434
530	187 466 57 480
531	71 343 83 359
532	49 64 28 480
533	359 150 236 397
534	131 265 373 471
535	92 258 382 436
536	385 272 372 280
537	86 2 326 230
538	143 273 153 44
539	89 438 100 28
540	392 491 82 373
541	39 500 484 169
542	19 52 22 26
543	198 439 291 41
544	12 297 254 273
545	312 102 132 85
546	354 276 26 205
547	55 112 193 113
548	351 273 201 481
549	68 279 432 158
550	424 208 417 300
551	22 10 193 340
552	441 281 471 220
553	227 138 404 321
554	444 139 363 428
555	457 453 382 331
556	247 263 494 61
557	299 246 226 23
558	189 88 39 274
559	493 486 416 460
560	428 202 362 467
561	408 165 483 463
562	73 202 115 284
563	487 39 7 284
564	30 482 332 377
565	213 364 265 96
566	397 422 341 328
567	360 276 500 239
568	379 13 310 88
569	29 274 123 320
570	123 67 11 409
571	236 209 121 338
572	103 122 157 337
573	88 390 28 398
574	131 183 240 111
575	348 294 90 221
576	284 322 320 71
577	17 444 101 262
578	78 48 97 102
579	372 343 445 40
580	433 209 386 54
581	207 298 15 6
582	48 426 271 161
583	417 220 16 289
584	47 356 309 67
585	390 338 67 476
586	369 219 67 273
587	56 405 141 292
588	163 190 158 86
589	377 262 81 500
590	46 356 153 12
591	400 139 318 213
592	454 480 377 445
593	4 293 404 424
594	419 317 119 24
595	343 492 142 70
596	1 181 179 120
597	488 468 381 248
598	256 380 3 52
599	230 312 453 340
600	44 490 290 401
601	495 268 337 142
602	249 101 93 320
603	146 307 406 120
604	131 418 323 377
605	2 203 282 112
606	382 471 366 50
607	341 447 181 106
608	458 437 378 124
609	472 48 7 151
610	450 189 419 230
611	173 129 398 338
612	155 383 136 235
613	49 425 11 254
614	479 24 333 415
615	456 235 160 87
616	365 11 37 311
617	461 34 76 419
618	353 341 74 334
619	223 270 497 298
620	280 264 240 318
621	175 348 21 13
622	4 139 212 373
623	198 440 253 125
624	275 154 38 82
625	411 478 164 144
626	196 294 315 255
627	381 145 320 427
628	360 151 466 202
629	425 155 211 221
630	472 160 470 143
631	232 340 282 491
632	300 329 379 199
633	352 363 483 74
634	451 341 8 67
635	17 338 234 414
636	404 116 370 342
637	496 248 24 101
638	267 55 113 163
639	46 279 106 159
640	105 158 39 209
641	98 92 262 27
642	95 135 167 357
643	141 68 473 448
644	70 376 258 177
645	233 216 6 498
646	314 341 248 245
647	280 263 469 207
648	485 178 163 114
649	362 197 377 489
650	288 367 37 27
651	475 19 477 78
652	310 377 33 193
653	171 460 173 478
654	407 151 92 447
655	496 243 292 313
656	404 145 271 96
657	36 115 241 104
658	491 269 134 343
659	475 22 238 290
660	68 49 76 37
661	221 439 441 436
662	2 74 433 287
663	109 319 424 445
664	14 40 215 484
665	265 103 119 365
666	427 19 316 31
667	419 485 298 196
668	30 478 63 488
669	310 316 381 289
670	129 45 4 499
671	323 408 343 116
672	141 88 399 182
673	122 346 240 329
674	210 269 413 216
675	328 479 368 82
676	358 493 145 119
677	197 208 380 140
678	97 415 159 119
679	307 480 195 288
680	281 62 365 217
681	475 435 364 486
682	112 60 163 357
683	432 129 132 99
684	387 476 463 205
685	296 474 259 409
686	483 396 328 272
687	471 116 285 375
688	14 19 140 106
689	372 376 291 396
690	321 327 450 418
691	281 135 345 7
692	129 214 302 403
693	162 59 221 123
694	249 349 90 66
695	451 498 154 34
696	141 90 245 160
697	173 76 321 443
698	482 280 283 295
699	169 58 446 332
700	102 436 30 3
701	334 421 388 435
702	270 57 114 369
703	32 310 295 2
704	287 77 142 488
705	186 32 421 436
706	272 389 249 253
707	115 135 442 191
708	270 286 99 499
709	322 301 161 123
710	17 251 204 217
711	263 286 222 227
712	108 344 455 52
713	485 349 316 260
714	255 214 123 175
715	372 308 28 325
716	470 341 234 464
717	76 169 316 155
718	126 206 112 7
719	152 427 4 188
720	93 456 326 136
721	288 478 210 296
722	86 5 12 297
723	159 153 23 56
724	338 306 371 402
725	452 34 195 291
726	100 28 454 186
727	227 116 487 358
728	246 383 367 168
729	239 80 101 185
730	55 330 264 9
731	163 405 410 78
732	154 410 427 451
733	248 234 432 135
734	70 23 354 460
735	422 405 138 385
736	405 469 137 384
737	124 314 340 399
738	263 179 443 163
739	244 267 470 148
740	282 122 139 85
741	8 280 99 315
742	410 479 84 100
743	386 300 35 75
744	415 303 233 423
745	218 169 265 60
746	85 475 64 489
747	146 184 427 324
748	72 457 394 298
749	215 480 309 111
750	464 477 413 296
751	58 52 205 83
752	313 456 224 13
753	107 179 472 126
754	191 342 228 219
755	79 24 229 165
756	13 491 98 331
757	37 333 329 286
758	350 79 159 364
759	381 240 303 70
760	384 41 172 394
761	171 423 425 49
762	225 197 61 407
763	115 5 154 483
764	310 464 376 431
765	219 449 102 365
766	15 137 159 315
767	329 460 248 145
768	262 59 253 36
769	289 305 34 22
770	242 269 121 272
771	211 269 255 152
772	175 235 403 173
773	365 270 338 108
774	406 455 257 263
775	14 370 136 89
776	487 129 454 262
777	40 139 364 36
778	268 196 301 284
779	86 435 106 108
780	428 339 198 356
781	467 293 78 304
782	278 84 469 45
783	17 150 455 461
784	108 304 166 113
785	118 130 90 338
786	260 393 143 140
787	69 76 334 128
788	116 467 29 316
789	86 436 13 340
790	114 268 124 287
791	176 441 247 292
792	424 15 344 385
793	258 361 430 236
794	415 106 31 365
795	419 372 110 51
796	47 82 293 411
797	346 301 411 407
798	397 338 64 107
799	6 175 360 371
800	18 445 167 372
801	360 145 124 26
802	469 457 451 424
803	423 421 230 425
804	371 364 14 340
805	255 408 203 456
806	494 240 31 462
807	27 188 424 69
808	448 346 441 75
809	79 466 191 278
810	228 267 69 123
811	6 473 48 338
812	460 218 229 57
813	116 168 467 139
814	401 445 488 404
815	222 379 297 486
816	378 59 21 128
817	105 285 212 254
818	87 372 367 28
819	109 328 495 181
820	338 111 487 16
821	254 329 86 3
822	97 2 141 480
823	396 164 232 143
824	371 476 467 182
825	411 443 413 189
826	284 214 100 162
827	83 149 454 87
828	409 474 244 6
829	336 152 304 173
830	261 469 387 36
831	174 460 8 488
832	114 202 217 1
833	201 420 261 186
834	146 431 313 225
835	356 440 222 313
836	237 438 364 326
837	12 63 438 281
838	104 476 466 171
839	389 470 295 456
840	310 166 2 27
841	312 196 359 490
842	58 211 173 94
843	114 447 325 292
844	115 129 12 46
845	140 37 11 387
846	55 184 38 88
847	123 6 480 332
848	498 424 265 151
849	324 470 369 375
850	437 156 369 344
851	245 213 423 126
852	199 297 170 104
853	346 460 26 149
854	60 366 463 101
855	125 101 213 178
856	48 414 338 450
857	120 472 214 403
858	427 404 321 47
859	311 59 64 249
860	423 5 26 498
861	149 217 163 482
862	252 382 6 37
863	384 164 430 62
864	76 406 111 138
865	159 145 321 298
866	84 262 458 92
867	280 230 35 39
868	478 154 496 305
869	434 259 128 461
870	218 285 246 293
871	93 424 91 343
872	34 403 462 480
873	197 412 138 193
874	305 100 308 289
875	275 450 50 91
876	77 69 115 298
877	496 404 405 225
878	135 309 414 287
879	247 420 393 265
880	226 229 183 412
881	216 313 194 498
882	233 251 154 487
883	97 152 49 441
884	283 413 67 397
885	410 107 180 117
886	20 2 427 70
887	143 274 201 108
888	496 79 160 137
889	311 232 438 129
890	405 175 2 478
891	260 116 326 456
892	120 169 77 204
893	491 466 157 322
894	332 228 355 325
895	20 15 452 142
896	339 256 58 420
897	271 488 106 366
898	382 128 117 423
899	293 281 265 168
900	246 454 445 382
901	78 205 46 250
902	198 319 84 30
903	89 184 274 141
904	187 355 250 358
905	132 24 378 74
906	118 99 370 46
907	65 466 417 280
908	416 391 444 120
909	398 382 449 410
910	488 102 413 8
911	209 486 84 203
912	120 153 256 350
913	422 449 69 42
914	317 244 152 366
915	375 259 170 109
916	2 314 354 434
917	262 81 411 32
918	5 66 346 140
919	450 233 400 127
920	248 434 44 362
921	187 95 198 22
922	94 101 194 53
923	326 273 211 301
924	41 367 59 340
925	329 376 179 47
926	408 319 469 308
927	322 131 94 20
928	23 161 485 282
929	478 485 435 192
930	262 394 163 343
931	380 445 434 404
932	472 126 173 269
933	490 303 106 60
934	223 115 459 304
935	17 74 408 205
936	261 284 235 479
937	478 159 315 17
938	414 351 26 287
939	72 337 154 355
940	255 132 219 335
941	392 185 114 174
942	70 226 153 227
943	256 401 42 294
944	175 58 196 292
945	225 259 382 218
946	252 113 485 392
947	42 90 446 361
948	277 282 53 491
949	429 236 142 331
950	175 399 481 277
951	259 349 240 84
952	103 345 409 120
953	191 244 351 82
954	249 116 296 301
955	389 232 432 303
956	229 291 191 451
957	396 476 365 290
958	23 118 472 337
959	176 391 428 177
960	8 309 50 156
961	203 34 415 486
962	405 153 391 241
963	308 182 64 293
964	488 226 384 117
965	292 482 21 233
966	80 284 109 152
967	23 125 178 157
968	248 367 406 73
969	458 429 424 158
970	253 228 289 486
971	144 84 85 35
972	79 431 288 86
973	368 41 244 237
974	399 329 94 141
975	163 134 485 192
976	30 141 48 409
977	399 59 171 417
978	379 490 18 85
979	107 254 426 226
980	450 71 471 483
981	136 466 139 358
982	368 20 252 103
983	72 62 90 306
984	331 159 480 412
985	183 128 66 158
986	201 475 322 111
987	404 458 280 262
988	327 56 2 379
989	120 318 344 70
990	334 203 347 72
991	154 171 122 78
992	493 66 489 97
993	17 177 411 323
994	262 414 394 176
995	46 298 114 495
996	385 91 386 36
997	79 284 345 325
998	367 238 42 56
999	339 108 287 16
1000	288 74 469 241
Students	1000
1	91 479 434 484
2	99 382 346 479
3	65 409 47 277
4	23 196 481 480
5	58 64 302 30
6	445 141 67 313
7	364 99 170 391
8	434 286 102 421
9	370 259 271 379
10	182 260 177 373
11	196 16 323 212
12	328 379 303 388
13	372 132 371 280
14	383 284 473 377
15	183 95 244 1
16	325 453 431 439
17	92 262 371 242
18	177 139 95 57
19	112 95 479 293
20	114 500 77 269
21	43 420 396 259
22	193 26 223 325
23	200 378 119 446
24	286 255 156 259
25	141 399 36 80
26	155 240 294 461
27	350 459 165 358
28	342 300 417 144
29	6 163 12 442
30	210 205 367 174
31	217 319 184 118
32	494 158 102 449
33	27 90 143 347
34	133 212 387 481
35	40 70 47 441
36	488 170 32 469
37	231 250 446 34
38	234 391 218 15
39	319 217 136 390
40	320 9 91 196
41	75 232 354 478
42	373 145 464 450
43	47 351 83 1
44	308 355 159 212
45	445 209 121 338
46	136 357 184 400
47	323 278 170 68
48	172 367 178 206
49	247 14 171 399
50	351 316 265 248
51	300 151 193 427
52	312 207 180 384
53	110 156 205 221
54	240 430 335 488
55	50 377 189 272
56	178 3 199 173
57	340 312 57 262
58	123 443 202 302
59	56 110 64 91
60	213 258 151 257
61	401 455 381 438
62	242 447 461 202
63	149 342 278 479
64	460 343 354 69
65	306 426 398 163
66	354 172 8 210
67	360 174 363 197
68	101 336 12 44
69	439 342 53 51
70	414 90 356 145
71	250 11 201 475
72	261 83 100 9
73	455 405 35 88
74	258 64 232 259
75	442 16 74 161
76	82 500 216 258
77	20 260 276 211
78	338 336 101 25
79	168 323 159 487
80	166 243 85 437
81	283 205 136 336
82	192 323 357 73
83	298 95 243 290
84	136 19 38 36
85	104 161 125 38
86	425 277 70 340
87	427 169 71 217
88	163 399 389 382
89	174 444 138 170
90	158 20 273 150
91	221 128 357 497
92	454 172 301 148
93	298 15 280 359
94	462 60 436 76
95	356 289 119 54
96	310 347 302 43
97	233 483 30 448
98	468 60 364 26
99	11 206 118 310
100	490 89 283 455
101	98 289 61 41
102	453 196 403 159
103	482 423 313 189
104	240 449 414 437
105	497 108 207 483
106	312 145 455 331
107	133 312 360 421
108	481 414 40 75
109	127 133 167 188
110	482 485 428 421
111	6 5 320 411
112	260 411 244 378
113	264 38 158 381
114	483 480 372 481
115	58 488 356 26
116	197 12 406 478
117	130 30 378 435
118	368 316 181 324
119	83 120 319 306
120	304 242 172 21
121	310 30 235 105
122	21 472 360 243
123	49 402 275 206
124	149 489 424 295
125	464 161 450 97
126	344 79 487 198
127	164 495 111 129
128	476 147 421 233
129	230 314 247 21
130	2 174 116 452
131	129 73 19 99
132	32 269 438 66
133	350 232 476 420
134	31 455 9 227
135	163 260 256 90
136	439 95 333 36
137	147 125 143 170
138	239 222 183 98
139	498 484 216 113
140	125 475 117 184
141	120 13 445 191
142	432 316 416 462
143	180 237 477 309
144	400 327 200 370
145	63 62 17 22
146	150 23 451 54
147	130 351 97 430
148	424 370 152 294
149	214 342 260 444
150	220 500 283 79
151	40 1 77 180
152	441 42 390 429
153	75 46 194 455
154	22 426 25 191
155	317 301 17 53
156	235 96 377 378
157	185 337 458 27
158	54 202 485 152
159	400 472 126 407
160	450 12 19 319
161	221 108 152 211
162	438 143 202 123
163	400 182 371 138
164	494 486 59 300
165	454 79 390 262
166	180 237 320 192
167	164 280 166 456
168	388 384 431 293
169	207 268 18 90
170	115 167 306 339
171	435 292 149 376
172	57 163 119 36
173	66 499 100 475
174	63 421 125 182
175	470 150 184 171
176	160 406 219 298
177	257 249 394 106
178	397 430 143 468
179	54 247 391 157
180	209 212 20 361
181	194 234 161 109
182	303 319 120 386
183	487 72 101 303
184	328 347 43 105
185	341 287 271 391
186	158 455 305 434
187	266 250 273 282
188	146 150 88 229
189	158 194 221 211
190	88 118 248 159
191	275 488 29 214
192	424 335 8 256
193	28 267 261 61
194	360 253 98 241
195	444 17 94 462
196	174 452 493 98
197	176 91 496 6
198	424 357 245 17
199	464 263 46 486
200	101 383 328 82
201	220 458 419 321
202	21 215 323 140
203	249 99 407 360
204	383 390 170 458
205	137 184 477 334
206	403 294 195 224
207	493 168 241 207
208	385 349 48 47
209	11 76 391 43
210	347 251 170 439
211	253 353 34 421
212	40 424 398 299
213	113 481 80 187
214	252 126 330 130
215	168 155 270 161
216	275 75 60 162
217	421 445 142 75
218	259 414 475 192
219	490 313 230 248
220	449 400 318 286
221	379 160 15 103
222	415 337 304 23
223	281 145 185 198
224	432 456 167 222
225	260 486 14 26
226	92 275 89 25
227	208 220 241 267
228	40 305 111 372
229	178 452 102 154
230	420 411 216 242
231	43 94 281 4
232	218 190 452 114
233	366 303 367 285
234	193 297 103 343
235	47 441 499 426
236	420 328 110 111
237	2 231 290 304
238	275 167 109 295
239	85 89 209 55
240	332 470 190 452
241	474 100 43 12
242	184 437 193 179
243	421 42 211 200
244	150 482 81 422
245	104 73 138 353
246	157 463 209 245
247	271 217 103 468
248	287 338 60 274
249	459 187 423 361
250	123 263 317 418
251	328 269 97 122
252	492 24 429 46
253	35 29 498 245
254	119 17 156 93
255	75 455 479 36
256	487 494 407 73
257	203 329 295 181
258	338 297 29 168
259	355 166 10 113
260	373 442 75 453
261	415 354 148 479
262	97 96 461 435
263	272 339 155 164
264	147 265 304 394
265	348 176 325 445
266	155 360 3 123
267	106 207 354 328
268	239 264 442 215
269	454 141 366 433
270	331 456 121 200
271	163 428 482 309
272	24 158 255 167
273	37 336 160 293
274	166 78 350 415
275	462 12 441 152
276	281 40 194 286
277	297 98 401 198
278	392 480 171 323
279	445 277 367 208
280	272 120 136 315
281	235 181 500 162
282	399 381 255 254
283	188 111 91 34
284	448 146 20 397
285	30 216 481 37
286	291 49 209 376
287	423 334 135 227
288	174 41 298 210
289	308 446 422 326
290	44 110 289 159
291	42 259 132 405
292	342 103 51 18
293	69 220 222 300
294	45 263 149 306
295	325 365 148 201
296	254 228 170 285
297	292 222 13 364
298	205 390 337 353
299	216 108 40 256
300	299 202 138 107
301	394 29 146 206
302	468 202 397 293
303	167 28 86 316
304	37 251 55 373
305	341 219 307 402
306	172 159 14 145
307	110 445 257 183
308	468 183 151 307
309	376 450 293 322
310	55 309 77 323
311	140 133 359 366
312	39 414 464 443
313	457 339 38 481
314	256 482 267 13
315	62 398 182 329
316	181 205 408 129
317	149 400 97 233
318	159 351 120 219
319	337 52 156 41
320	471 93 463 280
321	170 442 215 127
322	384 391 428 25
323	225 460 397 237
324	203 189 33 68
325	305 427 151 230
326	367 468 215 37
327	377 243 318 172
328	387 102 285 461
329	151 349 307 390
330	178 84 305 80
331	206 479 431 9
332	75 179 396 373
333	123 137 478 453
334	241 216 486 449
335	1 188 133 311
336	261 30 280 127
337	151 220 73 8
338	91 466 415 454
339	139 41 264 126
340	8 458 210 59
341	145 233 336 303
342	469 403 212 226
343	379 178 288 106
344	197 381 372 274
345	30 307 257 332
346	476 286 134 302
347	370 100 143 232
348	425 63 5 118
349	292 475 3 235
350	131 8 266 171
351	119 263 359 315
352	201 15 437 102
353	74 379 307 244
354	282 209 369 40
355	269 97 241 107
356	228 88 417 122
357	22 74 395 59
358	466 147 89 244
359	206 323 465 455
360	144 423 291 439
361	173 352 147 168
362	430 26 390 328
363	96 44 128 53
364	278 485 191 25
365	330 127 307 218
366	149 106 193 455
367	101 230 363 498
368	49 122 17 487
369	467 80 200 197
370	307 65 311 435
371	152 329 295 454
372	302 120 142 420
373	359 325 22 315
374	327 180 432 273
375	256 362 215 363
376	455 432 374 155
377	228 57 399 67
378	157 33 470 263
379	473 498 483 272
380	15 329 334 5
381	358 204 41 118
382	166 86 303 311
383	299 209 295 461
384	92 375 55 220
385	213 270 441 257
386	95 54 459 242
387	317 249 75 197
388	181 231 214 3
389	252 171 178 301
390	161 187 21 19
391	132 322 373 34
392	141 455 22 62
393	252 467 40 443
394	21 139 60 391
395	184 404 286 241
396	366 33 470 281
397	56 71 277 180
398	446 277 120 149
399	198 365 30 45
400	311 65 185 241
401	314 79 425 65
402	150 357 321 250
403	138 95 420 491
404	154 98 344 435
405	400 33 300 170
406	377 186 330 237
407	157 10 159 373
408	484 268 166 143
409	297 51 322 251
410	446 431 45 472
411	162 428 423 293
412	44 5 159 70
413	404 346 29 247
414	112 446 476 354
415	238 419 394 43
416	187 205 405 462
417	299 335 194 364
418	176 36 418 295
419	305 363 498 110
420	303 372 309 44
421	157 123 144 129
422	461 272 156 370
423	497 88 221 268
424	138 387 345 260
425	119 286 463 396
426	354 29 44 164
427	378 63 30 297
428	14 168 465 404
429	50 2 410 456
430	240 108 445 490
431	252 270 21 33
432	110 103 469 359
433	236 216 487 483
434	323 371 130 243
435	427 471 60 61
436	73 289 242 297
437	211 117 246 200
438	384 488 369 310
439	423 257 298 483
440	368 211 410 310
441	12 365 20 275
442	219 489 66 70
443	259 348 73 336
444	379 127 74 63
445	297 117 402 60
446	75 460 412 130
447	43 252 331 348
448	430 59 410 193
449	383 16 426 428
450	65 327 166 102
451	253 41 333 479
452	398 62 302 387
453	456 12 100 126
454	324 292 298 189
455	81 16 184 403
456	276 359 3 269
457	31 381 441 261
458	333 297 410 218
459	217 40 17 398
460	464 26 137 224
461	229 261 369 375
462	438 263 308 70
463	15 134 151 130
464	194 179 354 464
465	39 322 121 195
466	143 164 255 30
467	314 24 257 431
468	418 23 432 74
469	275 428 255 338
470	335 200 431 40
471	423 302 91 425
472	148 289 276 263
473	32 388 393 253
474	197 3 320 323
475	474 266 397 120
476	156 79 219 421
477	331 40 328 376
478	404 197 98 271
479	29 358 157 115
480	399 414 330 57
481	122 107 241 450
482	49 407 322 468
483	182 458 5 186
484	219 385 76 281
485	452 402 425 115
486	390 452 312 345
487	14 424 245 169
488	436 477 316 161
489	204 78 490 458
490	114 71 275 83
491	390 382 41 153
492	118 198 214 359
493	480 242 207 384
494	452 169 319 8
495	210 404 463 137
496	406 333 300 123
497	278 392 212 258
498	105 173 142 348
499	349 338 204 424
500	428 217 15 313
501	284 227 470 405
502	44 240 307 348
503	145 161 413 165
504	423 87 225 256
505	180 54 490 188
506	413 163 132 356
507	425 385 200 51
508	371 161 279 377
509	39 95 425 498
510	347 452 361 131
511	179 127 11 337
512	493 253 355 153
513	467 146 294 114
514	168 203 386 246
515	120 130 181 451
516	159 319 422 75
517	290 165 229 40
518	33 468 443 57
519	487 93 110 86
520	333 499 295 426
521	220 482 217 495
522	249 500 307 393
523	79 337 117 326
524	336 302 383 41
525	454 493 443 77
526	332 140 178 139
527	435 174 422 303
528	232 343 433 491
529	10 320 77 478
530	301 288 377 307
531	74 328 22 371
532	272 486 498 137
533	169 30 384 395
534	253 423 242 26
535	16 247 240 220
536	267 420 220 171
537	207 346 476 256
538	273 71 497 363
539	188 457 92 255
540	369 500 186 173
541	322 89 45 42
542	415 179 188 379
543	23 471 450 300
544	338 334 451 12
545	220 39 392 381
546	52 10 78 269
547	317 98 299 347
548	112 166 98 190
549	210 323 120 222
550	56 263 73 136
551	485 406 172 475
552	195 123 65 51
553	499 324 212 322
554	174 470 312 396
555	224 364 325 228
556	11 418 174 398
557	10 249 322 365
558	76 308 149 405
559	224 396 261 337
560	40 222 410 201
561	172 101 243 162
562	171 122 403 67
563	177 120 420 300
564	132 64 147 189
565	252 437 154 22
566	428 63 373 268
567	482 238 400 464
568	48 218 105 249
569	423 403 332 496
570	56 377 236 131
571	140 139 255 389
572	392 176 494 184
573	404 191 195 318
574	17 493 65 192
575	489 389 16 363
576	230 433 382 5
577	100 155 121 12
578	470 215 351 256
579	24 441 210 105
580	301 425 482 52
581	331 465 138 225
582	394 396 500 269
583	204 489 270 296
584	379 86 156 367
585	333 309 191 12
586	218 159 454 201
587	236 44 377 195
588	427 131 72 376
589	369 261 340 391
590	459 292 151 67
591	491 414 368 239
592	361 281 73 41
593	383 75 328 122
594	460 134 214 294
595	294 398 497 155
596	318 264 429 295
597	274 272 133 298
598	452 324 355 319
599	481 146 443 204
600	485 86 291 171
601	493 29 190 444
602	309 478 108 395
603	240 237 95 344
604	142 146 275 181
605	279 1 147 468
606	460 431 148 210
607	355 174 260 198
608	220 429 228 121
609	480 316 96 395
610	67 339 53 73
611	121 107 71 342
612	285 117 360 94
613	36 127 385 496
614	202 38 9 6
615	320 212 498 58
616	490 86 53 176
617	321 228 207 485
618	369 214 80 252
619	260 320 480 321
620	163 397 273 282
621	161 348 318 140
622	348 10 274 285
623	9 449 343 410
624	317 488 145 391
625	484 387 338 287
626	479 389 298 84
627	100 80 260 161
628	3 413 368 450
629	162 464 230 231
630	97 128 465 10
631	68 108 169 6
632	46 118 285 354
633	255 287 158 345
634	480 9 404 287
635	348 28 164 66
636	327 319 33 76
637	475 451 81 141
638	294 330 287 195
639	167 53 24 188
640	407 231 327 105
641	306 454 21 272
642	121 52 473 204
643	172 472 130 443
644	404 480 72 498
645	377 263 123 70
646	319 470 36 424
647	204 191 202 232
648	168 161 93 465
649	256 465 185 285
650	57 441 306 338
651	209 27 353 266
652	418 161 433 42
653	13 123 32 399
654	497 346 179 458
655	429 426 131 310
656	128 445 254 19
657	482 72 164 434
658	247 43 48 102
659	132 443 309 210
660	92 164 45 429
661	298 56 294 354
662	288 243 349 195
663	259 408 336 344
664	189 47 429 14
665	418 195 466 265
666	249 323 366 42
667	14 346 465 273
668	30 181 4 223
669	429 403 106 232
670	500 247 217 14
671	340 217 470 275
672	393 277 410 104
673	27 463 179 164
674	378 408 278 264
675	157 445 158 22
676	87 367 45 275
677	68 30 449 281
678	73 484 191 351
679	68 412 391 335
680	496 300 338 220
681	493 151 224 481
682	122 305 426 353
683	434 394 151 55
684	455 296 345 383
685	261 165 146 130
686	162 295 363 110
687	239 471 351 187
688	411 142 223 378
689	324 38 80 75
690	362 463 223 107
691	393 279 259 298
692	14 304 432 351
693	467 74 113 191
694	295 222 394 359
695	240 108 492 441
696	266 102 307 392
697	498 423 483 104
698	11 398 139 306
699	340 401 341 290
700	316 364 55 322
701	412 218 276 63
702	481 177 296 357
703	200 272 327 271
704	128 136 339 306
705	282 306 338 54
706	201 363 203 333
707	293 345 496 98
708	361 109 261 351
709	253 159 496 399
710	348 431 214 208
711	279 294 104 270
712	442 82 162 409
713	141 184 272 187
714	35 11 295 141
715	15 128 455 181
716	418 392 283 381
717	265 262 441 14
718	317 22 300 446
719	18 352 286 141
720	310 362 471 494
721	262 482 376 139
722	232 354 172 262
723	227 299 217 223
724	316 451 218 99
725	261 164 260 282
726	286 72 434 291
727	474 14 410 478
728	338 420 468 114
729	429 368 384 419
730	414 263 447 137
731	245 234 196 177
732	422 426 231 406
733	494 249 333 51
734	80 282 46 354
735	417 97 79 386
736	327 130 184 82
737	21 202 49 55
738	288 254 306 493
739	286 373 115 271
740	91 473 51 252
741	301 389 325 337
742	425 329 274 7
743	319 100 325 188
744	31 439 201 460
745	363 373 450 147
746	464 318 183 32
747	206 163 401 224
748	309 244 490 104
749	232 181 319 38
750	182 438 227 194
751	391 463 99 467
752	252 485 40 302
753	190 267 491 61
754	178 47 165 171
755	402 445 336 435
756	298 461 251 265
757	411 463 243 433
758	106 366 87 426
759	419 397 140 200
760	16 443 453 381
761	476 125 345 33
762	143 291 356 96
763	145 33 207 371
764	321 346 272 326
765	392 323 382 195
766	365 58 309 195
767	158 27 473 230
768	75 351 369 163
769	371 25 77 417
770	302 115 477 366
771	85 248 209 431
772	448 156 347 480
773	242 375 191 85
774	208 170 85 7
775	126 280 319 490
776	168 263 284 499
777	264 216 337 223
778	290 423 326 180
779	146 348 12 21
780	69 283 460 116
781	48 177 294 155
782	499 408 305 253
783	150 397 52 49
784	303 162 254 370
785	362 11 486 381
786	82 50 83 298
787	192 102 45 78
788	177 339 66 126
789	96 484 53 248
790	211 404 96 366
791	193 312 257 376
792	79 172 149 455
793	131 328 89 77
794	426 274 239 132
795	72 242 481 328
796	203 459 339 305
797	213 467 441 225
798	300 423 237 280
799	75 110 161 463
800	91 176 43 327
801	47 450 319 296
802	308 404 444 315
803	402 305 500 76
804	244 220 410 8
805	379 67 273 356
806	222 253 161 363
807	487 258 59 336
808	387 43 321 361
809	315 162 357 86
810	488 107 209 184
811	349 98 481 305
812	495 209 167 152
813	177 245 46 248
814	31 366 301 270
815	225 27 157 104
816	280 385 323 161
817	189 422 450 242
818	486 365 125 285
819	178 16 275 406
820	314 14 329 327
821	347 248 395 471
822	496 254 443 400
823	235 275 166 481
824	242 8 281 307
825	444 189 26 91
826	111 77 214 423
827	29 323 193 231
828	326 260 314 155
829	212 190 248 265
830	383 408 157 110
831	101 406 456 464
832	102 286 331 107
833	340 171 235 227
834	189 496 140 28
835	228 75 140 168
836	213 362 98 160
837	111 139 85 461
838	321 443 22 185
839	2 106 230 207
840	409 371 397 298
841	191 24 120 476
842	421 428 212 95
843	253 196 163 226
844	339 184 87 341
845	245 499 428 341
846	449 125 336 60
847	38 500 79 243
848	389 63 7 12
849	137 151 397 220
850	490 97 31 91
851	42 173 474 480
852	450 153 322 477
853	144 480 92 302
854	348 67 11 9
855	362 244 176 142
856	104 280 2 173
857	212 367 469 128
858	486 87 166 396
859	264 235 196 454
860	367 401 263 446
861	400 245 34 461
862	7 251 93 170
863	147 95 126 420
864	232 162 442 57
865	312 338 175 443
866	487 245 76 225
867	41 126 381 359
868	401 150 370 327
869	417 472 51 440
870	98 112 154 155
871	130 203 220 432
872	195 63 448 244
873	291 69 494 73
874	84 274 44 245
875	379 232 69 464
876	271 118 269 22
877	433 74 66 77
878	293 455 320 5
879	491 388 355 23
880	412 180 229 224
881	460 180 479 243
882	59 278 352 172
883	49 322 120 327
884	242 182 213 156
885	54 347 266 328
886	387 441 165 224
887	299 146 354 160
888	400 61 57 406
889	230 231 162 450
890	5 498 466 63
891	178 126 93 148
892	262 46 120 499
893	59 275 333 91
894	463 389 245 160
895	307 129 452 314
896	499 250 422 269
897	139 322 171 477
898	107 1 467 88
899	293 29 398 497
900	327 176 421 174
901	222 251 22 218
902	357 159 493 468
903	311 353 182 339
904	449 319 140 423
905	29 250 333 211
906	355 66 492 5
907	68 117 481 147
908	339 239 473 374
909	404 473 333 456
910	178 353 257 408
911	350 395 426 89
912	83 31 131 316
913	111 451 479 21
914	425 10 416 97
915	30 319 302 292
916	196 308 287 369
917	154 246 30 71
918	118 89 204 244
919	475 300 371 35
920	378 393 156 339
921	177 478 237 440
922	487 224 46 327
923	468 411 332 373
924	368 67 317 28
925	88 453 256 404
926	317 97 356 463
927	360 487 124 120
928	121 335 233 83
929	199 279 31 405
930	188 143 61 457
931	296 122 347 279
932	212 288 70 125
933	281 446 491 106
934	26 385 499 97
935	487 369 238 111
936	437 287 490 4
937	77 8 64 303
938	54 423 456 370
939	125 85 246 163
940	273 305 275 165
941	425 96 111 306
942	313 235 226 375
943	160 456 386 202
944	420 376 218 223
945	274 136 14 74
946	73 60 237 368
947	284 406 155 133
948	318 259 370 482
949	6 269 289 463
950	79 261 349 464
951	99 186 458 95
952	136 17 351 241
953	94 91 198 121
954	193 206 122 172
955	52 73 66 54
956	359 348 47 376
957	252 454 487 145
958	113 297 440 49
959	371 240 304 344
960	231 141 148 296
961	361 200 465 274
962	2 440 486 391
963	340 478 254 227
964	417 333 121 7
965	91 321 308 494
966	447 352 254 2
967	390 76 394 175
968	404 294 303 125
969	227 167 55 66
970	326 223 315 204
971	87 287 236 183
972	258 60 459 332
973	384 439 425 120
974	266 392 275 386
975	259 447 126 69
976	486 391 253 370
977	380 344 176 61
978	7 312 409 500
979	94 415 4 344
980	385 239 218 301
981	173 405 374 180
982	112 193 136 49
983	180 149 55 321
984	385 335 419 392
985	402 37 61 488
986	94 367 87 236
987	85 355 296 312
988	498 234 156 95
989	193 147 428 382
990	135 11 172 55
991	204 245 270 353
992	142 285 234 500
993	113 233 437 224
994	4 147 255 205
995	112 150 16 202
996	109 256 124 407
997	144 324 176 150
998	332 346 201 57
999	13 181 24 345
1000	300 56 476 402
