Students	1000
1	216 435 390 68
2	158 281 310 276
3	472 406 366 463
4	335 466 176 55
5	272 130 456 264
6	468 398 12 231
7	31 259 363 269
8	426 198 167 173
9	136 342 316 110
10	4 343 463 362
11	346 42 9 429
12	376 460 482 196
13	4 167 184 74
14	369 237 87 388
15	474 161 228 141
16	382 245 406 380
17	54 236 338 330
18	261 241 179 167
19	471 474 101 123
20	261 271 413 85
21	405 182 271 142
22	281 67 285 298
23	408 343 145 185
24	363 387 27 486
25	437 338 132 471
26	78 44 298 89
27	152 119 492 420
28	226 411 167 387
29	61 215 237 484
30	437 186 325 225
31	26 393 316 482
32	144 184 86 229
33	94 388 22 259
34	19 303 4 78
35	119 465 452 66
36	429 177 137 90
37	87 78 473 91
38	113 362 65 230
39	109 138 295 304
40	262 157 233 33
41	22 327 171 450
42	362 370 57 407
43	106 30 178 447
44	192 42 480 338
45	457 291 211 247
46	60 245 295 155
47	140 258 63 298
48	417 164 106 220
49	300 401 214 241
50	204 196 184 51
51	449 495 3 137
52	336 404 333 26
53	464 247 295 405
54	371 304 481 147
55	163 411 441 400
56	196 72 402 285
57	227 378 107 358
58	397 434 361 151
59	453 493 41 455
60	463 422 33 457
61	379 165 124 248
62	31 477 301 36
63	381 401 29 282
64	337 66 305 349
65	204 439 381 35
66	193 32 489 477
67	355 199 80 418
68	336 416 340 12
69	316 116 222 237
70	189 165 154 203
71	122 429 121 141
72	271 277 426 472
73	283 382 338 213
74	358 460 275 157
75	128 314 500 335
76	182 41 219 263
77	297 309 250 42
78	216 39 349 340
79	28 369 442 170
80	396 224 95 205
81	300 288 35 184
82	426 6 61 458
83	176 436 457 334
84	405 170 303 123
85	177 17 261 466
86	444 142 257 340
87	83 494 227 460
88	305 232 473 376
89	267 427 132 376
90	326 175 171 191
91	75 246 296 405
92	493 204 97 43
93	237 170 114 271
94	94 394 77 12
95	465 452 178 137
96	233 114 152 444
97	177 447 241 27
98	323 68 100 157
99	206 118 204 85
100	345 159 207 252
101	450 110 470 347
102	253 235 89 111
103	99 257 494 462
104	352 147 431 110
105	443 58 28 498
106	359 57 31 190
107	271 92 90 171
108	98 468 72 269
109	470 108 377 445
110	413 68 148 35
111	238 169 420 37
112	431 232 107 400
113	234 125 489 401
114	218 257 422 318
115	17 485 359 236
116	186 321 363 362
117	367 334 303 14
118	315 65 423 282
119	371 362 310 424
120	347 246 55 315
121	175 340 309 458
122	89 484 454 318
123	382 415 329 169
124	355 327 310 210
125	373 47 378 396
126	311 94 119 408
127	189 106 458 439
128	183 314 359 308
129	190 236 46 340
130	302 464 89 409
131	344 464 41 21
132	415 223 209 500
133	370 248 92 118
134	17 16 431 259
135	367 230 447 350
136	182 269 249 330
137	209 290 404 232
138	461 29 492 321
139	202 248 209 384
140	452 395 338 240
141	389 42 195 47
142	500 105 495 200
143	411 110 266 252
144	283 49 76 202
145	12 358 327 377
146	235 66 59 3
147	49 136 65 63
148	264 452 62 497
149	350 464 53 135
150	238 325 63 113
151	318 432 447 350
152	20 260 93 53
153	440 207 177 354
154	69 452 313 218
155	184 371 346 290
156	265 107 351 354
157	316 19 209 30
158	131 242 176 398
159	304 480 461 416
160	1 188 283 89
161	243 376 321 36
162	239 407 269 212
163	336 174 226 117
164	120 479 297 494
165	186 403 288 273
166	292 61 238 341
167	198 141 150 240
168	483 487 424 297
169	131 328 2 112
170	327 488 112 89
171	228 75 11 323
172	39 141 308 231
173	134 290 427 281
174	176 28 372 263
175	281 373 222 86
176	272 76 244 451
177	252 167 145 104
178	388 178 101 347
179	373 397 92 48
180	3 252 406 274
181	395 118 106 386
182	120 89 129 184
183	39 290 219 497
184	465 429 32 254
185	419 427 207 480
186	279 407 124 268
187	454 368 110 408
188	354 156 380 26
189	263 112 134 71
190	258 76 468 483
191	284 256 259 402
192	482 454 127 303
193	418 31 19 367
194	202 367 365 241
195	375 41 58 481
196	299 26 472 50
197	140 307 101 485
198	379 490 285 99
199	500 349 28 421
200	164 412 346 471
201	454 70 185 356
202	319 456 62 37
203	389 499 283 381
204	174 260 83 110
205	91 352 396 298
206	330 224 396 30
207	117 476 173 122
208	285 432 264 289
209	41 449 48 338
210	19 268 421 260
211	292 62 476 13
212	42 483 298 466
213	207 68 423 94
214	173 245 338 41
215	358 432 431 257
216	448 77 52 475
217	162 300 46 28
218	497 76 330 102
219	159 481 33 307
220	115 67 65 449
221	448 204 299 465
222	225 214 231 20
223	161 383 371 222
224	388 258 425 415
225	26 51 60 229
226	457 365 243 335
227	455 434 138 470
228	4 96 470 462
229	318 19 427 457
230	119 236 276 36
231	463 174 175 59
232	218 158 434 30
233	323 146 454 298
234	27 106 317 358
235	408 43 2 464
236	485 332 481 394
237	475 454 310 195
238	14 193 34 380
239	366 217 268 247
240	400 450 242 404
241	448 31 15 133
242	176 108 14 315
243	371 156 449 71
244	90 474 439 143
245	228 145 169 15
246	456 153 402 51
247	18 103 62 344
248	354 402 61 418
249	256 142 456 221
250	368 429 244 470
251	94 467 333 29
252	491 321 447 478
253	279 422 369 296
254	277 65 251 130
255	307 52 349 272
256	149 5 279 295
257	441 100 104 437
258	303 168 118 35
259	461 440 474 439
260	279 222 74 419
261	328 398 12 478
262	451 351 20 4
263	150 107 289 491
264	220 105 217 441
265	52 441 159 231
266	450 423 203 110
267	88 406 137 435
268	57 114 368 45
269	178 197 391 44
270	201 387 65 270
271	373 156 140 455
272	184 251 157 421
273	399 334 139 472
274	465 91 182 283
275	10 35 264 15
276	147 82 382 61
277	125 373 108 282
278	389 267 169 331
279	61 167 383 319
280	400 127 175 243
281	434 341 351 8
282	66 304 421 58
283	394 423 400 168
284	251 269 224 141
285	405 248 365 394
286	464 245 381 467
287	157 54 118 363
288	387 480 292 104
289	34 321 439 194
290	170 100 133 11
291	203 433 172 417
292	487 282 352 300
293	12 92 156 406
294	41 209 212 364
295	328 273 468 491
296	82 477 338 25
297	301 10 31 162
298	461 6 179 496
299	322 348 187 72
300	417 319 78 107
301	47 421 429 106
302	30 170 106 301
303	419 341 40 41
304	212 409 155 467
305	18 350 496 226
306	153 256 266 133
307	411 79 107 420
308	338 249 26 12
309	346 165 500 228
310	90 39 424 260
311	260 47 175 174
312	54 467 376 175
313	18 311 65 165
314	191 426 280 345
315	221 180 154 122
316	66 411 298 23
317	147 454 445 154
318	139 417 198 63
319	84 259 312 372
320	30 500 208 454
321	63 152 144 207
322	25 180 141 422
323	273 51 476 377
324	85 482 36 275
325	229 372 190 173
326	402 233 171 373
327	321 278 383 79
328	239 448 3 491
329	498 56 28 84
330	91 177 204 165
331	235 324 44 418
332	497 202 433 247
333	326 443 238 33
334	492 1 395 308
335	188 183 236 332
336	230 209 418 90
337	264 389 334 165
338	120 25 323 301
339	408 293 141 450
340	341 204 349 266
341	65 234 472 460
342	459 427 203 191
343	434 318 181 295
344	440 417 65 170
345	210 128 482 406
346	219 254 493 489
347	445 222 326 173
348	100 305 189 268
349	478 150 44 157
350	160 500 93 382
351	297 254 28 443
352	384 313 446 184
353	469 495 255 233
354	216 456 157 414
355	396 191 374 314
356	332 359 367 140
357	159 183 140 427
358	259 405 401 395
359	489 52 460 64
360	355 463 214 240
361	459 129 306 190
362	394 103 304 39
363	433 332 24 78
364	242 73 372 195
365	223 273 274 52
366	245 307 253 445
367	308 242 200 499
368	430 377 372 241
369	59 443 491 38
370	446 163 61 409
371	107 437 271 137
372	368 487 266 125
373	314 188 362 390
374	80 434 243 302
375	293 323 280 487
376	456 226 66 253
377	36 341 454 235
378	395 171 403 444
379	478 362 498 223
380	72 464 240 330
381	206 276 38 427
382	414 459 408 130
383	86 190 474 234
384	323 456 25 468
385	224 477 233 439
386	170 491 176 89
387	50 438 10 372
388	347 260 425 339
389	216 135 180 300
390	430 372 15 262
391	158 323 41 233
392	86 423 404 89
393	368 135 272 196
394	389 143 76 435
395	332 152 497 385
396	58 257 396 357
397	116 411 88 475
398	455 178 104 382
399	220 42 390 120
400	330 161 382 350
401	158 261 334 430
402	354 194 316 274
403	141 280 454 391
404	474 55 420 72
405	350 375 180 413
406	283 327 280 492
407	341 318 260 429
408	123 116 420 207
409	396 44 465 22
410	451 206 362 418
411	248 306 270 333
412	191 180 471 330
413	24 460 18 368
414	315 340 429 115
415	67 80 312 473
416	182 305 446 215
417	252 335 345 191
418	214 418 123 290
419	437 483 168 186
420	226 248 416 32
421	456 494 449 420
422	116 493 131 431
423	190 38 21 98
424	117 124 477 67
425	205 32 189 166
426	333 161 56 133
427	219 209 383 280
428	446 31 229 166
429	270 165 334 199
430	177 66 493 394
431	398 144 488 476
432	349 259 19 131
433	418 326 339 134
434	321 40 84 388
435	443 238 333 214
436	444 464 38 156
437	245 439 352 191
438	246 309 464 354
439	294 500 171 213
440	165 307 486 490
441	379 396 53 18
442	280 340 102 383
443	141 301 397 143
444	301 182 136 187
445	44 396 95 179
446	375 22 209 475
447	423 247 366 407
448	193 290 275 361
449	85 423 482 53
450	372 474 404 192
451	2 348 250 161
452	434 90 64 186
453	287 416 9 142
454	447 38 20 390
455	40 406 110 364
456	30 230 458 125
457	242 195 323 111
458	363 223 263 207
459	426 142 265 404
460	479 370 137 55
461	352 439 472 309
462	195 173 272 311
463	341 356 452 127
464	129 244 42 412
465	388 489 28 196
466	489 176 126 364
467	196 314 254 199
468	222 234 43 173
469	155 485 16 158
470	482 77 328 360
471	309 418 173 146
472	318 236 414 323
473	291 243 220 167
474	369 296 339 468
475	240 221 453 176
476	331 121 4 9
477	193 166 59 265
478	409 110 17 147
479	5 330 310 253
480	415 276 88 481
481	354 66 254 104
482	202 470 7 9
483	396 377 461 98
484	303 449 55 17
485	392 155 449 41
486	255 205 186 183
487	482 294 390 141
488	83 419 441 181
489	477 218 139 447
490	489 75 193 401
491	249 467 338 277
492	55 197 429 121
493	50 239 152 37
494	169 211 204 414
495	18 208 294 52
496	164 403 24 193
497	388 77 24 66
498	481 156 32 143
499	378 16 271 169
500	73 450 261 351
501	92 237 12 75
502	304 119 30 288
503	164 450 177 328
504	339 431 60 389
505	118 293 8 196
506	30 371 355 376
507	223 132 57 183
508	412 360 92 81
509	292 259 349 332
510	347 198 334 440
511	32 53 152 180
512	394 221 266 498
513	200 158 263 493
514	258 434 377 194
515	340 485 336 141
516	175 399 57 403
517	420 136 354 257
518	244 216 441 166
519	157 418 150 108
520	126 201 40 275
521	237 110 127 400
522	91 236 242 388
523	9 79 229 64
524	220 304 94 91
525	80 68 189 396
526	31 367 490 362
527	11 198 87 283
528	17 71 395 189
529	38 256 391 92
530	477 192 66 149
531	462 321 337 198
532	120 330 419 77
533	468 100 284 12
534	247 83 183 48
535	241 100 16 276
536	299 309 300 255
537	300 374 410 336
538	304 78 198 471
539	456 107 372 27
540	138 68 41 195
541	289 202 59 260
542	168 472 364 217
543	394 336 31 412
544	148 369 163 255
545	82 138 250 39
546	262 126 440 13
547	452 208 140 14
548	456 82 36 450
549	96 196 326 158
550	111 132 194 268
551	364 487 161 478
552	264 313 227 103
553	321 301 162 203
554	402 122 481 162
555	145 173 158 344
556	422 102 363 41
557	296 278 131 101
558	64 89 159 266
559	318 24 11 40
560	89 134 103 108
561	131 117 93 69
562	144 254 294 58
563	100 28 134 385
564	48 43 441 417
565	62 379 265 186
566	378 117 165 288
567	355 237 396 130
568	408 24 211 368
569	157 216 21 176
570	481 459 249 313
571	244 4 63 149
572	22 75 257 86
573	427 132 219 73
574	300 183 479 90
575	137 323 215 35
576	81 323 374 70
577	204 211 338 94
578	131 26 181 200
579	454 41 198 484
580	481 21 257 455
581	277 178 310 155
582	59 267 245 361
583	256 383 327 456
584	166 415 303 423
585	418 275 37 89
586	388 205 178 30
587	7 338 138 254
588	292 310 247 424
589	24 71 250 271
590	284 312 350 307
591	72 74 165 268
592	172 304 239 485
593	259 431 461 447
594	415 55 330 500
595	126 179 285 252
596	91 246 83 13
597	187 22 387 218
598	494 50 370 309
599	285 170 349 153
600	201 144 497 138
601	5 319 362 239
602	239 305 190 234
603	386 288 417 102
604	338 345 377 240
605	139 250 378 318
606	411 452 360 419
607	482 286 35 334
608	220 441 154 449
609	54 187 2 246
610	195 468 199 287
611	218 479 137 398
612	121 483 487 30
613	279 170 55 272
614	338 60 224 429
615	415 5 267 178
616	220 209 142 177
617	270 340 79 315
618	57 445 322 349
619	272 328 436 330
620	482 112 25 386
621	354 180 205 77
622	369 443 431 278
623	259 164 72 407
624	13 309 492 174
625	112 327 197 390
626	130 393 150 410
627	377 133 126 39
628	496 286 143 75
629	214 291 48 229
630	165 30 314 29
631	90 48 40 167
632	408 226 473 422
633	309 82 147 456
634	31 94 210 120
635	362 408 391 470
636	358 253 345 89
637	222 356 138 484
638	53 69 209 185
639	354 246 161 218
640	22 40 390 471
641	326 299 245 175
642	417 63 245 115
643	472 159 212 452
644	236 366 74 114
645	82 144 443 415
646	203 468 179 80
647	53 412 148 471
648	486 331 271 16
649	368 267 475 427
650	413 179 200 42
651	147 193 406 268
652	125 49 327 277
653	338 8 368 14
654	114 255 81 104
655	420 180 5 154
656	270 280 219 362
657	182 433 190 39
658	489 45 175 42
659	396 210 37 463
660	476 87 38 400
661	283 402 448 97
662	191 420 217 1
663	311 499 92 322
664	404 206 147 40
665	388 436 119 428
666	28 373 87 433
667	31 429 442 131
668	313 478 494 33
669	36 488 476 262
670	126 388 322 9
671	87 113 430 489
672	333 288 181 311
673	113 354 431 426
674	347 98 302 354
675	499 496 133 451
676	129 92 24 490
677	35 94 319 131
678	363 357 145 64
679	215 458 7 121
680	147 236 449 309
681	160 431 105 21
682	412 15 474 112
683	71 428 315 196
684	285 405 211 172
685	199 266 158 160
686	383 275 360 353
687	355 215 319 233
688	462 144 29 86
689	469 17 357 281
690	5 152 344 484
691	136 335 267 487
692	163 43 382 386
693	2 167 408 233
694	55 186 76 427
695	172 267 412 355
696	171 284 296 292
697	119 486 375 189
698	80 155 261 222
699	341 183 354 27
700	337 387 126 450
701	213 66 80 310
702	320 209 172 162
703	123 323 169 108
704	336 94 415 247
705	120 368 108 168
706	74 418 162 15
707	346 330 397 83
708	2 498 78 301
709	55 182 318 380
710	438 389 228 289
711	481 441 80 136
712	465 96 240 162
713	251 454 364 13
714	412 220 259 159
715	423 108 171 436
716	409 106 238 384
717	29 115 362 448
718	59 177 296 255
719	328 212 273 155
720	427 13 360 248
721	181 127 461 12
722	458 114 196 175
723	160 172 266 85
724	63 406 65 48
725	151 130 205 336
726	375 286 250 173
727	287 360 26 363
728	240 323 45 468
729	137 154 192 478
730	168 310 419 141
731	25 400 67 427
732	429 431 85 215
733	359 28 173 25
734	78 176 482 87
735	221 487 29 457
736	8 497 348 182
737	361 205 338 466
738	183 323 5 468
739	24 62 111 176
740	403 228 292 62
741	336 374 189 297
742	407 417 182 333
743	171 236 135 15
744	234 184 98 433
745	108 343 494 404
746	127 112 204 393
747	219 30 53 269
748	283 102 58 478
749	495 308 469 426
750	5 172 455 218
751	265 106 366 491
752	269 78 52 130
753	438 232 445 405
754	347 477 447 420
755	351 268 7 9
756	7 182 328 33
757	384 214 397 168
758	357 63 32 286
759	358 184 400 64
760	152 233 443 372
761	41 317 359 499
762	352 451 67 463
763	309 356 5 191
764	401 37 341 214
765	254 476 340 300
766	43 165 310 409
767	154 23 310 107
768	72 61 178 157
769	362 223 26 42
770	199 456 476 457
771	208 296 325 469
772	184 119 116 181
773	46 83 130 459
774	67 373 485 466
775	49 439 296 13
776	228 270 439 246
777	263 131 411 43
778	79 449 67 156
779	319 358 438 203
780	482 265 478 291
781	42 328 494 26
782	10 397 27 340
783	462 460 158 130
784	318 495 434 411
785	476 362 257 172
786	342 327 67 404
787	107 195 323 52
788	105 15 347 138
789	435 358 153 313
790	250 135 231 9
791	384 185 271 64
792	409 364 45 330
793	97 449 2 189
794	230 328 108 99
795	113 8 404 41
796	331 491 61 361
797	57 312 359 296
798	13 173 119 454
799	416 301 291 85
800	450 258 129 367
801	370 412 247 41
802	52 193 265 114
803	446 481 357 376
804	452 96 468 471
805	33 309 112 150
806	481 159 420 158
807	24 10 369 404
808	164 8 224 10
809	16 18 35 395
810	54 321 296 429
811	130 256 26 238
812	327 273 47 441
813	96 32 311 329
814	243 309 396 427
815	288 111 102 51
816	75 279 395 182
817	351 251 180 335
818	241 180 359 213
819	50 189 224 314
820	200 82 305 320
821	319 158 78 446
822	297 287 247 296
823	361 493 475 123
824	425 397 486 209
825	439 262 413 482
826	390 219 428 108
827	254 141 140 320
828	18 337 195 112
829	10 380 28 205
830	394 211 361 263
831	423 284 56 137
832	215 368 27 178
833	48 32 74 300
834	21 36 183 478
835	358 49 122 252
836	22 61 317 167
837	29 279 208 128
838	435 37 151 102
839	353 408 178 250
840	144 329 35 431
841	137 11 114 309
842	55 40 104 355
843	305 34 75 128
844	336 6 134 350
845	265 289 473 330
846	210 71 226 10
847	383 307 370 84
848	174 193 464 459
849	136 473 161 485
850	419 370 37 341
851	224 288 236 470
852	319 483 474 221
853	35 8 43 99
854	189 358 152 331
855	483 59 276 420
856	482 235 62 435
857	274 345 382 80
858	360 319 464 217
859	151 500 56 263
860	436 262 49 480
861	141 109 493 17
862	153 194 54 108
863	219 165 323 494
864	45 362 376 140
865	185 259 406 110
866	191 1 241 8
867	343 58 460 157
868	373 283 258 440
869	352 89 420 388
870	389 22 302 223
871	344 236 385 163
872	117 330 151 31
873	69 68 56 276
874	249 31 49 250
875	453 288 224 155
876	173 432 2 255
877	46 119 50 204
878	203 447 33 357
879	367 349 184 178
880	328 141 390 206
881	134 87 135 55
882	284 444 304 214
883	305 480 223 35
884	129 130 291 172
885	269 240 15 423
886	16 135 267 37
887	349 298 193 318
888	182 392 309 4
889	84 306 17 210
890	63 130 288 336
891	26 440 293 260
892	184 491 364 56
893	464 150 75 284
894	273 333 359 10
895	175 12 274 138
896	178 296 437 3
897	395 320 299 483
898	406 11 229 99
899	276 330 465 125
900	97 291 89 417
901	108 343 10 430
902	430 272 34 200
903	63 380 322 74
904	326 164 130 159
905	135 232 257 204
906	429 222 111 120
907	336 38 321 384
908	111 2 389 225
909	23 340 449 71
910	258 190 266 492
911	42 232 142 166
912	285 55 219 341
913	74 277 357 78
914	230 47 432 202
915	298 335 215 126
916	386 138 438 221
917	101 265 382 457
918	227 242 240 98
919	165 227 328 133
920	399 383 75 499
921	331 413 80 397
922	273 353 184 73
923	109 60 115 123
924	441 172 395 16
925	188 18 101 386
926	203 20 158 249
927	197 408 379 70
928	362 202 309 235
929	322 139 290 418
930	220 282 294 97
931	218 97 312 425
932	354 261 396 191
933	397 295 324 23
934	225 474 127 476
935	32 150 317 499
936	265 433 384 13
937	236 280 424 175
938	460 435 273 179
939	76 373 253 437
940	475 38 86 175
941	78 202 246 264
942	101 434 386 210
943	91 283 45 30
944	281 288 371 259
945	314 490 230 460
946	85 317 335 133
947	242 151 238 232
948	392 219 420 137
949	200 215 282 393
950	73 30 124 472
951	446 108 194 394
952	236 120 107 108
953	158 232 310 226
954	62 281 227 249
955	338 346 239 348
956	418 274 488 144
957	413 234 230 297
958	312 228 134 386
959	423 86 228 72
960	310 476 5 36
961	342 473 227 166
962	353 223 15 317
963	113 134 86 332
964	326 410 121 339
965	14 489 125 474
966	478 242 52 276
967	434 419 27 299
968	132 78 262 149
969	58 355 411 217
970	238 279 94 359
971	356 87 275 256
972	101 125 16 386
973	84 31 16 91
974	107 83 441 89
975	286 305 227 170
976	495 3 219 345
977	48 79 129 239
978	74 276 154 311
979	414 93 144 478
980	448 67 140 434
981	36 81 433 342
982	69 472 455 407
983	221 89 46 114
984	471 295 121 137
985	91 271 254 107
986	259 183 358 414
987	66 310 164 388
988	315 469 160 344
989	340 465 281 353
990	343 391 345 275
991	434 79 358 474
992	152 272 27 355
993	268 56 97 495
994	144 314 486 58
995	497 405 110 389
996	169 384 148 439
997	152 399 417 388
998	376 3 54 124
999	318 268 261 452
1000	278 268 119 1
Students	1000
1	345 269 381 221
2	128 191 12 445
3	87 114 494 267
4	420 170 353 2
5	95 251 150 438
6	402 213 94 195
7	360 22 221 316
8	427 496 152 318
9	100 499 386 243
10	191 496 482 460
11	52 1 58 226
12	349 78 16 474
13	410 494 212 364
14	420 247 28 68
15	202 103 1 274
16	430 185 433 374
17	256 483 218 239
18	264 468 172 357
19	242 469 473 256
20	482 114 414 68
21	152 357 403 56
22	427 285 251 416
23	430 244 283 301
24	281 115 422 436
25	411 171 205 182
26	288 245 303 344
27	77 334 277 459
28	253 169 72 121
29	119 333 364 148
30	28 20 431 377
31	195 325 17 31
32	84 375 201 319
33	264 124 19 484
34	435 60 393 301
35	314 36 430 258
36	66 302 49 215
37	337 314 60 312
38	257 397 218 240
39	351 299 22 86
40	68 313 416 425
41	345 272 375 247
42	54 390 267 10
43	25 164 345 365
44	171 463 271 469
45	288 110 257 271
46	157 348 299 374
47	454 385 72 464
48	130 242 436 407
49	309 493 366 354
50	451 91 210 117
51	179 131 100 397
52	438 496 79 389
53	312 405 266 274
54	321 128 232 46
55	497 25 302 198
56	403 62 362 17
57	9 264 171 137
58	246 254 44 94
59	97 222 93 392
60	277 192 258 20
61	434 415 183 287
62	124 9 311 346
63	136 349 173 43
64	84 50 125 381
65	139 143 391 397
66	57 42 353 450
67	2 292 382 481
68	444 124 279 165
69	368 496 379 139
70	430 74 221 479
71	141 398 255 439
72	285 61 440 459
73	159 307 256 500
74	272 258 120 426
75	447 327 477 453
76	493 35 14 397
77	436 442 498 387
78	483 370 218 186
79	348 359 76 498
80	148 403 347 439
81	276 429 474 322
82	145 390 20 440
83	340 161 302 476
84	124 5 170 138
85	171 239 201 147
86	273 155 101 30
87	335 60 278 266
88	481 117 102 303
89	225 118 438 270
90	472 383 127 26
91	343 67 115 214
92	163 200 42 339
93	7 416 128 91
94	9 210 293 92
95	471 346 12 161
96	436 162 340 95
97	180 74 150 102
98	389 270 18 370
99	480 105 99 447
100	198 425 429 131
101	398 336 138 47
102	41 208 258 423
103	473 149 290 51
104	150 15 322 459
105	458 59 118 22
106	251 304 223 458
107	115 433 499 346
108	395 136 37 289
109	184 425 300 295
110	453 402 95 336
111	126 42 30 185
112	138 110 131 45
113	489 171 473 278
114	459 41 346 239
115	211 467 41 172
116	480 408 319 392
117	300 169 225 204
118	206 343 124 169
119	204 283 403 479
120	324 125 50 211
121	236 9 34 469
122	338 78 401 284
123	163 445 328 243
124	489 394 55 83
125	73 334 410 246
126	43 454 201 206
127	239 23 208 198
128	289 341 1 475
129	138 347 356 80
130	214 299 372 45
131	290 340 313 329
132	443 331 15 451
133	412 474 88 327
134	107 454 457 19
135	323 95 37 448
136	306 351 453 326
137	241 360 35 386
138	307 271 367 172
139	484 156 70 243
140	53 24 433 352
141	184 438 297 336
142	426 302 179 312
143	420 385 468 433
144	37 371 264 105
145	141 481 349 193
146	105 308 12 433
147	497 417 217 332
148	221 43 32 398
149	44 140 407 133
150	486 433 38 484
151	438 1 31 227
152	147 398 215 167
153	6 131 491 154
154	466 434 346 496
155	114 91 234 95
156	83 401 364 367
157	457 314 366 261
158	170 26 455 192
159	312 20 197 323
160	86 460 457 105
161	416 78 133 420
162	194 19 455 327
163	455 215 442 213
164	340 440 200 291
165	173 35 404 96
166	296 47 319 145
167	346 39 145 186
168	284 208 159 266
169	283 174 85 368
170	354 303 102 444
171	169 445 371 204
172	128 199 228 466
173	396 237 451 212
174	6 339 382 63
175	298 54 85 16
176	116 72 313 80
177	216 286 158 50
178	98 100 282 255
179	302 286 483 190
180	497 307 139 398
181	481 20 198 261
182	483 256 292 317
183	115 176 439 15
184	286 97 156 187
185	390 373 450 383
186	180 428 277 362
187	111 56 74 489
188	32 112 336 227
189	301 181 192 200
190	177 113 414 379
191	417 424 228 227
192	411 65 367 120
193	179 486 272 66
194	107 457 203 127
195	1 113 132 436
196	350 26 13 359
197	217 304 48 30
198	277 176 493 374
199	219 111 61 47
200	444 475 274 348
201	76 413 11 152
202	280 131 140 340
203	321 262 58 460
204	488 70 332 212
205	193 406 4 51
206	124 128 418 144
207	443 357 15 313
208	64 160 177 365
209	489 387 135 69
210	86 220 194 491
211	265 150 215 4
212	430 354 210 346
213	395 165 71 375
214	367 397 425 198
215	43 226 331 335
216	114 82 206 242
217	420 22 401 245
218	166 221 256 388
219	236 5 271 209
220	217 173 329 169
221	432 354 184 49
222	136 284 256 259
223	170 250 405 10
224	447 246 197 349
225	92 362 278 397
226	376 210 136 277
227	447 31 387 253
228	205 409 266 452
229	40 422 37 283
230	411 220 328 88
231	228 45 163 334
232	110 426 446 370
233	417 293 182 187
234	365 53 20 130
235	486 294 22 32
236	468 18 336 395
237	297 27 227 57
238	373 342 344 278
239	496 209 52 354
240	34 438 485 111
241	48 21 402 89
242	17 446 458 480
243	23 190 247 272
244	340 205 72 446
245	450 423 408 393
246	162 329 108 100
247	115 60 127 234
248	42 420 140 405
249	50 159 399 229
250	199 179 353 327
251	39 41 351 464
252	334 168 156 151
253	346 49 260 143
254	305 134 310 140
255	19 15 448 171
256	127 168 295 239
257	15 49 337 451
258	499 56 354 408
259	51 418 381 443
260	314 445 453 406
261	50 303 437 137
262	342 443 358 377
263	212 280 331 208
264	48 419 146 461
265	247 317 9 373
266	311 206 188 382
267	491 12 159 259
268	98 445 52 441
269	169 179 51 466
270	446 137 268 273
271	302 204 186 492
272	488 450 90 331
273	283 395 436 197
274	45 25 178 152
275	466 284 6 115
276	218 434 63 248
277	131 3 431 119
278	273 30 372 151
279	59 47 204 201
280	5 258 489 154
281	496 287 359 499
282	186 500 202 101
283	174 165 457 110
284	125 215 410 233
285	166 22 425 250
286	304 99 96 87
287	240 422 141 407
288	27 60 56 257
289	17 296 404 276
290	474 174 339 463
291	198 48 172 34
292	48 258 380 328
293	248 102 477 314
294	416 486 38 88
295	427 142 442 126
296	154 359 125 52
297	255 496 142 479
298	438 490 463 108
299	458 309 340 477
300	290 22 168 315
301	233 270 245 312
302	450 8 126 286
303	140 243 470 291
304	6 340 46 433
305	226 171 316 297
306	47 275 14 468
307	37 138 293 484
308	195 234 184 115
309	465 372 495 416
310	5 418 83 416
311	459 416 72 410
312	368 335 454 264
313	482 487 477 427
314	222 105 215 371
315	171 391 87 31
316	34 354 351 287
317	74 70 32 208
318	220 188 453 311
319	424 110 244 160
320	383 111 164 207
321	355 145 266 94
322	452 307 484 18
323	112 250 314 43
324	69 493 164 492
325	236 457 415 291
326	302 44 449 179
327	439 49 147 155
328	50 229 454 136
329	293 254 121 65
330	280 340 273 367
331	147 411 378 229
332	41 31 245 170
333	140 13 203 15
334	27 11 362 401
335	457 410 204 151
336	266 225 457 384
337	11 194 131 402
338	398 324 107 161
339	4 72 492 471
340	333 174 151 178
341	402 174 481 75
342	486 225 285 110
343	177 428 62 432
344	164 367 447 88
345	242 198 299 218
346	100 436 57 363
347	399 457 148 13
348	49 220 188 144
349	194 249 430 228
350	314 243 398 288
351	3 159 134 124
352	8 230 242 363
353	299 419 472 168
354	350 458 404 236
355	481 135 308 219
356	279 258 470 280
357	318 443 170 379
358	157 124 72 141
359	31 159 496 198
360	377 344 485 69
361	230 218 163 437
362	208 195 242 325
363	415 372 60 127
364	275 76 488 411
365	496 230 137 285
366	122 10 39 5
367	299 331 373 393
368	408 167 57 410
369	297 442 51 479
370	373 39 273 92
371	358 287 4 64
372	313 13 423 465
373	103 337 249 132
374	468 477 368 20
375	47 191 478 335
376	333 129 361 134
377	35 416 371 239
378	81 412 36 450
379	80 36 99 71
380	471 3 468 177
381	117 73 104 223
382	283 388 15 333
383	263 293 439 77
384	59 494 235 49
385	146 428 476 126
386	117 346 332 441
387	479 295 240 372
388	80 75 397 259
389	15 267 453 45
390	390 8 179 75
391	223 77 80 322
392	59 301 245 153
393	468 431 298 480
394	189 442 84 328
395	228 282 298 170
396	107 43 136 272
397	379 55 216 447
398	248 126 233 364
399	322 379 287 83
400	299 124 102 79
401	275 231 472 279
402	413 478 385 323
403	330 69 384 479
404	201 148 90 475
405	453 277 278 196
406	87 448 457 82
407	401 357 232 20
408	479 405 453 141
409	158 401 368 347
410	157 381 493 224
411	306 434 86 276
412	173 394 472 377
413	413 221 317 138
414	26 483 344 185
415	363 84 185 207
416	305 105 217 238
417	170 277 298 2
418	356 8 203 274
419	10 421 204 144
420	333 373 257 81
421	477 416 246 430
422	200 220 274 284
423	58 169 90 73
424	435 324 213 455
425	46 11 480 56
426	379 490 486 180
427	466 261 84 113
428	46 353 394 354
429	135 207 273 257
430	196 422 203 313
431	378 221 363 298
432	405 259 371 189
433	418 157 162 389
434	343 269 196 409
435	489 485 483 214
436	75 266 260 80
437	98 302 278 130
438	112 301 462 75
439	331 489 39 142
440	444 243 164 464
441	379 244 215 318
442	75 194 81 51
443	295 88 86 376
444	46 96 429 146
445	238 250 277 409
446	75 276 78 346
447	155 432 440 387
448	342 223 26 475
449	34 59 33 316
450	495 67 409 52
451	445 27 130 174
452	244 45 445 20
453	164 289 256 491
454	384 216 295 246
455	205 355 382 213
456	272 267 174 203
457	38 382 455 272
458	159 23 250 7
459	189 23 140 96
460	385 121 405 489
461	339 116 304 98
462	218 380 287 204
463	300 57 277 23
464	122 498 266 353
465	102 373 429 368
466	433 95 415 352
467	111 94 224 485
468	334 477 4 366
469	301 454 119 302
470	98 166 132 428
471	470 305 433 61
472	410 399 143 379
473	246 368 164 315
474	58 219 294 191
475	307 57 171 403
476	18 252 295 392
477	236 143 131 34
478	356 437 321 158
479	383 418 270 89
480	14 255 416 334
481	7 333 37 200
482	344 432 346 23
483	361 243 114 174
484	292 169 410 98
485	162 19 491 336
486	372 151 44 426
487	180 194 227 356
488	479 465 139 302
489	398 229 485 195
490	248 4 485 103
491	359 196 489 346
492	497 128 492 370
493	453 326 186 90
494	314 61 493 84
495	477 425 100 114
496	143 481 313 158
497	329 33 145 383
498	99 262 119 205
499	190 77 60 328
500	467 54 94 481
501	407 19 491 141
502	225 447 360 287
503	266 55 440 338
504	131 487 412 268
505	165 488 430 188
506	355 94 18 398
507	53 242 454 237
508	251 288 104 433
509	204 1 112 85
510	381 165 103 200
511	85 102 412 57
512	194 381 370 76
513	197 389 9 206
514	278 446 311 401
515	490 212 189 498
516	239 364 254 414
517	339 44 61 360
518	348 433 399 342
519	134 224 321 42
520	469 439 344 247
521	37 346 380 407
522	55 36 228 77
523	486 411 408 156
524	489 117 389 241
525	493 182 175 498
526	392 221 298 341
527	164 1 47 455
528	216 99 294 340
529	474 189 193 296
530	465 315 381 16
531	387 8 470 25
532	208 327 37 14
533	162 34 37 448
534	228 323 156 135
535	398 213 87 79
536	153 179 288 259
537	284 239 59 484
538	245 255 446 395
539	382 366 445 199
540	152 366 204 400
541	344 175 178 498
542	454 162 309 291
543	497 286 265 64
544	102 289 407 374
545	406 481 79 60
546	21 137 348 120
547	297 186 329 178
548	92 161 377 281
549	488 274 383 421
550	38 193 241 198
551	415 154 112 252
552	357 407 21 147
553	292 170 3 247
554	397 64 100 287
555	20 360 189 480
556	446 400 385 424
557	54 220 16 186
558	327 70 413 351
559	192 170 74 139
560	405 281 46 420
561	499 40 26 237
562	202 350 434 353
563	466 498 245 500
564	385 193 366 446
565	447 481 96 494
566	334 341 11 485
567	425 312 289 206
568	220 408 428 110
569	277 375 466 475
570	128 70 480 289
571	367 382 153 383
572	140 438 76 303
573	73 451 391 364
574	48 398 360 303
575	167 442 189 378
576	404 352 106 58
577	397 198 74 123
578	27 491 226 449
579	101 91 236 136
580	282 144 318 68
581	257 35 264 44
582	23 457 251 46
583	14 365 168 364
584	413 130 201 299
585	479 308 240 469
586	101 146 29 410
587	341 50 409 249
588	212 454 213 241
589	286 216 33 479
590	491 298 439 168
591	120 428 81 118
592	120 442 188 473
593	58 444 318 28
594	250 308 407 29
595	253 254 55 67
596	107 131 74 339
597	317 363 93 99
598	245 23 55 345
599	396 430 308 185
600	469 467 291 158
601	153 301 346 76
602	311 98 381 481
603	4 415 100 164
604	90 240 145 22
605	409 22 41 173
606	59 82 179 86
607	139 74 144 164
608	460 2 364 352
609	68 154 402 375
610	456 492 103 6
611	327 283 23 467
612	356 294 427 5
613	419 446 67 466
614	372 320 337 196
615	339 215 262 55
616	236 169 493 372
617	196 357 338 344
618	487 467 24 133
619	390 391 84 383
620	11 95 373 497
621	19 108 352 475
622	2 291 160 318
623	427 165 494 233
624	486 462 82 404
625	67 439 151 409
626	281 39 360 124
627	223 475 476 180
628	377 42 177 426
629	84 455 223 470
630	138 79 458 337
631	197 288 188 295
632	460 369 163 461
633	384 66 242 301
634	134 449 88 388
635	451 312 195 369
636	8 134 418 199
637	200 141 329 105
638	351 405 462 374
639	160 153 386 36
640	305 324 185 5
641	311 123 310 39
642	259 233 244 117
643	87 244 343 331
644	167 434 310 243
645	31 5 58 335
646	389 237 483 119
647	85 478 75 302
648	493 243 40 475
649	246 140 120 355
650	183 444 254 390
651	127 111 134 462
652	22 234 307 81
653	323 32 483 410
654	487 172 231 273
655	464 126 261 471
656	91 384 55 469
657	349 348 424 305
658	293 258 64 498
659	203 369 349 52
660	297 177 302 186
661	259 44 55 172
662	463 337 62 322
663	166 400 110 308
664	116 292 219 338
665	56 81 250 324
666	284 228 299 245
667	48 125 482 177
668	140 87 193 378
669	446 388 313 424
670	331 57 376 417
671	17 387 418 451
672	225 73 390 439
673	337 299 336 466
674	253 429 226 463
675	4 352 340 341
676	458 249 42 496
677	265 354 345 107
678	192 37 441 96
679	67 101 151 269
680	1 246 225 296
681	456 468 442 88
682	205 248 249 1
683	354 24 337 117
684	456 396 93 102
685	340 80 273 49
686	156 322 382 99
687	282 173 305 353
688	65 428 96 414
689	464 54 306 218
690	193 58 202 433
691	200 421 235 42
692	143 153 391 479
693	380 193 482 23
694	27 257 85 32
695	423 339 343 378
696	290 97 228 7
697	197 375 472 367
698	373 48 176 241
699	145 369 84 17
700	56 184 257 148
701	136 439 368 30
702	233 263 129 357
703	483 446 95 339
704	186 315 386 11
705	66 265 31 201
706	433 139 212 46
707	140 105 451 438
708	292 360 180 232
709	45 345 433 294
710	440 443 351 44
711	474 346 200 301
712	257 373 244 12
713	407 143 125 31
714	315 103 311 52
715	290 278 417 133
716	233 154 36 108
717	74 363 75 379
718	387 120 92 459
719	49 478 331 160
720	4 64 116 35
721	260 187 117 369
722	432 73 272 223
723	157 369 48 449
724	469 408 188 338
725	8 176 479 66
726	447 323 220 201
727	1 198 437 355
728	339 247 229 108
729	367 472 95 19
730	50 46 163 434
731	294 162 450 223
732	147 93 277 67
733	325 135 38 179
734	162 345 224 22
735	414 330 280 173
736	302 16 27 173
737	263 83 21 389
738	254 290 166 350
739	68 128 351 357
740	11 375 57 313
741	303 227 50 175
742	71 401 197 49
743	193 289 311 237
744	61 456 91 286
745	45 500 433 186
746	367 177 333 201
747	189 304 265 64
748	40 458 360 392
749	325 134 479 268
750	301 433 420 430
751	148 13 172 323
752	232 388 224 77
753	256 132 331 273
754	282 294 60 118
755	410 110 399 81
756	22 34 361 210
757	404 43 30 327
758	179 352 294 165
759	376 480 80 273
760	284 336 445 188
761	130 228 499 420
762	415 107 35 267
763	148 365 66 87
764	349 81 363 177
765	204 476 288 290
766	111 428 360 370
767	185 40 328 243
768	274 472 138 469
769	448 425 26 203
770	67 408 399 52
771	283 252 354 89
772	256 270 371 485
773	296 368 171 366
774	477 108 173 217
775	328 326 175 37
776	162 293 107 254
777	179 255 312 423
778	304 387 114 380
779	481 286 24 272
780	224 197 11 402
781	165 452 254 296
782	492 265 312 279
783	477 354 280 454
784	274 298 325 184
785	337 435 498 439
786	2 185 394 85
787	397 240 315 120
788	380 351 83 365
789	173 88 143 404
790	235 460 252 305
791	442 461 180 428
792	253 419 261 154
793	84 296 434 378
794	128 258 496 443
795	284 373 148 330
796	202 465 373 122
797	427 119 231 407
798	100 277 111 97
799	106 469 129 188
800	289 226 181 166
801	31 331 212 237
802	342 398 115 389
803	123 290 210 298
804	4 492 152 398
805	310 380 25 144
806	444 188 114 187
807	480 122 387 299
808	255 210 363 462
809	190 1 252 316
810	492 242 260 169
811	39 217 134 57
812	120 454 166 396
813	186 278 163 423
814	356 462 237 427
815	226 452 109 252
816	402 453 64 307
817	77 144 355 176
818	62 19 49 426
819	198 431 417 1
820	180 457 382 220
821	294 379 15 270
822	221 363 489 254
823	240 178 458 8
824	158 378 411 117
825	203 312 158 248
826	154 254 294 220
827	406 186 42 312
828	241 248 358 283
829	149 68 306 452
830	440 129 15 71
831	222 53 375 402
832	170 52 210 202
833	304 239 327 268
834	204 155 211 149
835	392 70 345 18
836	58 469 453 206
837	17 14 9 80
838	158 64 83 401
839	118 11 462 471
840	97 286 411 341
841	136 127 209 124
842	256 97 273 333
843	299 436 215 473
844	466 268 188 29
845	217 295 62 174
846	138 175 26 356
847	32 323 461 136
848	494 453 270 164
849	203 451 227 264
850	57 401 280 470
851	431 219 347 4
852	61 202 399 225
853	329 188 133 450
854	228 327 74 381
855	167 317 20 319
856	151 302 145 24
857	375 4 423 208
858	102 483 317 66
859	18 115 215 489
860	125 459 309 384
861	96 333 235 217
862	175 313 132 447
863	296 460 430 278
864	364 115 395 248
865	289 446 116 395
866	52 273 61 446
867	192 379 55 432
868	108 175 45 281
869	70 478 477 176
870	150 476 97 319
871	168 250 406 25
872	390 322 428 187
873	75 411 111 164
874	15 396 90 291
875	167 476 271 465
876	132 267 210 85
877	405 4 443 386
878	358 264 221 157
879	40 444 189 224
880	63 357 367 396
881	278 270 298 30
882	59 413 364 106
883	189 201 298 453
884	274 130 202 333
885	463 226 78 156
886	497 467 269 182
887	95 373 234 315
888	314 9 81 210
889	208 281 402 496
890	182 366 130 399
891	474 3 172 448
892	393 454 12 407
893	483 220 353 96
894	317 383 235 166
895	474 95 225 118
896	358 24 314 445
897	496 406 119 159
898	12 379 2 297
899	408 279 57 255
900	234 416 260 277
901	69 425 440 90
902	21 174 348 499
903	194 139 170 162
904	277 189 188 487
905	72 15 391 360
906	477 73 459 370
907	241 377 471 344
908	59 480 217 250
909	239 275 157 431
910	259 141 132 67
911	193 84 327 498
912	275 173 311 13
913	345 246 85 117
914	191 26 29 390
915	40 65 472 367
916	74 80 69 477
917	288 98 429 370
918	475 188 262 218
919	243 225 211 236
920	325 349 250 104
921	318 268 304 108
922	313 52 384 296
923	137 211 48 34
924	380 406 154 477
925	216 46 22 338
926	344 223 471 35
927	3 81 427 65
928	492 376 110 486
929	391 187 94 436
930	131 23 114 102
931	336 426 461 84
932	210 77 452 414
933	473 300 287 78
934	56 227 255 191
935	438 485 91 495
936	149 258 482 156
937	106 358 297 446
938	110 12 430 9
939	116 418 298 118
940	202 419 48 386
941	268 300 174 446
942	195 265 124 369
943	20 71 83 361
944	158 492 149 82
945	348 292 319 164
946	482 28 452 89
947	314 476 26 446
948	115 337 472 186
949	248 271 124 468
950	178 160 280 405
951	33 315 389 170
952	206 223 181 383
953	296 381 223 397
954	286 394 355 461
955	190 448 277 78
956	483 216 295 379
957	138 96 7 22
958	202 112 186 491
959	495 11 401 47
960	47 240 433 86
961	424 65 240 71
962	223 265 332 239
963	66 375 309 143
964	110 12 338 62
965	67 423 498 115
966	270 301 89 342
967	446 316 201 244
968	382 480 220 281
969	450 467 345 33
970	400 26 79 452
971	115 489 267 4
972	116 391 269 86
973	60 361 470 378
974	249 68 418 1
975	276 429 97 307
976	260 248 287 151
977	143 169 376 155
978	280 217 106 331
979	425 354 25 280
980	13 34 309 177
981	459 152 421 357
982	17 324 274 97
983	234 499 359 86
984	3 150 325 38
985	310 57 276 334
986	337 160 414 243
987	29 289 290 163
988	453 46 150 80
989	170 41 7 320
990	31 291 451 277
991	254 377 12 240
992	176 234 404 336
993	425 250 290 366
994	482 242 115 423
995	313 105 358 129
996	74 327 286 285
997	11 268 341 307
998	275 445 108 325
999	228 286 224 497
1000	263 207 471 448
Students	1000
1	479 94 338 321
2	16 106 490 121
3	345 61 485 18
4	448 59 61 186
5	483 136 19 447
6	433 373 282 30
7	69 144 197 37
8	228 370 117 259
9	256 274 104 116
10	93 154 168 306
11	325 92 56 109
12	450 150 88 219
13	98 174 276 257
14	299 236 321 418
15	403 462 486 216
16	438 389 420 257
17	42 379 449 43
18	240 314 216 341
19	126 427 287 197
20	110 466 343 204
21	2 419 182 102
22	98 443 61 353
23	57 252 275 234
24	153 243 442 160
25	198 54 277 399
26	21 426 339 200
27	19 342 397 39
28	455 304 84 437
29	346 302 305 415
30	101 343 116 51
31	220 80 374 451
32	196 91 181 265
33	198 53 410 341
34	117 17 400 230
35	399 305 56 202
36	213 319 363 344
37	177 154 412 170
38	431 372 439 390
39	31 395 292 319
40	298 164 288 452
41	447 18 308 149
42	32 238 493 382
43	267 65 251 167
44	286 356 411 429
45	416 401 423 223
46	390 296 220 227
47	386 75 247 345
48	349 433 185 5
49	246 142 82 200
50	348 477 470 186
51	184 219 252 210
52	94 17 285 38
53	126 267 290 490
54	463 254 356 98
55	340 55 402 459
56	145 139 55 381
57	152 486 47 420
58	291 391 168 228
59	424 465 432 326
60	39 213 26 194
61	286 255 38 226
62	256 343 240 37
63	338 284 85 49
64	382 434 472 169
65	4 176 66 455
66	358 113 79 381
67	104 322 194 430
68	336 457 72 240
69	360 140 225 153
70	116 11 128 282
71	44 265 230 391
72	137 381 418 486
73	327 257 434 308
74	240 384 217 42
75	17 49 248 87
76	463 140 185 52
77	376 227 65 174
78	182 492 323 97
79	500 416 303 247
80	101 73 433 59
81	410 425 54 203
82	312 361 437 113
83	433 20 492 36
84	483 43 137 58
85	286 132 467 446
86	117 43 432 483
87	373 23 454 299
88	101 144 256 263
89	412 157 419 422
90	344 446 486 109
91	309 246 240 483
92	336 406 332 359
93	329 245 34 273
94	226 450 1 48
95	14 147 173 60
96	145 441 297 240
97	258 305 338 243
98	177 262 287 268
99	223 93 216 381
100	317 128 492 334
101	214 235 421 39
102	498 410 488 299
103	317 19 275 480
104	419 24 408 57
105	229 444 473 428
106	79 376 112 283
107	43 71 410 354
108	127 64 175 109
109	434 89 112 113
110	337 360 390 306
111	50 218 256 123
112	232 95 168 455
113	126 242 210 319
114	144 353 23 330
115	222 467 344 136
116	218 327 311 208
117	239 473 82 468
118	177 407 472 251
119	285 468 280 226
120	406 432 287 276
121	236 471 24 470
122	262 136 40 254
123	285 465 300 433
124	289 110 476 259
125	97 446 316 239
126	388 91 159 262
127	149 116 393 141
128	310 94 85 174
129	176 180 414 221
130	222 295 386 389
131	187 403 288 207
132	469 185 47 266
133	331 235 206 296
134	53 324 253 438
135	497 402 222 272
136	249 18 396 238
137	381 405 310 80
138	231 475 242 107
139	372 375 48 82
140	490 408 435 391
141	17 198 29 250
142	299 155 276 212
143	427 214 342 261
144	473 239 178 264
145	482 176 198 161
146	113 287 241 313
147	294 443 331 116
148	80 476 118 21
149	404 185 283 136
150	421 106 188 309
151	360 65 38 162
152	38 13 48 420
153	330 61 222 432
154	426 402 472 161
155	133 199 219 195
156	365 207 248 356
157	106 78 113 33
158	59 330 235 29
159	465 55 241 361
160	287 52 13 70
161	407 1 498 13
162	255 88 235 239
163	477 433 224 290
164	484 72 271 300
165	236 84 362 173
166	344 175 132 152
167	54 355 494 183
168	166 143 494 389
169	192 407 288 435
170	448 297 450 199
171	150 421 346 210
172	233 412 209 202
173	115 45 117 64
174	80 127 52 401
175	372 255 102 266
176	25 427 256 89
177	245 103 70 437
178	100 401 377 299
179	199 365 22 295
180	352 463 346 56
181	300 351 279 197
182	12 300 201 174
183	152 192 290 454
184	310 74 482 53
185	403 491 73 184
186	59 275 340 441
187	246 41 68 304
188	402 159 278 390
189	201 164 155 74
190	104 346 110 149
191	239 347 116 475
192	499 275 46 37
193	434 438 44 66
194	394 433 457 355
195	95 58 190 234
196	344 490 295 172
197	115 411 400 326
198	94 163 40 288
199	301 490 142 39
200	252 43 176 187
201	422 72 236 108
202	245 264 39 425
203	107 251 351 167
204	17 349 462 287
205	54 24 304 2
206	407 160 245 338
207	167 307 256 154
208	135 469 416 398
209	462 37 423 396
210	342 158 405 227
211	130 315 421 323
212	388 364 244 38
213	141 422 356 221
214	420 478 76 124
215	118 74 353 29
216	258 383 268 88
217	448 253 221 32
218	244 81 159 291
219	281 171 55 484
220	494 485 488 199
221	48 57 133 75
222	399 59 315 360
223	81 287 80 140
224	286 288 315 216
225	238 245 380 123
226	327 19 107 407
227	105 214 443 197
228	138 168 373 102
229	489 153 83 467
230	486 497 355 259
231	344 300 418 464
232	125 282 420 487
233	214 396 100 53
234	70 279 471 472
235	138 315 402 385
236	466 29 85 358
237	395 440 242 60
238	454 167 24 308
239	434 25 321 291
240	135 320 347 55
241	150 290 475 494
242	5 408 434 260
243	147 178 308 377
244	400 162 347 208
245	289 438 393 485
246	168 353 70 160
247	83 436 107 235
248	261 352 19 484
249	257 319 300 362
250	35 114 113 71
251	272 44 285 209
252	352 457 482 327
253	466 69 86 476
254	301 17 226 196
255	70 378 152 337
256	343 83 336 235
257	440 348 78 281
258	45 39 95 231
259	65 392 14 124
260	230 490 414 157
261	155 146 255 352
262	367 231 165 54
263	483 439 478 354
264	360 79 105 491
265	85 160 355 70
266	43 191 500 319
267	407 115 148 266
268	171 414 10 312
269	93 411 25 405
270	8 324 311 111
271	271 361 174 51
272	262 62 272 41
273	413 430 284 274
274	62 240 351 484
275	190 209 232 255
276	2 156 106 441
277	125 443 208 155
278	352 245 474 278
279	325 178 170 277
280	47 216 120 409
281	124 127 360 196
282	289 27 288 293
283	113 436 131 320
284	240 389 192 185
285	218 116 109 227
286	206 268 468 464
287	301 483 138 219
288	488 382 261 207
289	111 89 122 187
290	145 12 396 363
291	353 241 220 251
292	362 15 25 481
293	172 354 422 107
294	346 270 452 435
295	446 40 282 112
296	257 397 174 450
297	472 22 45 427
298	82 448 376 23
299	350 139 84 412
300	100 420 396 464
301	256 434 436 22
302	136 338 254 349
303	163 20 258 122
304	206 322 24 103
305	81 173 374 470
306	346 491 330 266
307	461 349 479 70
308	12 246 323 207
309	27 91 314 201
310	241 463 420 181
311	65 89 484 180
312	43 321 32 90
313	471 424 168 284
314	451 26 391 226
315	241 406 293 290
316	81 427 404 68
317	79 171 201 262
318	173 55 241 320
319	287 113 79 1
320	160 422 126 23
321	261 66 278 41
322	111 448 464 447
323	81 21 285 142
324	86 246 88 371
325	476 77 400 474
326	430 45 17 63
327	275 224 196 43
328	365 427 146 413
329	405 490 30 418
330	392 141 311 175
331	475 413 314 471
332	497 159 110 194
333	115 277 367 145
334	466 314 286 279
335	335 496 478 153
336	254 218 325 89
337	486 57 352 138
338	323 418 250 444
339	155 388 343 490
340	153 140 346 492
341	273 94 286 394
342	259 203 292 472
343	165 479 408 158
344	497 191 322 91
345	323 388 106 26
346	220 167 199 184
347	334 401 445 424
348	454 281 332 325
349	80 59 458 39
350	206 354 429 3
351	134 351 288 140
352	266 103 44 290
353	131 331 350 304
354	478 447 330 125
355	339 351 68 481
356	342 427 195 423
357	183 57 270 372
358	112 127 408 227
359	61 428 108 153
360	63 45 3 473
361	488 350 318 397
362	63 291 72 223
363	340 370 316 379
364	294 67 260 356
365	331 17 480 56
366	19 352 415 281
367	230 283 44 131
368	202 315 475 146
369	363 89 333 488
370	486 468 219 372
371	467 341 486 192
372	100 246 61 41
373	149 414 77 398
374	115 161 481 284
375	402 230 348 232
376	190 430 185 316
377	445 357 421 77
378	469 444 393 156
379	33 404 111 259
380	160 241 26 351
381	343 304 466 255
382	488 144 343 193
383	74 419 361 372
384	259 38 301 487
385	32 289 375 284
386	94 303 106 374
387	137 204 269 409
388	63 263 77 65
389	82 171 217 307
390	465 92 33 68
391	228 290 428 200
392	297 463 453 130
393	226 436 15 167
394	146 369 183 107
395	374 113 402 244
396	185 419 394 316
397	313 149 466 289
398	67 435 498 327
399	141 429 267 430
400	148 52 370 180
401	14 391 278 436
402	287 280 61 426
403	207 386 249 64
404	193 94 498 277
405	37 469 160 387
406	50 84 429 303
407	53 209 120 3
408	238 145 149 165
409	98 188 236 322
410	307 264 448 266
411	206 123 451 305
412	196 82 223 405
413	390 254 239 466
414	427 433 157 293
415	434 136 103 217
416	62 69 108 174
417	466 82 35 206
418	20 188 148 229
419	173 384 407 255
420	435 309 193 460
421	201 486 264 214
422	44 357 224 361
423	414 45 86 158
424	246 137 435 352
425	389 278 370 232
426	309 127 408 209
427	184 162 245 204
428	345 205 106 68
429	166 422 418 319
430	99 124 477 475
431	364 319 386 483
432	232 118 439 468
433	79 18 202 458
434	241 110 318 220
435	239 292 26 364
436	343 21 46 445
437	231 30 300 93
438	115 112 29 471
439	261 350 129 3
440	425 259 94 203
441	71 262 336 232
442	177 416 322 76
443	164 73 171 373
444	148 342 346 52
445	26 250 341 425
446	239 483 384 259
447	181 138 304 420
448	249 101 303 488
449	270 337 240 33
450	329 462 17 443
451	239 154 195 72
452	115 14 313 434
453	96 329 95 318
454	122 108 466 35
455	137 276 245 457
456	330 130 157 429
457	269 378 31 25
458	51 483 10 324
459	425 16 307 347
460	234 36 492 187
461	469 167 279 134
462	449 312 220 43
463	70 321 147 81
464	419 259 144 298
465	72 281 101 428
466	225 387 24 211
467	178 69 12 309
468	63 50 431 318
469	61 2 279 147
470	187 164 409 30
471	34 46 19 430
472	321 415 1 198
473	224 135 58 464
474	465 139 453 472
475	264 490 311 226
476	98 88 144 415
477	232 321 65 167
478	318 229 54 374
479	38 392 431 438
480	16 462 263 103
481	107 345 199 500
482	311 9 33 22
483	116 399 485 64
484	183 280 240 463
485	415 49 26 482
486	340 144 290 321
487	38 309 32 145
488	287 316 119 107
489	184 446 424 469
490	104 298 244 209
491	39 447 312 73
492	364 235 362 38
493	76 46 416 268
494	280 133 335 156
495	302 31 223 93
496	99 345 219 233
497	256 253 194 184
498	92 330 179 195
499	491 284 469 293
500	197 335 434 59
501	405 87 4 252
502	8 357 167 385
503	25 219 331 65
504	277 51 121 345
505	208 146 80 246
506	498 160 425 167
507	275 99 206 291
508	426 444 20 279
509	243 83 367 5
510	54 194 427 104
511	131 172 210 112
512	130 461 421 391
513	256 44 358 272
514	256 388 104 88
515	29 427 247 285
516	454 254 215 22
517	484 68 21 342
518	310 226 472 214
519	138 205 74 237
520	451 220 126 323
521	292 159 425 464
522	107 282 390 174
523	38 155 32 68
524	421 8 318 407
525	6 281 265 35
526	485 138 222 126
527	347 139 213 367
528	239 251 190 455
529	476 220 152 290
530	475 272 251 126
531	370 304 480 341
532	134 407 299 158
533	492 340 118 268
534	473 111 373 339
535	483 188 366 368
536	389 222 477 28
537	336 404 453 16
538	377 59 183 368
539	76 333 21 222
540	82 446 324 230
541	364 250 77 60
542	367 466 212 155
543	16 500 476 348
544	103 64 404 210
545	112 237 305 343
546	119 96 184 53
547	202 231 144 160
548	305 428 69 10
549	106 2 464 425
550	394 295 305 279
551	425 95 89 5
552	278 297 495 309
553	107 201 473 391
554	23 187 205 74
555	362 114 212 21
556	357 418 89 336
557	208 7 92 2
558	499 338 286 57
559	150 453 153 263
560	104 417 121 419
561	289 307 191 296
562	436 458 348 334
563	135 118 298 93
564	112 372 481 93
565	483 115 19 422
566	345 356 12 96
567	486 9 448 450
568	140 88 157 270
569	398 383 48 156
570	273 442 40 28
571	18 306 282 249
572	167 202 102 132
573	22 486 134 147
574	461 250 332 13
575	165 292 419 267
576	113 384 316 26
577	295 319 328 77
578	347 37 452 184
579	197 348 473 29
580	93 15 81 253
581	15 27 312 42
582	309 164 210 82
583	376 462 145 295
584	177 348 405 278
585	328 34 56 81
586	225 80 399 214
587	383 239 496 397
588	280 296 381 21
589	207 187 412 421
590	1 347 466 6
591	476 9 203 304
592	406 100 255 485
593	435 393 500 106
594	376 296 476 224
595	457 276 191 397
596	124 262 160 146
597	224 328 347 326
598	432 496 376 74
599	143 338 176 85
600	245 256 74 110
601	259 352 378 372
602	343 360 188 333
603	191 76 290 490
604	320 151 183 193
605	32 441 487 282
606	61 350 381 456
607	211 14 50 90
608	194 401 479 209
609	11 50 16 344
610	204 330 304 258
611	268 359 102 299
612	485 195 25 353
613	268 439 139 282
614	110 281 164 384
615	454 405 255 105
616	452 370 445 211
617	337 131 216 44
618	66 200 209 398
619	383 257 472 22
620	394 22 338 48
621	203 303 364 248
622	417 117 329 462
623	50 477 102 211
624	288 84 430 148
625	432 12 77 477
626	339 322 484 185
627	142 406 254 265
628	49 239 398 103
629	80 305 366 222
630	196 474 447 365
631	494 482 357 294
632	382 196 428 85
633	163 378 23 404
634	47 447 479 446
635	40 57 53 31
636	348 449 215 240
637	72 73 216 38
638	456 322 215 174
639	192 306 212 343
640	382 290 190 491
641	441 130 281 217
642	420 135 113 20
643	245 460 483 138
644	103 449 439 142
645	132 238 154 218
646	330 48 474 94
647	499 213 396 284
648	440 387 369 311
649	88 49 71 173
650	19 284 172 386
651	445 283 196 290
652	146 358 306 346
653	453 434 224 349
654	63 265 333 300
655	445 237 177 111
656	462 14 347 490
657	472 427 247 227
658	145 27 338 54
659	18 295 427 76
660	288 430 398 205
661	320 364 483 188
662	400 111 167 184
663	403 481 16 57
664	331 67 474 181
665	126 406 140 223
666	283 251 197 462
667	260 85 301 125
668	371 294 436 167
669	77 225 48 247
670	147 300 212 219
671	441 58 99 55
672	349 244 491 415
673	132 279 366 180
674	322 484 498 133
675	427 48 170 185
676	164 380 386 133
677	478 206 216 105
678	122 156 32 220
679	121 442 21 240
680	153 277 370 461
681	2 11 327 444
682	320 398 386 347
683	344 399 203 363
684	360 272 102 140
685	165 332 420 197
686	283 399 95 236
687	477 457 366 239
688	350 219 331 131
689	307 211 177 433
690	42 188 377 62
691	329 467 6 279
692	408 250 276 101
693	15 392 261 334
694	247 425 201 323
695	446 181 416 10
696	121 47 283 287
697	319 332 487 237
698	34 62 320 359
699	180 6 3 396
700	454 256 433 390
701	126 206 368 203
702	483 327 41 457
703	478 489 268 466
704	50 312 436 294
705	391 320 367 330
706	483 105 90 135
707	474 292 334 253
708	121 45 225 477
709	173 481 347 88
710	397 409 93 329
711	85 499 81 140
712	418 98 342 171
713	352 484 294 124
714	108 264 275 308
715	438 231 23 377
716	382 267 277 400
717	388 4 51 82
718	92 452 152 279
719	91 175 226 140
720	222 43 103 185
721	144 326 395 134
722	336 196 89 289
723	124 257 167 98
724	281 231 325 304
725	422 423 435 14
726	19 464 206 107
727	304 318 70 152
728	165 159 11 148
729	466 86 431 494
730	3 240 287 455
731	158 249 382 41
732	258 105 411 303
733	337 364 239 305
734	180 427 25 397
735	221 157 228 361
736	214 353 157 171
737	247 245 78 355
738	256 297 387 298
739	217 279 28 302
740	284 373 411 466
741	137 250 402 469
742	56 30 492 210
743	216 32 114 20
744	420 145 34 160
745	254 402 468 64
746	86 356 113 58
747	29 200 145 218
748	210 381 303 404
749	287 398 308 315
750	6 234 183 255
751	370 455 373 344
752	171 42 212 31
753	198 299 40 37
754	380 368 118 146
755	398 471 234 228
756	352 276 141 381
757	218 431 20 219
758	133 90 344 153
759	88 260 46 401
760	100 165 318 233
761	208 469 387 260
762	42 261 357 470
763	402 428 38 172
764	136 458 224 254
765	168 416 57 83
766	202 418 283 263
767	364 103 108 218
768	183 111 205 465
769	313 342 354 418
770	48 68 31 448
771	278 457 273 52
772	47 70 213 380
773	265 324 75 191
774	115 106 241 252
775	427 359 459 338
776	150 372 178 81
777	10 216 429 52
778	382 7 372 398
779	244 302 357 179
780	160 231 177 117
781	427 443 401 229
782	120 23 399 351
783	48 405 214 109
784	460 448 170 252
785	298 180 230 1
786	340 284 188 228
787	89 388 66 154
788	364 71 206 199
789	340 377 293 211
790	21 286 280 52
791	234 50 22 438
792	71 368 115 426
793	238 351 376 451
794	397 416 202 296
795	419 343 458 5
796	312 356 238 285
797	363 181 59 127
798	147 266 496 87
799	351 191 260 282
800	387 269 192 102
801	398 311 275 160
802	442 9 441 485
803	35 373 219 148
804	160 107 46 180
805	134 97 204 237
806	22 298 51 85
807	341 490 364 116
808	223 300 414 453
809	354 261 309 227
810	416 407 105 442
811	286 13 197 176
812	460 446 156 384
813	308 202 160 419
814	34 63 315 97
815	359 187 264 316
816	371 213 218 231
817	354 66 272 349
818	345 177 79 310
819	356 193 121 123
820	316 45 234 119
821	122 362 231 9
822	48 339 118 302
823	382 188 102 120
824	71 330 234 38
825	73 66 7 108
826	181 139 81 431
827	95 391 46 123
828	235 359 160 264
829	410 388 409 101
830	137 267 202 77
831	84 469 238 430
832	254 96 108 66
833	27 482 243 403
834	176 485 257 156
835	344 65 455 294
836	472 391 334 157
837	306 46 368 258
838	148 157 163 291
839	498 473 130 231
840	227 417 187 496
841	194 345 491 409
842	248 180 199 291
843	491 57 247 361
844	150 210 274 149
845	104 335 125 313
846	296 268 456 237
847	127 157 264 91
848	431 337 252 67
849	342 197 299 278
850	98 169 244 64
851	454 346 408 84
852	463 341 306 241
853	347 180 207 31
854	129 17 302 195
855	101 14 383 73
856	387 211 473 341
857	193 333 127 330
858	349 156 302 358
859	323 400 111 223
860	186 289 91 46
861	394 277 50 386
862	139 384 239 396
863	120 310 268 327
864	100 127 318 427
865	206 322 96 468
866	433 196 447 462
867	419 367 2 315
868	272 427 230 336
869	222 359 406 189
870	253 249 80 129
871	443 300 338 104
872	146 341 181 411
873	202 63 350 97
874	500 346 49 94
875	18 366 415 495
876	261 25 222 415
877	192 102 477 341
878	454 429 16 232
879	165 155 297 443
880	224 454 469 241
881	101 122 294 262
882	72 138 167 432
883	498 124 266 110
884	264 149 500 77
885	63 457 62 438
886	297 146 124 234
887	33 367 88 289
888	385 90 403 310
889	3 104 442 285
890	221 112 477 424
891	144 207 387 388
892	273 185 307 389
893	465 127 430 490
894	54 185 24 387
895	59 372 409 270
896	230 338 282 7
897	385 310 146 130
898	500 164 473 104
899	368 97 28 409
900	39 244 163 56
901	116 458 202 500
902	242 497 433 340
903	169 144 32 413
904	284 181 463 139
905	422 432 260 381
906	461 191 184 106
907	364 306 115 272
908	193 164 119 8
909	490 470 161 287
910	484 373 207 146
911	9 180 27 337
912	186 298 254 223
913	478 214 228 457
914	167 210 165 119
915	188 326 127 419
916	65 373 226 325
917	411 407 400 78
918	234 279 272 109
919	428 208 7 463
920	198 288 313 157
921	372 122 252 157
922	232 179 203 467
923	469 233 107 256
924	88 51 242 339
925	172 130 52 149
926	430 259 99 291
927	10 343 319 6
928	273 198 290 136
929	148 202 33 211
930	5 120 8 394
931	291 454 422 56
932	101 468 432 38
933	13 52 379 248
934	216 248 268 351
935	480 233 402 245
936	132 388 128 475
937	313 236 52 134
938	399 253 2 387
939	477 362 350 86
940	90 63 477 223
941	141 473 210 40
942	236 320 17 479
943	383 44 250 20
944	347 101 79 183
945	447 426 104 467
946	378 100 495 142
947	486 128 96 162
948	107 181 70 347
949	321 178 437 200
950	127 395 24 47
951	249 378 412 47
952	47 470 440 370
953	339 201 328 21
954	9 112 129 199
955	418 3 345 40
956	308 152 342 318
957	122 268 128 133
958	190 99 73 42
959	482 230 169 182
960	361 487 238 265
961	409 395 460 396
962	321 74 345 498
963	349 278 120 369
964	374 463 367 44
965	77 489 494 82
966	7 25 374 46
967	221 267 137 389
968	373 178 113 94
969	155 41 78 490
970	240 33 108 94
971	277 183 192 476
972	59 262 500 447
973	492 305 476 375
974	245 143 268 7
975	417 157 37 144
976	326 250 168 49
977	400 32 90 289
978	326 1 156 292
979	401 461 281 212
980	109 448 289 209
981	173 466 183 47
982	402 110 79 49
983	390 201 395 42
984	326 448 20 119
985	54 409 195 146
986	85 187 18 446
987	1 376 308 132
988	319 106 226 495
989	301 320 451 108
990	236 228 355 73
991	94 29 417 356
992	299 371 301 23
993	171 8 91 337
994	89 499 42 178
995	169 405 455 236
996	452 26 71 412
997	228 117 260 189
998	144 313 255 402
999	361 100 277 283
1000	451 3 369 496
