Students	1000
1	520 445 46 1323
2	226 122 877 902
3	1090 1064 262 537
4	951 365 18 1255
5	1237 965 713 1148
6	621 757 598 567
7	795 452 820 1247
8	1003 146 943 1432
9	763 434 811 1480
10	944 1219 899 1238
11	12 554 41 561
12	1203 1346 379 122
13	608 852 51 894
14	445 1255 1236 634
15	1461 295 235 987
16	867 682 462 1119
17	413 357 1324 1472
18	779 875 914 418
19	57 660 379 6
20	360 1011 934 85
21	597 267 1182 915
22	1284 527 805 389
23	1293 1262 243 865
24	1369 1322 1459 427
25	693 60 658 445
26	1495 1363 290 729
27	150 629 1257 381
28	1071 975 751 223
29	385 354 1324 196
30	35 1365 167 1009
31	1247 223 708 1444
32	994 1372 410 1310
33	172 1290 1367 693
34	383 1469 126 1498
35	839 519 228 719
36	786 659 795 550
37	444 628 829 889
38	1394 198 801 715
39	132 404 409 1472
40	1436 1389 589 133
41	1121 714 15 95
42	349 694 1252 47
43	1266 978 244 1287
44	920 484 132 665
45	1414 870 994 1022
46	636 409 1119 1097
47	695 260 991 833
48	56 201 1427 1178
49	1097 126 1439 1034
50	92 105 562 1341
51	1057 144 907 711
52	794 1160 1139 537
53	595 1083 465 1064
54	871 162 487 22
55	12 842 697 286
56	486 405 258 1148
57	534 89 486 552
58	1108 593 1404 1088
59	397 420 877 774
60	1092 1317 472 1179
61	307 257 1485 1105
62	996 523 1183 369
63	926 913 1141 257
64	133 572 1195 950
65	57 261 970 1486
66	788 781 1294 44
67	527 370 192 132
68	1092 232 1034 1466
69	363 694 1255 1385
70	112 101 51 839
71	297 66 863 921
72	324 419 386 481
73	302 1160 608 331
74	838 1342 1197 768
75	923 989 250 202
76	920 387 707 834
77	909 648 632 936
78	1149 972 596 1091
79	1295 84 425 1329
80	851 207 897 1181
81	464 608 1180 595
82	297 1468 1126 1074
83	1403 100 705 1465
84	570 131 582 1124
85	1376 18 932 1079
86	951 1135 1276 953
87	1004 802 296 1330
88	661 1096 987 603
89	841 620 1161 1381
90	874 244 810 1442
91	903 1114 27 1448
92	954 1179 450 812
93	800 361 85 1028
94	567 1241 1232 459
95	570 217 1266 1042
96	947 1223 1499 742
97	1118 1471 79 947
98	1384 675 178 121
99	1196 923 463 1116
100	215 196 299 376
101	259 1457 885 1354
102	503 854 216 1467
103	1162 1092 660 113
104	877 240 146 879
105	1140 201 351 1010
106	3 619 418 692
107	1273 1163 179 942
108	1066 1235 1061 56
109	670 1188 591 1055
110	1183 1496 961 1099
111	1475 816 73 526
112	224 1078 415 1189
113	425 304 1337 522
114	622 1375 345 1323
115	1163 97 293 889
116	1401 258 874 1250
117	1206 979 129 982
118	370 714 1245 255
119	546 1251 1408 205
120	648 671 1364 1367
121	171 359 1373 682
122	20 173 844 987
123	927 373 589 570
124	425 1004 1089 295
125	573 1048 644 873
126	292 430 395 959
127	615 340 938 663
128	363 398 540 1006
129	996 1336 1030 932
130	135 320 129 868
131	76 410 1128 322
132	56 1444 294 897
133	410 1215 145 1246
134	1232 319 1490 777
135	291 699 167 940
136	962 992 285 1003
137	175 346 842 185
138	1158 748 73 228
139	1174 148 32 954
140	852 1078 1088 938
141	1049 526 14 401
142	324 970 1000 60
143	1274 1470 1216 1094
144	129 671 166 718
145	1114 74 267 1030
146	217 220 349 970
147	363 926 176 1410
148	703 1333 356 930
149	888 932 1097 772
150	809 1070 1127 271
151	876 1164 1005 983
152	1002 223 294 652
153	1314 147 109 1180
154	895 436 652 654
155	67 235 37 1109
156	50 1288 1314 351
157	133 783 656 1395
158	997 1372 584 128
159	1093 255 1469 1091
160	1436 825 1266 887
161	78 1185 184 1392
162	1327 1300 1224 217
163	1127 89 966 196
164	873 7 41 628
165	658 1380 1421 1228
166	1196 1192 564 831
167	485 1270 564 150
168	1402 1312 1492 539
169	1207 1296 440 623
170	636 1082 961 137
171	606 1274 112 1474
172	201 194 1288 500
173	1224 339 482 582
174	839 182 1165 107
175	1109 1129 801 807
176	797 176 154 476
177	930 746 318 174
178	453 739 1330 804
179	535 716 1265 1242
180	1396 464 1273 1027
181	814 1014 794 1406
182	80 137 990 1343
183	1245 486 79 86
184	385 22 544 1050
185	837 571 79 1058
186	766 1147 358 341
187	1319 224 857 1317
188	452 933 1245 1480
189	339 1233 1018 1180
190	590 77 709 1033
191	187 809 49 1397
192	647 249 1028 90
193	42 373 355 1352
194	1361 1472 1437 1126
195	88 357 877 967
196	571 414 48 378
197	455 1091 474 669
198	321 361 801 311
199	831 466 1263 833
200	769 1192 1403 915
201	336 553 683 291
202	587 960 201 264
203	714 1163 1444 1016
204	261 950 944 908
205	742 557 434 782
206	974 78 246 800
207	315 1058 865 1023
208	35 981 1373 1098
209	1090 726 752 827
210	1212 373 1215 761
211	262 37 804 1371
212	700 941 439 484
213	1007 1140 1018 1285
214	422 472 1406 549
215	960 747 1069 767
216	855 872 911 260
217	1137 1073 633 937
218	116 834 741 649
219	613 962 472 216
220	129 108 368 1198
221	942 367 445 627
222	853 140 857 1286
223	275 834 666 226
224	702 289 253 615
225	902 1384 732 1405
226	55 821 815 1315
227	1024 1363 1300 126
228	8 552 480 1407
229	408 816 371 623
230	359 764 1402 752
231	1246 836 331 1405
232	683 337 270 1036
233	1014 26 716 839
234	773 1067 1396 1275
235	854 838 201 856
236	1202 159 787 710
237	1072 1468 91 238
238	248 118 1041 863
239	196 808 1457 175
240	21 26 973 380
241	1171 1105 1162 1166
242	193 122 1334 154
243	1227 1015 284 543
244	1431 89 915 1059
245	1172 614 1331 237
246	300 111 126 940
247	936 1166 777 598
248	1168 971 396 327
249	1483 560 1187 367
250	436 806 1399 117
251	368 276 658 80
252	748 109 205 269
253	637 572 393 1437
254	743 603 457 778
255	474 757 1033 1291
256	826 299 614 988
257	1059 1446 296 188
258	1434 1327 1143 1000
259	1372 609 1138 915
260	784 524 834 1157
261	829 1470 1397 315
262	1186 752 83 777
263	1024 1426 915 1089
264	609 1029 637 521
265	589 645 706 1087
266	869 297 813 390
267	141 332 121 13
268	13 941 1175 1070
269	1145 1334 378 732
270	255 1140 1033 1413
271	1071 333 1055 750
272	603 168 942 1013
273	659 273 400 161
274	1201 1407 98 911
275	757 436 1372 741
276	798 1128 1177 60
277	738 236 977 505
278	1198 1434 749 1269
279	736 767 1297 1453
280	572 272 877 374
281	1062 1012 145 308
282	530 504 431 1456
283	534 1307 472 1422
284	446 221 991 1441
285	105 259 985 90
286	188 315 959 413
287	1191 208 503 852
288	563 224 201 997
289	346 636 1247 1370
290	1033 818 1122 128
291	989 1069 1175 1310
292	41 1010 1111 984
293	279 519 1486 1123
294	94 1446 245 830
295	387 1387 1158 906
296	152 481 1007 1432
297	852 1468 772 1006
298	1253 105 547 619
299	497 798 932 739
300	301 581 259 2
301	405 1492 345 69
302	956 718 1053 199
303	823 593 1496 1275
304	92 1034 270 318
305	495 524 1493 53
306	1449 1430 166 305
307	875 859 328 678
308	202 1037 790 1079
309	412 1413 806 226
310	920 518 395 730
311	123 482 1429 1493
312	1105 341 778 1338
313	533 591 1315 1115
314	303 365 101 1282
315	141 1121 1169 974
316	621 571 1339 679
317	564 473 1429 838
318	883 787 999 844
319	1169 130 498 699
320	570 466 698 429
321	75 993 422 1136
322	193 335 539 108
323	696 1290 2 1004
324	261 124 1484 398
325	119 89 1134 66
326	96 597 147 412
327	528 584 625 152
328	1358 1201 19 1012
329	586 291 1397 1204
330	808 1375 699 493
331	696 616 276 495
332	1084 890 1160 106
333	356 973 587 565
334	1478 518 461 836
335	940 1165 891 303
336	566 387 622 979
337	123 1169 70 1340
338	1352 533 619 192
339	841 724 428 1274
340	28 907 81 726
341	717 770 694 418
342	384 502 1378 690
343	608 763 108 648
344	893 1215 742 203
345	563 254 840 520
346	65 181 511 851
347	344 318 629 179
348	736 493 917 899
349	814 1003 440 182
350	1087 57 575 1205
351	531 388 426 141
352	414 238 1048 801
353	83 1126 221 1170
354	852 986 1436 1051
355	830 508 439 892
356	1060 777 473 293
357	50 78 829 1284
358	217 1446 74 1315
359	657 210 725 388
360	506 349 614 920
361	111 257 858 910
362	720 1273 542 302
363	914 508 124 446
364	590 566 1135 1300
365	106 102 670 1029
366	912 162 1311 1036
367	569 855 50 394
368	1158 1480 14 781
369	534 641 1280 766
370	824 555 1130 1245
371	202 963 390 647
372	449 1306 1307 862
373	547 1257 1468 1467
374	1421 942 377 423
375	990 693 1322 105
376	943 1266 305 736
377	386 1358 1112 620
378	1325 459 777 296
379	1472 640 1275 166
380	609 1386 117 204
381	286 991 1164 1363
382	920 46 717 847
383	832 380 1104 1490
384	872 423 129 1096
385	280 1321 23 644
386	349 807 286 499
387	1285 750 953 1057
388	1488 32 618 185
389	1167 266 1467 527
390	792 579 516 354
391	1052 390 631 422
392	907 95 713 1464
393	1331 1464 146 462
394	770 608 1201 828
395	1270 1140 1204 437
396	55 1047 255 1054
397	918 1114 1050 751
398	608 86 529 348
399	1056 1304 1401 104
400	360 919 1481 337
401	1319 108 717 1299
402	77 196 140 185
403	338 1106 788 1089
404	715 634 831 1339
405	209 757 826 1106
406	69 674 106 347
407	409 93 1034 288
408	1445 56 564 218
409	839 271 698 1361
410	86 776 197 355
411	76 1082 1494 1241
412	1217 570 1229 1117
413	584 1041 1097 339
414	161 418 162 1072
415	600 1143 679 539
416	224 438 926 996
417	694 1155 1116 195
418	1220 624 1163 1164
419	65 1454 585 252
420	824 968 646 1440
421	3 920 279 1134
422	1264 1295 331 107
423	104 791 702 292
424	203 1481 385 335
425	280 78 384 782
426	132 693 816 579
427	379 738 421 1479
428	16 378 1073 629
429	253 1260 495 483
430	472 1397 78 386
431	1500 100 419 965
432	1316 518 750 332
433	708 1082 1338 1118
434	418 872 524 520
435	10 1394 1483 1061
436	1457 987 790 226
437	1472 201 1259 1404
438	875 670 1489 755
439	1394 130 1106 348
440	1065 1196 853 183
441	1416 982 760 20
442	1146 1144 924 1114
443	970 2 563 870
444	985 153 613 319
445	1037 829 10 275
446	544 1439 1021 868
447	1388 1466 1053 1054
448	1053 1089 1202 1117
449	22 102 1110 1415
450	1489 909 415 657
451	824 66 867 1386
452	872 535 1148 17
453	573 407 246 24
454	978 1457 925 144
455	361 1237 1406 756
456	160 1281 19 341
457	673 940 253 1372
458	1176 204 220 523
459	1396 192 278 737
460	1114 565 795 806
461	818 918 1009 424
462	1263 1235 635 568
463	294 384 1038 971
464	620 1166 910 249
465	124 26 391 600
466	541 576 268 776
467	1406 386 535 667
468	979 511 1270 51
469	111 1171 1473 748
470	1185 901 331 553
471	901 932 716 641
472	744 210 1411 649
473	311 711 978 1189
474	891 367 138 734
475	786 226 567 662
476	1088 880 368 876
477	244 1213 369 527
478	552 839 954 140
479	317 1498 803 755
480	538 1432 667 246
481	173 1142 366 336
482	1471 142 1332 728
483	920 160 246 508
484	761 1415 1248 195
485	926 303 27 674
486	1483 856 1420 262
487	1080 809 741 1267
488	1466 857 1500 643
489	448 174 914 1290
490	1256 1036 1109 1324
491	62 670 300 12
492	384 1436 1458 623
493	114 1202 752 1206
494	892 132 1264 1348
495	1175 964 1080 63
496	1114 1178 90 109
497	1223 967 328 298
498	330 1239 1138 735
499	1187 70 635 1145
500	557 765 1476 530
501	959 513 1309 828
502	946 192 486 491
503	872 692 1288 718
504	1495 889 56 354
505	469 1017 1473 1264
506	94 399 218 189
507	14 664 825 1353
508	250 501 506 480
509	620 339 258 624
510	722 1166 343 1449
511	625 355 101 1300
512	257 133 657 70
513	315 875 914 407
514	68 669 324 1497
515	455 39 509 1291
516	737 1385 1276 1312
517	689 3 379 608
518	1324 1069 723 1269
519	1464 658 967 32
520	21 372 1490 814
521	801 427 138 1013
522	668 1214 575 1254
523	1224 453 724 1057
524	502 593 610 982
525	71 459 376 1215
526	371 580 1452 1268
527	1421 175 1113 682
528	660 122 703 1449
529	1101 236 434 152
530	1087 853 164 1037
531	470 519 1350 735
532	580 906 306 1448
533	1445 670 120 502
534	587 37 398 771
535	778 906 307 696
536	155 859 1489 628
537	905 225 1426 213
538	205 914 499 51
539	1414 1308 794 32
540	1128 124 682 943
541	255 1299 1252 1431
542	651 460 1246 1215
543	1236 1139 271 978
544	1327 798 917 1425
545	623 874 1488 62
546	1060 88 189 829
547	853 1200 1016 1467
548	671 939 997 1113
549	326 79 1377 1342
550	817 208 984 1239
551	1137 1482 1166 1282
552	1392 522 1450 301
553	1341 173 546 668
554	1017 1470 533 1030
555	900 67 397 1355
556	314 1404 19 1150
557	439 870 882 1334
558	1344 930 1111 139
559	1218 183 409 552
560	1364 221 825 72
561	407 753 374 156
562	500 257 553 205
563	259 1393 237 622
564	417 520 178 662
565	668 1436 875 1389
566	1201 1459 919 638
567	348 740 294 393
568	1417 310 934 1369
569	442 999 1123 1184
570	122 517 1467 252
571	1373 60 931 1140
572	92 75 1122 903
573	19 74 743 701
574	564 142 601 1198
575	23 1049 1156 457
576	976 183 483 333
577	1045 884 827 1416
578	472 281 368 1199
579	41 559 328 308
580	494 1406 623 1130
581	844 549 968 328
582	373 1435 1144 355
583	833 326 1455 1260
584	340 647 802 931
585	781 154 824 801
586	1194 852 173 850
587	1259 1146 1287 824
588	438 66 782 281
589	144 57 1391 914
590	561 797 1334 312
591	1113 636 84 552
592	1151 509 1242 753
593	1493 1121 1068 375
594	1489 851 57 365
595	1356 846 191 728
596	914 340 879 974
597	393 1097 1135 1088
598	798 748 1132 1449
599	968 716 593 932
600	496 992 661 1360
601	264 559 721 215
602	36 410 969 348
603	1127 1292 1212 305
604	1142 1272 1147 805
605	552 995 575 1462
606	944 1443 898 1326
607	837 238 230 43
608	72 268 1247 14
609	50 570 4 195
610	174 1437 738 862
611	871 1210 503 419
612	454 862 418 255
613	187 523 1194 524
614	631 1036 1344 50
615	1050 399 1439 1400
616	996 126 1428 1042
617	100 256 1398 751
618	321 1244 438 355
619	158 447 743 754
620	1159 1018 751 285
621	1103 364 1272 790
622	1455 430 1262 49
623	1366 579 1352 400
624	1263 533 505 1465
625	292 489 481 159
626	695 1118 81 320
627	786 1071 314 492
628	614 117 1354 148
629	32 51 592 837
630	1359 582 637 1193
631	235 60 1164 1267
632	621 1409 169 1118
633	177 1113 136 1362
634	1393 605 1164 1470
635	1471 121 1117 705
636	661 325 517 1002
637	249 1008 113 401
638	1296 124 449 748
639	1070 448 785 416
640	330 410 887 692
641	140 237 1062 1422
642	53 860 800 514
643	966 309 493 1086
644	1051 740 949 1179
645	340 513 229 1444
646	27 905 1139 111
647	560 870 131 626
648	435 1037 521 1338
649	3 1213 703 1229
650	94 1124 850 311
651	1180 312 402 1100
652	133 1031 779 61
653	578 1369 1300 1178
654	240 84 837 572
655	37 64 620 852
656	302 1489 1141 997
657	609 1193 822 14
658	650 124 678 431
659	723 1350 686 1135
660	683 1189 612 557
661	649 536 1212 274
662	1246 1029 81 874
663	132 115 143 1416
664	172 1003 765 205
665	143 1019 488 946
666	468 158 1271 392
667	611 772 1178 1418
668	616 1139 396 423
669	1498 972 1224 19
670	2 265 281 301
671	472 592 246 1323
672	1475 430 785 128
673	925 1198 712 35
674	1496 1094 494 1295
675	403 426 1401 930
676	837 978 347 189
677	22 926 1331 1160
678	1212 730 1194 556
679	687 329 786 466
680	659 808 1340 1060
681	445 1215 489 1111
682	926 62 1206 631
683	498 536 109 78
684	989 1065 693 1430
685	1375 451 924 702
686	1248 1074 1130 1176
687	443 96 797 1457
688	1283 673 356 658
689	378 1421 1493 616
690	940 565 8 495
691	856 866 1421 377
692	327 1239 969 642
693	129 369 961 888
694	653 774 670 1239
695	782 931 324 1341
696	121 361 37 143
697	1329 766 1181 1471
698	904 266 860 1459
699	1390 894 1296 380
700	1492 1390 1128 461
701	45 446 932 1127
702	971 788 124 597
703	6 354 979 937
704	536 543 538 1230
705	561 104 544 1252
706	1268 211 321 872
707	274 1262 99 625
708	1416 1159 709 1487
709	1198 529 341 622
710	145 524 489 1408
711	1352 735 1456 1065
712	1359 265 1064 530
713	960 1345 267 445
714	408 225 666 799
715	1428 1249 11 325
716	122 987 1319 958
717	211 883 980 428
718	754 853 1160 198
719	210 558 768 1405
720	1040 1212 170 179
721	476 180 1043 9
722	182 731 619 894
723	413 509 26 74
724	1155 796 1176 516
725	1344 1004 222 1214
726	312 428 1129 1211
727	1148 831 951 1224
728	1305 976 484 940
729	298 145 1292 1019
730	1423 1257 463 923
731	505 1341 1297 805
732	1410 22 458 1332
733	200 619 98 463
734	402 1059 1441 799
735	964 388 980 1255
736	586 51 622 1031
737	1018 768 529 1111
738	648 861 1278 200
739	1184 219 1069 1252
740	1090 1270 215 828
741	770 665 1400 370
742	889 381 644 596
743	51 347 660 1436
744	452 833 534 1424
745	1015 1053 144 516
746	703 1240 542 689
747	294 853 1453 674
748	62 332 94 742
749	609 467 70 179
750	946 1088 489 732
751	791 454 225 1294
752	318 845 45 374
753	835 1040 831 394
754	124 1266 1361 1015
755	123 15 794 76
756	845 821 121 303
757	346 871 111 714
758	173 1458 124 830
759	1257 83 907 702
760	655 467 315 420
761	792 711 422 246
762	935 195 73 141
763	155 888 1384 1192
764	989 172 1295 746
765	820 600 279 855
766	527 936 543 542
767	1451 122 1226 273
768	474 391 5 108
769	61 1465 379 1143
770	1160 1312 971 949
771	1236 692 1256 975
772	1090 254 1241 936
773	560 52 312 207
774	841 525 524 377
775	341 518 241 630
776	315 83 358 1193
777	993 445 684 522
778	1276 243 405 995
779	916 1321 834 337
780	701 1349 677 1333
781	385 1322 421 1211
782	1156 214 1325 559
783	941 207 1022 1307
784	1006 969 484 565
785	1425 929 387 299
786	1375 704 997 1165
787	211 262 1165 901
788	871 1249 441 561
789	848 673 832 952
790	1143 228 1372 173
791	191 198 82 35
792	430 121 65 643
793	1210 574 62 557
794	270 1427 1243 1497
795	28 27 494 1004
796	582 216 322 326
797	798 1221 590 402
798	840 817 1190 354
799	370 49 1038 655
800	1064 683 1258 6
801	1237 227 908 543
802	308 5 222 1422
803	19 866 433 708
804	1320 553 461 1434
805	794 74 899 371
806	1473 1352 1349 255
807	822 492 725 411
808	524 783 24 988
809	183 1087 1265 239
810	632 926 196 652
811	596 1489 1473 69
812	1035 51 55 658
813	129 190 246 1382
814	1097 977 137 61
815	708 956 1038 882
816	373 687 650 499
817	243 1433 272 252
818	643 27 313 1496
819	1375 1069 585 406
820	742 1041 129 1205
821	209 1179 42 758
822	816 56 749 1279
823	65 229 730 1283
824	953 445 201 827
825	98 1202 444 771
826	916 128 203 1329
827	1284 266 662 333
828	508 1313 608 30
829	44 1330 556 1141
830	1332 183 209 579
831	1408 1027 942 402
832	966 775 661 659
833	1362 141 889 339
834	811 97 682 1475
835	1088 519 1058 791
836	578 656 1463 757
837	1086 1085 1367 1207
838	1064 484 1306 407
839	624 1203 1182 426
840	1083 438 6 75
841	759 797 1441 1198
842	1048 86 835 252
843	97 858 1460 341
844	892 1260 1154 439
845	1191 1226 1103 825
846	1098 1481 260 1147
847	911 851 33 1382
848	304 1355 469 775
849	291 588 436 953
850	1467 1202 1224 928
851	1275 493 364 955
852	1236 1226 643 425
853	922 1023 208 411
854	1213 752 404 1068
855	1017 562 1326 472
856	844 1207 233 771
857	131 714 407 1298
858	748 350 467 845
859	37 423 879 1073
860	1290 1457 215 77
861	469 91 1481 1220
862	1227 648 98 298
863	517 574 1025 32
864	1270 1290 813 809
865	496 1144 1414 69
866	337 506 934 1446
867	953 311 634 660
868	1303 1147 357 1082
869	1426 200 156 1340
870	932 308 656 600
871	388 66 582 877
872	1161 343 876 764
873	1265 444 799 356
874	1310 1168 331 973
875	132 388 1023 1015
876	1170 651 1449 617
877	666 299 254 121
878	837 1237 506 177
879	1133 352 1012 1268
880	30 626 1242 263
881	65 1183 79 1443
882	951 1236 1389 568
883	14 125 537 97
884	133 453 21 1112
885	1092 503 962 1299
886	8 169 363 762
887	691 720 927 773
888	256 1488 822 1275
889	95 678 252 809
890	271 68 1440 545
891	344 423 1447 597
892	885 20 308 1363
893	974 779 300 569
894	716 5 635 751
895	400 1168 795 745
896	1282 676 744 1433
897	1440 823 1254 449
898	737 460 112 1070
899	559 1086 569 18
900	802 251 1380 1245
901	158 1096 310 346
902	1169 530 843 620
903	254 784 659 693
904	828 1125 913 1328
905	605 245 322 266
906	1446 813 390 498
907	847 297 882 1015
908	1071 1304 1072 1276
909	1379 789 1024 1468
910	1075 1207 274 378
911	695 28 1078 272
912	865 1 253 1027
913	535 1051 508 282
914	501 1218 813 1135
915	1124 1385 1224 736
916	1450 1035 980 778
917	1426 874 469 1101
918	1272 251 641 312
919	1217 156 532 167
920	1107 1226 1391 64
921	378 909 106 408
922	1344 228 532 650
923	186 600 844 422
924	921 801 1263 1386
925	1427 1074 1444 574
926	1188 1273 992 1261
927	998 539 543 1097
928	259 1247 1022 163
929	211 1210 1218 46
930	779 1047 1499 1402
931	271 167 34 10
932	485 1379 1012 163
933	972 1307 326 1421
934	880 1217 607 686
935	842 634 1267 202
936	1285 1293 1211 924
937	518 560 742 1252
938	1457 907 1025 936
939	1304 854 612 996
940	1334 249 423 61
941	864 881 660 857
942	892 853 158 271
943	1150 1348 298 567
944	442 373 380 1244
945	137 1371 499 1213
946	58 367 963 380
947	553 322 988 299
948	675 1495 1036 977
949	215 647 1279 952
950	700 1075 354 314
951	1201 548 1440 123
952	1317 1263 733 1208
953	946 264 1275 304
954	1422 291 1262 14
955	1453 986 81 1384
956	934 72 280 668
957	652 1365 193 746
958	972 744 338 1152
959	470 1470 1200 1171
960	641 237 1362 704
961	528 577 1013 952
962	884 754 1146 744
963	861 1153 323 1392
964	102 1179 580 259
965	380 521 21 558
966	1410 1344 1089 378
967	1240 271 241 803
968	603 287 290 14
969	570 1194 906 1077
970	59 1125 1167 245
971	469 182 1499 19
972	1471 511 778 100
973	1357 362 694 1239
974	919 1184 1059 90
975	1261 1482 57 442
976	443 575 205 131
977	248 1461 653 842
978	1332 578 875 1007
979	1143 412 1193 913
980	3 1116 608 229
981	318 886 1189 619
982	849 903 1321 934
983	1209 602 611 763
984	1041 393 623 545
985	834 439 110 985
986	1288 1284 372 1053
987	431 614 1063 312
988	94 123 989 177
989	415 1040 541 1396
990	63 29 1455 173
991	680 593 1197 752
992	788 341 1236 1263
993	1299 238 601 952
994	360 22 477 1061
995	1492 1217 212 1203
996	975 78 870 380
997	710 1376 389 1215
998	586 346 441 553
999	1484 23 755 140
1000	1455 16 704 793
Students	1000
1	1345 1201 755 368
2	1109 213 1325 921
3	998 1067 492 1068
4	236 991 821 601
5	1300 277 1340 481
6	1283 1005 964 1001
7	453 496 813 617
8	880 561 1329 816
9	933 1130 197 215
10	843 252 879 913
11	768 416 182 294
12	838 110 1062 815
13	554 94 483 737
14	546 1356 1291 597
15	509 726 150 1400
16	848 310 935 67
17	387 895 845 377
18	1231 1214 1429 705
19	1320 643 593 578
20	751 234 936 680
21	1103 1267 858 743
22	83 700 1209 1234
23	173 304 206 890
24	793 266 1330 1389
25	1449 909 873 25
26	603 26 935 243
27	1384 119 229 649
28	519 864 801 663
29	506 963 862 1249
30	787 269 301 298
31	1334 1274 406 36
32	1205 645 1233 246
33	471 100 216 698
34	888 1235 1368 668
35	1261 628 571 1325
36	130 651 777 861
37	256 138 813 23
38	501 1180 1076 173
39	325 639 621 1489
40	1385 1016 647 138
41	542 27 1054 485
42	102 1323 1181 1449
43	1041 1327 1018 283
44	772 633 539 252
45	832 883 459 1132
46	41 409 945 278
47	1049 149 333 805
48	221 294 1371 80
49	902 146 256 583
50	847 1014 1222 1005
51	1060 545 219 894
52	1056 1159 1486 1105
53	1421 1299 806 973
54	113 1003 444 699
55	289 79 1103 777
56	1274 1263 1134 412
57	1473 47 991 1074
58	1318 831 36 832
59	151 69 1376 426
60	734 33 1308 562
61	630 553 1308 367
62	1086 880 1403 1346
63	234 1436 902 1472
64	977 996 1217 808
65	1387 141 1080 868
66	561 1375 841 222
67	1275 1107 1019 29
68	545 1276 851 1457
69	432 1365 564 1332
70	564 1392 115 126
71	4 266 914 80
72	545 71 1450 7
73	1342 590 1298 480
74	671 1460 357 594
75	1098 569 222 285
76	411 1280 728 202
77	1004 232 127 1002
78	1153 760 199 793
79	1087 1011 524 798
80	935 817 796 205
81	1209 1099 756 890
82	934 1090 166 694
83	485 1338 1104 403
84	418 238 997 1194
85	1344 1179 901 302
86	122 140 720 870
87	266 250 1212 1157
88	173 148 733 18
89	531 559 438 123
90	1005 502 1238 17
91	696 1060 433 605
92	1472 756 252 449
93	375 560 1372 192
94	312 1206 62 164
95	1403 297 1175 1493
96	409 1311 1214 1427
97	1413 544 801 1082
98	401 444 641 1405
99	434 1158 1118 298
100	1041 1011 260 596
101	193 700 920 171
102	1404 1052 667 1388
103	940 1071 1385 255
104	17 1390 661 755
105	312 34 500 144
106	1242 133 1476 128
107	1481 498 1027 445
108	1311 27 6 1289
109	91 122 145 403
110	809 152 356 638
111	350 1001 1343 1381
112	10 303 758 448
113	977 88 1497 773
114	1471 1149 789 695
115	1156 1462 366 392
116	535 834 905 288
117	94 123 450 745
118	425 126 1016 1477
119	1302 205 282 9
120	1496 542 264 398
121	1278 1254 298 387
122	329 20 1208 651
123	871 679 1383 392
124	1297 237 1421 1463
125	1276 1438 619 407
126	497 1072 875 881
127	785 702 51 1255
128	948 1425 1126 1060
129	1189 428 572 755
130	304 237 551 604
131	12 1155 1135 82
132	459 472 1353 463
133	593 744 162 504
134	857 708 1132 284
135	437 1401 1457 827
136	515 583 624 1118
137	1164 1440 1402 638
138	333 953 662 737
139	1407 56 576 1162
140	541 1472 30 1311
141	490 1259 1165 1242
142	1271 571 686 494
143	838 624 785 202
144	1145 448 306 940
145	657 1105 918 1464
146	489 629 221 1048
147	627 903 714 23
148	1265 17 1165 163
149	1026 684 384 502
150	151 532 713 699
151	1010 900 778 147
152	259 998 955 582
153	545 990 1054 1246
154	908 1347 777 78
155	372 1415 85 1077
156	541 998 1132 1490
157	774 732 863 549
158	1387 364 345 845
159	876 295 795 722
160	484 849 585 1192
161	644 697 32 207
162	1077 1259 365 1191
163	1254 293 541 1124
164	1060 394 1431 1241
165	1 292 1143 39
166	128 696 616 1424
167	1019 1421 1068 374
168	423 1051 321 1409
169	54 453 1109 143
170	119 1204 388 784
171	437 876 1417 1197
172	870 1345 565 560
173	943 381 780 149
174	115 1489 269 340
175	65 273 1162 359
176	573 498 625 567
177	60 309 1220 762
178	1480 1473 735 1143
179	1132 732 426 1136
180	246 821 349 1204
181	166 483 824 913
182	1104 33 1080 338
183	121 736 361 8
184	1166 1111 984 100
185	1487 1415 549 283
186	1444 175 1262 268
187	130 865 143 201
188	925 516 482 967
189	337 228 1283 1472
190	1168 799 146 958
191	1016 1407 932 28
192	1135 1207 1010 655
193	749 747 218 486
194	1070 1080 476 727
195	1206 205 587 405
196	1194 61 937 977
197	918 1410 963 1071
198	309 347 1296 69
199	948 1479 844 1238
200	594 440 963 143
201	666 411 45 321
202	382 750 909 1294
203	138 242 1002 309
204	1143 522 408 1465
205	4 885 1269 1323
206	137 848 854 1331
207	733 307 557 1111
208	806 529 570 932
209	1247 815 324 1025
210	1485 144 218 923
211	138 1227 600 497
212	1301 1046 936 1071
213	494 711 892 850
214	867 462 21 1368
215	1341 936 148 868
216	911 1027 1388 1439
217	1194 981 856 969
218	381 946 266 802
219	1422 1191 498 479
220	1383 1437 1448 412
221	356 313 137 1031
222	881 311 1098 897
223	1458 305 1004 1376
224	1141 1376 1457 1367
225	367 732 1005 497
226	1205 879 445 750
227	204 41 113 1269
228	1418 879 467 174
229	737 1389 634 1122
230	1086 303 332 70
231	327 1407 844 600
232	1294 994 1006 339
233	972 1015 10 1006
234	1158 727 1473 1189
235	821 463 749 891
236	1497 1078 1243 476
237	1160 830 1193 1482
238	1352 1058 609 1268
239	618 135 823 848
240	1196 1159 450 1179
241	709 102 1316 520
242	869 1344 923 953
243	1287 399 643 69
244	895 1067 556 753
245	570 891 1048 675
246	243 677 1260 616
247	82 74 1451 1086
248	917 420 429 589
249	1146 1421 669 1496
250	447 380 740 683
251	982 343 209 835
252	318 921 933 917
253	463 1370 733 678
254	317 622 224 441
255	1226 486 98 537
256	1485 803 148 971
257	549 769 714 127
258	1466 1492 488 555
259	1252 701 233 323
260	514 131 543 32
261	359 45 1355 1462
262	241 428 313 1456
263	774 238 1319 849
264	845 45 757 651
265	435 157 374 1383
266	635 763 1078 586
267	1169 476 1270 1484
268	1023 398 505 762
269	1377 610 1 678
270	1453 38 841 887
271	156 425 260 53
272	816 630 1029 740
273	1094 1034 229 541
274	1403 614 227 1288
275	1185 1017 493 984
276	1283 83 365 847
277	636 377 33 725
278	150 1464 858 323
279	274 434 1387 82
280	300 344 1080 901
281	324 144 663 961
282	758 926 1406 889
283	449 583 239 30
284	371 569 506 839
285	1256 476 1027 1412
286	1322 63 1241 13
287	798 204 1289 90
288	987 1130 1387 1258
289	628 760 1025 1340
290	1444 1145 1014 402
291	521 1486 513 1365
292	613 1287 207 372
293	1205 310 592 3
294	110 659 393 1383
295	246 425 814 322
296	807 976 851 701
297	142 1053 556 1221
298	884 609 1038 768
299	1247 539 186 705
300	814 658 1142 194
301	729 1024 1336 868
302	215 762 796 500
303	583 1435 775 789
304	1379 1090 647 1339
305	1014 842 324 1482
306	1023 849 1441 343
307	33 1084 152 340
308	869 689 534 224
309	628 724 1219 1003
310	1120 137 182 258
311	611 59 1487 1495
312	213 612 1135 347
313	11 468 928 570
314	866 116 39 956
315	1278 832 177 672
316	487 984 242 382
317	1124 198 1037 160
318	1377 1478 1044 13
319	1383 141 872 470
320	1404 615 47 1465
321	1085 59 1213 721
322	942 381 606 813
323	708 1272 704 426
324	296 923 1001 439
325	571 405 1306 352
326	696 1422 273 930
327	391 17 903 845
328	581 138 236 387
329	1165 1418 249 927
330	968 562 1462 479
331	861 401 1366 292
332	69 245 602 1134
333	756 1455 1277 1463
334	104 1173 140 792
335	793 1187 611 746
336	344 13 705 300
337	905 1296 323 1384
338	431 720 1293 196
339	1487 1016 1432 240
340	819 297 1227 1325
341	41 859 843 1227
342	905 1467 890 12
343	416 1422 427 1227
344	1459 224 194 1320
345	656 794 1198 691
346	1371 1492 454 1282
347	94 837 1477 268
348	1022 694 1207 895
349	599 774 82 328
350	212 644 1189 111
351	280 77 598 11
352	549 556 552 572
353	403 146 1381 29
354	590 980 9 369
355	394 1182 984 823
356	1214 1144 457 1193
357	488 1009 194 1352
358	277 1060 1191 1398
359	417 1332 424 284
360	1024 779 160 669
361	1420 633 1159 89
362	550 384 742 1219
363	918 474 156 656
364	1204 180 819 740
365	1324 1035 567 872
366	890 612 1443 617
367	207 1138 582 793
368	526 1122 647 334
369	1387 879 643 481
370	706 1094 1414 1380
371	521 309 680 347
372	1167 559 587 456
373	786 1257 243 879
374	1087 99 1416 1293
375	994 601 266 993
376	601 779 648 926
377	232 279 1085 895
378	28 19 1490 921
379	549 843 191 265
380	1356 1070 446 1165
381	720 1277 17 1343
382	416 193 1382 44
383	1239 64 404 998
384	391 1208 1362 1099
385	929 1298 1196 237
386	947 377 111 1005
387	1407 1253 681 1198
388	1190 1004 577 111
389	86 433 1420 134
390	516 751 899 605
391	1446 124 213 89
392	556 1463 653 1374
393	25 920 1240 524
394	504 1227 1035 543
395	285 8 119 920
396	1464 40 190 754
397	486 1324 351 1055
398	256 234 663 798
399	119 1352 1311 517
400	204 1314 445 1345
401	124 457 634 1249
402	919 958 322 682
403	1281 212 1019 926
404	1428 289 223 587
405	1048 608 93 748
406	185 474 956 1226
407	997 448 674 865
408	1067 908 1161 785
409	92 3 316 5
410	1357 515 994 1380
411	1189 1270 700 103
412	498 749 960 1217
413	1393 793 960 206
414	539 1035 455 418
415	820 97 154 712
416	173 711 458 903
417	1230 763 121 83
418	117 1091 1431 1311
419	1180 115 17 74
420	830 1430 1321 978
421	1446 291 348 1158
422	1066 429 654 1181
423	374 262 336 843
424	267 988 12 490
425	160 1015 926 324
426	523 55 248 359
427	147 1257 1268 472
428	1026 1380 569 807
429	337 1476 911 64
430	403 434 133 418
431	568 173 459 1276
432	1234 75 86 1217
433	679 1450 310 951
434	235 841 407 940
435	449 400 576 1389
436	1203 381 191 146
437	1148 1494 634 1480
438	267 753 447 650
439	781 1262 673 824
440	263 1187 658 327
441	335 1148 468 645
442	752 68 1304 1413
443	1305 878 955 254
444	699 559 698 111
445	1247 1090 38 533
446	213 1280 361 496
447	250 1284 1368 473
448	14 6 827 1475
449	460 1428 653 616
450	357 641 600 322
451	108 657 337 394
452	1135 1143 89 1192
453	468 674 282 1265
454	189 712 197 870
455	230 1392 328 809
456	31 313 283 962
457	1429 335 368 1405
458	1232 562 524 221
459	871 158 296 510
460	615 653 744 712
461	881 913 397 1092
462	1164 1267 542 624
463	187 1394 463 244
464	655 1409 553 1120
465	381 1006 581 682
466	25 232 1413 1340
467	599 147 223 347
468	793 1239 1481 1319
469	400 1056 411 623
470	61 736 557 411
471	764 460 369 800
472	682 64 805 588
473	1158 163 698 284
474	94 461 1237 826
475	801 945 203 778
476	560 936 1035 1236
477	494 287 609 606
478	749 1157 1148 504
479	787 1023 1459 1194
480	24 262 945 1236
481	1210 994 1055 743
482	1181 969 348 1322
483	1409 702 1347 571
484	1106 80 205 51
485	222 1318 693 224
486	1353 317 242 823
487	1038 121 924 473
488	611 1481 750 991
489	1216 157 1166 551
490	291 98 222 1130
491	358 996 1317 1089
492	612 135 425 1261
493	1380 498 1064 520
494	611 1368 421 917
495	570 432 1271 955
496	297 753 309 302
497	678 672 495 922
498	1479 1008 1426 1212
499	1060 993 807 155
500	305 189 999 345
501	1473 1168 1007 176
502	58 789 1166 663
503	1289 1251 1185 724
504	12 276 999 505
505	1222 442 982 284
506	852 1091 69 1264
507	44 433 730 1361
508	141 850 261 1111
509	790 32 507 917
510	1258 441 452 922
511	574 168 1465 421
512	911 294 261 834
513	373 647 88 275
514	1479 1365 1486 636
515	486 178 1345 537
516	1358 1315 1405 1059
517	313 1279 458 774
518	352 983 458 396
519	1173 179 1294 1096
520	1274 532 416 827
521	545 282 603 1464
522	509 589 908 328
523	1408 1080 1094 1165
524	160 846 1228 521
525	223 706 504 1463
526	166 1380 130 1454
527	127 497 573 1357
528	1398 407 786 1386
529	997 67 465 76
530	210 352 855 826
531	772 422 387 957
532	262 909 53 315
533	1248 610 1278 631
534	128 758 852 165
535	979 306 96 573
536	747 278 846 718
537	505 1490 847 1447
538	201 893 23 1014
539	1231 167 589 1369
540	71 1225 564 677
541	596 671 1270 1217
542	749 370 475 282
543	503 1204 289 1385
544	90 1488 182 941
545	1003 230 253 1475
546	115 386 894 430
547	1282 791 457 287
548	226 983 816 717
549	1238 102 1095 1175
550	909 398 452 946
551	221 94 777 259
552	392 1437 489 572
553	941 214 883 1308
554	1453 1458 833 1096
555	1080 916 1279 150
556	775 1468 158 634
557	781 1296 885 320
558	708 1367 1336 844
559	1446 268 38 1350
560	703 947 1366 668
561	107 1051 1008 526
562	365 175 419 692
563	1147 527 465 736
564	714 345 838 1464
565	1177 739 585 1028
566	128 399 874 72
567	1100 930 366 418
568	294 658 1151 1363
569	167 100 1105 1061
570	628 260 1252 301
571	744 999 1336 1391
572	658 859 13 100
573	1031 919 876 561
574	250 1068 1473 465
575	1072 418 924 1047
576	1292 719 561 53
577	173 915 516 103
578	1048 778 1499 506
579	1142 1193 871 1426
580	376 700 1444 1322
581	1246 497 993 1255
582	290 115 758 631
583	343 366 619 908
584	560 10 865 970
585	1288 327 363 1256
586	57 49 421 52
587	1045 874 1144 947
588	957 273 1095 1110
589	765 981 180 316
590	187 1246 504 1442
591	649 1059 1047 1339
592	82 153 363 913
593	476 1399 1475 1175
594	237 38 628 853
595	1427 191 223 1355
596	345 1137 1417 476
597	1146 659 531 493
598	507 1294 160 241
599	918 734 1277 469
600	586 63 397 1369
601	906 520 1089 448
602	40 1467 1321 584
603	1013 487 768 286
604	996 1351 1044 1061
605	1239 531 1477 358
606	407 471 1239 2
607	744 1073 198 642
608	175 1277 673 1279
609	835 373 1049 468
610	432 897 1268 600
611	1171 1161 1072 1217
612	413 485 1158 1262
613	698 507 152 952
614	408 1476 816 1201
615	126 137 1200 904
616	200 834 1113 1209
617	689 38 1284 541
618	229 1048 253 1444
619	1453 863 815 1008
620	1299 41 776 1128
621	1088 104 1404 1052
622	225 1199 377 1147
623	755 497 430 781
624	1133 931 512 154
625	629 473 292 495
626	372 576 1272 187
627	45 749 1258 1113
628	84 40 1211 271
629	830 1395 695 1292
630	1421 1276 784 18
631	561 309 1370 1122
632	1186 119 235 756
633	1320 631 387 511
634	1376 91 698 852
635	1371 60 651 1233
636	1078 18 944 57
637	1243 1477 636 1413
638	601 742 588 862
639	308 1076 1000 1232
640	1433 1287 208 1148
641	1178 1450 461 466
642	730 1137 183 1178
643	95 1260 577 128
644	1494 682 1174 319
645	424 684 412 370
646	936 35 1458 1302
647	451 1361 777 566
648	173 1185 1460 1216
649	1324 481 1013 998
650	1465 405 550 1452
651	787 4 9 1374
652	595 981 284 329
653	1224 304 849 51
654	736 603 463 203
655	1037 1190 1195 1227
656	1298 1230 953 1487
657	1010 394 1187 1071
658	1176 917 902 197
659	485 1168 315 785
660	715 345 477 309
661	1055 1065 364 1372
662	338 851 1459 545
663	874 1393 174 8
664	1404 1354 464 1432
665	763 612 575 279
666	1214 434 729 1424
667	916 196 960 1273
668	901 819 334 1200
669	306 114 557 979
670	1051 1198 1342 258
671	1236 153 519 746
672	1405 130 250 898
673	491 1334 535 636
674	822 1341 1235 1231
675	120 1022 166 377
676	430 883 1039 456
677	86 754 1192 1314
678	1417 979 1397 267
679	1345 982 211 1224
680	1386 448 773 954
681	812 1177 1271 1112
682	955 754 659 982
683	226 799 1267 724
684	948 1158 26 1116
685	566 1195 317 306
686	527 1445 1017 489
687	1384 1398 769 374
688	465 469 1213 367
689	841 1211 1429 656
690	532 605 816 1314
691	639 712 19 669
692	483 298 1297 387
693	657 552 269 415
694	151 616 16 1047
695	283 549 1442 1039
696	899 618 17 489
697	706 1118 953 1457
698	883 946 131 241
699	1372 92 110 360
700	1079 1277 1156 507
701	1293 352 822 300
702	430 231 1311 439
703	1047 1021 976 35
704	683 366 1263 1276
705	518 230 460 1202
706	1117 1234 900 579
707	789 115 621 1481
708	805 348 1115 624
709	1035 797 1220 1349
710	370 49 1204 416
711	347 1098 206 758
712	902 544 549 1219
713	1067 1205 870 568
714	191 1339 35 462
715	501 1306 1187 1424
716	886 1408 723 449
717	1287 32 1354 1326
718	910 1251 1027 322
719	656 711 227 1107
720	84 1455 688 407
721	980 578 1061 1206
722	401 22 40 692
723	167 119 115 637
724	210 1029 1061 1431
725	842 174 1321 1376
726	786 187 389 1137
727	653 831 1387 954
728	293 509 947 1500
729	98 1446 280 968
730	1068 642 471 1168
731	942 333 1192 1406
732	451 400 154 204
733	24 1334 126 160
734	969 228 1281 486
735	660 55 859 1409
736	225 656 1078 334
737	820 1031 66 619
738	1158 838 628 658
739	344 1016 1456 302
740	76 1431 565 550
741	168 913 272 1338
742	404 463 1297 352
743	1362 1137 42 1151
744	54 351 1392 1435
745	661 376 447 292
746	1081 1432 730 642
747	257 808 1162 568
748	461 1267 1391 1140
749	698 386 988 681
750	313 1001 699 1250
751	1049 1212 29 1053
752	772 308 1136 674
753	780 921 135 1438
754	1435 812 819 502
755	358 1273 698 179
756	894 969 949 296
757	543 856 344 38
758	1309 115 100 108
759	1144 960 914 1365
760	276 789 409 318
761	1223 714 4 7
762	926 1032 1154 1289
763	178 1068 207 1328
764	1191 604 364 518
765	141 102 1011 930
766	70 494 1499 114
767	1259 467 1159 1192
768	459 684 371 228
769	134 1491 61 123
770	234 895 327 824
771	85 1180 1156 94
772	691 994 1335 40
773	295 897 903 993
774	1322 1338 1425 258
775	1022 532 808 1033
776	546 624 1001 456
777	682 404 1197 1005
778	556 756 871 387
779	412 985 109 533
780	369 885 328 656
781	110 1314 956 52
782	888 1056 940 1350
783	448 1157 255 120
784	1422 381 152 985
785	952 114 446 1370
786	587 297 595 1233
787	987 870 948 1449
788	1330 771 922 1062
789	780 804 807 55
790	539 812 246 732
791	1077 994 1356 1307
792	721 311 644 868
793	561 525 2 1080
794	188 534 402 701
795	328 178 1300 96
796	415 632 90 476
797	961 272 1098 1112
798	1411 675 1153 462
799	1148 1474 1103 266
800	400 78 654 511
801	732 1395 759 777
802	989 292 844 649
803	1229 216 407 51
804	190 1337 143 1275
805	989 1409 1181 419
806	735 1110 151 1193
807	547 1385 1140 230
808	569 1417 1158 355
809	89 77 612 264
810	178 1407 149 477
811	1013 1089 709 18
812	1052 1456 594 910
813	188 32 447 778
814	120 76 1341 525
815	1292 642 837 549
816	1319 682 1159 1205
817	418 145 1264 870
818	721 906 493 987
819	177 598 867 315
820	211 734 697 833
821	23 1177 1062 996
822	655 1471 478 1056
823	1286 502 207 283
824	1290 438 964 949
825	645 144 310 557
826	1275 902 746 315
827	205 451 494 777
828	1295 480 1396 201
829	341 1204 824 391
830	561 1179 860 396
831	114 969 1387 1117
832	1250 332 755 434
833	781 730 823 516
834	1033 977 455 713
835	269 1055 832 1349
836	823 115 1455 605
837	1453 648 924 165
838	668 959 336 1391
839	1104 646 450 1309
840	1409 1007 1204 1231
841	81 931 208 12
842	751 777 803 1404
843	1101 613 637 97
844	311 1134 501 61
845	817 587 831 899
846	438 1445 1166 1302
847	1430 1276 295 957
848	739 796 888 544
849	679 795 1074 1203
850	717 91 309 775
851	258 801 9 1403
852	1242 1227 740 1031
853	47 1256 576 1400
854	306 488 1490 1198
855	984 1232 360 1310
856	544 965 241 529
857	924 671 1362 715
858	902 146 1004 1151
859	542 254 926 586
860	162 318 587 212
861	531 673 676 1176
862	586 595 649 303
863	785 1195 1413 382
864	1015 729 806 1242
865	199 862 491 198
866	1046 888 345 408
867	834 625 727 1201
868	1150 1264 480 1348
869	376 21 434 1269
870	672 728 1127 55
871	665 281 666 624
872	553 814 532 494
873	947 919 1266 623
874	1430 975 1102 1166
875	68 463 300 1261
876	1412 1457 594 808
877	956 28 1393 1206
878	820 193 332 627
879	1483 1353 471 890
880	69 1309 865 1354
881	1165 806 805 578
882	587 1253 989 816
883	121 157 719 145
884	244 104 694 1293
885	1117 169 314 1223
886	383 1499 1146 616
887	786 1336 468 1050
888	543 882 1041 619
889	207 1219 789 1192
890	454 268 635 853
891	701 1080 1430 621
892	909 1194 716 539
893	546 1423 1151 657
894	621 947 1387 988
895	917 1021 900 1112
896	260 223 966 522
897	1203 316 643 894
898	370 1094 230 47
899	21 1293 396 1160
900	416 644 1086 291
901	816 730 801 1432
902	846 437 1158 1366
903	947 462 365 1302
904	1326 1065 1173 430
905	85 564 952 331
906	247 832 565 513
907	1131 68 468 201
908	269 135 690 1500
909	80 1073 788 410
910	1413 394 1162 200
911	26 762 863 407
912	1227 894 924 602
913	553 1066 194 577
914	661 1117 1333 1087
915	1348 864 827 772
916	635 1118 273 1228
917	1305 742 347 1323
918	726 236 55 225
919	1291 1020 444 996
920	99 822 180 85
921	1031 307 13 1280
922	1112 388 897 790
923	829 1023 954 660
924	1032 1457 906 489
925	448 1355 822 1163
926	480 560 468 1109
927	1091 727 1250 975
928	1050 194 1227 256
929	382 1399 1191 236
930	1096 661 1076 387
931	1178 871 352 1371
932	328 1084 1464 1436
933	878 781 918 877
934	1252 430 734 369
935	159 1496 1106 1382
936	1014 742 706 1085
937	237 1108 1376 1140
938	901 779 1006 607
939	866 511 191 708
940	1142 1088 382 639
941	812 194 77 619
942	1190 1031 84 320
943	1474 1359 911 1178
944	1397 43 1279 1367
945	215 883 1288 283
946	1377 899 348 758
947	229 67 133 1215
948	1419 1470 930 202
949	1004 518 212 1321
950	53 1424 41 807
951	71 399 82 795
952	258 505 201 668
953	271 150 672 929
954	430 957 565 5
955	269 1135 93 754
956	907 1311 1263 1477
957	436 1013 560 1319
958	345 661 1277 956
959	39 452 309 172
960	1278 161 529 738
961	423 1122 1239 630
962	495 1369 543 546
963	542 1179 159 449
964	801 623 1484 116
965	272 745 1403 787
966	311 1010 1180 218
967	967 1140 348 1047
968	1261 507 738 1139
969	114 374 848 220
970	728 713 792 1448
971	1349 1132 959 758
972	298 107 1491 1218
973	313 697 898 1241
974	516 1031 380 932
975	1079 475 634 741
976	433 626 976 349
977	950 929 681 756
978	173 145 483 380
979	503 1447 696 1412
980	1313 1088 832 1311
981	708 1271 775 844
982	791 263 981 1169
983	1319 792 429 696
984	266 865 1215 66
985	73 605 646 1134
986	660 293 65 1008
987	415 850 111 1480
988	1113 371 1344 934
989	673 425 653 1274
990	262 1272 257 1111
991	620 1261 288 505
992	97 309 1056 1498
993	411 884 292 147
994	1168 387 1226 1289
995	741 41 1125 309
996	602 262 1303 558
997	964 698 1217 1408
998	1243 800 52 1202
999	1125 219 69 693
1000	781 786 421 352
Students	1000
1	68 1460 1273 1498
2	1260 80 998 131
3	857 181 1448 1077
4	321 189 402 207
5	472 1209 461 102
6	626 1235 289 640
7	407 948 36 583
8	942 208 720 353
9	1301 705 1048 726
10	544 704 344 448
11	439 808 138 348
12	877 949 243 1130
13	784 503 670 337
14	917 277 1312 1110
15	1459 968 503 551
16	879 336 1488 802
17	253 260 873 1095
18	686 916 490 39
19	63 1175 546 1086
20	1388 1397 960 307
21	669 1395 292 1268
22	835 899 878 142
23	435 972 178 1214
24	492 296 1390 298
25	346 537 199 1346
26	288 808 307 179
27	344 1276 786 1087
28	1277 1449 886 707
29	572 29 827 667
30	1267 85 1182 894
31	542 474 993 915
32	293 436 754 1300
33	725 649 310 783
34	520 295 260 842
35	1327 646 699 1410
36	1250 240 551 596
37	824 567 926 613
38	234 589 739 1199
39	1431 866 293 520
40	943 770 376 1366
41	1373 958 711 350
42	809 1237 830 232
43	1230 1440 277 1346
44	1260 968 729 1332
45	1179 1035 1384 1454
46	1043 1479 341 472
47	705 1274 954 1497
48	1025 691 1177 543
49	257 165 915 914
50	153 830 1188 1006
51	899 995 663 535
52	1282 429 910 284
53	260 1095 905 868
54	949 1312 627 189
55	25 762 460 1011
56	1015 280 179 254
57	1271 1192 877 1031
58	318 1013 353 1436
59	1255 124 990 1488
60	1166 18 450 1119
61	178 978 1391 253
62	82 1200 1022 160
63	68 148 185 1309
64	696 919 18 424
65	703 1111 824 912
66	1167 127 93 745
67	453 887 798 1261
68	299 1414 150 215
69	549 1345 999 1218
70	1362 1016 787 378
71	84 1181 1139 1128
72	1262 2 1271 115
73	1001 368 1228 1372
74	870 602 1318 1390
75	519 607 1292 41
76	837 1233 507 947
77	684 309 1224 417
78	687 1485 1437 165
79	1298 819 420 1384
80	866 1454 831 903
81	70 549 682 1478
82	244 400 706 25
83	216 853 182 379
84	264 366 403 1098
85	186 388 248 1464
86	1117 922 773 1391
87	1423 868 1128 393
88	869 837 84 257
89	357 450 1415 183
90	1472 469 330 897
91	375 669 349 826
92	1006 280 1463 637
93	207 622 315 1205
94	816 846 278 1491
95	511 726 482 367
96	1018 1278 1139 1160
97	973 176 710 1160
98	458 467 1014 1439
99	1462 276 108 1234
100	373 519 841 626
101	127 103 1377 567
102	503 242 1132 1055
103	906 988 403 440
104	834 976 866 1232
105	604 554 465 615
106	553 1499 1189 283
107	111 1013 299 946
108	569 1147 191 1499
109	881 190 1256 260
110	1153 210 89 1221
111	553 657 803 979
112	428 1030 1477 1105
113	1457 73 1153 806
114	429 113 481 1470
115	385 753 455 1155
116	512 405 61 1461
117	714 134 88 65
118	210 253 971 628
119	1401 708 330 414
120	20 1350 921 1285
121	1492 632 422 541
122	313 1311 1297 589
123	13 560 1317 158
124	234 308 1458 261
125	579 371 775 964
126	549 450 524 184
127	654 1269 828 358
128	399 387 1319 277
129	1198 329 102 881
130	367 331 144 107
131	348 824 925 266
132	590 1451 358 94
133	467 743 222 367
134	1453 1271 395 1392
135	129 647 1253 248
136	578 945 217 691
137	144 1037 1350 1321
138	946 1431 942 632
139	302 1124 41 122
140	541 1260 1374 1366
141	885 383 588 670
142	839 278 968 484
143	1456 1476 1292 271
144	883 319 1376 112
145	581 43 693 675
146	980 944 80 359
147	504 84 1166 167
148	251 953 366 90
149	1253 24 805 419
150	487 1472 321 124
151	1380 706 454 1315
152	254 1 875 458
153	820 958 1220 439
154	1244 1346 954 454
155	436 452 378 1017
156	256 939 1223 1150
157	460 1469 631 304
158	36 519 543 410
159	1416 215 861 1204
160	465 1225 266 588
161	151 1196 673 866
162	1258 89 255 627
163	1292 666 1266 1491
164	451 431 74 193
165	333 495 1458 748
166	1477 617 1168 1447
167	1099 1268 995 1456
168	64 578 1026 1412
169	1052 230 671 1010
170	1064 440 739 631
171	305 652 688 40
172	1142 504 672 889
173	769 917 159 845
174	902 1258 1479 222
175	1087 86 666 1327
176	1230 1440 568 242
177	433 902 352 480
178	1140 92 242 959
179	1313 102 1121 340
180	923 854 216 819
181	777 1071 691 876
182	1264 1124 418 549
183	359 276 1426 880
184	346 4 1050 651
185	663 25 640 670
186	1185 288 1186 466
187	285 486 838 776
188	1110 8 342 729
189	187 1475 728 183
190	386 867 871 813
191	270 865 200 333
192	501 616 241 1066
193	641 531 424 203
194	48 203 817 681
195	578 1050 176 93
196	1008 1240 544 417
197	1264 1402 565 118
198	1485 538 1058 784
199	1197 1189 874 941
200	189 1194 1185 377
201	649 913 375 337
202	526 1345 449 1055
203	173 41 633 441
204	1233 929 273 1482
205	487 126 542 848
206	442 1397 801 1237
207	42 898 1091 652
208	956 476 923 274
209	746 211 162 92
210	300 216 1429 895
211	1125 414 549 1085
212	862 631 1464 1206
213	1245 593 1238 243
214	85 864 893 138
215	1332 306 5 294
216	233 842 1013 603
217	945 1296 317 1344
218	1247 1491 608 1230
219	1500 1277 123 6
220	1145 88 244 803
221	187 1248 1189 112
222	1226 857 844 1127
223	664 363 752 42
224	118 1455 106 449
225	932 1199 491 636
226	392 1459 1045 1364
227	524 1316 18 1171
228	41 449 58 291
229	493 799 377 1023
230	1198 274 235 582
231	1259 1470 864 415
232	1349 495 822 1235
233	66 726 861 1454
234	725 971 1199 1370
235	1215 1448 286 1192
236	816 436 484 241
237	294 140 1238 1474
238	661 856 1441 472
239	1355 413 1409 1050
240	1218 1200 183 557
241	1421 1133 1433 1218
242	666 663 869 760
243	742 1464 396 1154
244	962 1215 1471 645
245	520 693 447 646
246	1398 196 966 1291
247	1211 1145 1082 1008
248	686 1497 342 26
249	1114 584 1488 244
250	399 187 619 99
251	744 398 1080 837
252	1190 1217 1250 662
253	1399 1431 718 1009
254	380 1130 149 1283
255	448 1186 1500 1356
256	434 953 1371 848
257	1169 158 1432 425
258	342 702 1442 296
259	896 1381 1272 96
260	730 1158 683 1479
261	372 1307 1380 1009
262	330 774 1478 1243
263	2 870 468 281
264	107 305 852 1412
265	170 650 279 368
266	1498 887 917 343
267	426 731 1377 647
268	712 510 1279 1053
269	1169 362 1472 1104
270	44 440 274 621
271	418 203 946 982
272	8 312 1013 620
273	1448 1420 48 1260
274	933 710 107 227
275	875 1017 126 2
276	1354 1182 648 973
277	299 250 1113 1388
278	1219 1203 988 690
279	247 584 472 94
280	1481 689 173 215
281	558 533 1292 191
282	1140 215 943 781
283	322 862 767 814
284	1224 1138 1121 693
285	1198 436 388 559
286	1036 843 366 516
287	1289 125 806 887
288	736 1361 743 863
289	792 1446 1031 205
290	1029 72 854 1228
291	835 1228 332 373
292	823 1227 811 893
293	1296 1307 1007 1478
294	1248 439 1224 4
295	445 1332 1018 993
296	869 799 21 225
297	481 1489 1328 302
298	802 140 384 1151
299	1401 432 245 9
300	730 459 841 207
301	739 1457 994 68
302	27 340 597 240
303	407 398 299 425
304	829 1176 545 1282
305	827 392 765 675
306	458 1293 547 151
307	1074 1141 14 645
308	1071 1486 1005 1079
309	527 399 1133 310
310	313 1285 992 403
311	954 842 719 605
312	1071 109 248 157
313	535 1105 1062 1399
314	175 762 1175 448
315	1102 109 257 259
316	51 29 1102 1489
317	1314 1429 1445 574
318	921 901 515 978
319	98 1268 205 1191
320	1158 1211 667 685
321	467 666 1093 1344
322	328 1237 1009 1152
323	777 384 803 1495
324	1308 1012 1209 304
325	617 432 439 48
326	1154 1350 112 543
327	1327 1474 466 1419
328	555 739 951 983
329	1098 360 51 1052
330	383 1488 276 1487
331	1263 259 641 185
332	838 643 115 502
333	1193 338 871 501
334	171 360 169 354
335	697 669 639 731
336	364 551 926 760
337	993 1428 9 1335
338	430 744 503 190
339	142 196 444 521
340	728 1194 199 516
341	1323 1014 292 1149
342	860 889 736 996
343	1029 551 1386 935
344	758 150 459 138
345	90 565 1123 1336
346	85 1090 833 845
347	1439 1489 928 630
348	971 742 1472 1456
349	756 1312 104 854
350	971 1191 109 846
351	1450 489 703 133
352	852 48 378 1210
353	1002 967 737 1305
354	33 1125 568 1411
355	1374 409 798 306
356	91 602 559 949
357	575 547 894 914
358	750 507 32 93
359	532 563 185 194
360	268 712 1192 1103
361	117 673 132 347
362	948 1133 1212 176
363	81 1074 1024 148
364	834 1211 1350 1355
365	716 145 1287 204
366	829 154 263 568
367	292 1212 6 1490
368	150 827 367 1281
369	734 947 171 384
370	542 1024 1246 901
371	1060 1312 1206 346
372	685 721 579 109
373	400 198 1070 1398
374	127 748 1253 644
375	1276 241 1354 677
376	1367 148 899 857
377	979 964 93 584
378	1497 778 902 1402
379	598 248 767 1380
380	952 34 88 426
381	734 709 343 541
382	503 819 692 931
383	5 1430 572 1241
384	657 166 447 147
385	770 533 200 1005
386	1031 1163 1171 811
387	917 1379 1235 1362
388	659 46 14 1141
389	1214 738 1434 1208
390	913 557 1172 544
391	14 1009 1264 84
392	469 357 765 217
393	59 1114 193 1211
394	338 961 802 779
395	1293 1378 1356 1296
396	21 837 648 915
397	1398 731 838 4
398	1325 962 1211 1177
399	1242 734 106 384
400	248 1258 684 688
401	1113 1390 1405 599
402	163 458 1046 1362
403	910 1381 794 979
404	728 563 234 1064
405	990 1263 431 1165
406	645 613 397 236
407	25 319 1120 485
408	1413 109 403 1033
409	588 124 175 1195
410	1258 1450 879 1339
411	673 1010 1160 1316
412	800 802 1436 265
413	580 451 1200 986
414	1388 1342 1393 788
415	433 1482 651 68
416	1274 838 1326 126
417	633 1061 128 171
418	1468 10 1482 724
419	257 1370 631 287
420	1260 1096 236 1382
421	805 1289 1252 1354
422	866 1038 562 62
423	211 344 806 346
424	648 109 709 782
425	783 1136 593 1318
426	699 1271 1196 205
427	130 1290 898 1310
428	1379 1451 12 1166
429	667 1151 331 614
430	1121 1343 948 772
431	65 435 1107 551
432	418 1198 1352 552
433	1394 211 923 1248
434	1012 1471 1224 1271
435	294 1035 200 274
436	1233 34 539 1076
437	260 216 1124 33
438	873 986 388 987
439	1056 562 592 433
440	1279 949 1101 1014
441	1359 120 454 558
442	1106 1013 324 280
443	1008 761 194 1461
444	332 317 171 980
445	1169 1061 575 1103
446	223 1004 470 823
447	1332 276 637 549
448	1438 58 396 311
449	1360 1254 874 204
450	926 1288 241 1205
451	229 441 404 133
452	569 1434 1449 466
453	771 174 476 433
454	851 103 1125 1191
455	473 1206 225 1085
456	497 1424 129 1189
457	1416 436 1221 355
458	653 1009 124 1318
459	533 535 510 16
460	733 976 1391 1041
461	702 640 579 988
462	989 410 1066 1354
463	170 496 937 1442
464	1285 335 1046 779
465	961 1353 1294 954
466	826 318 198 62
467	759 1133 715 446
468	1343 496 203 944
469	241 242 479 1418
470	877 359 362 547
471	518 1094 1388 1370
472	1382 226 961 384
473	707 770 700 248
474	1342 1390 404 359
475	125 338 951 407
476	1051 962 671 1332
477	843 734 518 228
478	1499 970 1357 1407
479	152 662 1387 1366
480	587 767 1015 5
481	1052 796 297 1035
482	92 320 803 94
483	572 123 1166 741
484	364 912 484 593
485	103 38 963 537
486	301 762 1220 964
487	982 328 41 111
488	1078 1018 744 872
489	770 1445 796 1381
490	974 1009 1451 49
491	581 931 446 743
492	1427 1059 728 32
493	1363 1102 199 1186
494	1185 1062 853 1439
495	278 1057 580 179
496	1018 424 692 224
497	1237 1241 742 548
498	535 823 1026 513
499	716 746 221 427
500	136 1097 1315 672
501	743 689 204 431
502	499 1442 915 1111
503	857 374 131 285
504	349 1374 1338 80
505	447 613 655 1394
506	502 1254 941 830
507	639 908 306 183
508	1313 1460 581 944
509	332 826 536 983
510	778 1058 709 481
511	1117 695 1214 300
512	36 592 563 761
513	65 1344 558 986
514	432 864 694 1131
515	350 1398 520 100
516	693 283 1324 479
517	289 178 1096 633
518	507 612 693 514
519	175 16 680 304
520	1500 103 931 918
521	767 1309 663 183
522	1253 1220 218 1004
523	408 1367 1152 1181
524	497 1310 5 294
525	605 591 908 730
526	1121 1221 346 1172
527	846 210 374 419
528	997 1025 512 294
529	113 258 1439 1432
530	934 1110 960 353
531	364 1140 1494 226
532	803 504 390 87
533	1283 1055 1182 234
534	526 904 1152 1027
535	730 681 1246 664
536	687 439 1019 1492
537	1213 897 839 35
538	1029 766 457 178
539	682 455 224 107
540	500 114 1360 908
541	174 838 1383 130
542	865 1477 454 169
543	646 622 1179 94
544	1148 1082 990 996
545	1428 8 1416 1130
546	860 346 650 1062
547	1377 1186 1361 204
548	1054 1438 155 460
549	1228 536 1080 921
550	1298 1075 921 1182
551	1164 141 266 472
552	87 117 274 177
553	858 374 1089 140
554	1078 943 691 75
555	1126 293 1061 743
556	343 1033 1293 1261
557	905 298 821 1463
558	534 65 372 1431
559	1487 977 807 209
560	988 1232 70 1060
561	1362 738 1304 937
562	852 1342 484 372
563	610 760 994 790
564	1312 139 418 940
565	3 468 1267 1401
566	867 101 232 1407
567	1435 93 1259 349
568	956 1312 772 1080
569	1379 563 342 477
570	1445 302 723 1228
571	329 766 1056 1150
572	195 1039 824 1401
573	1141 896 1357 436
574	973 60 335 1383
575	1276 862 1395 816
576	508 438 1363 1091
577	767 837 1024 647
578	414 596 168 753
579	1135 830 666 915
580	56 136 407 108
581	160 1174 743 1190
582	707 128 357 628
583	158 614 1423 1206
584	52 1462 1111 369
585	1446 171 561 78
586	1197 567 1408 46
587	749 1201 391 420
588	896 962 795 250
589	684 1034 1246 1414
590	660 1266 1103 1442
591	1391 295 315 847
592	310 1412 1321 371
593	69 441 800 1185
594	1326 949 368 535
595	494 717 167 859
596	85 1409 411 23
597	92 172 580 280
598	224 815 418 736
599	1324 981 91 397
600	1439 963 391 1480
601	483 229 622 159
602	522 695 808 1252
603	514 909 838 1293
604	851 896 702 784
605	155 1242 100 26
606	903 1496 959 1436
607	81 1492 320 1209
608	91 1249 911 1008
609	226 803 1229 1187
610	925 579 553 1291
611	700 1079 797 1319
612	1100 1243 807 335
613	1080 265 327 682
614	643 41 582 938
615	387 880 71 244
616	167 737 1078 696
617	1309 1401 1081 135
618	199 301 1227 704
619	612 111 444 1149
620	798 494 898 575
621	724 1214 1483 647
622	906 1217 593 882
623	1248 504 576 742
624	513 436 1157 455
625	1045 1046 731 1445
626	772 366 214 585
627	607 1270 239 1331
628	168 1448 1446 273
629	1211 13 809 846
630	259 989 1120 1479
631	733 482 357 441
632	817 178 242 110
633	1149 174 302 4
634	1454 466 119 81
635	453 1227 584 1386
636	1462 1128 674 722
637	1217 212 895 1248
638	712 1070 844 651
639	1099 234 54 61
640	938 229 574 898
641	1390 1286 867 729
642	687 1134 462 102
643	660 72 1295 1088
644	49 965 1423 1006
645	168 1074 1288 950
646	568 110 348 236
647	521 895 1218 1329
648	437 1471 661 1450
649	1022 417 1468 113
650	179 411 869 952
651	1297 55 1398 661
652	68 926 1213 150
653	97 844 1120 1130
654	21 1273 833 496
655	673 1327 1310 1272
656	547 416 454 1034
657	1254 131 39 993
658	660 1269 1497 654
659	516 1310 15 617
660	1406 841 717 884
661	1410 923 5 1068
662	772 956 443 193
663	899 492 661 49
664	337 789 1314 288
665	506 1322 467 1286
666	1031 557 1454 714
667	1070 1313 588 511
668	740 690 1421 786
669	823 1225 959 28
670	384 1391 963 1469
671	748 935 1135 557
672	1325 446 49 207
673	1208 57 1059 939
674	135 706 454 556
675	40 326 1178 339
676	1394 581 710 47
677	1204 944 1094 1216
678	161 1391 127 789
679	1095 615 264 568
680	271 860 238 123
681	376 712 1148 843
682	411 1450 1471 911
683	47 62 107 849
684	1273 1184 129 1107
685	1080 1002 829 590
686	269 483 294 1199
687	121 857 1076 644
688	931 938 1116 1433
689	733 1156 1099 473
690	679 804 121 378
691	682 846 1174 502
692	110 870 578 916
693	554 1401 875 263
694	868 678 1236 137
695	1384 1149 895 82
696	487 1414 763 1334
697	1114 229 960 983
698	1308 68 547 924
699	914 1001 1214 336
700	1279 792 175 567
701	388 265 1243 734
702	1004 630 296 58
703	254 1054 340 1140
704	935 1063 839 1290
705	1412 1263 10 1028
706	11 80 36 576
707	1221 713 1236 990
708	1433 678 58 54
709	992 1279 19 1230
710	498 936 656 623
711	429 978 293 1291
712	1154 500 127 1015
713	302 399 955 1044
714	25 1498 125 1037
715	199 640 1400 125
716	205 1064 856 1398
717	582 323 164 1374
718	1098 325 1475 191
719	1314 1041 1066 1253
720	431 798 128 1188
721	13 952 19 257
722	1417 829 1457 997
723	1389 491 68 5
724	730 737 1091 1403
725	745 3 1086 455
726	134 1479 638 1378
727	496 312 34 1054
728	666 685 958 680
729	881 565 1179 642
730	278 990 1115 1375
731	1085 1346 700 481
732	234 625 1260 282
733	669 366 1230 1031
734	1429 253 374 426
735	67 147 476 1374
736	531 566 295 1016
737	1438 1413 1303 615
738	1038 1116 707 751
739	1365 453 331 625
740	1441 1388 839 1402
741	283 1030 443 1133
742	717 1025 1486 126
743	1049 388 870 413
744	318 621 635 845
745	293 700 926 180
746	671 891 433 1225
747	1095 263 873 777
748	550 1463 971 1407
749	1062 487 1358 1306
750	316 437 449 562
751	163 1163 1403 544
752	227 1233 98 655
753	546 1200 933 301
754	1027 641 896 1471
755	156 940 516 1238
756	532 809 76 1465
757	739 820 54 239
758	1305 280 622 1404
759	211 551 1436 1494
760	357 489 529 484
761	991 596 876 235
762	544 941 1404 222
763	1151 1111 453 1369
764	990 598 1145 1385
765	685 597 1226 742
766	960 758 824 25
767	287 850 683 297
768	130 2 667 380
769	355 859 1199 1085
770	592 983 11 440
771	335 93 689 1349
772	1338 1117 1455 1356
773	1198 677 145 1313
774	696 401 1026 1162
775	1110 203 342 288
776	913 322 605 1361
777	327 926 1101 1319
778	198 960 548 1420
779	11 855 688 1333
780	59 113 1468 60
781	455 1198 1120 1048
782	1261 357 411 1405
783	688 333 439 1368
784	587 159 303 121
785	618 421 303 6
786	901 214 393 589
787	1168 962 1104 264
788	1263 1343 652 415
789	873 969 1246 636
790	941 331 547 232
791	593 1132 133 800
792	298 196 415 736
793	318 176 952 1017
794	1492 897 236 1228
795	1076 752 1341 1093
796	832 1073 484 1177
797	1140 45 165 208
798	514 406 919 864
799	1083 863 225 787
800	169 214 150 614
801	276 284 1433 947
802	1375 1394 578 1385
803	1115 992 1202 648
804	868 1283 381 679
805	146 217 604 766
806	719 507 1093 177
807	819 1214 1129 1075
808	1184 805 457 947
809	1283 964 816 496
810	1320 1263 724 729
811	77 1273 1372 914
812	721 814 802 1435
813	90 1172 429 960
814	472 1255 1224 1423
815	438 1462 53 1341
816	537 1403 1243 412
817	280 956 1210 1080
818	843 434 1016 576
819	694 1379 479 458
820	1327 1227 788 1368
821	486 571 976 457
822	1095 949 198 1015
823	222 494 134 603
824	656 1399 909 1366
825	356 222 1253 891
826	460 930 58 869
827	135 398 1496 1271
828	1121 1102 1171 913
829	344 300 899 149
830	795 1456 1125 1119
831	118 1435 792 416
832	1182 573 431 790
833	791 184 1008 194
834	584 1340 1172 823
835	1236 307 1224 251
836	763 553 716 1244
837	249 144 293 1453
838	1152 1218 957 811
839	1356 134 27 592
840	137 1111 743 1233
841	873 761 1002 69
842	794 1317 360 1024
843	197 1292 1111 600
844	935 175 938 368
845	613 620 835 959
846	862 163 966 1040
847	1418 258 443 207
848	537 1439 178 504
849	262 951 655 1392
850	237 331 1490 203
851	1006 54 1147 367
852	1455 1211 849 1353
853	1339 740 1201 656
854	1489 751 1341 155
855	1108 243 219 125
856	695 645 207 1358
857	1137 706 1368 262
858	1412 440 985 944
859	342 842 107 909
860	964 156 379 414
861	636 442 498 17
862	467 1402 144 238
863	467 849 1292 312
864	470 714 734 1438
865	881 353 1498 164
866	86 325 1242 1087
867	697 976 1365 1487
868	921 1070 1228 637
869	1262 938 1477 664
870	612 1073 388 1005
871	793 1079 998 179
872	213 1351 689 206
873	54 1309 481 1080
874	1085 839 1051 60
875	1473 1090 1047 285
876	1182 1340 1398 1067
877	912 733 754 376
878	888 718 478 9
879	7 1201 929 1195
880	648 120 183 1128
881	901 1344 855 836
882	723 315 1246 1396
883	307 370 1273 1067
884	1378 1144 643 921
885	537 66 1318 1194
886	681 885 264 1411
887	118 128 735 537
888	1450 168 452 854
889	150 135 1428 398
890	1111 1390 851 186
891	868 20 1221 755
892	1382 1361 1112 175
893	1306 1018 49 864
894	326 704 965 1056
895	544 1405 153 521
896	774 768 869 648
897	842 867 337 396
898	87 99 964 1224
899	883 704 1289 644
900	75 1194 901 275
901	1496 1044 510 1371
902	144 516 1204 1112
903	523 55 975 961
904	1444 1244 318 455
905	1127 1264 114 1043
906	1474 632 1077 126
907	733 78 38 696
908	728 803 1217 33
909	166 765 819 227
910	1390 407 1022 881
911	532 744 377 206
912	916 1190 887 1061
913	847 1040 1190 1369
914	909 468 847 647
915	224 1471 23 999
916	204 968 254 1452
917	99 463 897 240
918	769 1325 9 1397
919	532 1396 320 902
920	629 284 267 269
921	1038 1397 290 787
922	1041 1254 872 1466
923	1495 1034 162 489
924	1237 250 476 514
925	537 947 693 1471
926	24 410 1400 518
927	1406 615 1358 944
928	100 1278 684 1209
929	70 622 1495 307
930	394 1289 599 491
931	443 512 831 1464
932	233 483 9 1241
933	861 631 94 1385
934	624 1316 8 1172
935	941 1150 677 208
936	1348 623 96 299
937	247 347 1158 74
938	1032 724 1411 1419
939	1156 151 1463 136
940	264 1429 92 607
941	522 1405 31 943
942	215 1260 1319 934
943	737 1336 31 495
944	644 39 1358 52
945	1430 1248 1472 1339
946	1488 137 1124 851
947	499 1107 1451 64
948	138 656 1275 646
949	333 1303 317 1419
950	1325 501 1248 288
951	452 575 1126 1144
952	1344 883 890 1171
953	447 378 1011 1312
954	1187 102 427 1388
955	447 693 1450 660
956	425 597 487 216
957	943 1196 325 475
958	461 1179 701 1239
959	642 1032 276 113
960	541 82 1091 175
961	56 1409 485 1148
962	655 993 1007 452
963	884 699 1333 509
964	179 1030 235 185
965	727 763 255 243
966	344 777 195 31
967	1473 280 1103 1233
968	1299 361 750 822
969	1201 1009 460 810
970	1223 783 608 578
971	651 1060 56 1259
972	116 244 665 270
973	1338 971 748 1162
974	1038 445 798 203
975	1030 1161 999 1416
976	208 1019 206 1056
977	308 123 802 1068
978	505 582 776 1434
979	59 595 1173 833
980	992 1125 756 289
981	691 338 89 322
982	711 432 115 255
983	1484 608 131 557
984	524 20 1004 1258
985	1385 399 1075 1373
986	887 660 1041 1312
987	1151 1090 758 701
988	927 425 384 583
989	1110 708 253 1059
990	784 1398 600 160
991	1372 163 720 371
992	623 630 804 16
993	155 6 1171 371
994	281 1219 1282 1348
995	434 460 476 979
996	1441 956 1004 839
997	397 806 42 65
998	1228 328 919 470
999	231 1475 347 436
1000	539 851 784 697
