Class Times	10
Rooms	300
1	515
2	613
3	37
4	770
5	383
6	635
7	82
8	364
9	521
10	288
11	438
12	852
13	109
14	686
15	723
16	566
17	296
18	480
19	331
20	759
21	722
22	857
23	650
24	66
25	972
26	222
27	825
28	189
29	410
30	449
31	810
32	801
33	880
34	840
35	191
36	507
37	165
38	763
39	374
40	627
41	696
42	650
43	336
44	575
45	349
46	135
47	697
48	115
49	18
50	879
51	375
52	907
53	619
54	876
55	739
56	418
57	328
58	38
59	828
60	272
61	504
62	166
63	230
64	175
65	565
66	198
67	68
68	223
69	936
70	502
71	991
72	267
73	699
74	139
75	590
76	645
77	155
78	134
79	812
80	360
81	790
82	145
83	52
84	832
85	62
86	946
87	170
88	809
89	104
90	218
91	88
92	141
93	323
94	531
95	830
96	649
97	473
98	85
99	831
100	19
101	800
102	956
103	589
104	213
105	366
106	608
107	490
108	656
109	840
110	505
111	935
112	91
113	198
114	653
115	105
116	267
117	335
118	969
119	639
120	69
121	705
122	69
123	17
124	484
125	961
126	416
127	710
128	750
129	210
130	537
131	196
132	507
133	411
134	270
135	696
136	783
137	261
138	328
139	318
140	778
141	420
142	353
143	275
144	567
145	489
146	312
147	647
148	325
149	28
150	186
151	632
152	683
153	652
154	768
155	673
156	212
157	45
158	919
159	758
160	361
161	981
162	367
163	923
164	843
165	111
166	876
167	312
168	471
169	204
170	126
171	656
172	311
173	318
174	926
175	812
176	997
177	171
178	14
179	830
180	128
181	318
182	381
183	899
184	21
185	446
186	542
187	452
188	602
189	459
190	761
191	465
192	590
193	352
194	166
195	304
196	14
197	123
198	848
199	20
200	521
201	172
202	609
203	124
204	606
205	884
206	625
207	65
208	936
209	459
210	329
211	545
212	896
213	685
214	357
215	894
216	464
217	135
218	997
219	421
220	192
221	216
222	924
223	153
224	882
225	135
226	726
227	733
228	889
229	322
230	542
231	272
232	940
233	107
234	882
235	969
236	969
237	99
238	461
239	438
240	162
241	379
242	785
243	688
244	175
245	399
246	11
247	516
248	333
249	985
250	328
251	895
252	724
253	598
254	179
255	230
256	815
257	192
258	348
259	283
260	684
261	96
262	272
263	284
264	316
265	106
266	239
267	228
268	910
269	887
270	686
271	979
272	524
273	780
274	284
275	501
276	450
277	334
278	640
279	730
280	747
281	859
282	645
283	668
284	875
285	404
286	840
287	919
288	126
289	424
290	453
291	413
292	26
293	758
294	392
295	995
296	935
297	518
298	353
299	615
300	322
Classes	3000
Teachers	1500
1	1231
2	1405
3	1131
4	476
5	1437
6	151
7	622
8	1451
9	988
10	1468
11	873
12	294
13	945
14	284
15	554
16	40
17	800
18	701
19	1
20	670
21	831
22	255
23	890
24	633
25	171
26	505
27	1089
28	1304
29	662
30	802
31	59
32	88
33	514
34	678
35	736
36	831
37	340
38	183
39	1498
40	1457
41	1269
42	523
43	48
44	205
45	519
46	1061
47	873
48	1167
49	954
50	1109
51	1467
52	521
53	266
54	375
55	282
56	808
57	779
58	151
59	1267
60	411
61	142
62	661
63	1358
64	734
65	472
66	1280
67	1483
68	1102
69	77
70	881
71	601
72	2
73	699
74	827
75	254
76	339
77	723
78	908
79	95
80	868
81	185
82	358
83	460
84	1442
85	849
86	1268
87	164
88	964
89	122
90	938
91	206
92	939
93	879
94	1157
95	1340
96	531
97	352
98	11
99	1110
100	914
101	283
102	60
103	1334
104	1129
105	563
106	1417
107	446
108	963
109	1282
110	560
111	1020
112	62
113	306
114	785
115	102
116	1421
117	1157
118	1063
119	1241
120	1403
121	638
122	1013
123	370
124	413
125	897
126	784
127	999
128	919
129	991
130	658
131	446
132	598
133	519
134	1327
135	1376
136	1422
137	1057
138	309
139	560
140	1497
141	1016
142	1124
143	762
144	600
145	514
146	19
147	970
148	189
149	713
150	365
151	221
152	196
153	814
154	952
155	1097
156	1269
157	672
158	313
159	1490
160	1011
161	1231
162	1318
163	1474
164	1293
165	99
166	373
167	1127
168	280
169	431
170	470
171	540
172	387
173	208
174	915
175	960
176	1035
177	298
178	1337
179	180
180	1418
181	444
182	1234
183	329
184	1108
185	365
186	1487
187	68
188	900
189	1203
190	805
191	870
192	34
193	1064
194	854
195	1355
196	581
197	947
198	325
199	467
200	89
201	993
202	1289
203	1185
204	1477
205	1169
206	1440
207	997
208	394
209	116
210	1202
211	1075
212	1214
213	206
214	822
215	388
216	471
217	1483
218	376
219	689
220	986
221	355
222	347
223	911
224	503
225	1029
226	1428
227	783
228	405
229	1232
230	229
231	184
232	601
233	183
234	333
235	296
236	1226
237	412
238	639
239	712
240	333
241	655
242	838
243	1078
244	260
245	35
246	382
247	1037
248	180
249	1182
250	242
251	1261
252	48
253	953
254	450
255	803
256	318
257	354
258	543
259	1095
260	46
261	731
262	684
263	1461
264	1244
265	613
266	274
267	1256
268	682
269	129
270	178
271	978
272	1051
273	227
274	814
275	1086
276	1075
277	712
278	1010
279	477
280	828
281	104
282	1181
283	388
284	721
285	261
286	1474
287	882
288	40
289	431
290	1353
291	1289
292	722
293	1487
294	351
295	85
296	80
297	317
298	1087
299	1161
300	416
301	459
302	1171
303	1446
304	343
305	1200
306	857
307	1180
308	52
309	1028
310	148
311	898
312	1235
313	32
314	946
315	130
316	107
317	1288
318	926
319	948
320	746
321	839
322	122
323	1433
324	643
325	22
326	1446
327	929
328	966
329	860
330	170
331	507
332	277
333	146
334	212
335	887
336	410
337	1439
338	534
339	842
340	437
341	337
342	1144
343	784
344	529
345	888
346	406
347	210
348	232
349	697
350	88
351	163
352	1298
353	1432
354	710
355	993
356	1399
357	113
358	340
359	426
360	1442
361	709
362	907
363	1427
364	632
365	858
366	555
367	811
368	12
369	176
370	9
371	716
372	577
373	393
374	1313
375	566
376	28
377	726
378	474
379	1432
380	1398
381	540
382	766
383	421
384	1455
385	257
386	279
387	232
388	664
389	394
390	1103
391	1048
392	846
393	406
394	1133
395	1212
396	922
397	1064
398	354
399	32
400	304
401	1352
402	1124
403	99
404	1414
405	1360
406	39
407	713
408	725
409	842
410	1202
411	756
412	722
413	332
414	1288
415	305
416	455
417	755
418	1318
419	69
420	72
421	1057
422	136
423	773
424	1118
425	752
426	733
427	788
428	187
429	791
430	906
431	683
432	428
433	160
434	1037
435	1200
436	893
437	630
438	1287
439	568
440	735
441	1472
442	1204
443	745
444	150
445	455
446	976
447	287
448	460
449	1392
450	115
451	685
452	356
453	947
454	1081
455	390
456	372
457	63
458	875
459	1424
460	95
461	588
462	1311
463	1190
464	391
465	1140
466	1443
467	764
468	507
469	486
470	1423
471	960
472	1241
473	1030
474	1089
475	96
476	1108
477	1019
478	796
479	91
480	1362
481	1135
482	468
483	954
484	1283
485	1152
486	42
487	11
488	982
489	1034
490	190
491	749
492	121
493	909
494	599
495	1258
496	653
497	1071
498	655
499	196
500	1024
501	312
502	812
503	301
504	907
505	325
506	81
507	1012
508	330
509	33
510	937
511	475
512	633
513	1410
514	242
515	201
516	721
517	252
518	902
519	552
520	1352
521	179
522	69
523	1410
524	1203
525	505
526	37
527	62
528	1113
529	811
530	1131
531	223
532	174
533	295
534	796
535	1411
536	746
537	1125
538	776
539	487
540	893
541	1194
542	1030
543	578
544	216
545	124
546	1061
547	1194
548	1383
549	368
550	29
551	645
552	282
553	83
554	987
555	770
556	204
557	1097
558	65
559	1457
560	1234
561	474
562	973
563	1045
564	329
565	93
566	734
567	914
568	874
569	962
570	64
571	665
572	1466
573	286
574	875
575	238
576	679
577	1091
578	729
579	986
580	281
581	1328
582	378
583	55
584	492
585	949
586	278
587	181
588	757
589	1177
590	1138
591	1078
592	827
593	539
594	1490
595	782
596	611
597	586
598	1136
599	632
600	1232
601	392
602	996
603	367
604	945
605	1010
606	324
607	1421
608	1366
609	660
610	170
611	690
612	772
613	1435
614	443
615	646
616	941
617	562
618	19
619	350
620	228
621	114
622	586
623	1428
624	348
625	1205
626	102
627	1040
628	1132
629	836
630	716
631	1213
632	1498
633	730
634	1459
635	787
636	443
637	1009
638	1416
639	573
640	430
641	942
642	778
643	845
644	512
645	387
646	24
647	804
648	208
649	998
650	1294
651	1171
652	290
653	1175
654	801
655	213
656	1485
657	244
658	54
659	590
660	498
661	1466
662	582
663	1426
664	760
665	1435
666	1017
667	922
668	81
669	185
670	1497
671	477
672	1359
673	194
674	245
675	938
676	46
677	1059
678	435
679	1255
680	690
681	27
682	962
683	1486
684	31
685	985
686	233
687	659
688	1072
689	263
690	1229
691	1033
692	1422
693	153
694	165
695	133
696	9
697	176
698	449
699	300
700	762
701	1186
702	1133
703	288
704	497
705	802
706	1181
707	108
708	34
709	1411
710	1237
711	461
712	1178
713	1086
714	384
715	366
716	2
717	1281
718	380
719	1418
720	1110
721	403
722	129
723	905
724	730
725	1339
726	702
727	466
728	379
729	100
730	493
731	1298
732	729
733	341
734	969
735	728
736	1429
737	1412
738	1125
739	179
740	683
741	1451
742	998
743	256
744	113
745	72
746	659
747	1165
748	1240
749	849
750	187
751	291
752	21
753	439
754	1250
755	338
756	723
757	742
758	1046
759	1193
760	743
761	497
762	804
763	1139
764	520
765	1051
766	166
767	437
768	328
769	1036
770	114
771	580
772	549
773	843
774	874
775	806
776	861
777	1337
778	679
779	1082
780	463
781	226
782	735
783	792
784	134
785	919
786	384
787	684
788	527
789	381
790	492
791	828
792	880
793	1304
794	252
795	795
796	1344
797	1267
798	933
799	198
800	661
801	450
802	949
803	742
804	1198
805	298
806	382
807	344
808	569
809	1323
810	1480
811	1158
812	77
813	847
814	1247
815	1003
816	223
817	1369
818	1368
819	119
820	939
821	798
822	1020
823	184
824	1224
825	105
826	908
827	706
828	203
829	1459
830	925
831	1076
832	830
833	1039
834	1067
835	1033
836	1178
837	660
838	247
839	1402
840	898
841	787
842	1425
843	612
844	906
845	543
846	107
847	1375
848	1341
849	15
850	1235
851	626
852	244
853	1212
854	1092
855	1477
856	570
857	1095
858	1467
859	439
860	558
861	17
862	584
863	789
864	1425
865	264
866	158
867	1275
868	609
869	289
870	44
871	50
872	867
873	1378
874	826
875	134
876	94
877	1056
878	1155
879	190
880	1394
881	1375
882	738
883	1380
884	817
885	43
886	812
887	1161
888	533
889	475
890	1311
891	469
892	383
893	502
894	1074
895	853
896	706
897	1454
898	1256
899	1042
900	174
901	1452
902	1279
903	857
904	710
905	148
906	328
907	1040
908	229
909	835
910	61
911	285
912	166
913	1069
914	488
915	579
916	447
917	442
918	1382
919	1021
920	241
921	469
922	117
923	942
924	1343
925	163
926	731
927	238
928	750
929	73
930	414
931	1419
932	549
933	308
934	1082
935	1115
936	1374
937	275
938	112
939	1230
940	1188
941	399
942	1313
943	1050
944	1367
945	390
946	1473
947	1433
948	132
949	1009
950	615
951	165
952	424
953	1377
954	296
955	685
956	1484
957	776
958	246
959	1261
960	79
961	1206
962	499
963	862
964	1489
965	465
966	935
967	819
968	678
969	224
970	853
971	355
972	73
973	1191
974	92
975	1048
976	164
977	1079
978	331
979	1098
980	1060
981	834
982	799
983	1374
984	843
985	894
986	1468
987	241
988	726
989	135
990	168
991	608
992	651
993	943
994	866
995	42
996	739
997	1189
998	1190
999	830
1000	520
1001	932
1002	1393
1003	636
1004	1055
1005	1211
1006	1105
1007	1365
1008	273
1009	1118
1010	846
1011	1438
1012	1177
1013	909
1014	1198
1015	265
1016	628
1017	1226
1018	189
1019	481
1020	453
1021	45
1022	489
1023	1265
1024	227
1025	1388
1026	913
1027	698
1028	562
1029	426
1030	103
1031	1063
1032	895
1033	84
1034	696
1035	708
1036	740
1037	704
1038	495
1039	1142
1040	1248
1041	89
1042	616
1043	369
1044	98
1045	1127
1046	1209
1047	1300
1048	582
1049	1413
1050	696
1051	847
1052	1404
1053	211
1054	1094
1055	884
1056	758
1057	103
1058	815
1059	940
1060	1038
1061	869
1062	1363
1063	836
1064	702
1065	1140
1066	339
1067	974
1068	271
1069	724
1070	1172
1071	1355
1072	966
1073	571
1074	500
1075	1495
1076	370
1077	53
1078	357
1079	885
1080	944
1081	432
1082	498
1083	481
1084	358
1085	1143
1086	797
1087	1320
1088	30
1089	1039
1090	280
1091	879
1092	313
1093	1066
1094	880
1095	224
1096	412
1097	614
1098	98
1099	910
1100	915
1101	1216
1102	623
1103	226
1104	808
1105	1034
1106	792
1107	738
1108	1238
1109	504
1110	995
1111	416
1112	728
1113	258
1114	292
1115	1087
1116	1297
1117	1370
1118	111
1119	948
1120	348
1121	1085
1122	855
1123	584
1124	374
1125	557
1126	810
1127	1260
1128	1007
1129	997
1130	1172
1131	695
1132	1257
1133	530
1134	871
1135	1395
1136	1221
1137	1144
1138	951
1139	239
1140	600
1141	1077
1142	1090
1143	37
1144	766
1145	637
1146	1384
1147	353
1148	1285
1149	247
1150	1008
1151	931
1152	841
1153	1344
1154	10
1155	332
1156	6
1157	68
1158	1092
1159	981
1160	225
1161	790
1162	411
1163	13
1164	642
1165	59
1166	1217
1167	826
1168	1028
1169	698
1170	221
1171	367
1172	971
1173	31
1174	612
1175	899
1176	193
1177	323
1178	888
1179	1481
1180	1305
1181	1447
1182	261
1183	123
1184	258
1185	801
1186	262
1187	306
1188	638
1189	749
1190	834
1191	1139
1192	614
1193	697
1194	228
1195	256
1196	457
1197	413
1198	513
1199	924
1200	135
1201	21
1202	563
1203	111
1204	419
1205	402
1206	589
1207	904
1208	992
1209	839
1210	1383
1211	956
1212	272
1213	7
1214	309
1215	1240
1216	1345
1217	912
1218	669
1219	816
1220	385
1221	1500
1222	897
1223	1105
1224	1047
1225	1449
1226	1070
1227	1121
1228	402
1229	83
1230	1199
1231	536
1232	371
1233	399
1234	109
1235	360
1236	281
1237	602
1238	1273
1239	1049
1240	1242
1241	1489
1242	647
1243	209
1244	904
1245	1251
1246	233
1247	608
1248	245
1249	501
1250	931
1251	286
1252	7
1253	1041
1254	56
1255	768
1256	6
1257	64
1258	231
1259	422
1260	1219
1261	479
1262	265
1263	602
1264	1254
1265	1386
1266	1347
1267	263
1268	236
1269	310
1270	593
1271	1277
1272	547
1273	1090
1274	1230
1275	311
1276	117
1277	715
1278	625
1279	810
1280	809
1281	669
1282	432
1283	1107
1284	159
1285	300
1286	1437
1287	381
1288	1384
1289	192
1290	25
1291	1006
1292	1254
1293	1453
1294	823
1295	862
1296	1065
1297	1032
1298	1493
1299	889
1300	61
1301	341
1302	585
1303	591
1304	205
1305	162
1306	436
1307	1247
1308	745
1309	800
1310	940
1311	23
1312	311
1313	845
1314	1249
1315	558
1316	1480
1317	361
1318	1293
1319	1147
1320	621
1321	976
1322	146
1323	770
1324	1463
1325	391
1326	714
1327	1295
1328	1314
1329	618
1330	1128
1331	397
1332	583
1333	401
1334	1494
1335	941
1336	1238
1337	1340
1338	1271
1339	763
1340	641
1341	404
1342	924
1343	714
1344	173
1345	1469
1346	927
1347	1047
1348	1472
1349	1325
1350	1045
1351	856
1352	267
1353	1201
1354	522
1355	743
1356	741
1357	753
1358	1175
1359	648
1360	1327
1361	892
1362	1219
1363	946
1364	674
1365	653
1366	691
1367	25
1368	627
1369	395
1370	1268
1371	933
1372	356
1373	160
1374	805
1375	969
1376	550
1377	767
1378	992
1379	1174
1380	54
1381	921
1382	74
1383	1204
1384	510
1385	429
1386	1345
1387	537
1388	276
1389	577
1390	1335
1391	1359
1392	1152
1393	512
1394	750
1395	155
1396	658
1397	761
1398	911
1399	885
1400	273
1401	60
1402	1098
1403	383
1404	1424
1405	1475
1406	775
1407	112
1408	513
1409	197
1410	1357
1411	429
1412	905
1413	193
1414	1236
1415	1079
1416	1179
1417	982
1418	408
1419	964
1420	485
1421	635
1422	551
1423	1223
1424	1347
1425	453
1426	739
1427	133
1428	1404
1429	445
1430	264
1431	1044
1432	870
1433	169
1434	1308
1435	1360
1436	1042
1437	1244
1438	631
1439	30
1440	1326
1441	1328
1442	49
1443	362
1444	289
1445	1373
1446	809
1447	58
1448	1260
1449	491
1450	476
1451	271
1452	925
1453	13
1454	1011
1455	257
1456	525
1457	541
1458	395
1459	773
1460	1409
1461	230
1462	797
1463	611
1464	1263
1465	1022
1466	680
1467	1430
1468	1302
1469	636
1470	1401
1471	1001
1472	694
1473	278
1474	958
1475	936
1476	495
1477	1222
1478	249
1479	1134
1480	212
1481	318
1482	1332
1483	213
1484	557
1485	55
1486	1436
1487	791
1488	668
1489	100
1490	1273
1491	462
1492	1300
1493	120
1494	1423
1495	502
1496	877
1497	774
1498	302
1499	1036
1500	1264
1501	631
1502	1463
1503	216
1504	272
1505	677
1506	996
1507	222
1508	554
1509	1338
1510	1083
1511	1211
1512	1283
1513	436
1514	1441
1515	623
1516	152
1517	1191
1518	1116
1519	1004
1520	125
1521	1305
1522	1186
1523	441
1524	973
1525	156
1526	1084
1527	26
1528	869
1529	550
1530	1130
1531	772
1532	200
1533	161
1534	736
1535	1354
1536	752
1537	575
1538	1199
1539	955
1540	1272
1541	708
1542	943
1543	108
1544	1351
1545	1316
1546	1001
1547	253
1548	764
1549	1143
1550	891
1551	393
1552	1102
1553	928
1554	461
1555	1461
1556	274
1557	1394
1558	1066
1559	130
1560	852
1561	1222
1562	307
1563	782
1564	724
1565	1380
1566	581
1567	125
1568	692
1569	478
1570	556
1571	620
1572	799
1573	1248
1574	158
1575	1155
1576	465
1577	1100
1578	1255
1579	1323
1580	1227
1581	168
1582	1377
1583	950
1584	536
1585	56
1586	793
1587	262
1588	1185
1589	1251
1590	145
1591	785
1592	1031
1593	822
1594	335
1595	921
1596	1205
1597	963
1598	336
1599	1356
1600	1250
1601	517
1602	1122
1603	1249
1604	594
1605	769
1606	236
1607	320
1608	1224
1609	1160
1610	1071
1611	43
1612	934
1613	488
1614	709
1615	1168
1616	24
1617	1068
1618	1449
1619	1450
1620	1085
1621	813
1622	894
1623	1335
1624	769
1625	1083
1626	616
1627	818
1628	989
1629	310
1630	551
1631	1339
1632	651
1633	319
1634	1336
1635	1017
1636	94
1637	995
1638	871
1639	1055
1640	145
1641	1405
1642	927
1643	707
1644	1053
1645	680
1646	609
1647	1450
1648	603
1649	877
1650	789
1651	1217
1652	362
1653	173
1654	929
1655	1396
1656	1310
1657	1413
1658	451
1659	974
1660	364
1661	1426
1662	1392
1663	254
1664	1475
1665	1332
1666	57
1667	817
1668	858
1669	718
1670	1046
1671	590
1672	101
1673	1500
1674	1387
1675	67
1676	448
1677	1044
1678	694
1679	640
1680	1371
1681	489
1682	1151
1683	1005
1684	1376
1685	673
1686	825
1687	1440
1688	957
1689	1354
1690	890
1691	182
1692	1262
1693	336
1694	707
1695	1043
1696	629
1697	120
1698	1253
1699	578
1700	1351
1701	377
1702	1306
1703	1138
1704	829
1705	1201
1706	1101
1707	715
1708	868
1709	198
1710	470
1711	104
1712	419
1713	1000
1714	717
1715	1128
1716	57
1717	418
1718	664
1719	1307
1720	314
1721	1262
1722	1197
1723	617
1724	693
1725	1
1726	1448
1727	386
1728	950
1729	705
1730	275
1731	1399
1732	1264
1733	751
1734	1150
1735	1496
1736	118
1737	1129
1738	686
1739	863
1740	647
1741	1389
1742	741
1743	903
1744	916
1745	279
1746	1299
1747	276
1748	345
1749	342
1750	347
1751	490
1752	316
1753	926
1754	652
1755	541
1756	618
1757	1462
1758	576
1759	553
1760	866
1761	269
1762	965
1763	420
1764	645
1765	569
1766	76
1767	424
1768	421
1769	681
1770	472
1771	815
1772	1121
1773	884
1774	1069
1775	167
1776	366
1777	39
1778	1493
1779	1184
1780	951
1781	876
1782	1369
1783	1176
1784	863
1785	322
1786	525
1787	1486
1788	27
1789	1088
1790	1386
1791	364
1792	434
1793	116
1794	1025
1795	503
1796	373
1797	295
1798	389
1799	1464
1800	1228
1801	1179
1802	351
1803	157
1804	989
1805	816
1806	1041
1807	559
1808	1430
1809	1280
1810	491
1811	10
1812	1245
1813	1188
1814	288
1815	671
1816	585
1817	952
1818	172
1819	1170
1820	861
1821	994
1822	118
1823	1192
1824	1482
1825	220
1826	688
1827	4
1828	544
1829	841
1830	417
1831	371
1832	342
1833	1295
1834	294
1835	1373
1836	1195
1837	1243
1838	8
1839	511
1840	1134
1841	408
1842	1183
1843	124
1844	314
1845	327
1846	971
1847	1361
1848	1117
1849	643
1850	691
1851	1349
1852	935
1853	434
1854	1331
1855	466
1856	936
1857	486
1858	900
1859	1145
1860	346
1861	308
1862	357
1863	1021
1864	167
1865	70
1866	1123
1867	978
1868	35
1869	3
1870	1470
1871	237
1872	1077
1873	372
1874	374
1875	159
1876	1307
1877	253
1878	182
1879	138
1880	1291
1881	517
1882	162
1883	620
1884	775
1885	128
1886	1363
1887	568
1888	1159
1889	587
1890	548
1891	299
1892	78
1893	149
1894	422
1895	1164
1896	1284
1897	1025
1898	423
1899	493
1900	979
1901	303
1902	1470
1903	1123
1904	407
1905	250
1906	522
1907	564
1908	1035
1909	813
1910	930
1911	640
1912	1388
1913	1070
1914	686
1915	981
1916	1312
1917	353
1918	751
1919	17
1920	1162
1921	835
1922	1453
1923	758
1924	855
1925	1379
1926	75
1927	1054
1928	293
1929	1109
1930	1220
1931	1316
1932	530
1933	1357
1934	1343
1935	343
1936	652
1937	1257
1938	323
1939	793
1940	243
1941	932
1942	41
1943	1174
1944	516
1945	1182
1946	1113
1947	597
1948	1245
1949	1484
1950	980
1951	320
1952	544
1953	987
1954	574
1955	435
1956	1016
1957	573
1958	1266
1959	1013
1960	204
1961	1187
1962	14
1963	642
1964	1116
1965	1062
1966	207
1967	1330
1968	556
1969	149
1970	1321
1971	1476
1972	860
1973	656
1974	886
1975	705
1976	496
1977	644
1978	1008
1979	317
1980	1398
1981	662
1982	615
1983	1499
1984	1148
1985	87
1986	368
1987	1120
1988	239
1989	178
1990	1350
1991	665
1992	438
1993	654
1994	737
1995	1301
1996	316
1997	75
1998	1479
1999	375
2000	526
2001	359
2002	1492
2003	482
2004	240
2005	396
2006	1362
2007	79
2008	719
2009	58
2010	243
2011	803
2012	150
2013	508
2014	468
2015	335
2016	546
2017	1012
2018	672
2019	765
2020	1471
2021	1184
2022	142
2023	509
2024	78
2025	693
2026	526
2027	1223
2028	1317
2029	1406
2030	1107
2031	1096
2032	303
2033	1176
2034	1488
2035	1111
2036	597
2037	991
2038	1395
2039	1390
2040	1088
2041	1438
2042	850
2043	1002
2044	1452
2045	1015
2046	1111
2047	1165
2048	944
2049	824
2050	1294
2051	1221
2052	315
2053	639
2054	1027
2055	338
2056	1358
2057	1319
2058	613
2059	547
2060	301
2061	823
2062	1068
2063	312
2064	1004
2065	720
2066	1458
2067	579
2068	1464
2069	1488
2070	626
2071	506
2072	127
2073	360
2074	700
2075	235
2076	1005
2077	1393
2078	121
2079	93
2080	918
2081	1491
2082	515
2083	215
2084	1153
2085	850
2086	1049
2087	463
2088	1462
2089	430
2090	539
2091	1053
2092	1151
2093	207
2094	595
2095	1406
2096	259
2097	16
2098	516
2099	448
2100	523
2101	980
2102	755
2103	449
2104	235
2105	610
2106	1266
2107	1209
2108	1379
2109	771
2110	821
2111	1149
2112	1370
2113	1218
2114	1006
2115	1115
2116	852
2117	1367
2118	1259
2119	246
2120	499
2121	511
2122	501
2123	1366
2124	692
2125	1407
2126	293
2127	1237
2128	779
2129	545
2130	321
2131	377
2132	1349
2133	1170
2134	744
2135	666
2136	1364
2137	1419
2138	110
2139	230
2140	883
2141	720
2142	1218
2143	528
2144	718
2145	1031
2146	1210
2147	1114
2148	284
2149	881
2150	895
2151	433
2152	490
2153	1119
2154	689
2155	988
2156	414
2157	1312
2158	1325
2159	1277
2160	1495
2161	115
2162	1094
2163	440
2164	191
2165	937
2166	66
2167	508
2168	1168
2169	96
2170	891
2171	889
2172	887
2173	392
2174	1414
2175	1492
2176	1032
2177	553
2178	15
2179	219
2180	1076
2181	1214
2182	177
2183	451
2184	202
2185	1206
2186	644
2187	1103
2188	617
2189	410
2190	878
2191	1253
2192	447
2193	1272
2194	305
2195	270
2196	454
2197	1228
2198	1346
2199	1163
2200	1147
2201	361
2202	1270
2203	1447
2204	51
2205	1236
2206	917
2207	398
2208	1482
2209	886
2210	1278
2211	397
2212	748
2213	156
2214	1215
2215	1326
2216	496
2217	1183
2218	433
2219	832
2220	1136
2221	1135
2222	471
2223	251
2224	467
2225	717
2226	575
2227	1434
2228	1491
2229	1282
2230	1052
2231	82
2232	172
2233	1169
2234	1372
2235	425
2236	1002
2237	848
2238	1444
2239	509
2240	781
2241	20
2242	1403
2243	790
2244	788
2245	67
2246	865
2247	859
2248	667
2249	1072
2250	687
2251	1427
2252	319
2253	913
2254	1067
2255	1141
2256	629
2257	580
2258	542
2259	591
2260	1158
2261	1350
2262	674
2263	157
2264	1402
2265	20
2266	621
2267	867
2268	1252
2269	967
2270	1000
2271	821
2272	285
2273	876
2274	625
2275	1074
2276	1485
2277	8
2278	630
2279	598
2280	52
2281	527
2282	983
2283	1415
2284	1297
2285	732
2286	1346
2287	588
2288	956
2289	531
2290	819
2291	878
2292	1306
2293	405
2294	378
2295	1026
2296	574
2297	648
2298	1038
2299	404
2300	990
2301	1160
2302	953
2303	783
2304	444
2305	33
2306	194
2307	84
2308	1163
2309	1387
2310	487
2311	1112
2312	592
2313	344
2314	349
2315	1321
2316	1390
2317	959
2318	757
2319	1216
2320	768
2321	1396
2322	571
2323	1246
2324	1192
2325	147
2326	576
2327	1448
2328	774
2329	169
2330	152
2331	1142
2332	91
2333	1112
2334	1401
2335	994
2336	457
2337	587
2338	1308
2339	5
2340	350
2341	71
2342	138
2343	641
2344	209
2345	1429
2346	386
2347	732
2348	1296
2349	778
2350	977
2351	532
2352	327
2353	656
2354	297
2355	51
2356	409
2357	473
2358	379
2359	452
2360	532
2361	331
2362	1296
2363	484
2364	657
2365	452
2366	1476
2367	1285
2368	1213
2369	153
2370	363
2371	440
2372	1023
2373	1286
2374	277
2375	1141
2376	1149
2377	1389
2378	458
2379	1397
2380	1434
2381	1080
2382	882
2383	63
2384	1443
2385	1015
2386	1145
2387	595
2388	427
2389	583
2390	1481
2391	250
2392	985
2393	688
2394	222
2395	136
2396	49
2397	1062
2398	548
2399	977
2400	1416
2401	109
2402	97
2403	670
2404	1444
2405	417
2406	552
2407	147
2408	192
2409	1187
2410	1265
2411	140
2412	143
2413	290
2414	676
2415	1208
2416	896
2417	141
2418	225
2419	1099
2420	1060
2421	171
2422	18
2423	565
2424	865
2425	1309
2426	380
2427	1137
2428	41
2429	1159
2430	1259
2431	1193
2432	1258
2433	1458
2434	1173
2435	1378
2436	628
2437	1150
2438	407
2439	753
2440	202
2441	268
2442	840
2443	201
2444	1361
2445	1397
2446	480
2447	80
2448	756
2449	744
2450	1286
2451	838
2452	794
2453	1469
2454	767
2455	650
2456	92
2457	137
2458	403
2459	1052
2460	345
2461	292
2462	415
2463	389
2464	1278
2465	700
2466	315
2467	1166
2468	681
2469	1381
2470	1473
2471	1299
2472	1065
2473	1146
2474	1471
2475	203
2476	1059
2477	740
2478	1043
2479	23
2480	537
2481	5
2482	255
2483	955
2484	521
2485	1372
2486	143
2487	1319
2488	464
2489	401
2490	872
2491	398
2492	349
2493	291
2494	1338
2495	798
2496	1120
2497	1114
2498	1050
2499	1246
2500	1096
2501	607
2502	510
2503	1356
2504	483
2505	1270
2506	139
2507	859
2508	473
2509	415
2510	967
2511	603
2512	555
2513	1400
2514	534
2515	214
2516	1274
2517	561
2518	123
2519	1026
2520	297
2521	1100
2522	188
2523	529
2524	637
2525	427
2526	786
2527	1454
2528	649
2529	47
2530	1215
2531	1479
2532	748
2533	820
2534	326
2535	1106
2536	619
2537	44
2538	545
2539	18
2540	1220
2541	1119
2542	561
2543	1081
2544	760
2545	1154
2546	676
2547	211
2548	1229
2549	26
2550	957
2551	500
2552	606
2553	559
2554	1122
2555	106
2556	420
2557	66
2558	234
2559	131
2560	270
2561	990
2562	458
2563	334
2564	234
2565	400
2566	599
2567	494
2568	321
2569	409
2570	754
2571	761
2572	85
2573	666
2574	1391
2575	634
2576	1166
2577	140
2578	1291
2579	1364
2580	177
2581	302
2582	1431
2583	923
2584	903
2585	671
2586	1314
2587	699
2588	126
2589	186
2590	200
2591	1478
2592	704
2593	53
2594	668
2595	1104
2596	106
2597	1271
2598	1341
2599	363
2600	1333
2601	1436
2602	528
2603	983
2604	759
2605	965
2606	3
2607	139
2608	71
2609	324
2610	566
2611	188
2612	1242
2613	269
2614	1385
2615	542
2616	1496
2617	1117
2618	1315
2619	725
2620	210
2621	346
2622	28
2623	912
2624	663
2625	50
2626	833
2627	1317
2628	1275
2629	824
2630	1409
2631	425
2632	856
2633	1460
2634	1233
2635	330
2636	1331
2637	1233
2638	259
2639	38
2640	231
2641	299
2642	1494
2643	454
2644	1058
2645	1197
2646	76
2647	687
2648	248
2649	1348
2650	219
2651	538
2652	1478
2653	197
2654	127
2655	267
2656	1417
2657	624
2658	703
2659	137
2660	970
2661	400
2662	524
2663	701
2664	1243
2665	1106
2666	902
2667	538
2668	1281
2669	1371
2670	484
2671	765
2672	251
2673	1330
2674	1180
2675	1302
2676	1309
2677	186
2678	12
2679	1292
2680	428
2681	727
2682	1018
2683	975
2684	337
2685	1014
2686	1137
2687	649
2688	1227
2689	442
2690	369
2691	445
2692	1439
2693	101
2694	144
2695	479
2696	999
2697	82
2698	154
2699	161
2700	86
2701	1239
2702	1431
2703	1167
2704	29
2705	610
2706	1252
2707	1303
2708	916
2709	1274
2710	1024
2711	1276
2712	883
2713	110
2714	1208
2715	546
2716	1099
2717	619
2718	128
2719	1018
2720	97
2721	195
2722	673
2723	1408
2724	794
2725	1348
2726	564
2727	462
2728	4
2729	119
2730	326
2731	195
2732	695
2733	606
2734	1408
2735	1091
2736	359
2737	832
2738	1148
2739	1239
2740	1324
2741	1322
2742	220
2743	260
2744	840
2745	1287
2746	607
2747	727
2748	87
2749	567
2750	1019
2751	1460
2752	1400
2753	199
2754	928
2755	1195
2756	1023
2757	781
2758	1320
2759	70
2760	155
2761	1445
2762	594
2763	515
2764	930
2765	1342
2766	266
2767	1292
2768	1336
2769	627
2770	854
2771	141
2772	820
2773	1146
2774	65
2775	199
2776	959
2777	480
2778	1093
2779	1027
2780	1084
2781	131
2782	1315
2783	654
2784	45
2785	1324
2786	47
2787	1445
2788	483
2789	892
2790	833
2791	1156
2792	634
2793	304
2794	1465
2795	917
2796	677
2797	624
2798	754
2799	807
2800	283
2801	215
2802	605
2803	307
2804	1056
2805	268
2806	635
2807	567
2808	1189
2809	844
2810	923
2811	747
2812	191
2813	667
2814	248
2815	504
2816	901
2817	711
2818	518
2819	1310
2820	1353
2821	650
2822	441
2823	524
2824	214
2825	657
2826	604
2827	175
2828	1007
2829	506
2830	1132
2831	968
2832	105
2833	154
2834	1058
2835	663
2836	795
2837	1173
2838	719
2839	592
2840	38
2841	837
2842	780
2843	385
2844	1382
2845	844
2846	322
2847	1412
2848	572
2849	1054
2850	175
2851	593
2852	1154
2853	1073
2854	622
2855	535
2856	352
2857	596
2858	438
2859	1290
2860	1456
2861	1263
2862	126
2863	1162
2864	958
2865	604
2866	899
2867	249
2868	74
2869	1126
2870	1073
2871	396
2872	485
2873	1420
2874	86
2875	675
2876	1225
2877	418
2878	1276
2879	605
2880	901
2881	1225
2882	1301
2883	896
2884	535
2885	1014
2886	910
2887	934
2888	1130
2889	975
2890	807
2891	1385
2892	240
2893	90
2894	14
2895	16
2896	711
2897	777
2898	825
2899	570
2900	1279
2901	533
2902	1333
2903	572
2904	287
2905	777
2906	334
2907	1391
2908	132
2909	968
2910	848
2911	837
2912	829
2913	1210
2914	144
2915	494
2916	1303
2917	1322
2918	918
2919	806
2920	589
2921	780
2922	1441
2923	851
2924	872
2925	733
2926	1156
2927	1465
2928	1153
2929	478
2930	961
2931	1101
2932	376
2933	1022
2934	818
2935	961
2936	1164
2937	1342
2938	1290
2939	682
2940	1365
2941	1196
2942	1093
2943	217
2944	1126
2945	851
2946	737
2947	1207
2948	1455
2949	1499
2950	984
2951	217
2952	1329
2953	1334
2954	518
2955	763
2956	237
2957	786
2958	984
2959	1456
2960	218
2961	920
2962	1003
2963	1104
2964	759
2965	464
2966	1381
2967	979
2968	596
2969	22
2970	218
2971	181
2972	675
2973	1415
2974	646
2975	1207
2976	459
2977	703
2978	423
2979	1080
2980	1329
2981	771
2982	1284
2983	1368
2984	565
2985	920
2986	972
2987	36
2988	90
2989	456
2990	1407
2991	1420
2992	1029
2993	482
2994	36
2995	972
2996	456
2997	747
2998	1196
2999	864
3000	864
Class Times	10
Rooms	300
1	759
2	476
3	670
4	455
5	472
6	918
7	108
8	280
9	699
10	531
11	977
12	630
13	106
14	240
15	658
16	193
17	665
18	90
19	917
20	234
21	453
22	686
23	905
24	342
25	874
26	701
27	639
28	814
29	280
30	498
31	802
32	91
33	556
34	963
35	48
36	707
37	29
38	739
39	171
40	273
41	478
42	439
43	241
44	395
45	326
46	766
47	236
48	834
49	118
50	210
51	208
52	615
53	163
54	913
55	811
56	685
57	481
58	38
59	452
60	76
61	909
62	257
63	531
64	809
65	760
66	749
67	96
68	373
69	640
70	330
71	445
72	599
73	278
74	674
75	93
76	175
77	918
78	947
79	405
80	111
81	126
82	11
83	370
84	151
85	490
86	854
87	625
88	980
89	148
90	849
91	146
92	784
93	759
94	640
95	320
96	708
97	424
98	312
99	37
100	817
101	22
102	808
103	656
104	733
105	638
106	202
107	557
108	470
109	656
110	879
111	75
112	204
113	43
114	480
115	113
116	611
117	504
118	452
119	548
120	860
121	640
122	80
123	786
124	356
125	523
126	827
127	685
128	990
129	583
130	802
131	411
132	508
133	728
134	390
135	246
136	97
137	163
138	408
139	490
140	932
141	277
142	993
143	283
144	375
145	238
146	179
147	303
148	748
149	850
150	46
151	351
152	212
153	163
154	566
155	908
156	926
157	702
158	301
159	784
160	813
161	222
162	235
163	680
164	978
165	364
166	655
167	894
168	803
169	985
170	344
171	839
172	900
173	274
174	959
175	690
176	378
177	614
178	718
179	659
180	853
181	120
182	594
183	896
184	304
185	196
186	276
187	173
188	627
189	437
190	196
191	173
192	125
193	934
194	442
195	589
196	185
197	679
198	864
199	724
200	354
201	751
202	884
203	403
204	341
205	379
206	626
207	272
208	864
209	138
210	472
211	464
212	902
213	470
214	138
215	569
216	54
217	98
218	620
219	724
220	353
221	243
222	992
223	42
224	739
225	948
226	550
227	841
228	526
229	420
230	644
231	517
232	520
233	352
234	472
235	435
236	705
237	240
238	539
239	724
240	298
241	839
242	802
243	808
244	721
245	193
246	847
247	991
248	815
249	754
250	648
251	799
252	806
253	258
254	36
255	490
256	206
257	814
258	225
259	603
260	293
261	133
262	629
263	620
264	231
265	156
266	774
267	751
268	240
269	800
270	542
271	198
272	761
273	945
274	519
275	946
276	686
277	487
278	409
279	700
280	365
281	948
282	415
283	887
284	172
285	424
286	256
287	261
288	754
289	440
290	335
291	259
292	757
293	619
294	568
295	939
296	689
297	100
298	945
299	718
300	117
Classes	3000
Teachers	1500
1	1397
2	1382
3	961
4	523
5	603
6	1319
7	206
8	695
9	254
10	1416
11	129
12	526
13	1200
14	200
15	235
16	1329
17	176
18	1328
19	629
20	194
21	1283
22	770
23	1497
24	998
25	713
26	509
27	828
28	642
29	251
30	1222
31	989
32	78
33	1054
34	951
35	789
36	639
37	747
38	1200
39	865
40	432
41	984
42	403
43	432
44	1496
45	1362
46	913
47	782
48	298
49	1147
50	546
51	928
52	778
53	442
54	118
55	1096
56	650
57	254
58	673
59	621
60	961
61	1198
62	912
63	340
64	1244
65	1370
66	118
67	269
68	628
69	1482
70	928
71	1295
72	386
73	1176
74	1088
75	574
76	405
77	921
78	541
79	1338
80	1126
81	1306
82	372
83	398
84	1461
85	1218
86	1085
87	1005
88	341
89	620
90	1054
91	593
92	931
93	1017
94	236
95	245
96	462
97	1442
98	660
99	845
100	343
101	63
102	789
103	277
104	1479
105	419
106	709
107	333
108	1368
109	81
110	147
111	1366
112	71
113	686
114	211
115	1190
116	299
117	236
118	918
119	715
120	12
121	955
122	399
123	299
124	226
125	1090
126	1478
127	832
128	9
129	1067
130	27
131	188
132	1260
133	1042
134	136
135	709
136	424
137	414
138	188
139	1359
140	759
141	1000
142	1488
143	355
144	717
145	1283
146	372
147	379
148	334
149	410
150	271
151	43
152	823
153	301
154	1024
155	594
156	1278
157	58
158	241
159	768
160	952
161	1449
162	154
163	894
164	579
165	1215
166	309
167	791
168	911
169	595
170	1025
171	581
172	762
173	1357
174	336
175	891
176	513
177	1140
178	1190
179	574
180	550
181	710
182	672
183	1416
184	1487
185	155
186	649
187	1379
188	142
189	325
190	161
191	1051
192	1004
193	934
194	1057
195	533
196	856
197	806
198	478
199	314
200	1448
201	462
202	1390
203	540
204	425
205	570
206	292
207	674
208	1044
209	1221
210	644
211	162
212	1383
213	805
214	831
215	1402
216	152
217	663
218	1039
219	1339
220	765
221	1380
222	1043
223	733
224	724
225	1437
226	355
227	472
228	690
229	587
230	592
231	1216
232	1387
233	744
234	914
235	1284
236	1409
237	59
238	1023
239	1212
240	474
241	232
242	1308
243	519
244	468
245	613
246	1421
247	373
248	532
249	45
250	342
251	861
252	359
253	157
254	971
255	622
256	900
257	471
258	1252
259	40
260	327
261	482
262	297
263	121
264	1409
265	1197
266	529
267	826
268	1441
269	514
270	970
271	488
272	1488
273	853
274	790
275	820
276	45
277	1159
278	561
279	585
280	177
281	1444
282	1373
283	230
284	867
285	415
286	553
287	87
288	993
289	1269
290	1374
291	1154
292	1299
293	1367
294	923
295	1163
296	3
297	184
298	605
299	261
300	730
301	1057
302	1068
303	103
304	1169
305	1447
306	912
307	673
308	1264
309	3
310	249
311	946
312	611
313	932
314	546
315	1336
316	769
317	354
318	1050
319	1236
320	888
321	1263
322	713
323	157
324	839
325	318
326	800
327	370
328	201
329	1297
330	1133
331	763
332	1098
333	1023
334	1226
335	669
336	1070
337	994
338	354
339	843
340	1147
341	1489
342	499
343	1204
344	1088
345	241
346	166
347	980
348	1253
349	147
350	202
351	162
352	931
353	611
354	1322
355	1047
356	1150
357	852
358	300
359	759
360	205
361	743
362	87
363	627
364	826
365	1183
366	708
367	1493
368	52
369	1303
370	457
371	562
372	1426
373	1315
374	731
375	275
376	332
377	803
378	93
379	357
380	1118
381	804
382	960
383	1375
384	1268
385	1302
386	999
387	1285
388	807
389	1038
390	844
391	1365
392	535
393	1392
394	272
395	1259
396	984
397	151
398	757
399	1101
400	1058
401	381
402	714
403	902
404	533
405	1243
406	781
407	738
408	1141
409	268
410	313
411	37
412	809
413	702
414	1241
415	1355
416	6
417	220
418	95
419	1220
420	771
421	379
422	47
423	167
424	323
425	694
426	167
427	1234
428	150
429	224
430	123
431	625
432	949
433	430
434	235
435	656
436	557
437	521
438	614
439	1098
440	376
441	588
442	444
443	385
444	358
445	640
446	1078
447	193
448	510
449	1143
450	1254
451	1495
452	869
453	1441
454	1127
455	1261
456	12
457	901
458	1471
459	1399
460	411
461	1363
462	1150
463	308
464	1372
465	703
466	593
467	509
468	1076
469	124
470	1042
471	124
472	17
473	331
474	468
475	231
476	174
477	934
478	757
479	555
480	1302
481	1407
482	686
483	992
484	1238
485	120
486	514
487	805
488	814
489	163
490	1029
491	501
492	49
493	603
494	511
495	1073
496	1454
497	1346
498	985
499	146
500	515
501	1240
502	1282
503	1195
504	777
505	699
506	415
507	287
508	305
509	730
510	91
511	178
512	1107
513	1415
514	1385
515	727
516	949
517	400
518	685
519	1235
520	407
521	1261
522	959
523	872
524	693
525	494
526	1300
527	1000
528	899
529	617
530	918
531	428
532	141
533	795
534	1384
535	156
536	860
537	1036
538	351
539	88
540	1288
541	1301
542	1320
543	1124
544	995
545	1121
546	1439
547	1314
548	233
549	1482
550	1243
551	1364
552	707
553	1431
554	1498
555	776
556	1429
557	1145
558	42
559	1101
560	502
561	1424
562	903
563	1031
564	973
565	193
566	1016
567	1173
568	473
569	481
570	767
571	1451
572	553
573	768
574	572
575	303
576	1343
577	248
578	1374
579	517
580	1281
581	1213
582	466
583	175
584	53
585	140
586	311
587	616
588	380
589	615
590	1395
591	944
592	194
593	1158
594	998
595	16
596	1484
597	627
598	215
599	136
600	448
601	427
602	577
603	994
604	24
605	1306
606	138
607	1367
608	736
609	745
610	1266
611	1177
612	1225
613	1221
614	872
615	563
616	690
617	756
618	1110
619	145
620	181
621	369
622	245
623	1407
624	922
625	71
626	1117
627	441
628	1123
629	839
630	726
631	440
632	862
633	172
634	409
635	1393
636	639
637	200
638	1104
639	808
640	218
641	363
642	1371
643	380
644	1092
645	926
646	276
647	298
648	208
649	540
650	1459
651	786
652	1464
653	645
654	336
655	262
656	1129
657	1215
658	654
659	719
660	1356
661	1163
662	361
663	882
664	1091
665	493
666	392
667	538
668	1062
669	314
670	62
671	287
672	1120
673	1450
674	521
675	1318
676	132
677	202
678	1281
679	220
680	1422
681	176
682	19
683	967
684	1399
685	735
686	109
687	520
688	1355
689	1094
690	370
691	376
692	814
693	772
694	1195
695	14
696	688
697	549
698	854
699	251
700	1091
701	1332
702	64
703	278
704	1046
705	1080
706	863
707	451
708	83
709	621
710	1258
711	778
712	1245
713	1408
714	111
715	207
716	985
717	1193
718	724
719	634
720	515
721	1328
722	752
723	234
724	22
725	970
726	14
727	822
728	542
729	785
730	1245
731	49
732	151
733	240
734	1122
735	1186
736	1075
737	992
738	146
739	954
740	1050
741	1198
742	999
743	599
744	209
745	1455
746	948
747	764
748	827
749	744
750	1052
751	535
752	569
753	1384
754	405
755	128
756	822
757	694
758	1299
759	179
760	808
761	1271
762	864
763	777
764	242
765	1035
766	623
767	272
768	606
769	484
770	743
771	719
772	1148
773	1149
774	614
775	1188
776	121
777	933
778	935
779	1397
780	1119
781	319
782	140
783	966
784	1307
785	1268
786	1379
787	979
788	1217
789	981
790	809
791	929
792	402
793	273
794	207
795	1478
796	1290
797	859
798	341
799	1293
800	792
801	1152
802	23
803	1027
804	951
805	867
806	643
807	411
808	1392
809	1183
810	30
811	30
812	775
813	374
814	1065
815	893
816	72
817	638
818	838
819	1257
820	1448
821	734
822	677
823	962
824	9
825	1094
826	877
827	1401
828	1370
829	1487
830	518
831	854
832	1142
833	868
834	234
835	1296
836	1166
837	699
838	792
839	1226
840	388
841	271
842	388
843	519
844	1410
845	727
846	913
847	930
848	863
849	1271
850	203
851	1177
852	397
853	487
854	1273
855	887
856	1075
857	421
858	1043
859	1085
860	1099
861	874
862	664
863	1307
864	780
865	1123
866	283
867	1400
868	943
869	1296
870	1342
871	964
872	484
873	108
874	1203
875	997
876	675
877	448
878	890
879	856
880	451
881	340
882	292
883	301
884	266
885	653
886	798
887	522
888	253
889	1364
890	886
891	11
892	135
893	575
894	1015
895	229
896	284
897	1228
898	456
899	6
900	821
901	1388
902	1186
903	795
904	78
905	1353
906	1479
907	120
908	218
909	753
910	696
911	1381
912	1096
913	901
914	1471
915	1040
916	877
917	1241
918	348
919	802
920	687
921	1366
922	573
923	1066
924	283
925	806
926	1246
927	1290
928	1272
929	1019
930	674
931	473
932	875
933	896
934	83
935	253
936	1046
937	252
938	44
939	1071
940	20
941	1377
942	995
943	1254
944	1269
945	1134
946	406
947	406
948	753
949	75
950	680
951	274
952	1285
953	1401
954	978
955	497
956	1080
957	1342
958	352
959	908
960	1406
961	524
962	48
963	1359
964	443
965	1119
966	1337
967	1436
968	1084
969	72
970	1251
971	1387
972	150
973	1110
974	461
975	948
976	1280
977	731
978	1199
979	666
980	216
981	1496
982	1089
983	1090
984	40
985	1343
986	92
987	1336
988	166
989	377
990	988
991	434
992	431
993	909
994	214
995	844
996	475
997	1122
998	1274
999	1310
1000	430
1001	765
1002	1259
1003	1192
1004	810
1005	132
1006	1145
1007	980
1008	339
1009	698
1010	24
1011	1472
1012	530
1013	1500
1014	23
1015	1477
1016	1303
1017	467
1018	1499
1019	420
1020	921
1021	64
1022	75
1023	601
1024	1231
1025	35
1026	855
1027	1037
1028	1408
1029	932
1030	155
1031	760
1032	1180
1033	291
1034	625
1035	769
1036	1291
1037	1082
1038	711
1039	1201
1040	869
1041	581
1042	567
1043	1405
1044	311
1045	708
1046	1301
1047	1106
1048	831
1049	180
1050	1106
1051	605
1052	1435
1053	119
1054	1311
1055	575
1056	1131
1057	117
1058	131
1059	59
1060	211
1061	1065
1062	186
1063	643
1064	510
1065	368
1066	163
1067	313
1068	518
1069	274
1070	373
1071	622
1072	286
1073	460
1074	1026
1075	112
1076	1028
1077	1158
1078	941
1079	186
1080	1428
1081	564
1082	590
1083	742
1084	67
1085	27
1086	386
1087	1289
1088	615
1089	1422
1090	275
1091	989
1092	599
1093	1362
1094	1353
1095	148
1096	1117
1097	1334
1098	1263
1099	582
1100	823
1101	775
1102	1475
1103	1011
1104	1382
1105	318
1106	1284
1107	277
1108	1228
1109	587
1110	122
1111	383
1112	579
1113	447
1114	893
1115	201
1116	449
1117	559
1118	1204
1119	139
1120	891
1121	691
1122	1352
1123	958
1124	1470
1125	304
1126	307
1127	734
1128	577
1129	1216
1130	927
1131	1104
1132	742
1133	339
1134	1444
1135	1275
1136	256
1137	541
1138	182
1139	884
1140	168
1141	312
1142	305
1143	267
1144	1442
1145	1481
1146	817
1147	50
1148	723
1149	29
1150	1275
1151	955
1152	480
1153	382
1154	1286
1155	552
1156	701
1157	281
1158	1412
1159	20
1160	1157
1161	1139
1162	656
1163	107
1164	1273
1165	1459
1166	522
1167	573
1168	394
1169	1345
1170	979
1171	1083
1172	701
1173	848
1174	895
1175	1230
1176	499
1177	1277
1178	909
1179	890
1180	347
1181	108
1182	917
1183	665
1184	1371
1185	203
1186	820
1187	135
1188	1176
1189	884
1190	1076
1191	646
1192	1431
1193	705
1194	944
1195	77
1196	488
1197	716
1198	154
1199	1394
1200	780
1201	682
1202	755
1203	663
1204	1182
1205	431
1206	1124
1207	52
1208	1194
1209	833
1210	1295
1211	635
1212	675
1213	548
1214	945
1215	566
1216	326
1217	1499
1218	1209
1219	1467
1220	285
1221	986
1222	511
1223	1132
1224	217
1225	371
1226	1167
1227	647
1228	1236
1229	233
1230	1062
1231	876
1232	684
1233	221
1234	1224
1235	565
1236	1256
1237	1224
1238	1440
1239	1489
1240	1340
1241	1255
1242	1146
1243	1017
1244	1453
1245	916
1246	651
1247	952
1248	810
1249	1126
1250	1029
1251	578
1252	539
1253	1225
1254	58
1255	442
1256	1026
1257	189
1258	95
1259	566
1260	443
1261	883
1262	859
1263	919
1264	774
1265	698
1266	115
1267	195
1268	590
1269	421
1270	173
1271	986
1272	185
1273	1388
1274	1047
1275	1193
1276	649
1277	739
1278	416
1279	1461
1280	111
1281	791
1282	289
1283	131
1284	13
1285	1318
1286	1447
1287	206
1288	99
1289	1211
1290	1056
1291	868
1292	846
1293	628
1294	1102
1295	835
1296	41
1297	1223
1298	1251
1299	374
1300	1027
1301	475
1302	70
1303	445
1304	620
1305	242
1306	767
1307	1425
1308	892
1309	1222
1310	156
1311	357
1312	106
1313	1500
1314	882
1315	285
1316	300
1317	1009
1318	870
1319	493
1320	836
1321	862
1322	383
1323	512
1324	946
1325	1272
1326	1437
1327	1175
1328	332
1329	683
1330	455
1331	945
1332	837
1333	801
1334	191
1335	452
1336	228
1337	1093
1338	654
1339	838
1340	125
1341	848
1342	469
1343	1457
1344	1274
1345	187
1346	1260
1347	368
1348	973
1349	608
1350	137
1351	1213
1352	356
1353	25
1354	428
1355	600
1356	741
1357	670
1358	90
1359	1167
1360	286
1361	1034
1362	1498
1363	763
1364	658
1365	1140
1366	1105
1367	712
1368	638
1369	1160
1370	1331
1371	364
1372	141
1373	1313
1374	969
1375	249
1376	250
1377	888
1378	513
1379	1081
1380	22
1381	1192
1382	1051
1383	1173
1384	1141
1385	208
1386	597
1387	1282
1388	598
1389	445
1390	591
1391	1053
1392	676
1393	534
1394	693
1395	784
1396	187
1397	609
1398	256
1399	1446
1400	1102
1401	228
1402	554
1403	169
1404	892
1405	1152
1406	564
1407	367
1408	97
1409	413
1410	321
1411	1234
1412	127
1413	1242
1414	1019
1415	97
1416	1449
1417	647
1418	880
1419	1197
1420	165
1421	240
1422	933
1423	144
1424	334
1425	98
1426	783
1427	1231
1428	680
1429	1208
1430	1170
1431	902
1432	804
1433	726
1434	1154
1435	61
1436	173
1437	557
1438	889
1439	263
1440	1115
1441	361
1442	899
1443	319
1444	92
1445	46
1446	703
1447	19
1448	728
1449	105
1450	492
1451	444
1452	289
1453	1233
1454	450
1455	571
1456	567
1457	1415
1458	101
1459	321
1460	1033
1461	1005
1462	707
1463	783
1464	987
1465	450
1466	689
1467	1111
1468	1264
1469	718
1470	65
1471	1142
1472	67
1473	498
1474	1127
1475	975
1476	81
1477	41
1478	950
1479	44
1480	717
1481	752
1482	1179
1483	1255
1484	812
1485	226
1486	449
1487	366
1488	666
1489	650
1490	210
1491	399
1492	423
1493	145
1494	478
1495	1380
1496	885
1497	216
1498	429
1499	1196
1500	697
1501	38
1502	1182
1503	1410
1504	1265
1505	1321
1506	175
1507	398
1508	497
1509	873
1510	850
1511	458
1512	477
1513	1432
1514	152
1515	264
1516	408
1517	359
1518	106
1519	15
1520	990
1521	799
1522	1165
1523	875
1524	1021
1525	290
1526	642
1527	385
1528	991
1529	1003
1530	1144
1531	1341
1532	737
1533	179
1534	48
1535	1406
1536	454
1537	1481
1538	1156
1539	7
1540	811
1541	1139
1542	861
1543	583
1544	456
1545	407
1546	1093
1547	609
1548	972
1549	302
1550	1344
1551	1087
1552	1360
1553	532
1554	1114
1555	335
1556	1265
1557	86
1558	799
1559	959
1560	1368
1561	123
1562	529
1563	129
1564	417
1565	1116
1566	700
1567	50
1568	1404
1569	1313
1570	1045
1571	492
1572	1010
1573	1427
1574	558
1575	1181
1576	174
1577	721
1578	1199
1579	382
1580	1151
1581	29
1582	755
1583	426
1584	86
1585	987
1586	1232
1587	327
1588	1325
1589	857
1590	400
1591	307
1592	1086
1593	634
1594	358
1595	1237
1596	181
1597	843
1598	348
1599	1293
1600	832
1601	18
1602	1280
1603	263
1604	387
1605	205
1606	1425
1607	1249
1608	1115
1609	489
1610	1354
1611	766
1612	969
1613	860
1614	1128
1615	1400
1616	630
1617	248
1618	351
1619	1032
1620	617
1621	476
1622	1386
1623	982
1624	1185
1625	1010
1626	1089
1627	1205
1628	1493
1629	480
1630	1395
1631	1381
1632	866
1633	323
1634	1497
1635	850
1636	1376
1637	344
1638	516
1639	138
1640	670
1641	133
1642	210
1643	624
1644	91
1645	576
1646	1116
1647	1082
1648	568
1649	433
1650	657
1651	363
1652	873
1653	229
1654	683
1655	788
1656	119
1657	303
1658	326
1659	322
1660	1219
1661	871
1662	876
1663	80
1664	885
1665	1078
1666	1013
1667	968
1668	619
1669	297
1670	324
1671	1138
1672	616
1673	457
1674	1373
1675	906
1676	586
1677	1068
1678	1414
1679	1189
1680	239
1681	754
1682	682
1683	1227
1684	723
1685	793
1686	996
1687	1108
1688	1143
1689	883
1690	847
1691	1064
1692	1038
1693	824
1694	105
1695	1426
1696	149
1697	837
1698	1315
1699	315
1700	849
1701	343
1702	947
1703	127
1704	1194
1705	1184
1706	530
1707	1013
1708	243
1709	1361
1710	164
1711	1466
1712	1262
1713	230
1714	403
1715	1277
1716	894
1717	391
1718	185
1719	1456
1720	770
1721	818
1722	1445
1723	950
1724	1108
1725	741
1726	350
1727	834
1728	1494
1729	117
1730	1032
1731	1077
1732	1472
1733	139
1734	26
1735	1376
1736	375
1737	596
1738	1067
1739	583
1740	550
1741	393
1742	440
1743	1402
1744	18
1745	262
1746	35
1747	483
1748	1203
1749	1464
1750	25
1751	122
1752	681
1753	1040
1754	1420
1755	988
1756	1169
1757	302
1758	846
1759	766
1760	722
1761	1218
1762	671
1763	500
1764	1021
1765	452
1766	1061
1767	1087
1768	1206
1769	531
1770	1276
1771	483
1772	231
1773	1325
1774	435
1775	840
1776	692
1777	168
1778	1439
1779	304
1780	177
1781	17
1782	1428
1783	1209
1784	100
1785	56
1786	1492
1787	954
1788	384
1789	101
1790	676
1791	1079
1792	1166
1793	418
1794	991
1795	835
1796	1418
1797	1473
1798	821
1799	1320
1800	962
1801	718
1802	47
1803	761
1804	689
1805	391
1806	246
1807	389
1808	104
1809	1476
1810	920
1811	561
1812	128
1813	190
1814	1335
1815	144
1816	720
1817	936
1818	461
1819	794
1820	32
1821	1432
1822	1419
1823	658
1824	925
1825	1389
1826	15
1827	1477
1828	1219
1829	903
1830	247
1831	384
1832	881
1833	1160
1834	290
1835	1495
1836	1100
1837	1363
1838	1419
1839	170
1840	738
1841	911
1842	596
1843	1286
1844	785
1845	1179
1846	906
1847	331
1848	697
1849	219
1850	347
1851	800
1852	536
1853	279
1854	1462
1855	640
1856	282
1857	352
1858	464
1859	687
1860	1007
1861	85
1862	474
1863	1335
1864	1466
1865	1237
1866	1360
1867	1144
1868	547
1869	1465
1870	974
1871	1238
1872	790
1873	261
1874	702
1875	1048
1876	618
1877	1137
1878	592
1879	874
1880	84
1881	1170
1882	569
1883	61
1884	517
1885	68
1886	947
1887	180
1888	160
1889	1414
1890	1418
1891	975
1892	754
1893	1232
1894	395
1895	1035
1896	57
1897	597
1898	1389
1899	1016
1900	63
1901	661
1902	1308
1903	1175
1904	96
1905	644
1906	356
1907	1039
1908	618
1909	1491
1910	1133
1911	1462
1912	712
1913	466
1914	429
1915	1312
1916	485
1917	1012
1918	1453
1919	435
1920	1118
1921	735
1922	879
1923	1417
1924	1012
1925	637
1926	982
1927	13
1928	761
1929	337
1930	222
1931	98
1932	284
1933	633
1934	1319
1935	1138
1936	1185
1937	408
1938	130
1939	1044
1940	1349
1941	1095
1942	53
1943	1030
1944	771
1945	534
1946	1440
1947	524
1948	39
1949	746
1950	1073
1951	1180
1952	1258
1953	21
1954	1105
1955	423
1956	344
1957	1011
1958	825
1959	43
1960	1292
1961	252
1962	819
1963	1009
1964	895
1965	85
1966	1278
1967	1130
1968	1112
1969	335
1970	367
1971	169
1972	1028
1973	1433
1974	922
1975	1129
1976	455
1977	990
1978	1460
1979	1330
1980	238
1981	259
1982	1223
1983	774
1984	322
1985	10
1986	1446
1987	1022
1988	1004
1989	209
1990	246
1991	700
1992	1311
1993	772
1994	276
1995	864
1996	845
1997	282
1998	1052
1999	695
2000	1434
2001	1229
2002	90
2003	1385
2004	273
2005	291
2006	836
2007	900
2008	1109
2009	213
2010	489
2011	964
2012	68
2013	1191
2014	1099
2015	1348
2016	653
2017	737
2018	927
2019	16
2020	441
2021	11
2022	107
2023	414
2024	1372
2025	1196
2026	527
2027	1214
2028	865
2029	1246
2030	904
2031	439
2032	266
2033	477
2034	116
2035	1297
2036	1058
2037	1323
2038	957
2039	1390
2040	1220
2041	898
2042	1377
2043	1427
2044	1349
2045	51
2046	296
2047	1242
2048	1334
2049	1326
2050	114
2051	974
2052	1358
2053	164
2054	851
2055	773
2056	1292
2057	1350
2058	1354
2059	459
2060	671
2061	1072
2062	99
2063	739
2064	1059
2065	849
2066	1036
2067	57
2068	714
2069	692
2070	691
2071	937
2072	1109
2073	438
2074	545
2075	8
2076	559
2077	645
2078	941
2079	325
2080	418
2081	1473
2082	312
2083	635
2084	1134
2085	381
2086	637
2087	1266
2088	935
2089	1211
2090	1048
2091	1208
2092	548
2093	938
2094	840
2095	7
2096	34
2097	1149
2098	308
2099	279
2100	1157
2101	453
2102	225
2103	1322
2104	416
2105	102
2106	1365
2107	1201
2108	819
2109	198
2110	688
2111	523
2112	1066
2113	491
2114	527
2115	852
2116	1097
2117	438
2118	1002
2119	268
2120	1151
2121	1059
2122	786
2123	37
2124	543
2125	1404
2126	280
2127	412
2128	1053
2129	113
2130	447
2131	544
2132	1020
2133	1086
2134	130
2135	925
2136	402
2137	978
2138	1484
2139	503
2140	1326
2141	401
2142	482
2143	142
2144	847
2145	704
2146	293
2147	631
2148	1153
2149	1314
2150	295
2151	184
2152	1172
2153	740
2154	1113
2155	796
2156	678
2157	525
2158	1309
2159	189
2160	1327
2161	1470
2162	38
2163	572
2164	1159
2165	425
2166	606
2167	830
2168	239
2169	1317
2170	1034
2171	798
2172	842
2173	190
2174	1018
2175	1403
2176	571
2177	1207
2178	589
2179	829
2180	1146
2181	94
2182	1103
2183	1206
2184	1041
2185	914
2186	1063
2187	362
2188	422
2189	1393
2190	613
2191	1132
2192	570
2193	51
2194	419
2195	1337
2196	547
2197	619
2198	659
2199	410
2200	270
2201	549
2202	576
2203	214
2204	908
2205	401
2206	1436
2207	1341
2208	679
2209	393
2210	60
2211	1250
2212	1084
2213	394
2214	160
2215	1474
2216	161
2217	1250
2218	915
2219	294
2220	204
2221	608
2222	776
2223	813
2224	749
2225	1235
2226	1463
2227	1003
2228	565
2229	103
2230	1015
2231	1008
2232	855
2233	1450
2234	679
2235	796
2236	568
2237	551
2238	412
2239	1312
2240	740
2241	487
2242	28
2243	324
2244	657
2245	1411
2246	1305
2247	595
2248	1071
2249	1424
2250	1074
2251	1330
2252	1457
2253	1340
2254	721
2255	8
2256	1239
2257	495
2258	1270
2259	886
2260	490
2261	997
2262	1188
2263	1383
2264	77
2265	1345
2266	158
2267	476
2268	1072
2269	472
2270	1257
2271	377
2272	1492
2273	879
2274	1394
2275	496
2276	1248
2277	1309
2278	578
2279	1061
2280	815
2281	1097
2282	258
2283	604
2284	1276
2285	1350
2286	1483
2287	82
2288	1253
2289	417
2290	633
2291	544
2292	94
2293	259
2294	1217
2295	460
2296	508
2297	632
2298	1421
2299	545
2300	215
2301	920
2302	1435
2303	134
2304	526
2305	983
2306	632
2307	552
2308	1339
2309	293
2310	1168
2311	942
2312	178
2313	496
2314	1148
2315	1081
2316	1256
2317	586
2318	1184
2319	1351
2320	149
2321	1137
2322	829
2323	1112
2324	1111
2325	811
2326	1207
2327	212
2328	660
2329	825
2330	1060
2331	996
2332	1398
2333	1007
2334	1429
2335	841
2336	648
2337	942
2338	486
2339	378
2340	1074
2341	1049
2342	528
2343	247
2344	1060
2345	624
2346	1181
2347	197
2348	439
2349	594
2350	1465
2351	1095
2352	1001
2353	232
2354	73
2355	459
2356	199
2357	538
2358	491
2359	1460
2360	1229
2361	797
2362	65
2363	543
2364	1405
2365	112
2366	10
2367	243
2368	76
2369	387
2370	1456
2371	34
2372	1324
2373	171
2374	818
2375	269
2376	1014
2377	1020
2378	82
2379	1247
2380	629
2381	936
2382	346
2383	669
2384	1092
2385	1347
2386	1069
2387	1041
2388	652
2389	420
2390	1171
2391	470
2392	126
2393	1413
2394	930
2395	646
2396	815
2397	171
2398	963
2399	490
2400	280
2401	665
2402	558
2403	1480
2404	1490
2405	562
2406	32
2407	212
2408	745
2409	784
2410	696
2411	943
2412	1024
2413	267
2414	667
2415	54
2416	1227
2417	100
2418	915
2419	833
2420	170
2421	338
2422	976
2423	748
2424	528
2425	580
2426	1070
2427	1294
2428	648
2429	1300
2430	109
2431	1049
2432	250
2433	437
2434	360
2435	1323
2436	520
2437	857
2438	939
2439	1001
2440	133
2441	1316
2442	958
2443	508
2444	1483
2445	333
2446	685
2447	1327
2448	56
2449	1187
2450	1025
2451	916
2452	963
2453	924
2454	555
2455	366
2456	1008
2457	746
2458	264
2459	364
2460	812
2461	728
2462	889
2463	1445
2464	158
2465	612
2466	907
2467	851
2468	651
2469	1347
2470	143
2471	309
2472	31
2473	1423
2474	342
2475	183
2476	762
2477	1178
2478	965
2479	870
2480	436
2481	924
2482	1125
2483	554
2484	1412
2485	531
2486	623
2487	601
2488	454
2489	353
2490	807
2491	563
2492	281
2493	1162
2494	2
2495	1079
2496	1244
2497	42
2498	1458
2499	503
2500	966
2501	1014
2502	1279
2503	977
2504	502
2505	257
2506	93
2507	4
2508	1120
2509	1037
2510	602
2511	296
2512	781
2513	1469
2514	1135
2515	887
2516	79
2517	349
2518	1230
2519	631
2520	265
2521	858
2522	939
2523	1191
2524	84
2525	74
2526	1174
2527	1156
2528	495
2529	1452
2530	424
2531	967
2532	1022
2533	1324
2534	977
2535	1494
2536	794
2537	1130
2538	74
2539	1031
2540	1279
2541	153
2542	337
2543	591
2544	1
2545	968
2546	1454
2547	1331
2548	195
2549	1262
2550	219
2551	485
2552	1077
2553	585
2554	217
2555	1006
2556	225
2557	471
2558	1294
2559	1135
2560	1165
2561	802
2562	858
2563	580
2564	1413
2565	1055
2566	706
2567	1467
2568	316
2569	504
2570	346
2571	199
2572	612
2573	1490
2574	1178
2575	223
2576	905
2577	159
2578	816
2579	1433
2580	88
2581	664
2582	828
2583	641
2584	1056
2585	1321
2586	1351
2587	1338
2588	378
2589	1164
2590	198
2591	898
2592	55
2593	237
2594	801
2595	1329
2596	1474
2597	1480
2598	426
2599	458
2600	26
2601	196
2602	853
2603	1391
2604	371
2605	937
2606	1469
2607	114
2608	1423
2609	470
2610	630
2611	33
2612	182
2613	782
2614	396
2615	1240
2616	904
2617	39
2618	1168
2619	551
2620	1476
2621	797
2622	436
2623	929
2624	747
2625	1357
2626	255
2627	295
2628	153
2629	827
2630	919
2631	1055
2632	773
2633	751
2634	310
2635	1210
2636	134
2637	972
2638	1386
2639	607
2640	479
2641	926
2642	463
2643	1305
2644	396
2645	1291
2646	288
2647	788
2648	2
2649	21
2650	55
2651	330
2652	89
2653	137
2654	1270
2655	320
2656	816
2657	159
2658	79
2659	760
2660	409
2661	560
2662	1121
2663	504
2664	976
2665	36
2666	349
2667	610
2668	626
2669	362
2670	70
2671	60
2672	73
2673	897
2674	76
2675	1107
2676	787
2677	102
2678	1463
2679	751
2680	390
2681	1287
2682	310
2683	560
2684	422
2685	1006
2686	756
2687	661
2688	1030
2689	1443
2690	1316
2691	36
2692	237
2693	1396
2694	655
2695	722
2696	841
2697	896
2698	397
2699	1289
2700	1348
2701	1317
2702	1125
2703	69
2704	172
2705	750
2706	1113
2707	1455
2708	1247
2709	1153
2710	395
2711	1352
2712	350
2713	733
2714	125
2715	584
2716	917
2717	626
2718	238
2719	705
2720	750
2721	260
2722	1103
2723	1358
2724	507
2725	1417
2726	328
2727	1430
2728	1346
2729	54
2730	1403
2731	260
2732	830
2733	1298
2734	1298
2735	1438
2736	1063
2737	1288
2738	1411
2739	46
2740	923
2741	278
2742	542
2743	481
2744	652
2745	604
2746	749
2747	463
2748	1187
2749	1391
2750	1396
2751	183
2752	270
2753	437
2754	390
2755	706
2756	1468
2757	725
2758	500
2759	494
2760	1356
2761	413
2762	1233
2763	1214
2764	880
2765	389
2766	1131
2767	192
2768	1451
2769	213
2770	1369
2771	1332
2772	427
2773	677
2774	223
2775	983
2776	813
2777	294
2778	878
2779	197
2780	897
2781	512
2782	610
2783	1491
2784	338
2785	1375
2786	464
2787	803
2788	165
2789	910
2790	1458
2791	320
2792	940
2793	1361
2794	365
2795	981
2796	1486
2797	1083
2798	1333
2799	1174
2800	732
2801	33
2802	732
2803	316
2804	684
2805	537
2806	536
2807	96
2808	143
2809	965
2810	539
2811	878
2812	725
2813	1249
2814	486
2815	956
2816	192
2817	636
2818	1239
2819	871
2820	148
2821	678
2822	404
2823	28
2824	1443
2825	80
2826	1485
2827	1045
2828	66
2829	469
2830	1369
2831	1189
2832	667
2833	498
2834	345
2835	89
2836	1136
2837	1114
2838	110
2839	662
2840	1333
2841	905
2842	434
2843	598
2844	467
2845	116
2846	662
2847	345
2848	505
2849	1486
2850	113
2851	758
2852	110
2853	787
2854	5
2855	62
2856	711
2857	881
2858	1438
2859	328
2860	375
2861	1252
2862	764
2863	126
2864	258
2865	501
2866	257
2867	479
2868	1002
2869	196
2870	1162
2871	329
2872	704
2873	793
2874	1344
2875	824
2876	104
2877	729
2878	1398
2879	779
2880	330
2881	1136
2882	668
2883	1069
2884	907
2885	221
2886	636
2887	672
2888	729
2889	204
2890	392
2891	1452
2892	360
2893	1161
2894	1018
2895	265
2896	507
2897	317
2898	956
2899	1205
2900	69
2901	537
2902	1172
2903	353
2904	255
2905	1287
2906	115
2907	938
2908	1434
2909	446
2910	1267
2911	600
2912	655
2913	506
2914	668
2915	1430
2916	910
2917	641
2918	465
2919	1164
2920	465
2921	31
2922	1161
2923	993
2924	404
2925	1100
2926	1304
2927	607
2928	505
2929	1420
2930	1210
2931	716
2932	736
2933	516
2934	244
2935	1304
2936	1468
2937	710
2938	748
2939	960
2940	4
2941	715
2942	758
2943	1128
2944	315
2945	957
2946	244
2947	317
2948	1248
2949	584
2950	1064
2951	66
2952	1033
2953	506
2954	306
2955	433
2956	953
2957	817
2958	329
2959	582
2960	222
2961	556
2962	971
2963	1155
2964	681
2965	191
2966	1155
2967	365
2968	1202
2969	556
2970	369
2971	588
2972	940
2973	288
2974	953
2975	1212
2976	659
2977	5
2978	834
2979	602
2980	453
2981	1485
2982	525
2983	1475
2984	227
2985	1171
2986	227
2987	779
2988	1
2989	224
2990	1267
2991	842
2992	866
2993	446
2994	720
2995	589
2996	1202
2997	306
2998	1310
2999	1378
3000	1378
Class Times	10
Rooms	300
1	796
2	821
3	925
4	31
5	801
6	678
7	506
8	295
9	604
10	17
11	244
12	681
13	179
14	755
15	94
16	112
17	450
18	451
19	634
20	778
21	29
22	935
23	359
24	207
25	359
26	617
27	304
28	727
29	893
30	75
31	560
32	719
33	724
34	853
35	543
36	684
37	572
38	425
39	232
40	388
41	965
42	544
43	79
44	932
45	156
46	841
47	66
48	597
49	756
50	869
51	530
52	949
53	813
54	181
55	431
56	748
57	950
58	203
59	963
60	60
61	468
62	732
63	952
64	830
65	338
66	674
67	784
68	346
69	604
70	754
71	483
72	212
73	652
74	862
75	816
76	801
77	750
78	918
79	770
80	356
81	373
82	382
83	286
84	240
85	697
86	718
87	426
88	253
89	722
90	114
91	946
92	39
93	613
94	114
95	844
96	93
97	307
98	525
99	120
100	566
101	818
102	290
103	573
104	883
105	517
106	630
107	925
108	414
109	649
110	509
111	890
112	667
113	641
114	605
115	211
116	480
117	336
118	865
119	505
120	858
121	137
122	836
123	134
124	552
125	322
126	662
127	897
128	666
129	60
130	86
131	71
132	738
133	772
134	451
135	276
136	241
137	224
138	689
139	426
140	782
141	257
142	212
143	989
144	637
145	696
146	488
147	545
148	235
149	721
150	74
151	150
152	748
153	808
154	577
155	579
156	23
157	135
158	913
159	168
160	438
161	693
162	602
163	831
164	101
165	767
166	817
167	361
168	551
169	734
170	291
171	196
172	376
173	473
174	608
175	997
176	606
177	944
178	788
179	129
180	351
181	543
182	153
183	677
184	229
185	447
186	352
187	262
188	540
189	961
190	809
191	831
192	807
193	712
194	951
195	651
196	17
197	55
198	386
199	771
200	212
201	259
202	261
203	694
204	28
205	199
206	229
207	903
208	572
209	603
210	759
211	93
212	119
213	817
214	736
215	682
216	971
217	337
218	407
219	390
220	769
221	877
222	379
223	510
224	833
225	949
226	23
227	472
228	96
229	574
230	252
231	884
232	651
233	992
234	728
235	628
236	814
237	977
238	36
239	193
240	83
241	720
242	413
243	156
244	419
245	432
246	386
247	752
248	892
249	70
250	365
251	983
252	913
253	306
254	232
255	439
256	12
257	352
258	964
259	441
260	545
261	864
262	287
263	386
264	208
265	400
266	833
267	978
268	362
269	446
270	43
271	507
272	72
273	270
274	928
275	924
276	447
277	931
278	857
279	128
280	24
281	846
282	602
283	109
284	396
285	215
286	371
287	249
288	293
289	939
290	944
291	685
292	345
293	465
294	225
295	259
296	239
297	221
298	923
299	51
300	954
Classes	3000
Teachers	1500
1	1282
2	673
3	142
4	313
5	1038
6	1088
7	1184
8	637
9	361
10	239
11	976
12	61
13	2
14	629
15	308
16	986
17	1152
18	1223
19	985
20	1323
21	972
22	897
23	1346
24	979
25	633
26	1008
27	605
28	254
29	11
30	1164
31	1233
32	305
33	679
34	1339
35	655
36	330
37	826
38	891
39	1204
40	1351
41	923
42	1050
43	1023
44	1437
45	109
46	662
47	398
48	1037
49	1402
50	822
51	1069
52	290
53	489
54	1498
55	321
56	128
57	660
58	935
59	563
60	1290
61	779
62	482
63	590
64	738
65	1420
66	281
67	949
68	924
69	899
70	772
71	272
72	48
73	745
74	274
75	379
76	401
77	140
78	1144
79	1490
80	956
81	757
82	377
83	1426
84	801
85	859
86	671
87	1345
88	275
89	27
90	1237
91	1024
92	1170
93	679
94	542
95	1011
96	1374
97	1117
98	315
99	65
100	711
101	1426
102	873
103	1225
104	662
105	1001
106	1020
107	260
108	451
109	754
110	567
111	1159
112	171
113	191
114	600
115	155
116	66
117	1241
118	977
119	481
120	1099
121	360
122	993
123	383
124	883
125	212
126	1201
127	186
128	147
129	567
130	462
131	977
132	979
133	1096
134	842
135	528
136	138
137	370
138	592
139	708
140	210
141	295
142	508
143	1137
144	1012
145	1159
146	213
147	1148
148	510
149	333
150	1176
151	1141
152	518
153	925
154	1425
155	758
156	804
157	928
158	1313
159	1309
160	633
161	953
162	1184
163	1000
164	1476
165	1137
166	859
167	450
168	1053
169	27
170	924
171	1047
172	945
173	346
174	267
175	978
176	1403
177	236
178	768
179	839
180	568
181	1066
182	1379
183	714
184	1236
185	775
186	254
187	748
188	313
189	1332
190	1156
191	261
192	1357
193	1459
194	1306
195	1411
196	1117
197	607
198	1084
199	285
200	879
201	552
202	889
203	1492
204	995
205	127
206	988
207	1288
208	938
209	669
210	424
211	76
212	1446
213	531
214	895
215	1226
216	1017
217	973
218	1116
219	202
220	1055
221	1424
222	1299
223	146
224	331
225	455
226	298
227	414
228	766
229	1442
230	1428
231	992
232	1303
233	364
234	926
235	815
236	69
237	494
238	161
239	1050
240	1485
241	189
242	821
243	1486
244	805
245	442
246	466
247	386
248	452
249	277
250	139
251	1091
252	1454
253	327
254	1216
255	1279
256	781
257	64
258	87
259	199
260	1090
261	495
262	1300
263	635
264	629
265	1405
266	1279
267	1475
268	85
269	676
270	395
271	166
272	1241
273	202
274	612
275	173
276	1203
277	658
278	1282
279	128
280	344
281	907
282	380
283	120
284	353
285	223
286	1028
287	1338
288	912
289	24
290	1331
291	199
292	1005
293	1474
294	327
295	816
296	122
297	1448
298	1131
299	1232
300	1166
301	1033
302	1202
303	1362
304	1097
305	1388
306	708
307	570
308	238
309	1385
310	1202
311	1136
312	1053
313	1160
314	631
315	161
316	1208
317	367
318	1138
319	365
320	476
321	1399
322	1392
323	752
324	915
325	764
326	654
327	711
328	122
329	414
330	557
331	175
332	264
333	695
334	1495
335	34
336	168
337	14
338	392
339	3
340	238
341	226
342	61
343	294
344	801
345	773
346	806
347	539
348	1213
349	1001
350	1055
351	594
352	1152
353	576
354	1105
355	841
356	112
357	1379
358	1473
359	1219
360	1308
361	1319
362	572
363	587
364	1436
365	627
366	111
367	807
368	689
369	1457
370	57
371	1078
372	890
373	1277
374	150
375	805
376	371
377	1164
378	308
379	779
380	1410
381	877
382	1071
383	667
384	510
385	280
386	4
387	1179
388	1045
389	838
390	91
391	1135
392	131
393	1462
394	464
395	947
396	1186
397	230
398	564
399	611
400	487
401	1441
402	42
403	497
404	1238
405	1456
406	568
407	800
408	674
409	539
410	181
411	645
412	10
413	613
414	296
415	71
416	92
417	825
418	747
419	626
420	606
421	1485
422	439
423	454
424	1425
425	478
426	489
427	98
428	761
429	1297
430	759
431	606
432	956
433	472
434	827
435	165
436	1118
437	1023
438	334
439	497
440	1470
441	1151
442	260
443	695
444	751
445	319
446	14
447	735
448	1122
449	54
450	123
451	1198
452	584
453	777
454	929
455	731
456	50
457	1180
458	195
459	652
460	169
461	487
462	491
463	1145
464	1186
465	1385
466	365
467	1130
468	1472
469	1342
470	659
471	707
472	144
473	1092
474	1008
475	333
476	745
477	770
478	730
479	480
480	1143
481	777
482	1193
483	46
484	63
485	676
486	1133
487	1259
488	24
489	1437
490	550
491	1006
492	627
493	402
494	227
495	772
496	425
497	89
498	1151
499	464
500	1297
501	1175
502	144
503	1304
504	1480
505	542
506	410
507	171
508	636
509	1213
510	83
511	837
512	921
513	683
514	734
515	1299
516	1122
517	1455
518	1226
519	1198
520	503
521	59
522	762
523	108
524	964
525	892
526	1044
527	1127
528	39
529	1147
530	555
531	978
532	1147
533	614
534	1233
535	575
536	1435
537	1063
538	455
539	793
540	1458
541	1239
542	471
543	1181
544	933
545	473
546	361
547	293
548	475
549	1191
550	1366
551	1148
552	1429
553	1313
554	179
555	718
556	145
557	1275
558	1085
559	1493
560	1245
561	795
562	583
563	124
564	543
565	1075
566	163
567	23
568	416
569	8
570	1316
571	913
572	380
573	1359
574	91
575	1268
576	429
577	460
578	1289
579	1135
580	948
581	565
582	960
583	416
584	782
585	56
586	318
587	522
588	1230
589	425
590	1011
591	855
592	355
593	584
594	1094
595	1094
596	863
597	275
598	526
599	1038
600	1383
601	1296
602	231
603	632
604	1035
605	241
606	240
607	1116
608	540
609	729
610	794
611	1111
612	1106
613	1066
614	187
615	741
616	156
617	1113
618	733
619	687
620	317
621	560
622	1222
623	804
624	319
625	1231
626	486
627	506
628	230
629	502
630	840
631	573
632	93
633	1193
634	276
635	1224
636	297
637	505
638	1276
639	1185
640	1232
641	865
642	918
643	1131
644	1019
645	143
646	1034
647	1022
648	1061
649	1206
650	509
651	887
652	1482
653	1234
654	1404
655	350
656	300
657	976
658	1175
659	215
660	1286
661	311
662	526
663	778
664	893
665	1163
666	1243
667	848
668	110
669	286
670	49
671	189
672	80
673	1206
674	350
675	975
676	857
677	1231
678	267
679	356
680	1103
681	1156
682	97
683	321
684	1076
685	399
686	271
687	362
688	822
689	1077
690	214
691	735
692	121
693	1335
694	1439
695	357
696	887
697	20
698	13
699	1295
700	479
701	94
702	912
703	1200
704	415
705	938
706	622
707	86
708	721
709	619
710	930
711	589
712	242
713	1401
714	119
715	1163
716	1191
717	1065
718	1227
719	1039
720	666
721	934
722	650
723	37
724	394
725	747
726	984
727	1283
728	925
729	1076
730	870
731	363
732	919
733	1173
734	1349
735	624
736	320
737	671
738	998
739	858
740	428
741	475
742	1270
743	176
744	193
745	1392
746	1033
747	1114
748	34
749	994
750	1045
751	969
752	556
753	654
754	198
755	757
756	596
757	1052
758	70
759	1375
760	249
761	1054
762	760
763	1438
764	896
765	469
766	1459
767	336
768	181
769	1222
770	297
771	718
772	371
773	732
774	408
775	751
776	1346
777	856
778	1338
779	281
780	784
781	1256
782	336
783	631
784	22
785	1407
786	990
787	969
788	841
789	357
790	966
791	888
792	714
793	277
794	964
795	882
796	262
797	388
798	786
799	591
800	987
801	1227
802	960
803	1471
804	1470
805	1046
806	543
807	934
808	951
809	82
810	119
811	895
812	945
813	360
814	556
815	1389
816	1000
817	396
818	447
819	109
820	300
821	115
822	1433
823	811
824	574
825	1086
826	738
827	794
828	369
829	1208
830	106
831	622
832	452
833	1420
834	82
835	872
836	330
837	108
838	23
839	1119
840	1167
841	1200
842	748
843	1180
844	157
845	74
846	799
847	1088
848	372
849	1096
850	169
851	370
852	770
853	149
854	1465
855	63
856	1376
857	156
858	725
859	1318
860	136
861	252
862	1344
863	1196
864	175
865	522
866	423
867	630
868	237
869	890
870	364
871	447
872	894
873	420
874	907
875	396
876	1455
877	1006
878	834
879	1124
880	162
881	255
882	702
883	306
884	604
885	1123
886	672
887	1132
888	551
889	1138
890	864
891	474
892	388
893	1026
894	1295
895	33
896	565
897	186
898	742
899	519
900	248
901	316
902	989
903	1047
904	285
905	819
906	1093
907	1400
908	849
909	1442
910	1303
911	1216
912	1363
913	48
914	754
915	1207
916	680
917	697
918	359
919	1265
920	1028
921	292
922	1221
923	807
924	1300
925	1190
926	832
927	46
928	1321
929	929
930	704
931	1075
932	698
933	1348
934	445
935	769
936	133
937	492
938	1093
939	599
940	1183
941	1281
942	433
943	501
944	1377
945	31
946	136
947	362
948	1181
949	398
950	590
951	1278
952	1142
953	1323
954	385
955	545
956	299
957	1104
958	1120
959	1212
960	65
961	190
962	305
963	869
964	1024
965	429
966	891
967	829
968	1453
969	315
970	1090
971	101
972	184
973	883
974	81
975	863
976	685
977	56
978	274
979	705
980	1322
981	605
982	1003
983	1255
984	379
985	1251
986	952
987	1314
988	204
989	473
990	79
991	421
992	1353
993	597
994	420
995	619
996	1091
997	1289
998	1460
999	780
1000	111
1001	1141
1002	501
1003	954
1004	493
1005	383
1006	1168
1007	724
1008	142
1009	967
1010	423
1011	1157
1012	1478
1013	1472
1014	1095
1015	1187
1016	1037
1017	269
1018	1064
1019	1203
1020	508
1021	734
1022	598
1023	1454
1024	797
1025	288
1026	571
1027	138
1028	1333
1029	989
1030	921
1031	566
1032	113
1033	421
1034	848
1035	174
1036	609
1037	386
1038	951
1039	338
1040	149
1041	647
1042	500
1043	678
1044	387
1045	880
1046	557
1047	1370
1048	1339
1049	1395
1050	461
1051	1169
1052	1014
1053	512
1054	451
1055	372
1056	1172
1057	1327
1058	559
1059	499
1060	906
1061	417
1062	92
1063	601
1064	195
1065	58
1066	1049
1067	1340
1068	816
1069	88
1070	570
1071	1327
1072	278
1073	203
1074	1078
1075	580
1076	314
1077	163
1078	974
1079	318
1080	164
1081	18
1082	354
1083	219
1084	50
1085	17
1086	1468
1087	1362
1088	813
1089	200
1090	942
1091	120
1092	29
1093	1030
1094	157
1095	944
1096	1413
1097	790
1098	1493
1099	1071
1100	1372
1101	1486
1102	787
1103	1261
1104	965
1105	89
1106	1105
1107	868
1108	67
1109	768
1110	985
1111	688
1112	725
1113	81
1114	304
1115	1035
1116	815
1117	818
1118	301
1119	680
1120	1259
1121	1210
1122	494
1123	648
1124	533
1125	717
1126	1336
1127	749
1128	1347
1129	678
1130	397
1131	555
1132	828
1133	485
1134	838
1135	476
1136	307
1137	399
1138	1129
1139	76
1140	72
1141	486
1142	458
1143	665
1144	1363
1145	694
1146	170
1147	1179
1148	793
1149	458
1150	1335
1151	761
1152	470
1153	995
1154	436
1155	1395
1156	860
1157	1410
1158	1194
1159	692
1160	295
1161	1365
1162	1433
1163	151
1164	384
1165	1309
1166	57
1167	60
1168	1475
1169	828
1170	1445
1171	1015
1172	1097
1173	1396
1174	1126
1175	548
1176	926
1177	862
1178	532
1179	594
1180	211
1181	888
1182	409
1183	1405
1184	900
1185	1357
1186	131
1187	223
1188	705
1189	876
1190	958
1191	756
1192	54
1193	102
1194	604
1195	827
1196	856
1197	965
1198	1287
1199	963
1200	12
1201	96
1202	1383
1203	216
1204	1062
1205	100
1206	1340
1207	1490
1208	1446
1209	834
1210	1059
1211	762
1212	155
1213	1396
1214	393
1215	529
1216	356
1217	30
1218	500
1219	724
1220	616
1221	309
1222	1263
1223	591
1224	1274
1225	183
1226	687
1227	1273
1228	10
1229	1211
1230	205
1231	289
1232	263
1233	1177
1234	1244
1235	151
1236	154
1237	3
1238	409
1239	470
1240	972
1241	1025
1242	1315
1243	1451
1244	1312
1245	456
1246	328
1247	1009
1248	548
1249	481
1250	271
1251	139
1252	635
1253	216
1254	118
1255	1441
1256	491
1257	83
1258	933
1259	1476
1260	922
1261	1189
1262	1225
1263	773
1264	1329
1265	261
1266	901
1267	77
1268	1098
1269	820
1270	602
1271	101
1272	387
1273	462
1274	507
1275	146
1276	1167
1277	1367
1278	244
1279	1364
1280	1223
1281	983
1282	609
1283	80
1284	665
1285	913
1286	359
1287	786
1288	1469
1289	1153
1290	1139
1291	1497
1292	808
1293	520
1294	1388
1295	1399
1296	1060
1297	1353
1298	755
1299	419
1300	104
1301	407
1302	113
1303	232
1304	68
1305	948
1306	1464
1307	916
1308	68
1309	1143
1310	968
1311	588
1312	1415
1313	710
1314	428
1315	881
1316	593
1317	986
1318	1400
1319	1361
1320	677
1321	36
1322	366
1323	1070
1324	21
1325	523
1326	740
1327	1124
1328	1322
1329	1072
1330	244
1331	600
1332	940
1333	509
1334	763
1335	1267
1336	753
1337	641
1338	30
1339	400
1340	707
1341	647
1342	209
1343	889
1344	523
1345	897
1346	214
1347	422
1348	1065
1349	1283
1350	1087
1351	837
1352	1199
1353	170
1354	257
1355	1154
1356	1089
1357	942
1358	1269
1359	865
1360	1211
1361	299
1362	750
1363	1056
1364	457
1365	309
1366	691
1367	720
1368	831
1369	125
1370	625
1371	645
1372	667
1373	535
1374	499
1375	373
1376	1499
1377	466
1378	1004
1379	677
1380	626
1381	829
1382	102
1383	1034
1384	1424
1385	728
1386	86
1387	33
1388	1051
1389	1252
1390	6
1391	74
1392	42
1393	258
1394	1015
1395	99
1396	492
1397	1142
1398	910
1399	445
1400	596
1401	1059
1402	1373
1403	1480
1404	850
1405	1319
1406	1391
1407	1391
1408	1063
1409	2
1410	648
1411	320
1412	1287
1413	349
1414	73
1415	90
1416	1046
1417	682
1418	820
1419	902
1420	558
1421	18
1422	98
1423	129
1424	764
1425	563
1426	72
1427	1042
1428	219
1429	1484
1430	203
1431	857
1432	1366
1433	177
1434	1359
1435	224
1436	660
1437	110
1438	882
1439	1456
1440	1463
1441	843
1442	384
1443	722
1444	1316
1445	528
1446	341
1447	1168
1448	818
1449	353
1450	1095
1451	140
1452	75
1453	1188
1454	896
1455	426
1456	1013
1457	855
1458	1026
1459	1373
1460	1431
1461	242
1462	876
1463	1042
1464	1277
1465	874
1466	1397
1467	1326
1468	1272
1469	709
1470	235
1471	704
1472	1457
1473	776
1474	675
1475	1305
1476	659
1477	64
1478	1113
1479	431
1480	879
1481	1292
1482	658
1483	639
1484	847
1485	453
1486	84
1487	1348
1488	1494
1489	463
1490	1291
1491	740
1492	1021
1493	1087
1494	246
1495	1387
1496	454
1497	530
1498	696
1499	41
1500	664
1501	1068
1502	984
1503	468
1504	107
1505	655
1506	1337
1507	376
1508	341
1509	788
1510	758
1511	400
1512	1130
1513	1290
1514	1235
1515	252
1516	650
1517	537
1518	628
1519	16
1520	873
1521	1445
1522	310
1523	1199
1524	349
1525	833
1526	862
1527	1374
1528	88
1529	578
1530	484
1531	4
1532	162
1533	713
1534	226
1535	640
1536	941
1537	651
1538	1153
1539	684
1540	585
1541	532
1542	134
1543	183
1544	1118
1545	310
1546	1418
1547	1371
1548	21
1549	1173
1550	999
1551	1107
1552	100
1553	418
1554	1140
1555	1009
1556	165
1557	582
1558	484
1559	301
1560	279
1561	760
1562	709
1563	1286
1564	1325
1565	182
1566	812
1567	1258
1568	641
1569	866
1570	228
1571	1416
1572	1291
1573	8
1574	1334
1575	535
1576	1056
1577	534
1578	505
1579	1256
1580	444
1581	1031
1582	215
1583	1278
1584	1144
1585	12
1586	1070
1587	251
1588	222
1589	872
1590	43
1591	892
1592	346
1593	221
1594	1260
1595	537
1596	809
1597	684
1598	520
1599	1190
1600	1251
1601	1204
1602	1422
1603	266
1604	227
1605	1077
1606	1365
1607	248
1608	595
1609	1468
1610	810
1611	1002
1612	833
1613	586
1614	378
1615	153
1616	1267
1617	194
1618	1489
1619	1431
1620	1422
1621	1350
1622	577
1623	231
1624	1372
1625	1345
1626	463
1627	988
1628	239
1629	49
1630	536
1631	178
1632	702
1633	485
1634	1189
1635	1298
1636	540
1637	438
1638	675
1639	657
1640	538
1641	959
1642	649
1643	1068
1644	932
1645	656
1646	440
1647	1049
1648	20
1649	302
1650	395
1651	1207
1652	363
1653	1247
1654	642
1655	1428
1656	104
1657	621
1658	547
1659	37
1660	390
1661	1258
1662	1108
1663	67
1664	287
1665	1214
1666	936
1667	208
1668	286
1669	1210
1670	329
1671	225
1672	962
1673	204
1674	288
1675	1249
1676	94
1677	1272
1678	337
1679	533
1680	529
1681	502
1682	866
1683	290
1684	1492
1685	153
1686	788
1687	1452
1688	712
1689	1429
1690	1157
1691	657
1692	1169
1693	419
1694	401
1695	1333
1696	927
1697	345
1698	898
1699	906
1700	340
1701	125
1702	1254
1703	279
1704	506
1705	147
1706	96
1707	1106
1708	923
1709	1084
1710	712
1711	262
1712	842
1713	1467
1714	1048
1715	1301
1716	813
1717	477
1718	1276
1719	597
1720	858
1721	180
1722	259
1723	424
1724	550
1725	339
1726	66
1727	850
1728	446
1729	1380
1730	1102
1731	932
1732	479
1733	352
1734	246
1735	402
1736	1149
1737	1224
1738	963
1739	937
1740	1440
1741	1343
1742	468
1743	1192
1744	576
1745	957
1746	1129
1747	103
1748	1017
1749	338
1750	129
1751	1460
1752	1182
1753	245
1754	652
1755	611
1756	167
1757	324
1758	280
1759	1498
1760	1499
1761	802
1762	1030
1763	192
1764	1477
1765	987
1766	272
1767	982
1768	623
1769	264
1770	1079
1771	392
1772	694
1773	593
1774	817
1775	530
1776	1462
1777	703
1778	1126
1779	355
1780	1440
1781	1432
1782	1062
1783	394
1784	1354
1785	681
1786	132
1787	251
1788	774
1789	656
1790	190
1791	512
1792	1083
1793	1412
1794	911
1795	249
1796	105
1797	192
1798	145
1799	337
1800	1330
1801	1328
1802	1305
1803	114
1804	314
1805	585
1806	427
1807	1132
1808	1336
1809	518
1810	922
1811	580
1812	536
1813	1264
1814	663
1815	176
1816	117
1817	477
1818	1111
1819	953
1820	5
1821	612
1822	521
1823	546
1824	443
1825	1110
1826	900
1827	920
1828	1315
1829	427
1830	601
1831	975
1832	150
1833	582
1834	71
1835	1089
1836	1328
1837	1371
1838	444
1839	731
1840	598
1841	105
1842	1064
1843	443
1844	784
1845	407
1846	329
1847	790
1848	803
1849	541
1850	993
1851	1010
1852	418
1853	581
1854	1369
1855	53
1856	482
1857	719
1858	966
1859	1466
1860	919
1861	743
1862	478
1863	351
1864	1074
1865	1488
1866	936
1867	886
1868	983
1869	691
1870	433
1871	41
1872	583
1873	624
1874	1484
1875	62
1876	210
1877	546
1878	366
1879	123
1880	1449
1881	495
1882	36
1883	1269
1884	1197
1885	1020
1886	578
1887	971
1888	1102
1889	1434
1890	457
1891	465
1892	410
1893	1302
1894	1413
1895	11
1896	306
1897	551
1898	345
1899	717
1900	296
1901	1158
1902	931
1903	911
1904	1214
1905	465
1906	1449
1907	196
1908	1481
1909	1041
1910	116
1911	225
1912	899
1913	1488
1914	603
1915	448
1916	287
1917	552
1918	415
1919	13
1920	236
1921	1354
1922	1254
1923	1192
1924	592
1925	941
1926	1497
1927	808
1928	637
1929	9
1930	1253
1931	1048
1932	564
1933	413
1934	544
1935	1119
1936	664
1937	257
1938	1356
1939	653
1940	902
1941	1390
1942	152
1943	1177
1944	1010
1945	1247
1946	1294
1947	1270
1948	962
1949	628
1950	1215
1951	553
1952	1360
1953	727
1954	1040
1955	1384
1956	967
1957	905
1958	1358
1959	1293
1960	1404
1961	1356
1962	1054
1963	672
1964	1293
1965	19
1966	126
1967	177
1968	1136
1969	797
1970	173
1971	6
1972	90
1973	755
1974	1244
1975	825
1976	545
1977	644
1978	1495
1979	700
1980	651
1981	1369
1982	112
1983	19
1984	44
1985	1248
1986	885
1987	1158
1988	1115
1989	460
1990	1453
1991	1155
1992	730
1993	237
1994	653
1995	78
1996	152
1997	968
1998	574
1999	632
2000	381
2001	955
2002	1104
2003	1099
2004	39
2005	1402
2006	378
2007	931
2008	1271
2009	1238
2010	918
2011	752
2012	625
2013	781
2014	930
2015	824
2016	812
2017	164
2018	1260
2019	40
2020	1451
2021	630
2022	342
2023	766
2024	997
2025	997
2026	723
2027	197
2028	746
2029	1408
2030	1080
2031	1166
2032	28
2033	1368
2034	998
2035	608
2036	783
2037	771
2038	1273
2039	1114
2040	959
2041	1194
2042	1487
2043	78
2044	1182
2045	819
2046	802
2047	1280
2048	1411
2049	1376
2050	1212
2051	1325
2052	1
2053	35
2054	847
2055	776
2056	377
2057	1482
2058	1414
2059	778
2060	700
2061	373
2062	132
2063	638
2064	1031
2065	1444
2066	639
2067	1308
2068	750
2069	467
2070	459
2071	211
2072	1306
2073	459
2074	60
2075	958
2076	843
2077	1161
2078	450
2079	733
2080	1103
2081	715
2082	1229
2083	845
2084	17
2085	729
2086	742
2087	1253
2088	474
2089	566
2090	1312
2091	1165
2092	950
2093	256
2094	577
2095	235
2096	1341
2097	289
2098	412
2099	168
2100	1264
2101	324
2102	1218
2103	1280
2104	513
2105	1149
2106	853
2107	915
2108	547
2109	1115
2110	525
2111	47
2112	1098
2113	84
2114	1444
2115	991
2116	193
2117	799
2118	1274
2119	1443
2120	1245
2121	581
2122	884
2123	130
2124	905
2125	449
2126	87
2127	517
2128	348
2129	1421
2130	185
2131	763
2132	613
2133	1019
2134	73
2135	127
2136	531
2137	1041
2138	51
2139	75
2140	1082
2141	980
2142	1467
2143	367
2144	811
2145	666
2146	726
2147	40
2148	1073
2149	1197
2150	1358
2151	910
2152	1397
2153	800
2154	1463
2155	218
2156	1145
2157	688
2158	1263
2159	638
2160	1384
2161	1419
2162	1162
2163	1443
2164	643
2165	1183
2166	669
2167	55
2168	1330
2169	1304
2170	696
2171	294
2172	746
2173	1246
2174	1229
2175	971
2176	1058
2177	1162
2178	569
2179	213
2180	981
2181	774
2182	1110
2183	1344
2184	1412
2185	130
2186	1317
2187	196
2188	996
2189	1298
2190	1266
2191	1209
2192	493
2193	886
2194	1100
2195	1134
2196	316
2197	663
2198	328
2199	1039
2200	1491
2201	278
2202	197
2203	31
2204	739
2205	640
2206	940
2207	1281
2208	947
2209	1014
2210	511
2211	1100
2212	844
2213	1170
2214	9
2215	1057
2216	703
2217	1423
2218	158
2219	846
2220	1195
2221	871
2222	1123
2223	1150
2224	1271
2225	785
2226	973
2227	1466
2228	946
2229	996
2230	322
2231	1302
2232	821
2233	393
2234	853
2235	114
2236	1435
2237	1255
2238	1072
2239	1032
2240	38
2241	908
2242	15
2243	1252
2244	796
2245	1061
2246	1434
2247	348
2248	1150
2249	1013
2250	877
2251	589
2252	311
2253	1022
2254	1140
2255	1205
2256	59
2257	137
2258	325
2259	1234
2260	1423
2261	587
2262	1268
2263	376
2264	1265
2265	135
2266	1051
2267	1439
2268	588
2269	22
2270	646
2271	1052
2272	461
2273	1489
2274	732
2275	511
2276	701
2277	771
2278	205
2279	726
2280	1043
2281	727
2282	1044
2283	1240
2284	783
2285	212
2286	981
2287	1079
2288	753
2289	1239
2290	513
2291	701
2292	256
2293	1375
2294	803
2295	782
2296	1296
2297	209
2298	698
2299	422
2300	133
2301	1060
2302	1134
2303	448
2304	1165
2305	406
2306	312
2307	686
2308	29
2309	107
2310	868
2311	1311
2312	880
2313	1317
2314	456
2315	498
2316	1390
2317	1266
2318	571
2319	617
2320	1025
2321	719
2322	1421
2323	690
2324	53
2325	1387
2326	1215
2327	1406
2328	490
2329	1479
2330	182
2331	681
2332	1408
2333	1347
2334	617
2335	937
2336	38
2337	187
2338	1003
2339	1341
2340	85
2341	77
2342	1218
2343	668
2344	1380
2345	148
2346	514
2347	595
2348	538
2349	881
2350	391
2351	44
2352	368
2353	1188
2354	217
2355	1242
2356	405
2357	743
2358	706
2359	417
2360	430
2361	1430
2362	904
2363	982
2364	352
2365	644
2366	298
2367	1121
2368	1450
2369	1447
2370	134
2371	723
2372	312
2373	1377
2374	1032
2375	1469
2376	293
2377	334
2378	1154
2379	1069
2380	291
2381	572
2382	58
2383	1107
2384	93
2385	861
2386	99
2387	716
2388	79
2389	431
2390	1209
2391	1221
2392	180
2393	1195
2394	1389
2395	683
2396	347
2397	1496
2398	1332
2399	524
2400	553
2401	51
2402	670
2403	525
2404	1178
2405	693
2406	498
2407	697
2408	1109
2409	160
2410	191
2411	69
2412	792
2413	1360
2414	928
2415	944
2416	765
2417	1
2418	1237
2419	45
2420	1185
2421	620
2422	1414
2423	1043
2424	1139
2425	467
2426	1016
2427	15
2428	1418
2429	507
2430	916
2431	490
2432	599
2433	1004
2434	668
2435	1450
2436	106
2437	715
2438	920
2439	221
2440	796
2441	307
2442	406
2443	1220
2444	950
2445	194
2446	1249
2447	1406
2448	573
2449	1407
2450	218
2451	1240
2452	810
2453	1409
2454	435
2455	397
2456	1477
2457	283
2458	154
2459	340
2460	823
2461	43
2462	28
2463	1496
2464	608
2465	852
2466	141
2467	1324
2468	5
2469	519
2470	343
2471	885
2472	496
2473	927
2474	335
2475	1367
2476	901
2477	437
2478	867
2479	201
2480	516
2481	792
2482	991
2483	559
2484	282
2485	343
2486	682
2487	408
2488	1334
2489	1292
2490	1220
2491	55
2492	1381
2493	1176
2494	1082
2495	1500
2496	303
2497	245
2498	1201
2499	999
2500	1419
2501	1002
2502	826
2503	1155
2504	167
2505	741
2506	1430
2507	952
2508	1432
2509	1058
2510	1146
2511	817
2512	516
2513	1378
2514	47
2515	121
2516	322
2517	1018
2518	1160
2519	441
2520	1036
2521	141
2522	1217
2523	1352
2524	1331
2525	1083
2526	569
2527	1178
2528	1121
2529	1324
2530	1478
2531	1318
2532	874
2533	1073
2534	992
2535	228
2536	198
2537	1128
2538	441
2539	207
2540	282
2541	860
2542	1416
2543	35
2544	437
2545	562
2546	832
2547	607
2548	1310
2549	851
2550	381
2551	1228
2552	1128
2553	1368
2554	621
2555	789
2556	541
2557	413
2558	233
2559	1016
2560	1187
2561	276
2562	1246
2563	1343
2564	515
2565	1307
2566	1349
2567	391
2568	710
2569	769
2570	222
2571	1027
2572	869
2573	544
2574	52
2575	579
2576	949
2577	670
2578	1394
2579	385
2580	259
2581	1378
2582	172
2583	283
2584	562
2585	935
2586	1438
2587	1242
2588	861
2589	814
2590	480
2591	674
2592	201
2593	268
2594	174
2595	898
2596	586
2597	405
2598	974
2599	954
2600	1243
2601	1029
2602	117
2603	1494
2604	488
2605	1021
2606	649
2607	864
2608	503
2609	1171
2610	720
2611	785
2612	354
2613	521
2614	1294
2615	207
2616	1398
2617	517
2618	736
2619	453
2620	270
2621	603
2622	575
2623	980
2624	515
2625	878
2626	1394
2627	839
2628	1109
2629	673
2630	728
2631	188
2632	1355
2633	722
2634	957
2635	1127
2636	946
2637	830
2638	412
2639	342
2640	527
2641	116
2642	840
2643	1355
2644	1027
2645	830
2646	1228
2647	1350
2648	1471
2649	16
2650	789
2651	1257
2652	1329
2653	126
2654	623
2655	1112
2656	160
2657	1125
2658	795
2659	435
2660	1481
2661	1007
2662	716
2663	1464
2664	1036
2665	432
2666	302
2667	1081
2668	870
2669	1248
2670	634
2671	798
2672	1230
2673	634
2674	867
2675	524
2676	229
2677	1370
2678	1012
2679	1108
2680	561
2681	1085
2682	961
2683	534
2684	224
2685	798
2686	1382
2687	894
2688	449
2689	1262
2690	1257
2691	1403
2692	469
2693	878
2694	849
2695	1351
2696	172
2697	955
2698	1080
2699	1321
2700	382
2701	291
2702	135
2703	943
2704	1172
2705	403
2706	25
2707	903
2708	1112
2709	831
2710	185
2711	1479
2712	158
2713	686
2714	432
2715	1500
2716	759
2717	1092
2718	917
2719	693
2720	1086
2721	1382
2722	472
2723	1398
2724	615
2725	438
2726	560
2727	335
2728	45
2729	1057
2730	148
2731	689
2732	914
2733	504
2734	884
2735	1386
2736	442
2737	440
2738	206
2739	844
2740	344
2741	775
2742	1261
2743	143
2744	836
2745	814
2746	375
2747	268
2748	737
2749	1320
2750	1409
2751	62
2752	188
2753	835
2754	690
2755	137
2756	1436
2757	661
2758	1447
2759	103
2760	706
2761	208
2762	1029
2763	558
2764	255
2765	1311
2766	374
2767	389
2768	721
2769	178
2770	159
2771	374
2772	787
2773	824
2774	854
2775	646
2776	233
2777	527
2778	1337
2779	699
2780	618
2781	616
2782	1364
2783	471
2784	270
2785	95
2786	1262
2787	749
2788	1474
2789	375
2790	1161
2791	351
2792	1133
2793	1448
2794	554
2795	1320
2796	835
2797	269
2798	258
2799	325
2800	1196
2801	266
2802	836
2803	875
2804	1310
2805	263
2806	1285
2807	614
2808	1007
2809	1491
2810	713
2811	411
2812	339
2813	736
2814	496
2815	1301
2816	292
2817	241
2818	166
2819	994
2820	240
2821	1458
2822	1314
2823	1487
2824	1284
2825	26
2826	909
2827	893
2828	411
2829	97
2830	871
2831	389
2832	1125
2833	369
2834	1250
2835	610
2836	430
2837	610
2838	1415
2839	1005
2840	1018
2841	284
2842	1361
2843	115
2844	1146
2845	643
2846	234
2847	909
2848	514
2849	692
2850	970
2851	1352
2852	1235
2853	220
2854	326
2855	446
2856	851
2857	1427
2858	1461
2859	358
2860	25
2861	1342
2862	488
2863	1307
2864	1120
2865	767
2866	434
2867	95
2868	1393
2869	615
2870	32
2871	561
2872	317
2873	1465
2874	1473
2875	602
2876	434
2877	1483
2878	917
2879	118
2880	1452
2881	52
2882	184
2883	253
2884	765
2885	326
2886	845
2887	780
2888	159
2889	1401
2890	1250
2891	358
2892	217
2893	1461
2894	1284
2895	26
2896	1174
2897	1081
2898	618
2899	1288
2900	620
2901	756
2902	1171
2903	1483
2904	767
2905	483
2906	439
2907	179
2908	852
2909	939
2910	791
2911	1285
2912	661
2913	961
2914	806
2915	232
2916	636
2917	265
2918	403
2919	579
2920	250
2921	347
2922	1219
2923	1393
2924	404
2925	323
2926	247
2927	990
2928	265
2929	483
2930	273
2931	1236
2932	32
2933	943
2934	854
2935	250
2936	554
2937	273
2938	504
2939	791
2940	404
2941	685
2942	234
2943	253
2944	549
2945	382
2946	390
2947	229
2948	304
2949	970
2950	549
2951	908
2952	744
2953	699
2954	846
2955	243
2956	243
2957	1067
2958	904
2959	1417
2960	70
2961	331
2962	368
2963	206
2964	220
2965	739
2966	436
2967	200
2968	303
2969	426
2970	823
2971	1067
2972	809
2973	939
2974	642
2975	1326
2976	1275
2977	7
2978	1040
2979	284
2980	914
2981	1074
2982	124
2983	1101
2984	7
2985	744
2986	1174
2987	247
2988	1101
2989	737
2990	1417
2991	1427
2992	1205
2993	875
2994	323
2995	332
2996	1381
2997	332
2998	1386
2999	903
3000	1217
