Students	1000
1	2581 1195 1060 2116
2	463 1603 2475 589
3	1213 2174 2917 2021
4	751 441 1508 2278
5	1255 2625 1425 2326
6	1631 1437 640 2891
7	276 1728 471 2903
8	1713 2815 532 1038
9	207 2556 1287 1182
10	30 2914 1502 1399
11	2486 1816 93 1569
12	2570 634 256 1491
13	2463 1990 223 2685
14	184 851 1074 1366
15	1202 1883 1729 2049
16	2837 2833 793 737
17	639 590 298 2712
18	1695 1493 2434 1164
19	155 340 265 552
20	1032 1159 2445 2837
21	1105 1566 1507 1282
22	2139 1293 1211 2106
23	1661 961 1140 1828
24	594 1315 785 236
25	2480 100 154 550
26	1161 2437 1677 1883
27	216 2562 2421 798
28	1404 1061 3 600
29	743 2233 2915 2554
30	1760 1950 1408 118
31	133 2771 1486 2367
32	260 1003 796 378
33	998 1904 1106 495
34	2478 39 194 213
35	1638 2449 1193 51
36	403 2568 918 2187
37	1699 584 412 79
38	1986 2018 2664 1494
39	2599 1068 174 2849
40	967 2417 2180 2877
41	1863 1663 1094 188
42	2289 952 2820 327
43	808 1111 640 2480
44	946 2285 499 2835
45	1575 2555 1431 927
46	543 883 2419 1708
47	467 1287 1840 1923
48	2029 2998 2301 901
49	2825 2181 1913 2800
50	2196 261 1927 1514
51	318 1141 2053 1872
52	1425 162 367 2954
53	467 269 439 567
54	1952 2955 2462 2399
55	1574 1355 2753 1551
56	2522 2774 1943 1034
57	1847 1667 2546 36
58	2775 1957 950 1033
59	2562 2790 328 2005
60	2983 740 1674 578
61	389 587 2412 2839
62	2922 1657 441 2161
63	1766 2105 2507 790
64	1642 61 2714 105
65	186 1466 2165 947
66	1726 1310 1261 1700
67	1665 480 2358 711
68	305 2171 1055 2452
69	385 1890 2739 2478
70	625 1060 2485 1819
71	549 773 2511 2003
72	1305 2683 1925 2390
73	1916 1746 2304 46
74	651 2650 1902 1738
75	2230 2163 2986 2118
76	2423 1524 2810 1221
77	846 1557 30 703
78	1366 1680 1428 1706
79	2309 2083 1764 1007
80	526 2226 1444 682
81	2414 1659 689 237
82	982 2046 1680 1358
83	419 1012 989 1571
84	1030 2855 817 1259
85	530 2675 1360 1358
86	1132 2917 135 1439
87	1620 425 433 1654
88	1046 2818 2045 740
89	285 2460 2254 2051
90	2535 2387 2104 593
91	849 2961 2615 1753
92	1806 2568 671 1607
93	2770 449 412 1117
94	2530 2654 437 685
95	2111 626 714 2344
96	1733 930 2718 598
97	1235 97 803 2690
98	206 2368 690 1880
99	1812 577 2152 1467
100	256 1547 2564 535
101	2393 840 2053 2244
102	616 1503 1174 2426
103	1417 806 495 977
104	1231 1714 479 1254
105	403 1762 1860 381
106	1302 2878 114 882
107	1332 2776 1050 621
108	2561 561 381 2229
109	2831 907 1817 1414
110	2105 1208 839 2221
111	702 1822 2305 1830
112	1386 1364 1145 2226
113	1630 1905 1176 2537
114	2009 2288 1725 63
115	1526 1875 1082 1887
116	2939 1456 1538 90
117	1933 1370 2814 1093
118	1470 1699 328 962
119	1255 2810 60 1874
120	922 1 600 1480
121	192 219 1404 230
122	2497 144 2909 1502
123	808 2491 42 1543
124	18 616 49 1168
125	1978 1888 2556 2970
126	2427 1295 1298 628
127	1657 2308 2101 23
128	1883 1591 1035 1227
129	2462 84 2447 464
130	2162 1760 2809 1461
131	2407 2772 500 1005
132	2724 206 314 202
133	384 1548 2192 2960
134	2311 1561 1629 2534
135	34 475 2022 816
136	336 2386 670 99
137	45 978 2971 770
138	504 1217 2910 189
139	1709 1471 86 1534
140	172 2692 152 794
141	1621 72 674 1253
142	830 325 1490 576
143	2867 896 798 2034
144	1838 2396 461 184
145	1841 1355 2583 597
146	2142 1257 961 1485
147	1932 2364 822 1637
148	2081 2135 552 1192
149	816 1238 2332 1929
150	1714 1330 514 972
151	2893 1481 697 747
152	163 2387 2279 440
153	2571 1484 186 20
154	465 2590 774 492
155	2612 2498 2 1640
156	1190 768 1660 205
157	566 2015 370 629
158	2748 60 2574 1001
159	2567 2948 2493 1299
160	1787 2902 78 1980
161	248 1753 1990 2250
162	1421 95 357 252
163	1423 1790 108 1954
164	190 1343 1499 735
165	2440 1913 780 788
166	2689 1198 2669 236
167	609 402 1468 2725
168	1642 817 1535 2725
169	1091 945 1703 460
170	1942 2425 1924 1497
171	1822 2457 271 2521
172	2671 762 1913 425
173	1692 1052 1172 2919
174	2573 251 2413 773
175	115 1500 1705 100
176	1628 2921 683 933
177	1402 1968 380 1411
178	2507 1516 239 188
179	1007 2791 776 1941
180	2575 1482 2245 938
181	1665 436 1027 1463
182	2911 2821 1630 956
183	751 705 2180 1324
184	1385 1018 2007 88
185	1879 2557 1443 398
186	1338 1498 1835 306
187	1716 1772 1111 787
188	662 200 250 1346
189	1392 2955 2862 2696
190	1261 2027 552 2104
191	516 1135 1140 840
192	1828 67 1537 1677
193	1884 2439 377 1988
194	1739 510 1574 1378
195	1333 1021 2053 1604
196	1492 309 1725 1153
197	2908 1590 2816 2191
198	700 2587 2126 2720
199	2579 1496 2280 1781
200	1947 1840 1411 2322
201	2161 1463 578 1086
202	1063 1909 2069 1262
203	1831 2594 1308 1085
204	1413 1640 1387 2424
205	747 1339 2154 1344
206	678 39 929 2714
207	1697 608 210 1062
208	2364 2614 2425 2794
209	2502 2196 2885 794
210	1827 2395 2461 665
211	34 1113 2182 2937
212	2064 1974 2468 549
213	151 1357 2187 1452
214	1752 629 2178 1108
215	2695 21 715 1891
216	2153 382 56 391
217	1860 478 270 2587
218	1451 527 54 1921
219	1702 1738 802 1928
220	2891 2840 1546 1120
221	2465 1813 2114 858
222	1716 2342 357 745
223	536 219 2306 1226
224	2424 1102 474 2194
225	2416 1453 199 294
226	1145 144 296 501
227	944 2484 1379 623
228	1168 75 107 1432
229	1246 954 1276 2647
230	2614 1588 2943 487
231	1447 915 571 1656
232	167 1467 1029 687
233	1090 2552 1161 391
234	2426 1195 626 782
235	1451 2368 1012 288
236	1039 2682 2332 1100
237	2559 1892 1337 1403
238	138 41 1739 420
239	2638 937 1810 1227
240	856 700 2720 251
241	5 1951 2865 1095
242	1773 460 673 551
243	58 904 2539 501
244	66 445 625 1311
245	1977 604 870 1527
246	1917 1130 1313 543
247	1079 2201 2470 1685
248	319 883 2141 33
249	1400 990 605 779
250	2920 683 1306 2762
251	125 2434 2922 2924
252	2789 1840 1359 175
253	783 1644 1873 2611
254	1187 681 1042 462
255	2861 1277 1869 671
256	365 308 418 680
257	489 2052 1293 1184
258	286 2604 49 2037
259	2247 2800 690 2775
260	2799 2705 2362 722
261	2864 74 2699 1371
262	355 211 1261 1573
263	1630 40 1713 2336
264	2678 2360 612 446
265	1772 419 2660 943
266	1040 2390 2340 1417
267	786 1858 2909 2471
268	822 1204 1630 2996
269	2813 104 2901 2640
270	1941 2380 2019 1249
271	2591 918 2909 2895
272	464 2421 1114 171
273	296 1579 123 1921
274	301 1975 2154 847
275	2725 1324 203 968
276	314 555 2769 2793
277	2723 2953 495 1916
278	1414 2088 1939 1518
279	590 226 1170 617
280	2371 2309 1514 635
281	1363 2507 1822 2850
282	984 795 2479 923
283	1351 1471 1323 2273
284	74 1047 667 1499
285	2182 1422 1151 975
286	1414 1727 1681 737
287	770 2085 909 1741
288	165 2736 1455 2773
289	2187 1410 2330 2784
290	1766 432 2146 2376
291	2258 1158 2745 2642
292	357 823 2905 1567
293	1971 681 1785 1035
294	853 1087 1520 2760
295	2299 440 931 2834
296	1663 2301 2962 269
297	3 1429 516 858
298	2709 2659 1515 2801
299	1178 2701 2824 2969
300	6 949 1385 1100
301	1956 772 1084 1983
302	2415 2414 517 113
303	673 2664 1414 2077
304	1438 1506 2758 2021
305	1121 821 94 2854
306	2 2378 1520 1136
307	2131 2083 1984 2848
308	1101 1258 697 1068
309	686 2328 2442 163
310	930 2118 1802 1651
311	1097 248 690 1987
312	1775 1301 54 1973
313	2437 1086 328 81
314	1350 978 564 2388
315	2407 2006 2455 1827
316	1607 467 2719 2637
317	1177 1006 1812 1215
318	2148 633 1466 1217
319	2432 2085 1308 2072
320	1399 656 325 2822
321	881 1579 2408 59
322	496 2579 2772 100
323	2862 1284 49 342
324	1542 2080 2938 2124
325	413 2131 986 1481
326	1386 1936 1548 2804
327	1227 2846 2898 918
328	1457 657 1561 2092
329	2325 72 2997 2510
330	2381 687 102 1069
331	49 1066 2481 1832
332	156 556 10 68
333	35 62 2778 2462
334	1571 1210 640 1700
335	2314 1939 1327 214
336	265 1636 505 2085
337	1437 786 442 166
338	1441 1748 1806 805
339	663 2415 733 2543
340	623 271 2043 1931
341	726 1766 1636 2841
342	168 1161 2586 1136
343	1486 2564 1648 206
344	2316 823 2366 196
345	2981 1392 152 2875
346	1539 107 1750 1245
347	2822 2712 2963 515
348	2738 2739 1122 2911
349	2807 114 1172 2557
350	495 1496 2795 2935
351	1747 1355 1336 87
352	1050 1030 2515 104
353	2071 2468 2652 2523
354	1032 1867 2090 203
355	2658 1410 450 1245
356	131 2625 1549 379
357	2526 383 104 2446
358	918 2038 1655 648
359	1629 112 2327 1820
360	2885 1853 1659 335
361	2872 1931 2795 261
362	1484 152 1802 2068
363	744 1620 2094 544
364	1497 29 1328 2441
365	540 2482 2118 931
366	2445 8 1554 689
367	2096 2125 2340 893
368	1012 1916 2000 689
369	2247 2922 1648 1545
370	2503 2270 2568 259
371	842 44 942 72
372	2325 543 370 1116
373	109 385 151 1279
374	194 951 1003 969
375	513 582 1 1511
376	2447 1627 871 1047
377	2862 669 2544 1478
378	2224 2280 518 1908
379	2470 2742 277 56
380	1652 1599 935 1636
381	2480 285 2588 912
382	2259 2818 2374 525
383	191 2576 254 721
384	1852 1974 1352 46
385	230 805 1802 963
386	1923 2463 1322 306
387	800 2244 1731 694
388	2322 2576 1800 1370
389	969 1959 881 279
390	2454 2695 1730 2641
391	1007 192 566 2963
392	2610 839 2370 1117
393	2209 1653 2615 1171
394	1274 1193 150 1583
395	1378 1497 1958 1741
396	2257 1203 2662 866
397	2255 1848 81 2784
398	1446 693 1274 973
399	2601 1194 1425 571
400	2666 344 2775 412
401	1454 1980 2610 1808
402	736 2709 2975 2142
403	167 2153 2333 1782
404	2239 1725 2266 517
405	1354 1355 2795 1274
406	2781 2482 890 1160
407	639 791 636 2688
408	629 2726 2900 81
409	1307 2710 1564 1695
410	580 2292 734 2335
411	2415 703 207 1682
412	1710 350 768 2343
413	1811 855 2052 588
414	287 984 302 1441
415	1662 1002 2898 130
416	2636 2234 2098 436
417	646 1106 807 157
418	1053 2347 2853 883
419	845 2939 2204 1724
420	2073 483 1828 401
421	1577 1918 2592 2657
422	370 1711 1331 2760
423	997 1103 1190 2675
424	1477 1557 2768 2482
425	2181 2917 1772 721
426	2179 877 2616 1551
427	1676 1267 1049 2932
428	1015 2220 930 311
429	93 1255 77 675
430	2694 264 2760 1875
431	253 2676 434 290
432	1483 279 1344 1311
433	695 2984 2229 621
434	1695 1875 1897 559
435	962 355 1455 2075
436	337 635 436 405
437	1071 1867 712 1815
438	751 478 1300 1955
439	2882 730 965 2787
440	674 1861 789 1881
441	738 1820 681 611
442	1623 1101 744 1245
443	2754 2620 541 2856
444	1793 335 1870 1995
445	474 919 1788 2013
446	811 2722 171 178
447	1321 1428 281 421
448	668 1649 1043 1653
449	2270 2647 1424 590
450	984 2776 1319 471
451	2592 57 2302 2779
452	1449 2800 931 2266
453	198 825 643 1307
454	770 2848 2781 1825
455	2207 1896 2598 2908
456	854 2413 1974 1610
457	753 2401 784 529
458	141 2670 696 2279
459	818 905 1611 2212
460	2042 987 1736 1288
461	945 44 541 1236
462	2370 299 2008 2367
463	1160 2624 1688 2395
464	2331 1908 2297 2136
465	192 2204 1013 2219
466	286 2094 1010 288
467	2214 2658 2276 1120
468	2865 730 798 649
469	2807 1100 2968 796
470	1320 1862 2599 2054
471	1652 2953 1520 2843
472	2093 1968 1973 280
473	1623 2794 2360 1310
474	2558 297 2467 2341
475	462 2910 1632 2989
476	1649 1400 2227 1205
477	40 1306 2844 1453
478	1794 1579 159 491
479	1436 2160 1181 360
480	2999 1622 597 1875
481	1555 1431 1805 1175
482	2302 2761 1702 2896
483	2930 1544 177 434
484	967 354 2668 1463
485	1541 715 162 1723
486	2819 1306 2261 2719
487	2063 1624 2602 2960
488	1979 2743 2260 2040
489	1855 755 2964 2073
490	961 1903 3 668
491	1284 1759 1756 988
492	2647 1656 1469 1069
493	524 1770 2531 797
494	53 1428 149 2290
495	962 587 572 1257
496	28 2717 1389 1552
497	2592 1118 2660 124
498	1110 675 1878 4
499	423 2436 2780 1573
500	695 575 1574 1932
501	2894 2189 2149 740
502	1441 2224 556 2829
503	603 2004 1545 2593
504	2437 2650 2079 580
505	316 1877 662 592
506	1118 2571 2487 524
507	2234 1346 1995 160
508	1231 2364 2650 2459
509	1823 542 686 2732
510	1269 2385 2119 1610
511	227 2983 738 1098
512	1805 2589 388 1304
513	2301 1156 1096 1974
514	2958 2528 1426 489
515	2678 1697 2290 1109
516	1936 1814 2950 1415
517	2019 1066 2593 1885
518	1095 2184 1903 2610
519	1655 1311 26 2187
520	2301 282 131 2891
521	1226 1563 1018 406
522	1642 1244 2368 426
523	696 2520 51 692
524	1515 84 2392 904
525	2206 1175 2319 104
526	1070 800 537 569
527	671 1578 2130 987
528	2694 960 642 2352
529	1812 2385 659 865
530	2805 2381 54 2498
531	2440 1398 2553 2300
532	1661 309 2386 972
533	287 2197 2954 2515
534	2151 1291 1442 546
535	1473 1381 591 197
536	2639 644 19 2768
537	1903 738 834 691
538	912 183 1150 1116
539	1331 2027 2900 2836
540	45 1492 878 2328
541	1721 2823 1789 1948
542	2692 724 2678 2464
543	1709 1128 47 2889
544	734 1488 351 384
545	1504 184 1027 911
546	614 991 2447 2301
547	1433 1128 1007 2792
548	2806 1159 2131 689
549	2591 768 1288 980
550	2926 2953 886 164
551	580 2922 2296 2732
552	825 637 1430 74
553	2258 1319 2634 1873
554	1734 2164 2925 1290
555	1663 1189 119 2503
556	1058 2306 736 1244
557	2874 1150 1983 1037
558	836 1550 2843 2439
559	1514 41 1655 158
560	1089 2125 2431 683
561	1881 2814 881 2692
562	392 1893 173 890
563	2316 2555 1387 1090
564	2911 2118 1348 741
565	408 83 2791 2054
566	1908 394 1116 2577
567	1925 507 107 956
568	362 2291 1085 2737
569	42 2435 2905 2997
570	1765 2433 2656 74
571	2420 348 970 2589
572	2495 2957 661 1695
573	64 1982 1236 2192
574	2274 1402 2329 2895
575	1536 2245 1751 1804
576	2245 1226 827 1017
577	2190 2512 1509 2495
578	986 2221 2348 2329
579	1408 2739 189 756
580	1505 2144 2110 214
581	606 90 1105 2115
582	739 2921 1528 2768
583	782 2330 36 234
584	456 2748 423 2516
585	1838 390 2079 2838
586	2675 2407 2213 246
587	623 48 228 1065
588	756 1005 1798 2953
589	2764 2711 2008 329
590	2199 1272 154 2656
591	2783 2821 1288 522
592	958 1405 581 2261
593	2788 1331 2174 1302
594	2618 2287 1042 856
595	141 192 866 379
596	2243 1697 1161 2679
597	996 1666 2365 2072
598	1942 2938 127 1628
599	2398 2697 2039 2029
600	1339 3000 2043 2503
601	1810 1387 277 1773
602	2067 128 153 214
603	1423 2970 1766 812
604	2220 2315 2863 964
605	2455 1456 2308 1269
606	334 914 2526 1879
607	2844 1368 2637 1456
608	955 2149 2650 1786
609	2267 1737 2224 2537
610	2187 910 437 1730
611	2282 1689 1792 2277
612	789 776 415 1501
613	2648 2646 1998 43
614	1401 707 379 747
615	1400 284 1658 1551
616	1341 2365 897 379
617	194 1990 2791 1393
618	1139 2460 262 1742
619	690 1625 883 2205
620	2498 2975 2030 2536
621	307 962 2869 1287
622	2784 1483 64 1720
623	2671 1134 2609 730
624	1377 2168 1463 2587
625	1321 948 956 1553
626	1299 493 1738 839
627	2892 2832 2963 964
628	454 726 207 1920
629	1943 601 1277 2787
630	2593 2870 803 949
631	942 2129 1417 1153
632	717 2725 225 2425
633	1547 344 2323 1872
634	1109 2050 2830 425
635	1355 2784 389 2446
636	2447 1970 2550 1289
637	2614 1259 76 416
638	640 2919 2773 1745
639	2097 2884 1224 714
640	983 2512 1247 2169
641	1366 1029 1224 2873
642	71 847 832 1041
643	2040 2360 1455 2354
644	1582 774 2303 1859
645	1382 2370 614 1877
646	1563 706 318 1583
647	2610 1382 1962 479
648	216 1510 1253 2275
649	1738 2143 973 83
650	375 19 2693 914
651	495 1669 428 1653
652	930 2597 1135 2347
653	1974 2066 636 1506
654	335 2095 763 1094
655	2120 2531 2229 2050
656	94 1423 83 173
657	913 1733 1807 2183
658	665 2771 1699 2273
659	1272 2211 2631 1725
660	683 1334 1642 505
661	143 1342 2616 1637
662	2658 150 1343 558
663	69 810 2956 2363
664	406 427 2625 2425
665	2698 348 2976 460
666	1436 2426 12 2892
667	1174 1885 1069 691
668	326 2643 1084 2784
669	1224 2947 1003 1021
670	749 700 724 393
671	1926 1504 2365 2424
672	293 1945 1729 762
673	1684 95 2517 2073
674	2580 380 565 1396
675	818 2330 2097 1427
676	2321 2045 2851 1617
677	391 482 882 2810
678	2005 1557 1641 1135
679	470 1036 1723 1472
680	1747 2949 600 487
681	910 656 2188 2622
682	555 2460 2809 2799
683	1030 111 2630 2759
684	795 302 2161 2817
685	2119 1216 557 1595
686	1061 1883 140 1419
687	2665 2874 2387 2086
688	1874 2287 1179 752
689	485 2776 1066 1529
690	1700 1179 819 1799
691	559 2238 1404 2342
692	1750 572 1489 2604
693	2333 115 2552 1999
694	1736 1215 1917 1459
695	1594 1547 1642 709
696	2416 545 1990 202
697	657 2713 325 1731
698	2182 2398 253 2310
699	2617 1535 763 726
700	1281 844 223 2749
701	769 2590 526 1338
702	357 1639 1272 1513
703	2978 2230 834 1126
704	2037 1925 984 2495
705	2827 152 2671 1172
706	2081 1890 1667 2748
707	1743 338 509 2097
708	1299 1148 2053 2339
709	27 1454 611 834
710	977 2614 2163 2855
711	2761 2438 290 1357
712	2875 1662 1850 2189
713	1018 86 1950 1614
714	1114 305 2689 2557
715	492 40 280 1213
716	1280 42 2595 667
717	1821 2599 662 1887
718	980 1952 1869 739
719	1275 299 543 495
720	2842 2462 1314 506
721	1292 1161 423 249
722	1494 1036 2543 1486
723	446 2975 2979 17
724	508 2876 733 1938
725	1882 932 909 2567
726	1453 1756 859 1477
727	915 2335 2976 2202
728	1464 917 1458 1611
729	1982 1210 1626 1420
730	1488 1429 2108 2053
731	1139 2742 1432 347
732	1336 2205 2882 387
733	1736 2661 2212 638
734	684 1647 803 1759
735	1324 923 777 1900
736	239 2773 1852 2657
737	2893 1397 379 1716
738	257 2267 2086 2786
739	1253 949 2843 2012
740	766 1910 2049 1249
741	2982 2082 2458 2547
742	1415 303 1010 2835
743	538 178 1054 1158
744	309 2806 662 90
745	1711 2322 2269 98
746	696 1281 1689 1129
747	666 782 2765 1358
748	760 453 2129 731
749	368 2347 2166 258
750	210 506 1713 201
751	185 2970 1710 1828
752	693 969 2277 1763
753	2934 2514 1036 1576
754	397 1956 1048 1886
755	2594 2823 1187 179
756	2540 2414 974 914
757	1316 2870 781 1380
758	669 2243 2387 2669
759	227 353 400 12
760	1987 2944 109 2386
761	2907 1813 2555 1502
762	1071 2835 663 318
763	207 192 1106 2520
764	2607 849 1504 2702
765	386 589 793 590
766	1816 505 2190 473
767	277 37 2463 2442
768	462 2822 2089 1134
769	457 152 1800 2743
770	1327 2683 653 594
771	48 1735 743 496
772	1171 524 2441 471
773	955 1644 1427 940
774	148 1185 2898 1454
775	2004 2661 2296 117
776	699 2264 515 708
777	1494 1506 1124 2502
778	856 498 254 1078
779	2293 750 1940 2132
780	2856 380 165 915
781	1612 2978 1379 2560
782	832 2582 837 1815
783	2127 2350 2654 2709
784	246 1638 1789 1348
785	1069 512 2339 1268
786	2521 884 2062 1937
787	2355 1755 247 703
788	2184 2722 192 1594
789	2762 2345 121 2235
790	554 1012 2316 956
791	1499 1071 1391 228
792	1798 645 511 285
793	1408 1255 1110 2405
794	1841 2275 1522 565
795	328 1803 183 1096
796	337 2647 772 2680
797	1955 2252 2257 2378
798	523 1025 1046 1871
799	1777 2281 1125 444
800	416 917 1453 1157
801	1399 726 157 879
802	1386 2518 2166 343
803	1761 2840 189 2678
804	697 1195 1105 2404
805	420 304 2442 887
806	125 1726 69 1636
807	193 363 1349 2580
808	1262 101 901 1860
809	1057 1438 759 1620
810	567 2308 1091 1218
811	2284 2599 2761 178
812	2658 1738 2685 1694
813	1319 474 359 2388
814	2730 2697 1665 457
815	1901 364 1463 1756
816	370 2922 867 1359
817	1442 723 1081 21
818	1336 1980 189 602
819	2571 1546 268 1078
820	1222 90 2257 1527
821	1214 1792 2253 1365
822	2152 1040 2777 801
823	423 518 1248 1707
824	1936 2723 671 2939
825	1548 187 2792 1075
826	1280 2157 2620 103
827	1134 365 952 1019
828	2869 2857 1903 464
829	251 1949 1523 1678
830	2260 2004 409 1094
831	2682 2064 273 1251
832	1645 994 402 414
833	2654 839 505 647
834	2623 753 2035 1578
835	2469 1483 609 2717
836	2206 512 1745 2899
837	2557 2322 2878 1963
838	2243 2733 2541 501
839	1124 2861 727 1022
840	513 370 2741 2780
841	646 382 521 2385
842	2630 2833 2035 2
843	35 1142 465 1892
844	1890 1703 765 495
845	2352 909 1543 2428
846	25 1616 1024 1278
847	2434 293 200 1974
848	2770 2619 2655 2817
849	794 180 1379 2763
850	2911 2824 1391 1676
851	1575 515 717 1707
852	2331 1285 1257 327
853	2276 1695 32 1526
854	335 1739 981 1189
855	334 1961 2881 131
856	2263 1107 2474 2144
857	2500 2384 720 2768
858	128 587 498 247
859	2272 1361 1277 219
860	1675 596 389 2220
861	2432 2927 975 2020
862	1928 944 200 1512
863	1979 683 2704 113
864	881 2240 2822 1219
865	513 1734 2953 2716
866	1604 1839 579 2056
867	256 2725 2187 344
868	1557 448 392 1792
869	640 1806 1501 935
870	1460 2997 1023 2112
871	1440 2268 2913 914
872	523 2396 935 789
873	1102 524 2236 2712
874	1340 1438 138 313
875	1938 180 2221 1828
876	2140 1358 2869 2686
877	2412 2102 2689 891
878	510 357 2233 81
879	771 2602 1578 446
880	74 2825 837 1293
881	702 235 2264 1241
882	1924 2014 2153 1592
883	691 1115 170 740
884	2921 509 725 513
885	138 2186 2567 2333
886	2262 2050 2437 2470
887	2178 2510 1527 2344
888	1927 1039 895 1711
889	515 1340 2359 2395
890	2850 462 522 1154
891	2373 560 316 964
892	1827 1937 2218 2983
893	984 976 1175 2135
894	2334 155 1441 576
895	2765 1923 1225 2535
896	2516 2180 2247 2360
897	1583 772 2380 247
898	1737 792 1250 1591
899	180 63 2577 212
900	78 2451 1630 748
901	12 2306 1189 104
902	2259 2387 1128 316
903	2381 1834 1078 2062
904	1390 866 589 1145
905	2829 564 934 1847
906	951 826 1884 1296
907	2351 2100 2853 48
908	2330 2787 63 1428
909	2011 1212 2596 2860
910	2125 291 1324 2171
911	2048 543 2677 2680
912	303 1019 1850 2753
913	551 2155 393 365
914	130 2258 2695 2257
915	205 2532 2040 2417
916	1601 483 2849 2355
917	538 1630 1934 2607
918	858 541 1170 1205
919	481 702 2469 1701
920	2840 176 222 305
921	2891 2861 2231 1869
922	107 568 101 2672
923	1017 613 1235 194
924	1464 1997 1089 2499
925	2686 1021 590 1293
926	2664 842 1479 2653
927	2206 1649 2369 2613
928	1066 2774 1074 2942
929	766 2023 157 2236
930	1740 1289 2845 2899
931	1243 1023 2625 2237
932	2027 1543 1809 1102
933	2053 407 2651 650
934	1120 1939 597 596
935	2754 2534 2799 955
936	1704 926 228 2882
937	1762 313 2561 2703
938	1147 1134 413 2213
939	572 463 2555 1461
940	2185 168 236 2513
941	437 2331 824 1631
942	2421 231 260 2193
943	456 2742 663 950
944	336 2164 2110 402
945	2497 2713 1778 2554
946	831 1472 2197 2903
947	1328 2281 2288 1414
948	1650 550 696 1718
949	1737 1228 2903 2722
950	2275 1494 1941 5
951	321 1102 2758 1408
952	1139 675 273 1289
953	2943 2660 2640 444
954	2222 1665 1908 2184
955	708 644 1935 872
956	1262 38 638 67
957	579 718 1302 1651
958	1952 200 1197 1877
959	2511 1399 2115 385
960	2643 1509 2790 231
961	1217 2864 861 2858
962	2116 757 732 438
963	1360 1753 87 940
964	70 1409 2269 1707
965	144 2321 1144 1974
966	1987 955 2516 2906
967	897 1670 2777 2104
968	2017 272 2016 2655
969	337 2284 2707 2210
970	508 24 736 277
971	2799 2606 610 169
972	2699 866 2322 1211
973	724 78 411 2058
974	2032 2530 2153 2978
975	2212 1797 1505 641
976	1384 797 1225 2525
977	1441 1785 495 1075
978	343 1871 17 928
979	2169 793 1143 185
980	2486 2763 432 2902
981	2482 604 1649 944
982	2365 4 464 2380
983	1291 892 2926 1870
984	2659 296 614 1572
985	2970 2949 1387 59
986	654 589 96 1447
987	2835 845 764 2326
988	1902 2555 649 1387
989	2934 1049 2733 1596
990	2548 512 240 986
991	898 978 604 1169
992	1423 496 1181 2494
993	1321 1566 2999 1810
994	2614 2472 61 2257
995	2326 618 1348 2793
996	2744 2493 1554 2775
997	2643 1483 1192 1042
998	1735 97 1534 2520
999	2652 455 558 2391
1000	2314 1247 977 1587
Students	1000
1	1618 2795 2292 1976
2	2478 785 148 307
3	113 2910 90 1473
4	332 284 2683 2070
5	2485 1489 959 779
6	1243 332 1321 1101
7	2294 452 2867 1893
8	241 2459 191 1722
9	2457 130 1896 2528
10	162 1425 432 845
11	1581 2737 1955 889
12	2741 823 572 1647
13	1245 1197 1783 2512
14	1616 939 882 592
15	1270 2691 2598 2177
16	2677 1095 1962 2764
17	1342 2910 2039 853
18	15 940 452 1376
19	1505 1541 1859 274
20	1980 2783 586 457
21	2099 2026 330 1078
22	1426 2203 1142 1044
23	536 151 2314 2555
24	93 2785 2320 1781
25	1056 2460 2610 810
26	1380 1875 143 1599
27	1115 911 2429 1691
28	1316 815 109 2160
29	1493 2630 2643 41
30	2507 2092 2087 949
31	393 927 905 809
32	1101 346 2768 2356
33	1949 1122 2708 2201
34	1447 1099 450 722
35	2422 9 2102 2464
36	1106 2492 406 225
37	1177 1057 2937 1989
38	1173 2195 2765 2539
39	122 2705 1339 2256
40	1529 19 1507 550
41	1764 292 1474 2680
42	665 1546 1003 1907
43	308 374 1658 1695
44	1034 424 1416 2966
45	2411 297 427 1378
46	1604 692 2292 1628
47	1145 1034 374 1641
48	2310 2753 745 771
49	2589 1361 1284 1415
50	481 291 1829 1384
51	128 1512 1483 1411
52	1036 599 963 128
53	2055 480 1263 882
54	1318 1416 2648 1888
55	446 1102 2752 2404
56	2828 466 1180 959
57	2464 49 2792 2987
58	901 2469 1612 2765
59	2330 758 66 819
60	2428 428 2884 1537
61	1049 237 1058 1723
62	1199 1503 2773 1060
63	2756 1555 1363 2813
64	1205 763 151 2573
65	108 2654 2336 2041
66	2383 2534 2994 1026
67	580 1913 1217 193
68	1739 2010 2577 2305
69	2774 2699 537 2514
70	2619 1131 450 1595
71	1998 2838 2907 1470
72	45 617 957 1890
73	2293 2691 2190 1185
74	1545 354 2420 682
75	899 1166 1532 877
76	2732 2116 2464 2098
77	2805 664 1781 2086
78	2114 850 484 2232
79	2495 2564 1520 2687
80	1119 523 1840 114
81	2347 446 2181 625
82	201 2652 2026 645
83	317 2784 1571 2912
84	134 2376 1872 1956
85	1553 2397 1580 1816
86	155 6 675 2009
87	439 407 892 2238
88	2506 611 2141 791
89	303 918 1153 61
90	2221 2278 67 1260
91	1534 87 275 1778
92	2564 2196 1837 1180
93	2281 605 1389 2952
94	1475 744 2077 206
95	2120 2028 2356 2976
96	2680 1223 121 2030
97	177 679 791 2313
98	2719 2832 390 2033
99	2094 1198 1117 767
100	150 2875 2319 1771
101	2024 45 2396 431
102	2481 1113 63 2725
103	2422 2525 2468 1821
104	1048 461 1950 43
105	885 1121 1305 2209
106	1056 116 454 533
107	1572 2069 1475 1466
108	1362 450 2342 928
109	883 293 2189 1695
110	239 2754 2668 398
111	73 1913 1557 627
112	2435 2190 1368 2480
113	298 1619 2454 1204
114	179 2937 1386 2986
115	1270 1283 2739 872
116	2528 1742 1543 109
117	1211 1167 528 2
118	526 1677 2737 1733
119	165 123 763 410
120	20 16 507 2080
121	1932 1086 2447 1257
122	2772 1735 2583 49
123	926 1139 653 2618
124	2563 2135 1650 2148
125	1183 2300 728 2736
126	2469 2633 1359 1594
127	2430 44 1050 1453
128	1221 1725 1389 2133
129	1776 436 2180 448
130	2741 569 358 2265
131	2939 2511 2381 1826
132	1386 1549 367 928
133	2256 1360 2146 2209
134	245 1572 95 1310
135	778 2074 2706 1783
136	2025 2682 2581 2247
137	1756 1445 1341 841
138	519 2925 1131 1708
139	1597 978 2804 2083
140	1540 145 188 1118
141	2016 1433 265 1462
142	364 691 2504 725
143	1600 714 818 1514
144	1280 2703 2532 2918
145	336 523 2863 97
146	1696 878 2652 2304
147	822 747 2552 32
148	2518 2236 616 462
149	904 2051 1899 560
150	2023 574 2453 2672
151	2330 2678 2226 2566
152	2416 1887 2066 424
153	756 2878 239 1330
154	472 2086 1785 343
155	1931 2835 266 2085
156	1278 2912 2315 2135
157	339 2372 2989 1886
158	2032 919 2730 1391
159	771 2039 2466 2251
160	1136 912 1550 509
161	2406 1585 188 708
162	434 126 318 670
163	1898 2045 2581 2765
164	461 888 664 1649
165	2725 17 2512 2926
166	1822 2359 2440 1370
167	678 896 2184 234
168	2540 1301 227 1390
169	837 1065 1175 2305
170	2162 668 1325 1059
171	637 204 2355 1157
172	1812 60 245 823
173	2836 2056 2993 2059
174	17 1865 2704 2130
175	111 2071 1536 2363
176	209 1146 2215 1566
177	907 2455 1293 1692
178	1152 2996 568 276
179	792 1192 1615 2993
180	1294 1273 735 2312
181	2101 1647 2127 832
182	2088 1250 2140 1435
183	38 2334 1069 1870
184	2734 2803 682 937
185	2572 390 992 2781
186	569 1355 1447 1317
187	1541 1239 2741 844
188	2408 815 725 1187
189	2267 2828 996 1238
190	576 254 1649 443
191	1714 2653 1575 2445
192	1191 1048 1677 2730
193	2797 1678 2174 411
194	1323 1654 984 2339
195	2909 6 2377 2947
196	1203 114 2952 2086
197	952 1960 406 2490
198	2396 2721 1985 283
199	307 975 1436 675
200	2071 1198 2140 2737
201	123 1390 2132 2183
202	963 999 2355 766
203	1098 933 1574 1142
204	1496 1157 1455 413
205	2580 2322 1814 1792
206	2706 1366 1620 568
207	299 2028 1944 1365
208	1159 2703 1576 360
209	358 1836 1850 1036
210	2908 565 1469 88
211	321 2380 665 2438
212	1782 1122 139 1099
213	1214 364 2375 596
214	2857 2638 2402 1351
215	138 661 1099 1218
216	1855 688 891 2962
217	907 960 165 2075
218	1487 2314 82 2832
219	657 2031 1365 2695
220	351 2724 1268 1425
221	2760 2102 582 2871
222	1918 159 513 998
223	1659 199 1392 2398
224	1453 981 1909 1029
225	245 2625 2267 142
226	1319 47 1958 228
227	2405 1082 2608 2929
228	2096 2778 1368 2397
229	1072 2176 2020 857
230	2266 266 204 506
231	762 1332 67 451
232	863 2085 41 2643
233	1014 2305 2077 2632
234	501 2303 2576 2049
235	1466 705 610 738
236	1528 2473 2052 2187
237	2435 2054 2724 817
238	765 2139 841 755
239	2858 2034 2364 2109
240	288 2630 1637 2760
241	2273 682 2959 59
242	2134 1588 873 145
243	1222 1293 666 350
244	485 1863 1261 126
245	938 2886 2636 289
246	4 13 732 186
247	1564 1003 2238 2458
248	345 2781 1497 2795
249	370 1639 303 2865
250	1666 2453 1534 2149
251	437 2974 173 792
252	2043 1077 2424 758
253	2232 1521 2678 2327
254	2120 2991 1250 416
255	179 130 1070 981
256	1133 1116 51 1021
257	2961 2162 2457 1975
258	2560 1906 326 1873
259	662 2912 1387 2674
260	124 736 1037 1458
261	1178 166 1920 2248
262	1690 1933 752 295
263	2403 1501 2840 968
264	763 467 1711 274
265	659 2640 1512 1601
266	1789 1667 1974 1891
267	1656 2875 1410 2108
268	2306 89 1157 1095
269	1878 1200 2364 2365
270	199 1948 786 881
271	826 417 2300 2801
272	822 221 1883 1465
273	2824 68 450 2787
274	650 2760 79 2796
275	1320 1594 2905 231
276	329 366 317 1272
277	596 643 1822 2223
278	1583 1969 2097 1860
279	684 2948 616 1609
280	2295 599 160 2401
281	987 1653 2138 2204
282	407 1949 1577 2650
283	1640 384 2047 2862
284	804 2840 1354 1607
285	2060 2774 410 1827
286	2340 917 2897 2366
287	515 1991 2790 2432
288	2382 2167 420 2414
289	324 690 1695 2260
290	511 1248 2113 1140
291	2553 197 2777 616
292	111 1666 2584 1660
293	407 1139 1371 1730
294	1958 2060 2419 1188
295	1993 1773 2913 70
296	617 2589 324 301
297	639 669 54 1128
298	2847 759 1753 2353
299	2085 1811 99 1532
300	1099 372 2458 1023
301	308 118 1954 528
302	1351 2298 1332 2931
303	1847 539 483 1896
304	782 1853 2132 2112
305	603 2656 1563 1770
306	437 1759 2047 2795
307	2102 82 2318 2506
308	1252 902 1720 1483
309	2279 861 2805 1872
310	2379 2538 1173 2638
311	2796 664 2078 1170
312	1912 994 135 551
313	2879 1675 770 1718
314	2633 1507 1559 963
315	1596 2805 2425 1179
316	1475 1497 1620 930
317	2383 192 2493 671
318	1878 2291 1194 169
319	1497 1865 1364 2381
320	2198 170 758 2671
321	2908 2961 2011 2544
322	1790 1554 805 828
323	2952 979 2675 87
324	2267 2137 1250 1552
325	826 1270 2637 2093
326	1849 1927 1882 26
327	1764 233 1470 373
328	1544 2362 737 1617
329	427 2600 186 2943
330	242 958 1298 1356
331	2733 1637 1457 1057
332	1576 2371 681 2963
333	991 1204 612 1627
334	2667 2234 1408 2934
335	2812 1235 1247 2400
336	2591 2734 2100 509
337	2894 510 2269 2146
338	1610 2549 1286 2531
339	257 406 1805 1316
340	868 583 2665 210
341	1122 2786 2757 220
342	374 2763 1514 2684
343	29 206 883 1648
344	2708 1159 2458 2963
345	1310 2289 1078 155
346	958 733 1656 2393
347	1437 299 1012 1786
348	2911 2163 2393 179
349	1169 820 2564 1983
350	1561 462 333 1742
351	2770 819 1406 2689
352	2447 417 1104 1746
353	948 2410 1778 2301
354	2285 338 2544 1586
355	1411 234 1872 2084
356	2774 2100 2807 879
357	2268 1563 380 1977
358	347 2116 640 2112
359	1687 1029 2544 1400
360	1958 563 1421 67
361	481 1276 640 2632
362	1853 2012 1107 1923
363	1441 2791 2051 1724
364	545 497 2979 1115
365	395 1768 95 1575
366	2943 1067 2040 2968
367	1080 2010 461 1821
368	1874 2954 2099 1004
369	2015 630 1540 1613
370	1865 649 996 451
371	1592 689 2063 15
372	1250 1495 44 47
373	2652 835 2329 1886
374	2301 736 2586 545
375	778 2559 1868 2467
376	1165 1456 2657 2576
377	2522 2818 2706 2666
378	1971 1373 2000 1544
379	692 504 380 2154
380	507 125 187 140
381	1722 2564 1615 771
382	365 2429 2332 791
383	1045 1491 2002 1583
384	2441 1308 784 2941
385	1178 411 216 1023
386	123 551 1382 492
387	2060 1107 1159 30
388	2379 571 1202 2993
389	2965 2015 1076 916
390	1401 945 1324 1280
391	2019 506 2972 1860
392	2243 1160 973 2234
393	97 2678 731 2405
394	1264 2365 2395 113
395	2522 345 87 1213
396	1946 1353 2092 2563
397	671 979 1103 494
398	1921 1472 2515 892
399	2170 45 1982 1089
400	773 2779 2977 2547
401	2979 1422 2983 1030
402	2362 410 1478 1871
403	2199 1437 854 2652
404	97 2930 2244 1268
405	967 2540 2526 887
406	2699 2278 124 2747
407	292 1621 1923 266
408	2614 1921 1566 1540
409	1150 660 509 2438
410	280 848 645 7
411	571 2616 739 573
412	1031 216 650 2484
413	2870 1263 1778 2998
414	2372 1692 2922 2908
415	2519 127 837 655
416	892 871 2098 2188
417	2505 671 1127 2648
418	2984 1595 1549 1183
419	1320 1491 825 2066
420	2973 520 2696 1924
421	2001 468 561 2620
422	1132 882 951 2337
423	2871 638 750 286
424	424 2151 2392 1170
425	2861 891 1658 135
426	599 1063 734 2133
427	453 641 328 881
428	1610 2400 2 402
429	443 1120 1504 1395
430	1015 922 185 1624
431	1823 1174 1378 417
432	311 2901 2416 2392
433	205 2166 400 126
434	2796 1933 2568 1836
435	1199 948 552 2922
436	1736 2936 2828 493
437	257 2824 321 1838
438	1267 1654 612 968
439	1409 2964 1201 2433
440	514 415 1279 143
441	2347 861 839 736
442	21 2475 360 1689
443	183 2145 1963 934
444	2616 1921 530 566
445	148 421 2960 2935
446	2314 848 260 924
447	2342 1673 1415 2703
448	878 1362 1037 2396
449	2475 322 2115 1407
450	71 915 2167 1197
451	378 110 1885 1896
452	561 1469 1582 2718
453	2786 1697 250 820
454	1806 1140 2652 2414
455	1672 121 2247 1879
456	135 163 799 2738
457	2114 2199 1731 2191
458	500 2343 771 2676
459	1341 380 315 613
460	1221 2546 1656 82
461	1273 1686 548 2025
462	2269 2282 2195 1490
463	1468 1977 2145 150
464	2364 37 649 1438
465	1983 118 3 1344
466	367 2657 355 2467
467	1210 1402 364 3000
468	1092 2907 1252 2031
469	268 2089 1876 2799
470	1830 1172 3 1376
471	22 2934 1341 944
472	2418 223 1876 2159
473	1260 1213 1763 1749
474	1831 2060 2349 158
475	2999 7 1812 1571
476	2740 970 2399 2766
477	1266 2297 1059 2010
478	2543 1180 655 1249
479	88 1868 2279 577
480	2813 1859 2008 795
481	744 2012 1806 664
482	77 1597 2971 323
483	2653 2624 1290 632
484	2231 1084 908 2785
485	1523 2509 2355 1114
486	1800 2269 383 2306
487	2646 472 2424 1350
488	590 1037 1160 956
489	2425 1174 581 294
490	2088 2229 945 2271
491	2389 1717 582 2659
492	1289 740 2680 750
493	2135 2474 86 1701
494	1334 407 1195 2571
495	2691 1875 1928 1603
496	2629 523 184 579
497	950 2594 633 1682
498	752 1960 1901 303
499	2817 2956 545 2391
500	658 179 2582 2230
501	2776 320 2758 2115
502	2308 773 1438 2979
503	548 739 682 209
504	1942 2645 1136 2187
505	1496 1348 283 1435
506	1811 1496 2965 1987
507	2325 2617 150 2111
508	187 2932 2372 1836
509	2578 1998 1186 648
510	2999 1257 281 2216
511	224 2338 1229 2020
512	419 2850 2547 276
513	2544 2002 1061 1764
514	154 1957 1030 2939
515	2261 713 2155 1632
516	1122 2768 190 243
517	2673 835 2107 810
518	571 1750 2647 2818
519	2274 115 1053 1769
520	1548 427 2998 1342
521	2057 1779 385 2349
522	2940 2127 2205 622
523	1373 353 2880 479
524	117 571 1104 598
525	2880 679 2794 2167
526	1432 1726 2064 37
527	1705 224 2735 1910
528	1591 901 2514 42
529	1552 74 982 2540
530	2072 2747 959 647
531	2039 840 619 1773
532	462 1622 2215 811
533	48 166 1164 2266
534	2687 2626 2962 2965
535	1400 1545 1484 2915
536	1732 2589 258 3000
537	591 2828 2555 364
538	2502 1348 2436 2099
539	2770 988 167 1312
540	22 811 1820 1240
541	1550 2579 884 2117
542	181 1524 2899 2423
543	577 1691 2539 516
544	689 1834 2037 2739
545	1155 2260 1204 1871
546	2882 138 2462 2359
547	2492 2176 2969 2352
548	2393 2257 1134 1431
549	1821 970 1765 627
550	1589 2213 1107 1765
551	481 938 404 2286
552	396 117 2256 2436
553	2452 1082 300 2050
554	1416 1734 1955 101
555	632 2388 590 1770
556	2855 75 2200 1708
557	2986 1385 2426 328
558	1846 623 2501 1819
559	2406 161 864 494
560	1521 1845 1733 2519
561	2285 806 1561 2859
562	1046 1694 1910 2800
563	447 597 838 35
564	1235 597 220 2319
565	1046 2132 1702 988
566	723 249 2047 1452
567	1570 2148 1871 437
568	2166 580 2882 2480
569	242 1107 1559 2846
570	2457 1576 1108 2712
571	819 591 908 553
572	636 1094 2503 229
573	132 342 1369 1110
574	2894 1573 81 1803
575	1609 178 130 1860
576	908 1434 2433 2372
577	1552 2233 820 238
578	1701 1154 1173 1271
579	1025 1819 1185 1192
580	1211 1355 387 2187
581	2927 1862 2237 491
582	911 2836 2028 1525
583	97 130 1565 566
584	2004 1320 247 2621
585	2205 1593 963 1802
586	2044 1662 2360 1888
587	633 941 2407 45
588	1235 1576 2864 1632
589	1666 831 2591 1296
590	2139 1361 1357 1904
591	1928 2606 1762 311
592	2130 2810 2581 328
593	2305 2150 2478 1027
594	2602 396 949 2395
595	2429 2198 2140 383
596	2739 2940 1968 2255
597	2234 764 1696 1232
598	472 1311 806 509
599	176 1433 1851 673
600	286 298 980 2963
601	2299 56 2343 161
602	1527 1510 1665 769
603	1590 2913 456 1306
604	2060 2243 1547 2715
605	1877 620 887 1306
606	2347 2393 1354 1858
607	944 30 1351 1380
608	2367 2978 301 971
609	1538 1041 1952 2567
610	223 2485 1597 632
611	1576 609 1303 2623
612	2812 93 2930 1001
613	17 1374 723 2676
614	555 972 2473 1625
615	685 2150 2451 601
616	903 125 1391 2772
617	717 1038 2878 938
618	1118 2786 1135 24
619	1262 2241 2086 1437
620	1769 150 2967 1952
621	1666 1583 1725 89
622	2340 2146 126 2866
623	1508 2489 250 707
624	466 2186 2883 1674
625	651 1561 954 1841
626	470 207 1421 962
627	2789 1062 2934 2952
628	171 943 2974 2426
629	2956 1446 1180 412
630	2288 2229 2034 2775
631	2964 2673 2439 1996
632	245 182 2638 2176
633	1921 1331 1183 1105
634	1720 391 1802 2269
635	2658 604 1174 1989
636	2946 2732 44 625
637	2264 1864 2526 1748
638	520 187 1704 2462
639	1808 107 1941 877
640	1294 915 328 2184
641	864 1637 963 1544
642	2887 2036 1809 1182
643	545 273 2507 2718
644	1351 935 1265 1068
645	2453 2991 2802 648
646	1665 499 2722 2271
647	1250 2203 2990 29
648	937 1486 2641 1619
649	1427 2956 149 2527
650	1506 1292 130 2240
651	350 1079 2372 111
652	527 613 2308 1720
653	2708 787 1687 1909
654	2135 2950 1797 2111
655	1179 1473 163 2015
656	2855 619 2642 2941
657	2372 314 429 1884
658	609 1833 1115 1948
659	1979 2977 2022 2602
660	479 2511 912 770
661	2484 1064 594 2462
662	192 1859 1080 2323
663	869 1 1869 2866
664	2327 300 752 2060
665	338 2887 1531 2649
666	2252 2114 274 1715
667	351 1331 791 1464
668	970 1159 1752 563
669	1059 1525 2359 1850
670	301 2250 236 574
671	672 775 774 2128
672	2152 2217 2877 1162
673	1258 1361 1746 2151
674	2075 316 1299 2574
675	2139 2002 2063 2403
676	1829 2534 2196 1188
677	191 305 985 1799
678	1283 437 2779 1271
679	1178 401 684 879
680	726 510 168 2929
681	2630 1525 1287 933
682	1419 469 92 1180
683	1743 2556 1437 868
684	185 2777 2442 211
685	2378 2505 1974 2373
686	2763 2564 2174 14
687	1371 2680 2376 1199
688	1799 2335 919 2666
689	2147 2620 961 25
690	2476 264 307 578
691	1987 1088 599 1568
692	1114 1471 2551 65
693	231 2223 2727 1401
694	1562 193 1566 253
695	562 874 2620 2392
696	2731 2103 827 1182
697	2927 669 44 2983
698	1044 1904 1257 56
699	1179 387 2714 1206
700	2976 2863 591 443
701	1579 520 1427 2424
702	1050 2038 856 455
703	2967 1681 28 2383
704	2298 1038 1449 1622
705	1106 2237 640 966
706	2480 211 976 153
707	2457 1552 469 545
708	1322 295 2235 2871
709	2238 2550 2413 2950
710	663 1722 506 329
711	2979 456 2537 1268
712	180 701 979 566
713	779 58 1785 2016
714	1433 4 1868 396
715	2296 2728 115 2617
716	1165 32 390 2223
717	931 567 1483 2603
718	1319 1219 392 15
719	2909 2638 2826 1577
720	2866 1171 2013 2375
721	1857 71 2392 618
722	2497 1094 2327 438
723	1127 93 2435 624
724	1295 2104 2398 1840
725	2467 1561 2414 922
726	1914 1865 2720 1995
727	1735 523 440 2471
728	2288 2708 2433 1577
729	1121 2556 787 16
730	2725 1924 2161 1321
731	869 2235 2812 2726
732	2209 345 2696 2100
733	744 2045 2660 1062
734	957 2529 1143 1621
735	405 2294 2558 2999
736	2734 972 444 1125
737	536 1255 1505 127
738	43 1685 1533 2064
739	988 1711 1536 1696
740	237 1247 1625 916
741	1261 395 1636 290
742	1634 43 397 2129
743	2515 488 721 1527
744	2068 2880 2018 1518
745	826 322 2942 2991
746	2840 2437 1177 470
747	2670 809 2833 1491
748	2732 1188 383 1841
749	2613 772 2596 1770
750	802 2394 1966 1632
751	2860 1423 34 1831
752	764 1596 2238 1270
753	2780 2589 337 1269
754	248 745 2383 2681
755	1620 11 1107 248
756	2814 1563 632 1282
757	1496 1117 601 1148
758	2431 2174 2276 1591
759	1353 74 320 361
760	1233 2160 2042 1237
761	2821 664 2593 2286
762	2607 324 2274 943
763	977 1651 892 192
764	2173 287 1258 1318
765	1703 2723 74 422
766	2959 1802 1913 2269
767	1818 890 2753 1175
768	1982 251 1877 2301
769	2303 2348 1447 2106
770	605 2202 846 2119
771	857 277 30 962
772	2436 193 2786 1619
773	1610 874 445 2609
774	1102 1994 373 1664
775	149 2068 1444 32
776	59 2590 744 906
777	2068 1878 2468 1167
778	609 884 296 423
779	2013 205 549 1860
780	2585 2814 2943 1980
781	669 65 2392 708
782	579 6 1837 2425
783	2345 1773 498 2167
784	319 479 2158 1957
785	1743 493 2404 2942
786	2677 40 1121 888
787	1115 1780 769 2511
788	939 1054 2876 1951
789	2389 1295 164 1448
790	1283 2131 470 1243
791	1917 809 1035 220
792	1 2976 1499 2560
793	2284 2831 1366 153
794	758 1193 2496 2062
795	150 2832 113 447
796	193 2241 1520 2077
797	316 1930 495 1335
798	1378 965 754 1232
799	2160 234 1674 842
800	1100 2206 1271 2137
801	1266 2637 348 1028
802	564 2929 2431 2436
803	1452 1832 143 2109
804	2013 2074 624 2244
805	2508 645 615 491
806	2838 2928 2343 777
807	800 1435 1986 2465
808	1063 1310 1766 1377
809	421 1309 595 1094
810	2639 113 2204 2103
811	1842 1247 300 757
812	1697 947 920 1628
813	9 2938 1841 1787
814	910 2551 1948 2376
815	1514 1139 1405 743
816	2285 1530 1623 559
817	2916 757 302 1021
818	104 2617 1570 1146
819	2396 596 1864 814
820	2381 1170 2952 1752
821	816 1722 266 2765
822	1016 1019 1750 956
823	2819 881 1111 2155
824	2912 933 796 1717
825	1888 2098 2160 4
826	1588 59 1250 2259
827	2329 1701 633 114
828	2323 1568 2058 2146
829	1843 480 1030 2855
830	1590 1488 1833 1166
831	1829 2425 1374 2285
832	462 267 1418 1170
833	714 2660 235 2187
834	2840 60 2196 1094
835	2508 643 2809 576
836	1725 2975 2996 2114
837	2379 2512 691 386
838	1343 647 2161 2157
839	2387 2620 1862 2261
840	743 2456 2076 902
841	531 1826 1696 1639
842	1530 504 133 1844
843	2075 913 2603 791
844	631 2106 1730 1106
845	550 739 2174 1893
846	2468 2057 559 2341
847	2070 1224 417 1867
848	588 1237 1981 1301
849	1508 2193 871 1359
850	2726 2313 880 2550
851	1704 1262 1057 2034
852	1369 2322 1868 2199
853	1263 2590 823 207
854	2271 1741 244 1629
855	1560 2161 794 823
856	2897 2422 1541 752
857	1353 1554 156 1835
858	1563 1240 945 2646
859	2965 1753 1572 2184
860	2064 780 1247 2173
861	1164 1467 27 848
862	1747 1543 1368 2646
863	1887 734 865 733
864	2481 1310 840 582
865	1577 1212 1252 2641
866	1589 2162 902 1228
867	2324 2512 1666 71
868	703 1468 1175 2707
869	74 1271 952 2208
870	2575 740 2097 436
871	47 291 1789 194
872	1225 1726 517 1868
873	1995 2110 1250 580
874	1297 395 2040 2558
875	2250 2675 428 2736
876	2256 1632 826 2167
877	1436 2516 851 22
878	60 430 1709 1139
879	2487 2834 641 2586
880	56 199 548 1595
881	2980 2293 1050 867
882	1339 512 2794 295
883	1953 1036 2204 1111
884	366 1080 2281 2510
885	247 2508 1472 2641
886	500 1163 1231 2150
887	966 2076 1017 2019
888	2210 2782 1429 1669
889	1958 183 626 854
890	930 2183 2452 1958
891	2239 2897 2988 2614
892	1083 2883 730 2786
893	1994 2107 2049 1591
894	1490 1352 91 1261
895	2276 1457 1094 2952
896	2323 999 264 2289
897	654 2195 626 1804
898	2926 2519 1638 2120
899	1986 1614 30 2168
900	172 958 321 1751
901	2082 2551 2385 925
902	2660 933 2305 283
903	2351 1598 2658 2979
904	1823 1439 1251 2173
905	580 158 2813 2202
906	2093 1427 1073 1832
907	2745 2339 2159 1130
908	2468 1035 160 2082
909	2259 2864 2530 1875
910	344 2793 692 1649
911	2232 711 600 287
912	1127 2479 77 1137
913	269 1076 1846 1110
914	55 2482 113 776
915	1953 2472 323 647
916	792 1518 2969 2695
917	2536 2338 542 1288
918	685 1454 608 2489
919	1411 456 2369 274
920	151 649 709 532
921	1760 2705 2903 1070
922	429 1808 2567 2654
923	278 2300 1839 919
924	2932 1725 2890 1677
925	105 584 1840 2359
926	1673 2529 720 2703
927	42 748 901 1843
928	2633 1129 87 41
929	823 456 639 41
930	641 2472 1288 2297
931	581 2342 863 1894
932	176 21 1948 2317
933	2755 2658 2650 159
934	2617 2429 1294 1495
935	2530 12 1501 861
936	1754 884 2230 1319
937	1436 122 1988 887
938	2928 1886 44 1016
939	2994 893 572 864
940	1903 1333 2660 2740
941	1275 767 34 454
942	548 1834 2519 1902
943	2981 2386 2199 282
944	2576 2943 228 2000
945	2001 1931 1307 903
946	1021 1724 2169 675
947	623 2265 1561 496
948	2740 2555 2300 656
949	1367 42 17 1315
950	2060 435 361 795
951	2032 379 1067 1444
952	1785 302 2651 2556
953	2812 2420 2349 1890
954	1015 2853 482 2002
955	1380 1229 2955 1767
956	766 2334 2315 2704
957	2543 2891 1297 2024
958	1080 1423 2430 1867
959	2546 474 1998 2033
960	1245 2971 848 511
961	266 636 1592 263
962	2916 1769 2996 2621
963	2418 2154 2739 1328
964	2288 757 1395 909
965	521 1422 1051 1773
966	2075 250 2391 2092
967	683 175 2459 2209
968	2857 1662 506 2326
969	1161 391 713 1383
970	2049 2895 2321 2708
971	2347 1795 779 2665
972	2403 693 1740 2624
973	441 323 1650 191
974	1150 1393 1178 838
975	2017 697 2409 1230
976	1604 1034 2731 717
977	459 2483 901 1138
978	317 2289 2059 1216
979	1095 1162 2359 1695
980	301 1699 1277 668
981	527 1510 2431 828
982	2920 29 2485 1951
983	11 2919 310 2658
984	1998 2018 1200 384
985	51 1327 2710 578
986	2218 1255 1180 223
987	2899 8 1570 1061
988	2267 1267 979 1845
989	2679 2434 2649 2141
990	461 1316 939 1690
991	47 1932 467 2908
992	617 693 2388 2685
993	7 780 519 2051
994	901 1642 385 246
995	1413 1815 2195 334
996	2124 291 2564 2108
997	37 502 1467 1988
998	586 2217 1413 2007
999	741 752 2111 316
1000	1029 1482 2725 833
Students	1000
1	2156 2588 2367 1451
2	643 1213 1209 2531
3	826 1027 1349 2227
4	1812 1480 1073 1600
5	1949 615 2145 2357
6	1318 508 394 2440
7	1490 1800 415 1590
8	1654 1466 1866 2979
9	2646 1028 817 428
10	146 2700 2456 2998
11	1942 817 759 2378
12	227 2560 1909 2304
13	1197 167 1713 755
14	725 1381 1877 2111
15	1602 1809 901 350
16	1332 704 2806 415
17	694 639 2924 1570
18	668 2925 1067 25
19	2628 2793 1543 2910
20	2108 2395 1440 1275
21	2868 1137 219 795
22	1949 533 79 1248
23	216 1448 1403 2036
24	472 1779 444 2645
25	1000 350 2620 289
26	11 212 343 2164
27	246 2005 2459 995
28	2333 1324 304 521
29	1748 2753 352 2411
30	1365 1917 2835 1889
31	112 1319 730 1342
32	680 2166 1879 1741
33	159 2800 2663 261
34	107 1812 2834 2678
35	1412 1507 2435 1443
36	1337 1967 885 952
37	876 2799 2728 2740
38	573 1365 2208 2941
39	864 1308 1138 1530
40	2988 2863 1638 1885
41	2293 487 625 1278
42	55 746 878 1688
43	2587 80 2248 2016
44	1779 2863 96 1595
45	2193 106 124 1867
46	2307 2740 1881 938
47	2641 1067 1955 580
48	1575 1770 997 1130
49	95 2472 748 760
50	1264 137 2215 2422
51	2460 1363 2477 270
52	2701 2475 2625 1783
53	2360 2352 1353 1967
54	1189 1327 2363 1635
55	552 1691 2221 2603
56	2730 1203 515 884
57	791 1146 2201 1408
58	2196 2542 2174 1033
59	2631 938 2202 2428
60	1657 68 2121 1803
61	1246 1669 2262 1353
62	838 1981 2527 1951
63	1032 1070 1840 2037
64	1527 1009 256 2600
65	2530 554 1214 2517
66	2222 1777 2929 1532
67	1080 839 2979 2769
68	327 957 833 509
69	578 555 1384 2927
70	1843 1510 975 745
71	1773 2436 2742 2115
72	1750 2818 215 2186
73	678 2776 2605 441
74	1082 2746 339 286
75	931 1992 1570 1054
76	111 623 199 403
77	266 2603 1715 2531
78	1083 2811 1713 928
79	2696 1577 2556 124
80	2535 2910 2446 1631
81	1536 1871 192 2707
82	1441 1756 2854 1625
83	9 98 2931 2479
84	1203 209 2883 678
85	2891 2534 134 701
86	909 2250 1669 1428
87	1470 2252 297 920
88	1251 2200 1383 341
89	2982 1875 2589 282
90	1068 834 2998 28
91	1693 1440 974 1649
92	645 879 758 726
93	865 1033 1951 325
94	2673 2788 519 1479
95	2069 1277 563 243
96	2100 1851 2863 697
97	520 359 894 1498
98	101 539 1931 2406
99	553 130 576 89
100	2866 2550 1346 614
101	1755 904 2105 701
102	1123 354 1349 766
103	1874 1802 2745 2290
104	1965 1006 1351 2318
105	2253 2045 2757 117
106	934 2767 1573 1965
107	1294 2290 1360 1768
108	2193 2494 1200 19
109	275 1030 487 1499
110	2147 1961 634 2892
111	819 2264 747 1079
112	2969 1135 861 1548
113	277 985 2340 2065
114	2199 1062 1816 1171
115	478 2657 1734 169
116	1849 1319 737 134
117	454 1635 1908 124
118	2371 2074 2041 2703
119	1079 1534 720 2084
120	2282 512 74 655
121	1983 1791 1663 1301
122	359 1907 1303 1294
123	1553 2135 692 368
124	1932 2808 2024 1036
125	2457 1363 2193 1982
126	1117 2718 1565 939
127	1801 739 1305 1648
128	2643 1305 163 1239
129	2789 432 834 2353
130	400 528 281 2052
131	1659 1771 1875 2655
132	2867 141 7 2016
133	590 2663 927 150
134	1216 836 2476 2732
135	2377 272 890 673
136	126 796 809 1367
137	782 1080 671 998
138	1140 2681 1029 834
139	2746 1670 399 170
140	1848 980 1695 383
141	2963 2981 323 946
142	174 1389 1603 1441
143	764 2480 380 91
144	1628 1214 919 910
145	779 1525 1202 2594
146	1628 942 1364 2020
147	468 339 1941 1079
148	1756 2930 2788 2218
149	2321 263 738 901
150	192 710 2433 331
151	338 545 2971 606
152	1586 692 2547 1602
153	307 2641 559 1572
154	166 2993 714 1893
155	380 1970 582 1765
156	1054 1867 1263 1609
157	1551 2261 316 635
158	2547 1594 2538 1581
159	2805 40 449 2220
160	437 2846 1510 315
161	1003 1412 1760 1571
162	2417 2398 2272 1632
163	2923 149 922 2557
164	2169 1643 1393 1841
165	2346 2159 276 135
166	2827 1642 1827 149
167	640 2676 1486 2033
168	290 1476 2201 1043
169	1930 2020 1871 2728
170	1139 1385 721 1900
171	705 2508 1951 1475
172	851 2655 735 2052
173	546 2995 2332 937
174	515 1347 120 1961
175	579 1720 1459 817
176	347 1884 1109 2106
177	307 1489 1056 2629
178	1006 116 2031 1527
179	1575 1804 1178 518
180	12 792 554 1854
181	1642 2397 2751 1706
182	437 425 548 1946
183	1651 2616 275 1875
184	2537 2317 532 2066
185	1168 2385 22 398
186	46 1956 1839 1772
187	987 2932 2531 1959
188	1546 1245 2197 1426
189	951 2132 2547 719
190	1562 1901 2276 1416
191	1250 1269 709 674
192	1897 29 2990 1860
193	1423 81 2339 2447
194	1183 236 1889 2683
195	1159 2373 2511 2190
196	1634 698 2923 1557
197	1955 2314 758 1654
198	1426 2050 274 758
199	2528 755 2749 2170
200	2468 2837 1644 856
201	77 2155 1381 1379
202	2019 62 2042 526
203	2580 1109 2573 19
204	2381 1677 2170 2312
205	272 1193 2895 1288
206	2355 71 1575 201
207	2346 2488 2395 1144
208	73 579 2860 2520
209	873 794 1546 1888
210	350 466 1407 2982
211	2788 2988 2834 772
212	2498 1314 799 33
213	111 1476 2686 2713
214	1062 2689 2917 1455
215	1123 2935 1631 1211
216	1210 2378 2004 1071
217	915 2742 2737 2110
218	1516 112 2732 422
219	763 1427 2477 33
220	531 2772 1537 327
221	902 2351 2263 2072
222	1001 2423 176 489
223	1734 1463 1939 1666
224	1712 269 1626 2503
225	1083 1520 556 2554
226	792 1656 90 2068
227	988 519 2725 1235
228	1903 1699 2947 616
229	1562 2276 831 484
230	23 2811 2078 163
231	2744 1173 285 1231
232	1549 566 1029 1810
233	1251 1943 1921 408
234	1184 2718 976 1097
235	777 2139 1494 2306
236	2524 1017 2438 212
237	1393 2496 1072 2474
238	425 2569 119 50
239	297 2811 2916 311
240	1119 2973 1195 1064
241	1397 2262 231 207
242	1676 2277 705 53
243	823 1173 887 1353
244	1703 1953 604 172
245	286 1194 2936 260
246	1255 594 313 820
247	202 1686 1430 1483
248	2658 893 1417 410
249	2773 704 1678 2115
250	1463 1639 1396 561
251	2683 2502 1721 1323
252	2928 2002 1033 810
253	2737 782 1357 2400
254	1358 2274 1288 655
255	2690 1105 2632 707
256	267 1435 1151 2481
257	1641 885 2215 2309
258	686 1476 2053 827
259	695 1256 1576 156
260	1025 1350 1074 1386
261	163 2822 1347 288
262	2674 1635 1220 210
263	361 1815 2659 779
264	2071 618 2583 1727
265	1056 2618 677 966
266	2162 2444 225 2433
267	2827 2826 881 901
268	2180 1243 2077 456
269	2039 1091 1013 9
270	276 800 2105 2619
271	2817 1955 2888 507
272	1989 2283 406 2167
273	217 608 1553 1359
274	611 1875 766 928
275	960 135 514 1326
276	340 1806 1586 1395
277	335 1278 963 1052
278	2653 2287 874 1041
279	2471 30 115 118
280	1629 1193 2318 2057
281	1871 1527 2906 1559
282	2875 37 180 707
283	109 2675 1439 504
284	1474 807 2010 586
285	761 2820 2622 1371
286	2750 2617 1844 253
287	46 2386 522 399
288	2806 841 729 973
289	277 983 958 1239
290	2637 2477 2054 1686
291	71 1807 1870 2879
292	1219 877 1253 1776
293	2328 1374 2944 310
294	240 754 1013 1779
295	1256 698 1908 63
296	2175 1452 2189 816
297	2232 2873 809 1082
298	1136 1932 2088 1271
299	11 2813 2455 312
300	1387 2675 2803 1102
301	1710 1426 2032 878
302	1551 1867 693 2072
303	1166 1978 2709 1852
304	1493 1686 2026 2233
305	1651 1623 1826 2305
306	379 1317 1205 1116
307	481 2225 2997 2611
308	842 502 1798 1285
309	2916 1536 1157 880
310	2137 2920 1978 2229
311	2746 1586 286 1868
312	1995 540 1700 958
313	2207 810 1174 1777
314	341 1283 259 2177
315	1368 1901 1194 1034
316	1262 2866 2546 2486
317	779 1719 1680 1404
318	495 579 564 754
319	2096 2754 1002 2628
320	2397 952 1374 568
321	2530 682 2000 2244
322	1675 1858 1830 1561
323	285 1373 913 1284
324	2252 1497 17 1342
325	2737 1465 380 1167
326	425 1949 2394 864
327	1864 127 1559 360
328	2015 1597 2194 1158
329	2466 1051 776 167
330	405 1654 2609 1660
331	1887 2949 1486 1471
332	2344 1307 1794 2658
333	440 1897 675 2211
334	44 632 657 839
335	345 810 132 2024
336	1509 2392 1795 1434
337	1891 84 285 659
338	123 2150 1870 87
339	623 1084 2536 569
340	1362 1804 1997 271
341	657 1560 2256 1456
342	2037 614 2612 1908
343	2761 429 2766 1562
344	2745 1190 2508 728
345	2587 2476 1766 1028
346	1178 553 536 902
347	1423 2509 1831 2837
348	2657 453 1661 588
349	2988 2349 619 2611
350	1661 2469 2769 2191
351	2226 2704 2554 883
352	281 1183 793 2422
353	2676 2506 1711 1427
354	1365 2727 1336 626
355	1821 620 2664 1737
356	1714 1483 2087 283
357	892 79 995 1938
358	1990 1394 2892 2167
359	898 35 2098 2075
360	1973 495 1380 2299
361	111 489 809 2108
362	606 703 2544 1557
363	1 1630 2260 1820
364	1636 1655 2657 665
365	1524 185 190 373
366	908 1561 2357 2202
367	810 594 2738 2346
368	2199 1484 630 2307
369	724 103 2549 785
370	2130 258 1817 2870
371	294 1987 1713 2098
372	2986 2459 1611 218
373	2869 62 822 1501
374	2352 305 2340 2608
375	1886 1437 1069 2202
376	2209 2233 604 242
377	2342 115 2973 598
378	2647 1071 2615 1015
379	2588 2548 2945 2397
380	2513 2283 1289 2802
381	1703 2540 2465 2885
382	2294 622 1349 1749
383	2642 2119 222 1350
384	1096 1747 1355 1849
385	1447 2987 77 184
386	19 2951 720 911
387	1191 1017 198 1190
388	2245 14 1341 1029
389	844 1996 1186 259
390	1975 2498 1596 2692
391	2067 331 1437 1831
392	881 2348 2932 2843
393	2905 2864 373 358
394	1930 642 333 423
395	613 143 551 1406
396	446 2596 2397 2301
397	2225 1605 1998 61
398	1881 1568 706 2898
399	1194 1037 1401 1887
400	227 1768 591 2343
401	1256 2462 93 1886
402	1046 1700 1275 641
403	1792 185 2965 1724
404	1957 2036 710 22
405	2269 227 704 2840
406	1967 2589 269 1457
407	2849 1634 2873 57
408	2275 442 1735 1230
409	1047 328 2555 1884
410	2174 2947 763 1450
411	2245 1131 352 1851
412	1398 1359 2251 2468
413	73 1427 2649 1000
414	630 1240 2732 1363
415	2083 2612 1078 2003
416	2088 1500 58 1918
417	2746 999 1177 2304
418	922 1993 2285 1890
419	2659 1185 178 2270
420	745 1012 783 839
421	1906 1135 1871 1417
422	2919 1752 1126 2342
423	1793 239 1385 1566
424	235 1957 1405 2045
425	691 1538 1641 2035
426	2345 341 66 811
427	411 2014 2085 2977
428	2776 1216 2389 969
429	2506 446 158 2397
430	503 2858 2138 708
431	1024 1747 758 552
432	1980 608 855 1586
433	620 966 713 1106
434	97 2558 619 2322
435	1527 1253 49 2698
436	2892 773 1973 203
437	1695 47 1506 1496
438	2877 1561 24 776
439	2449 1532 486 2756
440	604 111 2508 872
441	1241 1070 1215 498
442	1572 1026 1883 530
443	1569 778 1559 81
444	1805 2811 216 949
445	799 1791 1477 2699
446	1316 1240 1852 307
447	1544 872 692 1700
448	336 1779 2495 44
449	1371 109 1647 2056
450	1546 1765 465 2078
451	2957 2238 2324 1373
452	1601 1991 2509 2395
453	1371 902 2960 446
454	2074 1571 600 2505
455	935 647 2116 2622
456	2419 572 2695 1409
457	1132 1897 963 1014
458	1810 2829 1452 965
459	1231 344 2013 76
460	1667 2653 1342 1891
461	1736 318 2841 2019
462	1335 1769 2580 2049
463	440 1580 1677 2177
464	784 2778 2679 1223
465	1706 2780 2002 2616
466	306 1779 2331 171
467	1733 2429 2514 2088
468	2000 420 657 1501
469	1829 671 2062 2785
470	2400 664 2708 674
471	280 1480 1314 2380
472	855 1902 1353 2392
473	2141 2995 65 1351
474	2253 728 484 569
475	2238 761 2227 1811
476	376 743 2676 226
477	2852 405 1599 2791
478	1630 1097 2118 2792
479	990 8 1599 277
480	2970 1253 830 1585
481	730 1918 148 2287
482	769 1461 1788 627
483	6 1125 2881 760
484	2900 898 682 392
485	238 1526 825 216
486	1629 2136 604 1658
487	1501 447 2636 2845
488	2921 729 2009 274
489	2433 2698 1331 2020
490	496 1129 1789 2413
491	778 1159 377 1132
492	1416 2937 271 2703
493	1420 1494 2791 2180
494	2175 1620 1414 2573
495	2913 981 1729 2619
496	2125 299 2371 2179
497	872 777 811 2712
498	1714 2019 976 1380
499	1195 961 167 2870
500	302 2083 1569 467
501	912 2750 897 407
502	396 1532 2880 641
503	1446 998 1331 2560
504	1901 688 491 1646
505	2369 2799 1095 752
506	451 893 1646 455
507	161 2446 1646 2700
508	1119 74 913 1490
509	1196 2379 2475 242
510	1697 2684 2382 1558
511	2080 2891 1770 1640
512	1386 2760 2759 433
513	562 2405 840 2515
514	98 1409 2848 1915
515	1631 1978 1085 2651
516	651 2958 1492 1135
517	2921 2410 765 2529
518	924 2240 2158 2951
519	372 1878 1255 2673
520	552 1099 828 415
521	2059 1411 850 2720
522	6 110 931 2557
523	1341 1753 2581 2555
524	798 1838 1466 1049
525	1909 253 1803 2835
526	1280 1553 456 755
527	2968 1334 1652 1857
528	865 290 2261 711
529	2665 2878 2721 1906
530	1594 1487 170 2663
531	960 2450 2543 2029
532	1848 1067 30 58
533	464 2773 2703 540
534	492 1829 2517 1139
535	1284 1132 548 566
536	2046 1399 1908 725
537	2664 1565 1642 1504
538	441 626 1989 254
539	189 2638 201 1433
540	1627 2385 1964 737
541	1502 2498 848 1274
542	2712 1120 1909 466
543	1880 2498 1080 1861
544	2468 2156 486 1608
545	2654 272 1844 2021
546	1881 911 1272 2142
547	1283 453 2637 315
548	2003 517 1133 133
549	1977 1470 2478 2216
550	672 134 2689 809
551	1018 874 2052 2233
552	1665 329 2883 1634
553	2452 2567 2207 2821
554	1591 2322 259 2272
555	514 2029 1856 830
556	277 708 1457 2175
557	2123 226 2183 743
558	1586 374 2913 2493
559	897 1298 2825 1078
560	465 1803 667 2001
561	1542 1399 1513 2022
562	1677 790 2544 854
563	1061 2193 375 2645
564	2940 2719 1845 2232
565	2004 1419 801 938
566	2293 2099 986 2200
567	77 790 482 2405
568	246 1861 321 541
569	2601 1103 860 991
570	757 138 647 2797
571	838 1925 2839 2819
572	296 761 598 2358
573	1869 2573 208 1453
574	2152 611 2347 1096
575	1589 2258 1775 1268
576	2808 1156 2686 1852
577	1561 2284 1716 2945
578	1533 2088 688 2926
579	1756 1074 2168 2169
580	2461 886 2767 1690
581	1815 483 528 2226
582	1177 364 996 518
583	1217 1405 347 1433
584	373 886 1117 354
585	1752 2094 1138 1161
586	1371 2849 1649 1495
587	2916 844 735 1612
588	236 325 1988 2520
589	2271 2739 1225 1553
590	2920 400 362 1696
591	2479 2154 1730 2777
592	2201 2676 2862 752
593	2587 2394 634 291
594	365 773 2717 501
595	234 2527 2060 1991
596	2345 2275 1275 539
597	768 2897 1614 20
598	2606 605 11 2017
599	2779 2088 1622 1912
600	326 2643 145 2424
601	314 299 186 277
602	1408 1592 1229 278
603	8 1020 1541 2880
604	545 1633 2274 2741
605	1542 1781 2266 786
606	1004 295 691 1336
607	249 393 2944 1544
608	1920 2176 475 225
609	2323 1618 2913 1379
610	748 1722 699 890
611	2908 1578 1710 1865
612	2110 185 492 2500
613	426 1426 2815 1720
614	552 2621 2220 1827
615	1776 2820 1168 60
616	770 903 661 211
617	2516 1670 1899 1803
618	551 2145 438 823
619	1905 1353 2515 1816
620	2187 1737 2983 314
621	565 155 672 1901
622	227 2301 1712 2881
623	703 1153 2428 1848
624	381 369 2048 777
625	227 997 1669 1439
626	2951 367 1263 456
627	1637 174 1129 627
628	2517 700 1001 2716
629	426 2290 1137 2965
630	2654 176 2643 1539
631	727 695 903 1845
632	202 1901 2464 716
633	1211 456 811 1197
634	2102 948 1794 2842
635	699 106 2790 949
636	33 1626 1120 855
637	633 2007 1417 813
638	1973 1087 257 2979
639	472 1264 986 2816
640	463 182 2380 2695
641	2187 1202 262 2460
642	2724 1102 1844 1265
643	1376 1257 2162 2392
644	828 2186 2315 2243
645	1093 2823 1043 2170
646	1940 2583 1815 534
647	245 2192 1721 866
648	146 1019 2795 1651
649	2434 2058 2735 2129
650	645 883 2398 102
651	304 1354 2730 1714
652	991 1104 1512 168
653	1943 2218 1189 1506
654	2783 2947 2177 1764
655	2481 2850 2022 676
656	1570 1812 2322 1598
657	1955 1767 1806 2786
658	1839 431 682 1473
659	568 583 719 2491
660	1815 2535 2096 2283
661	804 2898 401 808
662	302 48 228 64
663	1367 175 1168 1977
664	2096 2220 999 2365
665	2697 1636 1150 454
666	460 801 2817 1187
667	1732 1182 1039 2762
668	882 400 2896 2852
669	2836 1192 214 1702
670	1710 519 648 1315
671	2153 2711 2077 753
672	1457 1531 310 2735
673	2322 1063 2432 2465
674	1375 868 1572 1476
675	2298 302 761 1163
676	2511 1159 2119 2175
677	110 2088 1188 1445
678	2727 1756 2513 2084
679	2643 2662 856 669
680	2210 2226 923 520
681	50 2457 2345 1934
682	1688 796 1700 25
683	1112 1631 1618 2030
684	1080 2545 2765 2670
685	2787 2401 2834 260
686	2417 2245 241 1859
687	1372 459 130 233
688	1799 247 2643 37
689	1048 33 307 341
690	1761 1593 1364 1798
691	2185 2274 2034 2994
692	1723 1738 2994 1132
693	599 585 2944 529
694	268 2711 1378 2833
695	968 2332 2642 2193
696	1756 2458 2078 1516
697	2885 2007 305 1709
698	2239 2233 158 1151
699	466 1401 178 2552
700	1889 1491 2962 2655
701	148 1674 833 2343
702	1027 2588 2723 1728
703	2192 1403 1642 1655
704	2506 811 1518 915
705	1541 668 2396 904
706	558 1851 2210 1739
707	1032 2149 550 2111
708	1285 711 2629 725
709	1509 868 2970 2913
710	1770 2323 1294 2163
711	2169 784 2540 2442
712	305 711 538 1662
713	482 2840 354 520
714	460 2522 884 725
715	1228 2295 1591 1028
716	2675 980 1019 2977
717	2640 1244 2519 1323
718	1727 991 2630 1066
719	1297 2187 2351 173
720	2794 74 1804 810
721	284 2236 1977 888
722	2999 2101 564 1766
723	224 2183 1822 1117
724	2066 528 1454 2124
725	101 1118 283 1152
726	347 2749 935 1624
727	2340 551 400 2579
728	1676 1592 2602 2107
729	323 186 1541 678
730	1545 2648 2031 1307
731	1519 1419 2006 1140
732	2751 1162 252 1553
733	2589 533 2545 441
734	114 597 1567 284
735	211 1175 2821 1551
736	9 2693 577 494
737	2017 1266 1907 613
738	282 2921 931 657
739	872 819 1847 785
740	729 2636 2384 1086
741	1769 1387 317 527
742	606 1981 357 290
743	2926 863 1322 411
744	2630 700 193 2510
745	137 302 782 2788
746	702 445 831 367
747	168 2131 1703 613
748	3 971 2604 1411
749	925 2700 488 2218
750	300 1708 2278 2267
751	1258 585 2734 1922
752	1189 2692 398 120
753	2662 1272 2633 1088
754	2600 1657 365 2394
755	716 1005 1839 2498
756	2233 1232 2537 1685
757	911 1514 2376 2836
758	1626 2687 2944 345
759	2558 148 2833 521
760	314 2559 1016 1465
761	2708 581 750 221
762	59 2623 973 560
763	1485 1737 700 35
764	2279 1240 2237 799
765	1917 931 2179 1610
766	2760 2000 456 329
767	1272 377 1940 1289
768	2388 1766 2344 20
769	4 2237 2962 1850
770	936 1828 721 2808
771	767 1267 2714 2439
772	95 1753 705 811
773	1540 2792 2836 2924
774	1678 793 86 1411
775	1638 2306 803 1145
776	456 303 2467 679
777	1431 402 511 1334
778	2336 1544 2726 2742
779	2783 942 1118 419
780	515 2573 875 2051
781	2666 1481 779 922
782	1934 490 1300 2921
783	1059 1887 2249 2776
784	1744 1343 2789 2254
785	2119 2838 1571 2569
786	1596 2271 651 971
787	710 2537 320 1532
788	2392 1124 2567 394
789	2657 1384 2097 969
790	706 1832 1621 1630
791	1674 2707 2120 2797
792	2309 1102 2279 894
793	2608 737 1920 1442
794	2250 749 2812 2738
795	653 2044 1280 1521
796	2620 964 2898 197
797	1349 2464 601 1465
798	2574 2245 832 2084
799	601 214 979 634
800	1300 1388 2931 915
801	554 432 2273 2386
802	1501 2048 353 2342
803	1044 720 2424 1130
804	1521 1753 2662 2405
805	2361 492 284 516
806	549 2024 1019 2494
807	2367 1961 2106 2651
808	2346 1355 937 1562
809	510 1505 1755 541
810	2684 2233 1031 862
811	981 1889 2579 904
812	2107 2169 2180 2327
813	206 399 2695 1964
814	849 2849 955 2657
815	1023 1356 253 1992
816	569 2960 1078 173
817	1253 776 2034 19
818	224 96 1073 1658
819	2988 1022 1444 2461
820	1708 2274 104 1581
821	2718 2274 2702 1262
822	2919 120 1320 2428
823	2442 2426 1694 1666
824	1704 1612 1828 1272
825	1176 2677 2608 779
826	1596 472 1636 185
827	2726 563 2080 2755
828	1475 825 2691 2701
829	283 498 170 719
830	2196 617 1267 1233
831	1299 1093 2041 1359
832	2858 2524 673 77
833	2237 1517 735 601
834	774 1625 2350 2578
835	121 23 1933 811
836	2257 1043 47 2921
837	378 508 2033 1587
838	2125 988 2819 121
839	1236 2465 1343 468
840	2376 1263 146 1923
841	1967 130 527 1675
842	684 1203 454 2553
843	440 1841 880 448
844	340 2320 828 615
845	2923 710 1273 1514
846	915 557 619 1865
847	1712 628 959 880
848	1335 2004 1076 1107
849	2035 413 2686 2283
850	2142 1276 18 2078
851	786 1496 809 1471
852	2566 386 909 918
853	1938 1012 296 1843
854	2548 1956 504 1603
855	1032 462 1713 1971
856	1159 2971 2550 1648
857	1872 250 402 2097
858	2801 1943 2762 2357
859	2540 2390 1217 1860
860	2318 414 1519 1007
861	8 513 2217 2275
862	2526 1085 2432 2522
863	2065 1965 1817 1337
864	1850 1593 1096 468
865	2859 1318 894 1577
866	1583 15 2956 2592
867	230 2985 1345 423
868	1878 2588 336 1550
869	1062 811 1542 2383
870	870 894 240 1083
871	1144 2581 2084 2761
872	2347 2849 2569 490
873	561 2289 2109 2977
874	1114 272 2914 2049
875	2333 2711 1329 1440
876	1655 607 2057 827
877	951 1458 2755 2480
878	1864 2489 2752 294
879	643 1053 1908 2903
880	1501 2312 268 1149
881	2535 2909 1074 2453
882	653 1791 2581 909
883	1510 1126 895 1782
884	2788 645 1920 16
885	1346 1050 2308 2349
886	2044 2061 2711 1523
887	1751 1275 2527 223
888	1174 2399 1753 828
889	1185 2469 2396 1785
890	2018 2855 707 1414
891	783 844 61 1018
892	612 2262 700 145
893	434 2454 1510 2320
894	934 1142 67 351
895	2918 2666 1061 641
896	958 313 887 712
897	2181 164 1417 2190
898	5 1931 105 1813
899	1134 721 383 2989
900	504 2756 1666 1220
901	932 2667 821 2206
902	26 1686 98 2974
903	2486 2549 827 415
904	1011 190 1585 2550
905	1935 1835 524 2754
906	804 2222 513 2586
907	42 1807 2222 1377
908	593 2473 6 2012
909	901 1819 1051 2602
910	510 2468 2867 1645
911	1011 43 433 1763
912	2527 2941 1785 1850
913	2636 1597 102 1965
914	917 296 1529 2479
915	2459 558 2535 1745
916	2849 564 2212 2015
917	1876 2807 950 1024
918	1245 1314 525 655
919	1763 2969 2150 2702
920	1308 2295 2130 1977
921	343 2861 1655 847
922	64 2291 2150 817
923	713 805 699 563
924	31 686 1933 1076
925	2800 66 1720 2417
926	1484 1652 1952 1368
927	1907 268 2056 1629
928	2975 541 1864 2683
929	1638 2231 562 207
930	1589 183 1392 1617
931	2844 992 1860 709
932	21 1159 795 1185
933	2266 986 1907 512
934	833 888 2238 1784
935	2872 425 2467 128
936	1288 468 1444 541
937	1336 803 2996 2480
938	1862 2647 1505 2995
939	2880 171 1308 1955
940	2016 1069 679 2941
941	1574 447 2211 541
942	970 1107 499 160
943	2405 2412 132 2502
944	2095 2011 1372 2810
945	754 2332 2496 1689
946	175 1972 273 363
947	2540 260 2385 932
948	1099 2819 1971 1182
949	1086 13 697 806
950	1598 1595 1545 1160
951	2804 2639 2723 1547
952	1394 2082 1730 2207
953	2040 2805 1685 1996
954	639 1566 909 1916
955	1876 64 409 2077
956	1678 633 273 2283
957	401 1244 895 602
958	1151 1689 2871 2061
959	838 415 81 47
960	27 2117 940 1106
961	1058 2886 2641 377
962	1573 529 2036 923
963	2343 557 140 2053
964	2299 1504 1079 1620
965	830 1656 1325 3000
966	747 449 1503 2493
967	2845 427 2760 503
968	2482 809 1238 2648
969	1333 2754 429 884
970	885 2795 2261 2297
971	2807 1923 2260 164
972	1322 2098 2919 708
973	2685 813 898 1981
974	882 656 1175 222
975	526 1723 2334 590
976	1327 546 1356 274
977	2558 1829 2276 2026
978	963 1360 2835 2969
979	1988 2863 2390 235
980	981 1102 1463 2502
981	1873 57 744 429
982	1371 632 352 1485
983	1905 1711 1987 1852
984	2762 2051 1926 172
985	1151 1881 1901 750
986	2546 2074 904 2549
987	2826 660 1127 2481
988	2304 520 1092 1367
989	2301 374 926 476
990	39 2387 1582 2356
991	1989 1672 1881 116
992	1788 713 1098 145
993	1379 28 497 2527
994	1099 1510 1855 781
995	2298 2510 2616 1857
996	1408 426 2435 2216
997	586 2898 2562 707
998	658 1585 1704 2664
999	2602 278 800 1145
1000	1500 1127 2864 1394
