Students	1000
1	8 2 4 5
2	1 7 4 5
3	7 9 10 3
4	1 5 2 4
5	3 9 8 7
6	6 4 1 7
7	5 3 2 4
8	7 4 5 6
9	3 10 6 7
10	5 7 10 6
11	5 7 2 4
12	9 1 5 4
13	8 10 7 1
14	1 7 8 10
15	9 2 6 1
16	10 8 4 2
17	5 2 4 6
18	3 4 6 8
19	9 5 1 3
20	7 2 5 6
21	9 8 5 2
22	6 5 4 8
23	10 4 8 9
24	10 9 2 7
25	7 6 9 10
26	4 3 8 5
27	3 2 8 10
28	2 8 5 1
29	8 3 6 7
30	10 1 4 8
31	8 5 7 9
32	2 5 4 6
33	4 10 8 2
34	2 1 6 9
35	1 4 9 8
36	9 7 5 4
37	1 10 7 2
38	3 4 7 5
39	9 3 5 4
40	10 4 8 9
41	6 7 10 5
42	1 6 7 5
43	7 3 1 9
44	1 9 5 6
45	10 8 3 9
46	10 2 6 7
47	8 4 6 9
48	4 10 9 7
49	10 2 5 4
50	8 5 4 1
51	9 8 6 5
52	2 10 8 1
53	8 6 9 1
54	6 5 3 4
55	5 6 9 2
56	10 6 1 2
57	8 1 5 10
58	2 4 10 1
59	10 6 5 4
60	2 10 8 5
61	1 3 8 6
62	9 8 5 4
63	1 2 10 7
64	1 2 7 4
65	5 9 10 1
66	7 6 10 2
67	2 7 3 6
68	8 6 7 2
69	8 2 9 3
70	8 3 5 7
71	1 8 2 6
72	9 1 4 2
73	5 8 10 1
74	10 6 5 1
75	9 1 7 3
76	10 1 7 2
77	9 5 2 3
78	3 5 9 8
79	10 5 8 3
80	6 10 3 9
81	7 9 3 2
82	6 1 3 9
83	4 8 5 1
84	7 6 8 1
85	5 2 7 4
86	5 10 3 7
87	1 7 6 8
88	3 10 5 4
89	4 7 2 1
90	2 9 1 8
91	5 6 8 7
92	1 5 3 4
93	10 2 3 9
94	8 4 2 1
95	2 8 10 1
96	3 9 10 6
97	7 3 5 4
98	4 10 2 9
99	7 1 4 8
100	3 7 10 5
101	6 10 5 9
102	7 4 3 8
103	6 5 3 7
104	5 8 10 3
105	4 3 2 7
106	10 5 2 8
107	1 9 3 10
108	10 8 5 4
109	7 6 8 10
110	2 10 3 9
111	7 8 6 4
112	10 5 7 9
113	10 1 3 7
114	8 3 5 10
115	1 8 7 10
116	2 7 8 1
117	5 2 10 9
118	8 6 5 4
119	3 7 10 6
120	7 3 10 4
121	8 4 2 6
122	10 3 4 6
123	9 7 3 8
124	2 8 5 9
125	5 4 6 8
126	10 7 1 5
127	10 6 3 7
128	9 4 5 8
129	6 10 9 8
130	7 8 4 10
131	1 6 5 8
132	2 9 10 7
133	4 2 9 7
134	8 5 2 7
135	6 8 10 9
136	1 4 9 8
137	3 5 6 7
138	5 3 6 7
139	8 9 10 4
140	5 8 6 7
141	8 7 1 3
142	7 5 1 2
143	2 6 10 4
144	7 3 10 9
145	10 2 3 8
146	2 4 5 1
147	10 8 1 3
148	3 4 5 8
149	10 8 3 7
150	3 6 8 9
151	3 5 8 9
152	8 5 4 10
153	9 4 7 5
154	6 8 1 3
155	5 10 9 3
156	10 6 9 8
157	4 1 5 3
158	1 5 10 9
159	5 4 2 6
160	9 6 8 3
161	9 4 3 10
162	2 1 5 7
163	7 6 4 8
164	9 1 7 6
165	10 2 8 7
166	3 10 5 8
167	8 5 7 9
168	6 3 1 2
169	9 6 1 2
170	5 2 3 6
171	8 4 6 7
172	6 7 4 1
173	3 5 8 6
174	4 10 6 3
175	8 2 10 9
176	4 3 9 8
177	6 4 7 3
178	4 6 5 3
179	4 6 2 8
180	3 9 7 1
181	10 9 4 7
182	9 1 7 5
183	8 1 5 2
184	6 5 9 10
185	8 2 3 1
186	5 1 6 8
187	5 7 4 9
188	2 1 9 6
189	4 10 3 2
190	6 7 5 2
191	4 1 10 8
192	3 1 5 7
193	9 2 6 4
194	7 2 9 10
195	6 2 1 3
196	1 7 9 10
197	4 9 7 2
198	8 6 9 1
199	9 8 5 7
200	8 4 3 1
201	3 4 5 6
202	6 2 9 3
203	1 5 6 4
204	9 2 10 7
205	7 6 2 8
206	3 4 1 2
207	8 7 5 3
208	1 4 6 7
209	10 1 4 3
210	5 3 10 2
211	1 8 4 9
212	10 2 5 1
213	6 10 8 7
214	7 2 6 1
215	7 9 6 8
216	9 7 8 2
217	4 6 9 3
218	10 8 1 7
219	1 8 5 7
220	6 8 3 1
221	1 4 8 7
222	3 10 2 1
223	1 2 3 4
224	8 2 5 1
225	3 8 6 9
226	2 1 9 3
227	9 5 8 3
228	7 9 8 5
229	1 3 10 7
230	9 8 7 5
231	6 2 5 10
232	6 1 2 5
233	4 5 9 1
234	8 3 6 10
235	4 7 1 8
236	6 1 4 2
237	6 10 9 7
238	3 2 1 9
239	1 5 7 8
240	8 6 5 7
241	5 8 10 9
242	3 7 9 1
243	6 3 9 2
244	6 4 8 9
245	8 2 3 7
246	5 9 7 3
247	10 7 4 1
248	9 1 3 4
249	5 4 8 1
250	5 4 3 7
251	7 3 6 4
252	9 1 2 5
253	5 8 4 10
254	9 4 5 2
255	3 10 5 4
256	8 6 2 4
257	9 4 6 7
258	6 1 5 9
259	8 1 7 3
260	2 4 9 8
261	8 4 1 7
262	2 1 7 4
263	1 7 8 2
264	2 7 3 1
265	6 1 2 4
266	2 10 9 8
267	2 8 10 1
268	8 9 4 5
269	7 4 5 1
270	9 7 8 2
271	10 8 9 7
272	10 5 6 4
273	3 10 6 8
274	6 3 5 1
275	1 4 10 6
276	8 2 1 6
277	8 9 10 4
278	10 6 7 9
279	8 4 1 3
280	2 3 8 4
281	4 6 3 9
282	6 1 5 9
283	5 9 10 4
284	9 8 5 2
285	3 2 8 6
286	10 2 7 8
287	8 6 1 2
288	9 1 8 2
289	3 9 7 6
290	2 6 3 7
291	2 9 7 6
292	8 6 2 10
293	10 1 7 4
294	10 4 7 9
295	3 8 2 10
296	8 5 6 4
297	8 2 4 9
298	3 9 2 5
299	8 10 4 7
300	2 10 8 3
301	9 5 1 3
302	2 6 7 1
303	1 2 8 3
304	7 5 8 10
305	10 4 8 3
306	2 9 10 6
307	9 7 4 3
308	7 6 3 5
309	3 4 6 5
310	7 3 4 10
311	4 3 7 10
312	1 9 6 8
313	10 8 5 9
314	9 10 6 2
315	7 10 8 9
316	8 3 9 6
317	8 9 5 2
318	9 8 6 1
319	3 9 7 2
320	4 10 2 8
321	4 6 3 7
322	1 3 4 6
323	1 2 6 4
324	10 7 8 4
325	8 6 4 10
326	2 1 6 9
327	8 5 3 7
328	6 4 7 9
329	8 2 1 5
330	5 10 4 8
331	3 7 10 2
332	5 8 7 1
333	7 10 8 4
334	4 9 2 8
335	5 1 3 2
336	10 1 5 9
337	9 10 2 4
338	4 5 2 9
339	3 7 10 2
340	9 7 6 10
341	3 9 2 5
342	3 7 4 1
343	9 6 4 2
344	1 7 9 2
345	1 9 7 8
346	10 7 2 5
347	3 6 9 2
348	7 4 1 5
349	6 1 2 8
350	10 8 9 2
351	1 7 10 9
352	5 4 2 6
353	1 4 8 5
354	1 8 10 4
355	4 7 6 10
356	7 8 9 4
357	5 6 7 4
358	2 6 4 7
359	1 4 2 6
360	10 5 6 1
361	2 10 4 8
362	5 9 3 4
363	5 9 10 2
364	2 8 3 4
365	3 10 6 8
366	3 2 10 5
367	2 8 10 9
368	9 3 5 6
369	8 2 10 1
370	5 6 8 4
371	4 6 9 10
372	8 1 4 10
373	2 7 1 6
374	1 7 8 9
375	1 3 5 8
376	1 8 6 2
377	9 10 7 5
378	9 10 5 7
379	1 2 6 4
380	8 7 4 1
381	10 6 3 4
382	4 5 8 2
383	4 6 7 1
384	6 5 10 4
385	1 4 5 7
386	7 5 2 3
387	3 10 1 8
388	10 8 5 7
389	8 9 6 2
390	4 3 6 9
391	7 1 8 4
392	9 5 10 6
393	7 6 1 5
394	3 10 6 8
395	10 6 5 4
396	9 2 1 3
397	10 7 1 2
398	9 4 1 8
399	4 3 9 8
400	7 9 1 2
401	9 10 3 7
402	8 6 9 10
403	1 2 6 5
404	6 5 10 9
405	6 5 7 1
406	7 5 9 6
407	4 8 6 2
408	7 2 4 6
409	1 3 6 2
410	3 7 5 4
411	4 10 2 1
412	4 1 7 8
413	7 3 8 2
414	5 4 7 6
415	1 2 9 5
416	9 7 5 2
417	10 2 7 5
418	2 10 9 8
419	9 10 3 6
420	7 2 10 6
421	9 1 10 4
422	2 7 8 4
423	7 2 6 5
424	8 3 10 7
425	8 10 1 9
426	7 9 8 1
427	4 10 5 7
428	1 9 6 8
429	7 2 6 8
430	2 1 10 3
431	8 1 10 7
432	5 3 1 4
433	4 6 8 9
434	6 2 5 10
435	7 2 8 10
436	2 5 10 3
437	5 2 10 8
438	4 8 10 9
439	3 9 8 2
440	1 2 10 8
441	3 2 7 9
442	7 4 9 2
443	3 10 6 7
444	8 10 5 9
445	3 7 5 1
446	7 3 6 8
447	9 6 5 2
448	5 10 4 7
449	1 5 9 10
450	10 6 8 7
451	1 2 9 4
452	1 9 5 7
453	9 7 1 10
454	9 10 4 7
455	10 2 7 6
456	9 4 7 5
457	3 4 5 7
458	1 6 5 9
459	5 10 6 1
460	4 5 10 1
461	3 9 8 10
462	4 3 7 6
463	2 5 4 1
464	6 7 8 4
465	4 9 5 1
466	10 7 3 2
467	4 2 6 10
468	3 5 1 9
469	1 7 9 5
470	5 1 8 2
471	5 3 2 1
472	9 1 5 4
473	1 7 5 6
474	1 8 9 10
475	3 4 10 1
476	8 7 6 3
477	4 10 6 5
478	4 8 2 5
479	1 5 8 3
480	10 9 3 7
481	4 8 7 9
482	3 7 10 4
483	9 6 2 7
484	3 6 8 2
485	7 2 3 8
486	8 10 5 3
487	4 7 6 3
488	5 9 8 1
489	6 4 3 2
490	1 2 3 7
491	1 7 3 6
492	10 3 7 6
493	5 6 2 7
494	3 10 9 2
495	2 1 4 5
496	10 4 3 7
497	10 6 2 1
498	10 6 1 2
499	4 5 9 10
500	2 5 1 6
501	10 2 6 8
502	5 2 4 10
503	10 5 7 8
504	7 4 9 1
505	9 4 5 7
506	4 8 9 3
507	8 7 5 10
508	10 8 7 6
509	6 3 2 9
510	8 5 3 6
511	1 8 10 6
512	2 8 3 7
513	4 3 2 10
514	9 8 3 10
515	3 2 1 7
516	8 3 5 2
517	8 6 5 4
518	7 1 4 6
519	5 6 8 10
520	3 4 5 8
521	2 4 8 5
522	9 7 4 3
523	6 4 8 1
524	3 7 2 4
525	9 4 1 7
526	5 10 8 6
527	7 10 3 5
528	5 6 1 4
529	1 9 3 6
530	2 4 7 1
531	8 7 5 10
532	8 10 7 4
533	1 4 10 8
534	9 10 3 5
535	1 4 9 8
536	5 10 1 7
537	1 3 10 9
538	7 8 1 9
539	10 5 9 8
540	8 6 1 5
541	1 6 8 10
542	9 10 3 5
543	2 10 3 6
544	6 10 3 9
545	3 4 1 2
546	2 9 10 8
547	10 8 2 4
548	1 7 3 10
549	9 3 4 6
550	2 9 6 4
551	4 8 9 3
552	3 9 6 5
553	7 10 9 6
554	4 1 5 3
555	7 6 4 1
556	8 5 7 3
557	4 9 8 2
558	3 10 6 7
559	6 9 5 3
560	4 5 10 6
561	5 2 8 7
562	2 10 4 1
563	4 6 1 2
564	4 5 1 8
565	2 8 10 4
566	9 6 2 7
567	4 2 5 9
568	2 5 6 10
569	8 1 3 10
570	4 5 10 6
571	10 4 9 3
572	4 3 8 1
573	8 5 10 1
574	6 8 1 4
575	2 7 1 8
576	4 1 2 6
577	7 2 1 4
578	1 4 2 9
579	2 9 4 3
580	8 5 7 3
581	5 2 9 4
582	6 8 2 4
583	6 3 10 1
584	6 8 4 2
585	4 5 2 10
586	1 9 3 8
587	6 5 1 2
588	3 2 7 5
589	10 6 4 8
590	5 8 6 3
591	9 5 8 6
592	10 8 7 5
593	9 4 8 1
594	10 6 7 5
595	8 9 10 6
596	4 5 8 7
597	10 3 1 6
598	4 5 10 6
599	7 2 8 9
600	7 1 4 10
601	3 9 4 5
602	1 4 9 2
603	3 1 8 2
604	8 6 3 10
605	2 10 4 6
606	1 10 7 4
607	1 4 2 3
608	7 3 8 1
609	3 8 6 2
610	10 1 2 7
611	9 4 7 6
612	4 6 2 7
613	4 5 7 9
614	2 4 9 8
615	9 10 1 4
616	6 7 9 1
617	10 5 4 8
618	2 3 1 9
619	4 9 10 7
620	8 4 2 7
621	10 2 7 8
622	3 9 4 2
623	7 2 9 3
624	5 1 10 4
625	8 4 6 7
626	4 7 9 3
627	6 3 9 7
628	9 6 7 4
629	8 4 1 5
630	10 4 7 8
631	3 5 10 1
632	9 7 8 4
633	5 1 4 2
634	4 9 2 8
635	10 7 9 4
636	9 3 5 10
637	2 10 4 7
638	5 3 9 6
639	6 9 4 10
640	6 9 8 10
641	1 2 6 3
642	10 4 9 6
643	9 8 6 1
644	2 7 6 9
645	5 8 2 3
646	9 7 3 6
647	10 7 3 4
648	6 3 4 5
649	2 3 8 1
650	10 2 4 6
651	10 7 3 5
652	2 6 3 5
653	7 5 2 1
654	7 9 4 3
655	7 4 6 3
656	7 3 8 9
657	5 10 1 8
658	9 1 8 10
659	9 10 2 4
660	10 7 2 8
661	3 8 6 1
662	10 7 6 9
663	9 10 3 7
664	4 1 8 2
665	3 7 9 1
666	7 5 10 8
667	7 9 10 2
668	2 9 10 6
669	6 1 7 9
670	4 6 7 10
671	8 4 1 10
672	9 5 3 2
673	10 6 4 1
674	7 4 1 6
675	5 4 9 3
676	6 3 9 2
677	1 4 3 2
678	8 2 7 10
679	5 3 7 1
680	7 3 8 9
681	4 6 5 8
682	5 4 9 1
683	10 7 2 4
684	6 3 1 9
685	10 8 9 3
686	1 10 5 6
687	6 3 7 8
688	10 3 8 2
689	5 7 2 10
690	10 8 9 1
691	9 6 2 1
692	6 9 4 1
693	6 3 5 10
694	3 6 2 5
695	10 3 2 9
696	9 10 2 6
697	10 7 4 9
698	10 2 5 1
699	8 7 9 5
700	1 4 2 7
701	1 6 10 5
702	10 9 6 7
703	10 6 7 9
704	9 1 4 8
705	10 8 9 1
706	2 9 3 6
707	1 2 3 5
708	7 6 8 5
709	10 2 5 9
710	3 2 9 10
711	9 8 7 5
712	9 10 2 3
713	8 1 4 3
714	4 6 8 5
715	8 6 10 2
716	10 7 1 8
717	4 1 7 2
718	3 4 7 2
719	6 10 3 2
720	2 10 1 5
721	4 1 9 7
722	3 2 4 10
723	1 9 6 4
724	10 3 4 8
725	2 6 10 7
726	9 10 5 2
727	2 1 5 4
728	2 5 4 6
729	5 7 9 1
730	3 5 4 2
731	3 4 1 9
732	7 2 3 8
733	7 2 4 1
734	8 10 7 5
735	7 9 5 8
736	7 10 1 5
737	1 8 4 6
738	2 3 9 7
739	3 6 2 9
740	4 5 1 9
741	2 3 4 8
742	8 4 5 7
743	5 2 1 10
744	7 9 8 3
745	1 8 4 9
746	2 10 7 4
747	10 3 6 7
748	9 6 5 7
749	3 7 2 10
750	6 8 10 3
751	9 8 4 7
752	9 4 10 8
753	6 9 4 1
754	2 4 3 7
755	9 2 5 7
756	10 2 5 6
757	3 7 2 1
758	5 2 3 4
759	9 4 2 3
760	7 5 9 10
761	7 4 9 1
762	5 7 2 1
763	8 4 3 2
764	7 8 10 3
765	5 6 7 9
766	7 6 10 3
767	7 8 10 4
768	8 6 7 4
769	3 7 6 2
770	10 6 3 1
771	1 6 3 5
772	1 9 8 4
773	9 1 3 5
774	3 9 2 10
775	4 10 8 5
776	9 10 4 3
777	9 8 5 1
778	6 3 2 7
779	1 6 8 10
780	6 1 7 5
781	8 9 1 7
782	5 1 2 7
783	5 3 6 4
784	8 1 2 4
785	8 9 3 6
786	4 7 2 1
787	2 6 10 7
788	10 3 7 9
789	6 5 8 1
790	6 1 7 3
791	9 1 2 7
792	6 9 1 5
793	10 7 9 6
794	8 4 7 5
795	8 2 6 1
796	10 5 2 1
797	5 4 10 9
798	2 1 8 4
799	3 1 2 6
800	9 1 5 6
801	2 7 5 8
802	10 3 4 8
803	10 4 1 6
804	8 2 9 7
805	10 1 4 9
806	2 4 9 3
807	1 8 9 3
808	7 4 8 1
809	7 8 5 1
810	1 5 8 7
811	6 5 9 3
812	8 7 2 4
813	5 3 6 9
814	1 2 7 6
815	8 7 3 5
816	5 2 3 10
817	10 5 8 3
818	3 5 7 9
819	4 2 6 3
820	7 8 6 4
821	8 9 2 10
822	1 8 5 2
823	8 5 3 7
824	2 5 9 4
825	5 7 8 6
826	9 10 8 6
827	5 8 9 7
828	10 8 5 2
829	3 9 10 2
830	3 10 8 7
831	3 1 6 2
832	8 5 9 2
833	7 2 4 8
834	2 5 7 10
835	3 8 7 10
836	8 2 4 6
837	2 5 3 1
838	6 10 1 8
839	2 3 1 6
840	1 8 6 4
841	3 10 1 2
842	2 6 9 4
843	6 2 7 10
844	6 3 1 10
845	4 1 6 5
846	3 1 10 7
847	10 8 1 2
848	1 3 9 7
849	6 7 10 4
850	9 10 1 4
851	1 8 7 2
852	6 5 1 3
853	1 6 10 8
854	6 2 10 9
855	1 7 6 9
856	5 8 6 9
857	10 8 5 1
858	7 8 5 4
859	9 7 8 10
860	4 8 2 9
861	6 10 8 9
862	1 9 7 10
863	1 3 10 4
864	5 3 6 8
865	8 7 9 5
866	6 5 9 2
867	9 1 10 6
868	10 3 8 1
869	10 2 9 3
870	2 4 3 6
871	10 5 9 8
872	5 6 1 10
873	8 1 5 4
874	10 3 9 4
875	2 6 7 1
876	10 5 4 1
877	9 4 7 6
878	5 3 9 10
879	4 5 9 6
880	4 8 7 5
881	5 1 2 9
882	6 7 5 4
883	5 3 2 7
884	8 4 10 6
885	3 4 5 6
886	8 7 2 5
887	2 4 6 5
888	4 5 10 6
889	5 7 10 2
890	7 6 5 3
891	8 6 2 7
892	3 5 10 7
893	9 8 2 1
894	3 9 10 4
895	4 9 8 10
896	8 6 2 4
897	3 10 4 7
898	7 3 5 4
899	2 4 9 5
900	2 10 6 7
901	4 9 6 1
902	4 5 3 7
903	9 4 8 7
904	5 1 9 3
905	9 7 1 4
906	1 8 7 10
907	3 5 9 1
908	7 10 2 4
909	4 8 10 3
910	3 7 9 5
911	2 10 3 6
912	1 7 6 10
913	4 2 3 10
914	5 3 10 1
915	8 4 7 1
916	8 10 5 2
917	8 2 6 3
918	5 7 6 9
919	7 9 2 10
920	9 6 2 5
921	6 4 8 1
922	3 10 6 1
923	3 5 1 10
924	7 6 1 8
925	10 8 3 2
926	5 1 3 10
927	9 6 4 10
928	8 9 5 4
929	10 9 7 5
930	9 10 2 1
931	7 2 5 10
932	1 8 4 2
933	8 6 2 9
934	7 8 2 1
935	8 4 6 7
936	8 1 5 2
937	1 7 9 10
938	8 6 10 5
939	9 1 8 7
940	5 10 3 7
941	4 2 7 10
942	3 8 1 5
943	9 2 1 5
944	5 4 10 2
945	8 5 9 10
946	4 5 6 9
947	2 10 1 6
948	9 3 7 1
949	5 1 8 10
950	9 2 3 1
951	5 3 1 4
952	6 10 2 4
953	4 6 7 9
954	1 9 10 4
955	6 10 4 2
956	5 10 2 7
957	2 9 5 1
958	4 5 1 9
959	9 3 2 8
960	6 4 5 2
961	9 2 4 3
962	10 6 3 7
963	8 5 9 2
964	8 10 9 4
965	7 6 10 4
966	10 3 1 8
967	9 5 2 6
968	7 1 8 4
969	4 6 7 2
970	3 6 8 4
971	4 6 10 3
972	3 2 6 8
973	7 1 6 9
974	2 3 5 4
975	3 4 6 2
976	3 5 2 4
977	8 1 6 5
978	2 7 1 5
979	7 1 3 4
980	6 1 8 7
981	4 9 5 6
982	10 6 5 2
983	10 7 6 2
984	7 9 1 3
985	1 2 5 4
986	1 4 10 3
987	2 9 7 6
988	4 10 1 8
989	9 5 2 10
990	2 5 8 1
991	7 3 6 8
992	2 1 3 8
993	4 2 10 9
994	1 2 5 3
995	4 6 9 8
996	8 3 2 5
997	4 7 10 6
998	3 9 2 4
999	7 6 4 8
1000	4 1 5 8
Students	1000
1	9 10 6 3
2	6 10 1 2
3	7 4 9 8
4	8 1 2 9
5	1 2 9 4
6	3 1 9 10
7	10 1 9 7
8	3 8 5 10
9	9 4 8 6
10	9 4 3 8
11	10 1 7 2
12	2 3 9 6
13	1 6 9 2
14	7 10 3 1
15	6 4 10 7
16	5 6 8 4
17	10 5 7 2
18	7 3 2 4
19	9 10 7 6
20	10 2 5 6
21	7 4 9 6
22	8 6 9 2
23	10 6 3 9
24	5 3 8 4
25	9 6 4 7
26	6 1 10 9
27	4 1 2 5
28	2 6 7 8
29	2 6 7 10
30	5 8 6 4
31	7 9 1 3
32	5 4 2 10
33	3 1 10 5
34	2 3 9 5
35	7 4 1 10
36	10 3 5 7
37	10 8 5 9
38	3 9 1 10
39	2 1 6 5
40	1 8 4 3
41	5 6 10 3
42	8 6 5 4
43	6 5 7 1
44	2 3 5 9
45	8 3 5 6
46	4 2 3 6
47	4 5 8 2
48	8 1 9 4
49	5 8 9 6
50	10 9 3 5
51	5 1 8 10
52	7 2 10 4
53	2 3 9 10
54	9 2 5 4
55	7 4 5 6
56	5 4 10 2
57	7 9 1 4
58	2 3 5 9
59	6 5 1 9
60	3 8 7 5
61	9 4 2 10
62	6 3 10 5
63	8 3 10 1
64	2 7 4 5
65	5 8 1 3
66	1 3 10 7
67	4 8 10 3
68	6 10 5 9
69	1 10 4 3
70	9 2 3 10
71	5 10 2 8
72	8 3 1 2
73	7 2 1 9
74	10 5 7 6
75	1 3 7 8
76	9 1 7 4
77	1 5 10 2
78	4 2 6 10
79	5 1 2 9
80	5 7 4 2
81	6 7 1 3
82	4 10 9 7
83	10 9 2 3
84	4 8 1 5
85	6 5 3 1
86	4 9 1 10
87	1 6 7 4
88	4 7 1 9
89	7 2 8 3
90	8 7 6 2
91	9 4 1 8
92	3 6 9 1
93	6 2 7 8
94	9 4 10 5
95	3 6 8 2
96	5 3 1 10
97	10 8 1 5
98	8 7 2 3
99	2 3 7 8
100	4 7 1 8
101	9 4 10 8
102	2 7 8 4
103	9 7 4 1
104	7 3 4 8
105	2 9 4 7
106	5 4 7 8
107	3 1 9 2
108	4 10 2 8
109	6 2 7 1
110	4 8 10 6
111	5 7 4 2
112	2 6 5 3
113	3 2 4 6
114	9 6 8 2
115	9 3 1 4
116	9 6 3 7
117	3 7 8 1
118	3 6 9 1
119	8 5 9 10
120	3 9 10 6
121	10 4 1 9
122	4 10 9 3
123	6 8 4 10
124	3 7 8 1
125	9 10 3 7
126	3 4 2 10
127	3 9 6 5
128	7 9 2 4
129	3 2 4 1
130	9 8 7 5
131	5 3 2 8
132	1 6 4 2
133	10 2 9 4
134	4 2 10 5
135	1 3 2 10
136	10 5 9 1
137	5 7 3 1
138	4 10 7 8
139	6 7 8 4
140	7 1 10 9
141	4 6 9 1
142	9 1 6 8
143	9 5 2 7
144	9 1 8 3
145	3 9 4 6
146	1 4 5 3
147	7 3 10 1
148	1 2 6 9
149	6 7 10 1
150	3 8 5 1
151	8 4 3 5
152	5 1 2 6
153	3 9 5 8
154	10 1 9 7
155	6 2 4 1
156	6 8 1 2
157	9 7 3 8
158	9 4 8 3
159	8 3 5 6
160	10 8 3 4
161	3 2 6 5
162	1 10 6 7
163	5 7 1 3
164	1 5 6 9
165	4 2 9 3
166	3 9 6 2
167	6 5 10 9
168	10 4 8 9
169	8 4 3 2
170	6 5 7 8
171	8 5 3 1
172	3 9 10 8
173	2 6 5 10
174	6 1 4 2
175	6 7 2 1
176	2 7 5 10
177	1 2 7 9
178	6 10 1 2
179	4 6 7 3
180	2 7 8 1
181	6 8 4 9
182	2 10 5 6
183	2 4 1 3
184	5 7 6 10
185	5 9 1 3
186	3 9 4 8
187	3 6 7 5
188	4 6 8 10
189	3 8 9 4
190	1 5 9 4
191	9 5 1 4
192	5 2 4 10
193	10 2 4 5
194	2 4 3 1
195	1 8 10 3
196	6 3 10 2
197	10 9 1 4
198	7 9 10 1
199	9 1 8 6
200	4 1 5 3
201	3 10 1 4
202	7 10 6 4
203	6 2 9 1
204	3 4 2 1
205	4 3 2 8
206	7 10 9 8
207	9 4 5 7
208	9 8 2 3
209	1 5 6 9
210	10 6 3 9
211	2 10 6 4
212	8 3 7 10
213	2 10 9 6
214	9 10 1 7
215	6 7 5 9
216	8 10 9 3
217	9 1 7 5
218	9 3 4 1
219	1 2 3 6
220	9 1 10 3
221	10 4 7 9
222	2 10 8 3
223	5 10 8 2
224	3 1 5 9
225	5 2 8 9
226	6 4 8 3
227	9 8 3 7
228	5 9 4 2
229	9 2 8 5
230	3 9 4 5
231	8 6 4 2
232	4 7 3 5
233	1 8 6 2
234	4 2 3 7
235	9 8 7 4
236	1 5 2 9
237	1 10 6 4
238	1 10 6 2
239	10 7 8 9
240	4 10 5 6
241	9 3 1 5
242	4 3 2 7
243	1 8 7 3
244	6 4 2 7
245	5 9 1 6
246	8 2 5 10
247	4 3 5 1
248	1 3 5 7
249	2 7 4 8
250	10 2 1 4
251	8 7 10 3
252	5 1 2 6
253	7 4 2 5
254	8 9 4 5
255	9 2 1 10
256	7 8 2 10
257	10 9 6 2
258	6 7 3 2
259	5 6 4 7
260	9 1 8 4
261	3 6 1 2
262	9 5 7 8
263	4 3 5 7
264	2 7 6 1
265	4 3 10 2
266	3 10 9 7
267	4 7 6 9
268	2 3 9 6
269	3 4 6 2
270	8 10 2 5
271	10 5 4 8
272	4 10 2 7
273	4 2 6 3
274	7 3 5 2
275	2 10 5 7
276	10 1 6 7
277	10 3 4 8
278	10 2 4 5
279	7 9 6 4
280	4 1 3 10
281	3 5 2 7
282	10 3 6 9
283	3 9 8 5
284	3 2 6 5
285	8 3 9 5
286	6 2 7 1
287	8 5 10 1
288	4 6 5 7
289	2 1 3 5
290	10 1 8 9
291	3 1 2 10
292	10 9 1 6
293	5 9 7 1
294	2 5 8 10
295	8 1 10 3
296	8 1 6 3
297	6 1 8 5
298	1 5 10 8
299	6 1 4 9
300	10 4 7 1
301	6 9 3 1
302	3 7 2 4
303	2 9 5 4
304	3 9 5 7
305	6 1 9 5
306	2 6 5 1
307	4 9 8 1
308	5 8 3 1
309	4 3 9 8
310	4 2 3 6
311	5 7 3 8
312	8 5 6 1
313	4 2 9 1
314	9 6 7 5
315	1 6 8 2
316	5 8 10 6
317	2 1 3 8
318	3 8 2 6
319	7 6 9 5
320	1 9 8 7
321	3 5 10 1
322	9 8 7 2
323	10 5 4 9
324	4 8 6 2
325	5 8 1 2
326	5 7 6 1
327	3 7 10 6
328	7 2 8 10
329	1 10 3 2
330	2 1 9 4
331	4 1 5 7
332	2 5 9 1
333	3 5 2 6
334	6 5 3 10
335	8 3 6 9
336	5 8 4 1
337	4 1 9 5
338	4 9 2 7
339	7 6 9 2
340	8 6 1 2
341	6 10 7 8
342	9 2 3 5
343	1 6 2 9
344	4 2 7 1
345	6 1 7 10
346	8 2 3 10
347	9 1 7 8
348	9 5 1 3
349	7 2 5 10
350	9 10 7 6
351	9 4 3 6
352	7 3 6 2
353	7 10 1 9
354	7 3 1 2
355	2 3 9 1
356	4 2 1 10
357	10 1 6 4
358	7 1 6 10
359	10 2 8 9
360	6 2 1 5
361	4 3 9 6
362	5 9 3 7
363	1 3 8 6
364	1 9 8 3
365	7 1 3 9
366	6 1 2 4
367	10 7 5 4
368	5 7 9 6
369	2 3 9 5
370	3 5 7 9
371	1 8 4 5
372	7 1 9 10
373	9 3 5 1
374	7 6 8 5
375	7 4 8 5
376	2 4 6 10
377	4 2 3 7
378	5 2 8 6
379	4 8 5 1
380	5 4 2 9
381	4 6 10 8
382	10 4 1 5
383	6 4 1 5
384	6 9 4 3
385	5 8 4 7
386	9 4 7 10
387	2 5 4 7
388	8 10 4 6
389	2 8 3 5
390	1 6 8 5
391	10 6 5 2
392	5 4 3 2
393	6 10 3 7
394	7 10 8 6
395	5 7 2 9
396	1 7 2 8
397	3 5 7 2
398	5 7 8 2
399	7 8 5 1
400	10 6 2 1
401	4 2 6 9
402	7 9 8 10
403	9 1 10 2
404	4 2 3 8
405	10 4 7 9
406	10 1 4 7
407	3 2 8 7
408	8 4 2 3
409	3 4 1 6
410	10 3 2 1
411	7 9 10 4
412	7 5 1 6
413	3 9 10 4
414	10 4 6 8
415	5 4 1 10
416	1 2 4 5
417	5 10 2 6
418	6 1 5 2
419	6 2 4 9
420	2 7 10 5
421	4 9 10 3
422	10 5 1 2
423	6 5 7 8
424	4 2 7 3
425	8 10 5 9
426	3 10 1 7
427	3 5 7 4
428	2 8 1 9
429	7 5 8 9
430	10 1 7 8
431	7 6 2 1
432	3 8 5 6
433	2 3 10 6
434	6 2 8 4
435	5 7 6 3
436	9 4 1 5
437	8 2 3 4
438	9 10 4 7
439	3 6 7 5
440	5 3 9 4
441	9 10 5 3
442	2 7 10 3
443	9 2 4 5
444	8 5 3 2
445	6 10 8 9
446	1 6 7 10
447	9 4 2 8
448	2 7 8 10
449	1 7 3 8
450	1 2 6 10
451	3 1 6 2
452	3 8 2 4
453	3 9 7 10
454	8 9 2 6
455	10 6 9 5
456	4 1 3 5
457	10 7 5 4
458	3 8 2 10
459	3 2 10 6
460	6 5 1 4
461	10 2 7 9
462	4 7 5 8
463	8 1 6 7
464	6 10 8 4
465	3 5 10 9
466	5 9 8 10
467	1 10 2 9
468	10 5 6 9
469	1 7 3 10
470	3 8 6 5
471	2 4 1 8
472	5 1 2 4
473	7 5 8 9
474	6 2 4 3
475	1 8 10 3
476	9 3 2 1
477	6 4 10 2
478	10 1 8 3
479	4 7 2 3
480	7 6 9 1
481	2 1 5 10
482	3 7 2 6
483	9 3 7 10
484	6 5 2 4
485	4 9 1 2
486	10 3 7 2
487	9 2 8 6
488	4 5 1 7
489	6 3 5 8
490	10 9 2 5
491	8 7 9 2
492	5 3 2 1
493	5 8 2 7
494	8 10 6 7
495	10 9 8 3
496	3 2 4 6
497	8 7 5 4
498	2 9 3 8
499	3 2 5 10
500	4 6 2 1
501	1 7 6 2
502	6 5 9 3
503	1 6 3 10
504	10 5 2 1
505	4 3 6 2
506	4 10 3 5
507	2 6 1 4
508	10 7 1 3
509	7 9 8 2
510	6 3 7 5
511	10 8 9 5
512	9 8 4 10
513	7 6 2 9
514	9 7 3 1
515	2 9 1 5
516	6 8 2 7
517	2 9 10 1
518	6 3 8 4
519	2 1 6 4
520	7 10 5 1
521	3 6 2 8
522	9 5 2 7
523	2 4 10 8
524	6 3 1 9
525	8 1 3 5
526	5 3 7 9
527	3 7 1 2
528	8 1 7 2
529	10 8 9 2
530	2 8 1 3
531	2 8 6 7
532	9 5 1 8
533	6 10 4 3
534	3 6 9 8
535	7 8 9 5
536	4 5 3 10
537	8 6 2 5
538	9 5 1 6
539	1 2 5 10
540	9 2 6 10
541	5 1 4 9
542	1 3 4 2
543	6 7 2 1
544	5 4 6 2
545	10 8 6 4
546	5 10 4 7
547	9 5 7 4
548	7 10 1 2
549	4 2 1 7
550	9 7 1 2
551	10 5 9 8
552	2 8 4 7
553	5 3 6 8
554	1 3 2 10
555	10 9 4 8
556	8 10 9 7
557	2 3 1 10
558	7 5 10 8
559	9 4 7 8
560	4 1 5 2
561	5 1 4 6
562	3 5 6 1
563	5 10 4 7
564	2 7 1 6
565	9 3 2 5
566	5 6 9 1
567	9 5 1 8
568	6 8 7 9
569	10 3 4 7
570	8 7 9 2
571	1 10 7 8
572	7 2 10 8
573	3 8 7 10
574	3 9 2 4
575	3 9 2 10
576	7 9 3 10
577	8 9 1 10
578	3 7 4 5
579	8 3 10 6
580	3 8 6 1
581	4 1 10 3
582	3 1 9 7
583	10 5 8 1
584	2 1 3 4
585	3 6 2 4
586	7 9 8 1
587	1 2 9 7
588	5 4 6 2
589	9 4 10 6
590	3 1 9 5
591	1 2 3 4
592	2 1 4 10
593	2 9 3 8
594	2 3 6 8
595	1 9 7 6
596	5 3 8 10
597	5 6 4 2
598	5 6 7 10
599	6 7 2 4
600	2 3 8 5
601	2 9 1 7
602	9 2 3 7
603	5 7 4 1
604	4 5 8 7
605	9 8 1 3
606	5 8 9 10
607	8 7 5 4
608	1 6 9 3
609	4 5 9 8
610	8 3 10 7
611	4 3 5 9
612	5 3 1 2
613	3 7 10 8
614	4 10 6 3
615	10 7 8 3
616	9 10 6 1
617	2 10 8 6
618	2 9 10 7
619	2 5 1 4
620	9 10 5 8
621	4 7 8 10
622	4 3 2 1
623	1 8 6 10
624	9 3 2 4
625	10 4 3 9
626	5 10 7 2
627	2 9 4 3
628	10 4 6 2
629	10 7 2 9
630	1 7 2 5
631	9 7 3 5
632	5 1 2 7
633	5 2 8 9
634	2 4 1 3
635	7 8 6 4
636	3 6 10 1
637	5 9 1 8
638	8 9 5 6
639	7 9 1 4
640	5 9 1 3
641	1 8 5 4
642	9 6 2 8
643	1 8 2 4
644	8 9 4 7
645	9 1 3 10
646	8 7 9 2
647	10 6 5 7
648	10 6 2 5
649	1 10 6 5
650	7 4 9 1
651	1 9 6 3
652	9 7 6 10
653	6 9 7 5
654	8 9 7 5
655	5 3 10 4
656	2 5 1 6
657	5 7 8 4
658	2 1 3 8
659	4 6 7 10
660	5 7 4 8
661	2 9 7 4
662	3 8 6 2
663	7 3 10 1
664	3 2 6 10
665	6 4 1 8
666	8 7 2 3
667	1 3 6 5
668	7 2 6 10
669	10 7 9 2
670	6 2 7 3
671	4 7 2 8
672	5 4 6 10
673	9 8 4 1
674	5 4 6 10
675	8 1 10 2
676	10 7 3 1
677	5 4 1 8
678	6 1 9 10
679	4 6 10 2
680	3 7 1 2
681	8 2 7 5
682	3 4 5 8
683	9 7 4 5
684	9 2 5 10
685	9 7 3 2
686	3 4 5 9
687	3 2 4 10
688	4 7 3 5
689	10 9 7 5
690	3 9 1 4
691	8 3 9 4
692	2 8 6 1
693	1 6 2 9
694	9 3 1 2
695	10 3 8 1
696	10 3 9 8
697	6 3 2 5
698	7 10 4 3
699	9 1 4 7
700	5 10 2 6
701	2 10 6 5
702	1 6 10 5
703	5 6 2 3
704	4 8 6 2
705	3 1 5 8
706	6 2 4 5
707	1 7 9 10
708	9 8 4 7
709	2 9 10 3
710	6 3 1 5
711	8 7 10 9
712	7 8 5 3
713	8 1 7 5
714	6 5 1 9
715	6 4 8 1
716	9 4 3 2
717	3 8 5 10
718	8 3 4 6
719	3 1 2 5
720	1 10 5 3
721	6 9 4 10
722	4 8 10 1
723	5 1 6 3
724	7 2 1 3
725	4 8 2 9
726	1 3 6 8
727	6 3 4 10
728	10 8 5 3
729	5 1 10 7
730	2 5 6 9
731	1 6 5 4
732	9 4 8 5
733	9 3 7 5
734	8 4 7 1
735	1 2 4 3
736	3 5 4 9
737	10 5 2 7
738	1 9 10 7
739	10 8 9 5
740	4 10 1 6
741	4 10 6 9
742	7 4 2 8
743	4 7 1 10
744	9 10 5 2
745	3 9 1 7
746	4 10 6 5
747	2 4 10 5
748	6 5 10 8
749	6 8 2 1
750	5 2 10 7
751	9 7 5 8
752	3 10 7 2
753	1 3 10 7
754	7 4 9 1
755	6 10 3 4
756	6 9 4 5
757	6 10 7 8
758	10 6 7 4
759	5 1 6 4
760	3 4 10 8
761	6 8 5 10
762	2 10 9 3
763	1 7 3 5
764	4 10 1 6
765	4 2 3 9
766	4 5 7 3
767	8 5 3 9
768	7 2 8 3
769	6 1 3 5
770	10 1 4 3
771	5 2 10 3
772	1 3 9 6
773	4 1 2 10
774	4 7 10 8
775	1 7 10 6
776	7 5 1 2
777	7 6 2 4
778	9 7 2 3
779	5 4 7 3
780	10 3 9 8
781	7 3 4 2
782	3 2 8 4
783	5 2 4 6
784	2 10 4 3
785	1 8 9 7
786	6 2 10 7
787	4 1 5 8
788	4 3 7 2
789	3 4 1 5
790	2 10 3 8
791	5 1 9 2
792	7 1 4 9
793	1 4 8 5
794	3 1 7 6
795	1 6 5 3
796	1 8 5 10
797	2 3 9 6
798	6 8 5 9
799	2 10 7 4
800	4 5 6 7
801	10 5 1 4
802	8 3 1 5
803	9 10 8 4
804	4 10 6 5
805	8 6 2 4
806	3 6 5 1
807	4 7 10 9
808	4 1 8 9
809	1 5 8 9
810	1 9 4 10
811	9 7 10 4
812	5 4 7 3
813	1 6 10 3
814	1 10 2 7
815	10 4 8 5
816	2 8 3 6
817	2 3 10 8
818	9 4 3 1
819	6 2 7 3
820	4 3 8 1
821	3 6 5 4
822	3 6 9 7
823	2 10 4 1
824	3 4 9 1
825	10 6 7 1
826	5 2 4 3
827	7 8 9 1
828	4 8 6 9
829	5 4 6 9
830	2 3 6 10
831	8 6 9 3
832	8 4 9 10
833	9 6 2 3
834	10 6 1 2
835	6 5 7 2
836	1 7 3 8
837	7 4 9 10
838	10 2 1 3
839	2 10 9 3
840	4 1 3 8
841	5 1 2 8
842	10 3 6 9
843	5 3 1 9
844	1 2 3 7
845	6 10 3 1
846	10 5 7 8
847	6 10 9 7
848	10 6 5 2
849	1 10 6 9
850	3 8 1 5
851	1 8 2 3
852	6 8 5 1
853	5 9 6 2
854	1 9 7 5
855	9 5 3 2
856	10 3 1 9
857	10 1 3 7
858	2 7 8 3
859	1 6 2 10
860	4 2 1 6
861	10 2 4 8
862	8 7 5 4
863	7 9 1 6
864	5 10 4 6
865	5 7 4 1
866	3 10 8 6
867	1 8 10 2
868	7 10 2 1
869	2 9 4 7
870	5 8 1 3
871	3 5 2 8
872	7 10 8 3
873	6 8 5 1
874	10 6 2 5
875	9 7 1 4
876	5 4 9 8
877	9 7 5 1
878	4 1 2 10
879	10 1 2 6
880	8 9 6 7
881	4 2 10 7
882	8 2 7 1
883	3 2 7 1
884	6 10 8 4
885	5 6 8 4
886	10 9 4 6
887	7 9 10 8
888	9 7 6 1
889	8 10 1 9
890	7 1 3 4
891	10 7 2 3
892	6 3 8 5
893	9 3 2 8
894	2 7 3 5
895	3 4 2 6
896	9 7 4 1
897	7 6 4 10
898	3 5 4 1
899	3 1 6 8
900	4 3 1 2
901	3 10 8 7
902	2 1 10 7
903	2 6 3 7
904	3 5 10 9
905	1 5 9 4
906	1 6 4 5
907	9 10 7 2
908	8 4 10 1
909	7 8 2 1
910	10 1 8 4
911	2 6 10 4
912	3 7 4 10
913	5 7 3 1
914	9 4 2 10
915	4 9 1 5
916	9 7 6 10
917	8 4 9 6
918	4 8 10 3
919	2 8 6 3
920	2 10 1 7
921	5 3 4 7
922	1 6 5 2
923	4 1 8 10
924	1 3 4 7
925	8 2 10 6
926	4 7 5 6
927	2 3 8 5
928	4 8 9 3
929	9 3 1 4
930	2 8 9 3
931	4 5 1 10
932	6 10 3 8
933	9 5 2 6
934	1 3 6 2
935	1 6 3 2
936	2 9 7 3
937	3 6 7 10
938	6 7 9 3
939	6 3 7 8
940	7 8 10 2
941	5 6 4 8
942	4 5 7 10
943	7 6 4 2
944	9 7 8 10
945	3 7 1 4
946	9 2 8 7
947	9 6 1 5
948	10 6 4 2
949	1 8 4 5
950	9 5 8 2
951	6 7 5 3
952	6 4 8 1
953	6 5 8 9
954	1 7 10 9
955	5 2 7 3
956	9 7 2 4
957	6 1 9 3
958	5 10 8 7
959	5 9 6 7
960	7 9 4 8
961	7 2 10 5
962	5 8 4 7
963	5 4 10 7
964	8 1 7 6
965	5 3 4 10
966	9 10 3 6
967	5 4 10 2
968	4 5 2 1
969	8 9 3 10
970	3 2 9 6
971	9 10 1 8
972	9 4 6 10
973	6 8 5 1
974	1 2 10 8
975	7 3 4 6
976	1 4 9 6
977	5 8 3 10
978	8 4 7 1
979	7 2 1 5
980	6 10 7 1
981	10 2 1 8
982	8 5 9 10
983	4 10 9 5
984	3 9 5 2
985	3 4 6 1
986	2 7 9 4
987	3 1 8 4
988	8 2 6 10
989	8 3 1 10
990	1 2 5 9
991	4 10 8 7
992	4 8 3 7
993	6 1 3 5
994	1 4 2 6
995	6 5 8 3
996	9 2 8 4
997	9 3 5 4
998	10 5 9 3
999	9 10 5 6
1000	5 7 9 10
Students	1000
1	9 5 6 4
2	5 6 10 2
3	8 5 1 2
4	4 6 9 5
5	2 8 7 4
6	9 5 10 6
7	1 8 5 4
8	1 10 9 2
9	1 7 10 6
10	8 3 1 6
11	4 1 5 2
12	4 1 9 8
13	9 7 6 8
14	7 1 6 8
15	8 2 3 5
16	7 2 3 4
17	4 7 6 3
18	7 2 6 3
19	10 6 1 3
20	4 5 7 9
21	5 7 1 9
22	3 1 10 8
23	2 5 3 1
24	8 9 1 5
25	1 9 2 4
26	9 5 10 6
27	3 9 1 8
28	10 5 8 9
29	5 6 3 2
30	4 6 5 10
31	5 9 3 2
32	9 6 1 10
33	8 5 4 3
34	5 1 4 6
35	2 4 1 5
36	6 4 8 7
37	2 3 4 6
38	7 10 6 5
39	10 1 2 6
40	9 2 4 1
41	7 4 6 9
42	8 1 6 7
43	7 5 10 4
44	7 3 4 9
45	1 10 2 3
46	1 10 8 6
47	5 4 2 8
48	3 5 4 2
49	3 2 6 9
50	8 4 5 1
51	3 9 5 2
52	4 5 7 2
53	2 5 10 7
54	8 7 6 4
55	1 6 8 9
56	3 1 4 10
57	6 5 4 8
58	3 2 10 9
59	2 5 10 9
60	9 8 2 10
61	7 9 8 6
62	9 8 10 3
63	6 4 2 1
64	9 3 6 7
65	9 5 8 4
66	5 10 7 1
67	3 7 6 9
68	6 8 9 1
69	6 10 4 2
70	7 10 8 3
71	4 7 5 3
72	8 7 2 5
73	2 3 7 5
74	3 8 4 9
75	4 5 1 6
76	6 1 10 2
77	5 4 10 3
78	7 8 2 3
79	5 8 6 7
80	7 3 8 6
81	8 3 2 1
82	2 9 1 8
83	3 8 5 2
84	8 6 10 5
85	1 8 6 4
86	9 10 7 4
87	8 5 10 3
88	1 3 2 6
89	6 3 4 1
90	10 1 4 5
91	2 5 9 6
92	4 10 9 7
93	9 2 5 6
94	7 10 6 9
95	4 2 5 9
96	4 6 1 3
97	4 6 1 9
98	8 9 2 5
99	7 10 9 8
100	4 10 7 8
101	3 8 9 10
102	6 10 5 1
103	7 10 9 5
104	7 3 5 2
105	10 9 5 2
106	9 4 2 3
107	4 9 10 1
108	2 1 9 6
109	8 7 6 4
110	7 5 6 3
111	2 10 9 7
112	5 4 6 7
113	3 2 4 5
114	6 7 9 2
115	4 9 7 5
116	1 10 9 4
117	4 6 2 3
118	7 9 5 3
119	6 10 3 2
120	4 7 5 6
121	8 9 10 1
122	6 3 5 7
123	2 8 5 10
124	8 9 7 2
125	6 9 1 5
126	9 1 10 2
127	5 2 9 8
128	5 1 8 7
129	5 4 10 3
130	5 9 6 2
131	6 4 9 2
132	3 1 7 10
133	6 7 2 1
134	4 2 9 5
135	3 1 2 4
136	1 6 4 10
137	4 5 6 1
138	4 5 8 3
139	2 9 4 5
140	7 2 3 6
141	6 4 1 9
142	6 10 1 3
143	7 10 3 1
144	2 1 5 10
145	8 9 6 2
146	9 8 6 2
147	1 7 5 6
148	10 5 6 7
149	10 2 7 6
150	4 10 3 5
151	10 6 8 1
152	4 7 5 10
153	6 1 3 10
154	5 10 2 6
155	6 7 8 3
156	3 4 8 9
157	5 8 6 1
158	9 5 6 10
159	7 6 8 5
160	3 5 8 1
161	4 2 1 8
162	2 8 5 1
163	3 2 4 5
164	1 4 9 10
165	7 9 1 5
166	9 6 1 3
167	2 10 7 8
168	5 7 3 8
169	6 10 2 9
170	2 3 4 9
171	5 4 3 1
172	4 2 1 7
173	8 9 5 3
174	10 2 5 9
175	2 1 3 8
176	3 7 9 8
177	9 7 1 5
178	6 5 10 2
179	2 8 7 3
180	10 8 3 2
181	9 8 6 7
182	6 8 10 7
183	8 10 3 6
184	4 1 8 10
185	6 5 3 8
186	4 5 9 2
187	2 1 10 5
188	5 10 2 7
189	10 6 8 2
190	6 3 4 8
191	3 4 5 6
192	7 9 8 6
193	5 6 1 3
194	8 7 2 1
195	3 7 2 10
196	4 8 10 3
197	8 6 1 7
198	3 2 7 8
199	4 1 7 2
200	4 10 9 3
201	5 7 8 6
202	9 8 3 10
203	2 9 7 6
204	3 8 5 7
205	10 6 5 4
206	1 10 3 6
207	6 10 1 9
208	3 4 8 10
209	7 8 2 1
210	7 1 4 5
211	7 2 3 9
212	10 2 1 4
213	8 2 3 7
214	10 8 6 9
215	3 2 9 6
216	3 8 9 7
217	10 7 8 5
218	4 9 5 10
219	10 1 7 4
220	1 6 5 4
221	8 4 7 2
222	3 1 7 9
223	2 6 5 10
224	4 6 2 3
225	7 5 3 2
226	5 9 1 8
227	2 6 10 7
228	3 10 4 2
229	7 4 3 2
230	3 7 2 6
231	9 6 5 3
232	1 5 2 6
233	7 4 10 2
234	6 7 10 3
235	5 2 8 10
236	8 6 10 1
237	2 10 7 8
238	10 9 1 6
239	8 4 3 2
240	6 9 10 5
241	1 6 3 7
242	6 3 1 4
243	9 7 6 2
244	6 10 2 7
245	6 9 2 1
246	7 2 10 6
247	10 2 3 6
248	6 7 2 8
249	10 6 4 3
250	5 6 3 9
251	7 6 8 10
252	5 2 10 8
253	1 5 6 4
254	6 9 8 7
255	8 9 10 5
256	8 1 2 3
257	2 8 4 3
258	6 7 9 10
259	6 1 4 2
260	1 8 3 9
261	9 10 3 7
262	8 4 5 9
263	10 1 9 4
264	8 6 1 2
265	6 9 2 7
266	7 4 2 6
267	9 6 4 10
268	1 5 2 7
269	5 9 1 2
270	3 1 5 6
271	9 5 6 3
272	4 5 9 3
273	10 3 5 8
274	9 4 7 2
275	10 1 9 2
276	3 10 2 7
277	7 6 10 2
278	7 3 8 9
279	8 10 1 9
280	7 8 3 6
281	9 1 8 6
282	7 4 5 3
283	8 4 7 3
284	5 8 7 9
285	8 2 1 7
286	7 2 3 5
287	9 4 5 10
288	9 2 1 4
289	9 10 3 4
290	3 4 8 2
291	6 4 7 1
292	8 3 9 2
293	10 8 2 5
294	4 9 8 6
295	4 9 10 8
296	5 10 1 9
297	2 4 6 9
298	4 9 5 1
299	4 6 8 2
300	4 1 2 5
301	10 4 8 6
302	4 5 8 10
303	9 6 2 10
304	9 3 5 6
305	10 3 9 5
306	7 9 5 3
307	5 8 10 7
308	8 6 2 5
309	8 6 3 9
310	1 7 5 3
311	4 10 1 3
312	9 5 4 8
313	3 8 9 2
314	1 7 3 9
315	8 5 10 9
316	7 9 8 2
317	9 7 6 4
318	10 3 6 2
319	4 2 5 8
320	10 9 4 3
321	1 7 10 2
322	7 6 9 2
323	8 1 5 3
324	5 8 10 1
325	9 4 1 5
326	10 8 2 1
327	3 5 9 2
328	10 9 2 8
329	6 9 5 10
330	3 7 1 2
331	5 9 2 8
332	3 9 6 5
333	6 8 9 1
334	3 9 6 8
335	6 5 1 10
336	1 4 8 5
337	2 6 7 5
338	5 1 8 7
339	7 1 6 8
340	6 7 10 2
341	8 2 10 9
342	8 7 3 9
343	10 7 5 2
344	3 1 7 2
345	6 2 5 1
346	4 6 5 2
347	5 6 1 7
348	4 7 6 10
349	9 4 1 10
350	1 4 9 5
351	8 7 9 3
352	2 8 3 5
353	5 3 9 10
354	9 7 5 4
355	5 4 3 1
356	6 10 3 7
357	10 9 8 7
358	8 10 7 6
359	2 10 7 1
360	9 5 3 7
361	6 4 9 5
362	7 1 10 3
363	8 4 9 1
364	8 9 1 7
365	2 7 3 6
366	1 8 10 6
367	5 10 3 1
368	5 8 1 9
369	4 7 2 1
370	2 5 8 3
371	5 10 1 8
372	8 5 7 10
373	5 10 7 3
374	10 2 5 1
375	10 2 3 1
376	4 2 5 3
377	2 9 3 6
378	1 3 4 9
379	9 3 2 5
380	9 5 4 7
381	7 3 9 1
382	6 4 3 1
383	9 3 2 1
384	6 8 3 7
385	9 6 5 2
386	1 8 5 10
387	6 4 2 9
388	3 2 6 10
389	6 7 3 1
390	8 6 2 5
391	2 5 6 7
392	7 3 8 5
393	6 1 3 9
394	9 10 4 3
395	8 7 10 3
396	10 3 4 5
397	3 7 4 10
398	3 2 8 9
399	7 10 6 3
400	9 5 4 1
401	3 6 8 4
402	9 4 3 6
403	6 1 8 7
404	9 3 8 6
405	1 7 6 2
406	10 3 8 6
407	6 9 3 10
408	8 4 6 5
409	5 8 3 7
410	7 6 4 8
411	6 8 1 7
412	8 7 1 4
413	4 5 7 6
414	7 9 2 6
415	10 8 9 1
416	3 9 10 4
417	6 3 7 2
418	10 6 9 7
419	7 8 10 4
420	3 8 5 10
421	5 7 3 1
422	7 6 2 3
423	5 3 8 1
424	2 1 5 6
425	8 6 1 3
426	1 6 2 4
427	4 1 8 7
428	9 3 10 5
429	6 1 10 3
430	10 6 8 4
431	4 5 10 3
432	4 6 10 3
433	7 4 6 9
434	9 2 10 8
435	2 9 6 1
436	6 1 9 5
437	4 2 5 8
438	3 1 7 5
439	10 4 8 3
440	8 6 9 4
441	2 7 5 1
442	7 4 10 1
443	4 9 2 1
444	9 4 3 7
445	2 4 9 5
446	6 3 9 4
447	8 6 4 10
448	9 3 10 4
449	8 4 3 10
450	1 8 3 10
451	3 10 9 4
452	6 7 3 1
453	7 4 3 2
454	5 6 8 7
455	5 10 1 9
456	1 5 8 3
457	2 8 1 3
458	10 7 4 2
459	8 7 5 3
460	6 4 2 1
461	9 3 8 5
462	10 3 4 1
463	7 6 9 4
464	3 4 8 9
465	8 2 3 5
466	4 3 1 8
467	10 4 6 2
468	3 8 1 7
469	3 10 8 4
470	1 7 8 5
471	2 8 7 1
472	8 10 6 2
473	5 7 4 10
474	2 9 6 3
475	3 9 2 10
476	1 2 5 7
477	7 10 1 5
478	7 10 1 8
479	10 6 7 2
480	6 1 10 7
481	4 5 10 7
482	3 4 6 8
483	9 7 8 6
484	9 8 7 3
485	4 3 7 1
486	4 10 5 9
487	5 1 9 10
488	10 3 8 9
489	4 5 3 8
490	9 2 4 6
491	5 2 10 7
492	1 7 8 10
493	7 6 8 4
494	5 6 3 1
495	9 2 1 6
496	3 4 2 9
497	10 8 1 6
498	9 6 7 2
499	7 4 6 1
500	6 4 9 10
501	2 9 3 6
502	1 6 9 8
503	7 4 5 10
504	8 1 6 5
505	3 6 8 5
506	8 7 6 3
507	9 10 5 2
508	6 5 3 10
509	6 4 9 7
510	10 8 5 1
511	10 2 5 1
512	8 1 3 5
513	5 2 8 3
514	9 4 1 10
515	1 3 4 8
516	2 7 4 5
517	6 1 8 2
518	1 6 5 2
519	3 9 6 8
520	2 1 3 9
521	5 3 10 8
522	10 1 5 6
523	3 5 1 9
524	4 6 9 8
525	3 5 9 1
526	8 9 3 2
527	8 6 1 7
528	10 4 3 2
529	4 6 10 9
530	7 1 8 6
531	4 2 3 7
532	5 6 10 2
533	10 5 2 7
534	9 10 5 4
535	9 8 4 5
536	4 5 8 7
537	10 4 9 1
538	7 8 6 5
539	9 1 8 5
540	1 4 6 10
541	8 3 5 4
542	8 3 7 9
543	5 4 6 9
544	8 10 4 7
545	6 8 4 10
546	6 10 4 1
547	6 2 7 4
548	7 2 5 6
549	5 3 2 4
550	6 7 2 4
551	6 2 10 5
552	5 1 3 2
553	7 10 1 6
554	7 4 10 5
555	10 7 3 1
556	9 3 4 6
557	10 4 9 3
558	1 9 3 10
559	7 6 2 1
560	3 9 2 7
561	5 1 6 7
562	2 7 8 1
563	7 8 10 4
564	8 1 7 10
565	8 6 5 4
566	6 8 2 4
567	5 9 1 10
568	4 2 6 7
569	6 5 10 1
570	1 10 6 5
571	3 7 8 9
572	8 9 6 2
573	6 3 7 1
574	2 5 7 3
575	2 9 10 6
576	2 4 8 9
577	8 7 9 4
578	6 1 8 5
579	7 10 6 9
580	8 6 7 4
581	5 1 7 3
582	10 9 8 3
583	10 6 3 9
584	7 6 8 5
585	3 8 9 5
586	4 3 9 6
587	4 2 3 9
588	3 7 4 1
589	10 4 9 1
590	5 3 1 9
591	5 6 10 1
592	5 8 1 3
593	7 8 10 1
594	7 8 9 5
595	8 10 9 2
596	3 10 7 2
597	2 9 3 7
598	8 1 9 6
599	1 10 6 2
600	10 3 4 7
601	3 9 8 7
602	1 9 6 7
603	5 10 1 2
604	6 8 4 5
605	6 5 7 2
606	5 10 6 3
607	2 8 5 4
608	6 1 10 8
609	9 3 4 6
610	1 2 4 5
611	10 4 9 3
612	5 4 10 9
613	9 1 5 4
614	7 4 2 6
615	9 10 4 2
616	4 6 8 10
617	3 4 10 5
618	6 7 4 3
619	2 9 8 1
620	5 4 7 6
621	1 7 10 5
622	9 7 10 6
623	3 10 9 6
624	9 10 7 6
625	8 4 1 3
626	5 3 4 2
627	3 5 7 6
628	6 2 9 3
629	8 1 4 2
630	6 7 1 10
631	7 9 1 5
632	8 1 9 7
633	10 6 4 7
634	9 7 2 8
635	2 9 4 10
636	8 5 6 9
637	4 8 10 3
638	1 6 5 8
639	4 2 1 9
640	7 3 5 6
641	5 4 8 10
642	3 7 4 9
643	1 6 9 10
644	2 7 5 9
645	8 3 1 6
646	1 10 4 6
647	10 3 6 8
648	2 4 7 9
649	4 9 1 8
650	6 2 10 5
651	9 7 5 2
652	1 5 4 3
653	1 3 2 6
654	4 5 3 2
655	4 5 10 8
656	1 5 3 4
657	7 5 3 1
658	9 8 6 1
659	10 8 6 1
660	7 8 2 6
661	1 2 6 7
662	8 5 3 1
663	6 1 7 2
664	1 6 4 10
665	7 3 8 5
666	1 10 4 8
667	5 9 10 6
668	8 6 1 10
669	6 5 10 3
670	5 1 9 8
671	1 4 3 6
672	8 6 4 7
673	2 6 10 3
674	7 1 3 10
675	9 2 10 6
676	10 5 6 4
677	6 2 8 7
678	4 7 6 9
679	5 9 4 7
680	5 4 1 9
681	10 4 5 3
682	8 4 6 9
683	6 7 9 8
684	1 8 10 3
685	2 1 10 9
686	1 3 8 5
687	9 7 4 3
688	10 7 5 6
689	3 9 4 7
690	3 5 4 10
691	6 2 9 3
692	9 1 8 3
693	10 9 2 8
694	10 3 2 6
695	3 9 8 1
696	5 2 6 10
697	8 9 7 3
698	6 5 4 10
699	7 8 3 6
700	2 8 6 4
701	6 7 4 2
702	5 4 6 7
703	8 4 1 9
704	10 6 3 1
705	5 9 10 2
706	2 3 7 10
707	8 9 3 6
708	4 8 9 5
709	5 7 4 1
710	6 8 3 2
711	4 8 1 3
712	7 2 9 8
713	3 1 4 6
714	10 3 8 4
715	9 8 5 6
716	8 9 3 1
717	10 7 5 3
718	1 5 4 3
719	8 3 4 5
720	6 2 7 1
721	7 6 1 4
722	10 8 4 5
723	2 10 8 9
724	6 4 5 7
725	3 9 5 1
726	4 9 5 6
727	4 1 3 8
728	3 9 8 1
729	1 9 5 7
730	1 8 10 9
731	3 8 10 6
732	6 8 3 1
733	1 6 3 10
734	6 8 10 7
735	2 7 4 9
736	10 2 5 4
737	7 8 3 6
738	7 4 10 6
739	1 5 7 6
740	6 5 2 9
741	3 8 1 2
742	6 1 10 2
743	9 5 2 3
744	1 2 3 9
745	1 9 5 4
746	10 3 7 8
747	6 4 3 5
748	9 2 7 10
749	7 3 8 10
750	2 10 6 9
751	1 2 7 3
752	5 1 8 2
753	4 8 9 1
754	6 4 9 5
755	5 10 8 2
756	8 10 4 9
757	1 5 8 2
758	4 6 7 8
759	3 8 9 1
760	10 7 6 9
761	9 7 4 6
762	3 9 6 5
763	9 1 4 8
764	5 6 9 4
765	1 7 4 9
766	4 3 10 2
767	1 10 2 8
768	10 3 1 8
769	1 6 9 8
770	2 10 5 7
771	9 2 6 8
772	1 2 5 9
773	10 8 3 4
774	1 4 5 7
775	8 10 4 6
776	6 9 10 5
777	6 7 9 8
778	2 8 9 4
779	5 9 10 6
780	5 4 1 6
781	4 2 6 3
782	9 8 4 1
783	6 9 10 4
784	7 3 6 9
785	4 7 1 10
786	9 7 5 6
787	6 3 2 8
788	8 2 1 6
789	4 5 10 1
790	3 4 2 5
791	6 9 4 1
792	4 8 9 6
793	8 7 4 1
794	6 8 9 3
795	2 6 1 8
796	7 10 1 9
797	8 2 7 9
798	10 9 2 5
799	7 9 10 3
800	4 2 7 10
801	2 1 4 5
802	8 1 3 4
803	5 6 4 2
804	3 7 4 1
805	5 6 2 8
806	1 9 7 2
807	5 3 8 7
808	3 1 9 5
809	2 6 8 4
810	1 3 8 7
811	9 10 6 1
812	8 3 7 6
813	1 3 7 9
814	6 2 3 1
815	10 3 9 4
816	10 2 4 6
817	1 5 8 6
818	2 1 7 4
819	5 10 7 9
820	4 10 9 6
821	3 2 7 4
822	7 5 6 4
823	7 2 6 9
824	3 7 4 5
825	3 10 4 6
826	4 10 9 5
827	7 5 2 8
828	9 3 6 5
829	7 6 4 1
830	4 2 9 7
831	7 5 8 10
832	8 6 7 2
833	4 3 5 7
834	4 6 5 1
835	10 1 7 4
836	1 5 3 10
837	3 4 9 6
838	3 10 6 7
839	4 8 2 10
840	5 3 7 1
841	4 8 2 1
842	5 4 7 9
843	8 9 1 5
844	7 2 10 3
845	5 2 6 7
846	4 8 7 9
847	9 1 5 8
848	7 6 2 9
849	6 4 2 8
850	8 5 3 2
851	4 6 5 8
852	1 5 2 8
853	3 7 1 8
854	8 4 5 2
855	2 5 7 3
856	10 4 1 7
857	6 9 10 7
858	9 5 1 7
859	10 9 6 5
860	9 5 8 7
861	8 3 7 10
862	5 6 9 8
863	10 5 4 2
864	4 10 9 7
865	9 5 10 4
866	9 5 3 6
867	6 8 7 3
868	8 4 9 7
869	4 9 10 7
870	2 8 6 10
871	9 5 6 2
872	4 7 6 10
873	2 5 10 4
874	8 1 7 3
875	4 9 1 6
876	4 6 10 2
877	9 5 4 7
878	7 1 8 4
879	1 4 5 2
880	8 10 4 6
881	9 7 1 6
882	1 7 9 8
883	9 10 6 1
884	9 4 5 7
885	2 5 9 8
886	6 9 4 8
887	7 2 9 5
888	3 1 4 5
889	3 9 6 1
890	6 9 8 3
891	4 6 1 8
892	8 5 2 10
893	10 8 7 6
894	6 2 7 5
895	3 1 4 2
896	4 7 1 3
897	8 4 1 9
898	1 9 5 3
899	7 9 8 5
900	8 9 3 10
901	2 5 7 4
902	4 5 10 2
903	9 8 2 6
904	2 6 7 4
905	8 4 2 5
906	7 4 9 8
907	2 5 9 8
908	10 3 7 4
909	7 4 2 1
910	5 4 1 9
911	8 3 9 7
912	3 8 6 5
913	9 5 10 1
914	3 8 6 2
915	5 6 1 9
916	6 8 7 3
917	10 7 9 3
918	3 5 1 7
919	7 10 9 3
920	1 5 3 10
921	10 7 6 5
922	3 2 7 10
923	2 7 8 10
924	7 9 6 8
925	3 2 5 10
926	4 5 3 10
927	3 1 6 8
928	9 2 5 7
929	5 7 2 8
930	1 3 6 4
931	1 3 9 8
932	1 4 5 6
933	9 1 3 10
934	4 9 10 5
935	6 7 10 3
936	10 9 4 2
937	8 5 4 10
938	3 5 4 7
939	4 2 9 10
940	9 2 8 1
941	10 2 3 1
942	9 8 5 1
943	7 5 4 6
944	5 1 7 10
945	7 5 2 6
946	7 5 10 4
947	3 8 10 2
948	9 2 3 1
949	7 2 10 1
950	1 8 6 9
951	9 4 5 10
952	9 7 8 10
953	5 8 3 9
954	4 3 7 10
955	10 4 6 5
956	10 2 1 6
957	2 5 10 4
958	3 6 10 7
959	10 2 5 1
960	1 10 7 5
961	7 9 8 5
962	7 5 3 10
963	5 1 6 4
964	10 9 6 8
965	3 10 9 6
966	6 3 2 4
967	5 3 1 6
968	6 1 5 4
969	4 1 5 8
970	8 2 3 4
971	9 4 3 8
972	1 3 5 2
973	10 9 8 4
974	3 10 7 6
975	8 4 10 5
976	2 10 8 9
977	6 10 5 8
978	6 7 9 2
979	10 9 7 8
980	10 1 5 9
981	8 4 9 7
982	4 6 8 1
983	3 10 7 1
984	3 2 10 8
985	4 7 5 2
986	3 6 8 1
987	4 10 3 2
988	6 5 8 2
989	7 10 2 4
990	10 1 2 8
991	5 10 9 1
992	5 10 7 1
993	2 10 6 7
994	4 9 6 2
995	8 9 5 10
996	7 9 2 1
997	4 8 10 9
998	6 5 1 10
999	10 3 1 6
1000	4 1 9 3
Students	1000
1	1 9 7 10
2	8 6 1 3
3	8 1 2 9
4	8 3 7 2
5	1 10 3 5
6	9 5 6 1
7	2 9 3 7
8	3 2 6 4
9	8 3 10 9
10	8 7 9 3
11	2 9 5 7
12	5 9 7 6
13	4 3 1 6
14	5 4 2 10
15	3 9 10 1
16	6 8 1 7
17	9 7 5 1
18	8 6 2 9
19	2 6 10 4
20	7 8 6 10
21	6 1 4 3
22	6 4 10 7
23	4 5 1 6
24	8 6 3 9
25	4 7 5 8
26	9 3 5 2
27	8 3 10 6
28	3 9 7 1
29	6 8 2 7
30	6 3 10 2
31	6 3 9 8
32	9 6 8 7
33	1 4 5 7
34	3 1 10 4
35	3 10 6 5
36	4 6 8 1
37	4 7 2 5
38	6 4 1 9
39	2 4 8 3
40	7 9 10 2
41	4 1 3 6
42	6 7 1 10
43	1 5 2 4
44	8 5 2 4
45	4 9 2 8
46	6 8 7 2
47	5 10 2 4
48	10 7 9 2
49	7 6 10 8
50	6 8 2 7
51	1 2 9 8
52	8 10 3 7
53	7 2 6 3
54	9 4 5 3
55	8 9 5 1
56	9 8 7 1
57	3 9 2 4
58	5 8 6 3
59	4 10 7 3
60	1 3 4 7
61	8 9 6 5
62	8 9 4 5
63	1 10 5 4
64	6 5 2 1
65	2 7 8 4
66	9 7 5 6
67	7 8 10 4
68	3 9 2 5
69	10 2 3 6
70	2 4 8 10
71	8 10 1 3
72	10 7 3 9
73	3 4 8 10
74	5 9 8 6
75	2 8 7 1
76	4 3 8 9
77	6 9 5 10
78	2 4 9 1
79	4 1 6 2
80	4 1 8 6
81	3 7 2 9
82	8 3 7 10
83	3 1 4 6
84	7 4 5 1
85	8 7 3 10
86	2 3 7 10
87	4 10 8 2
88	5 4 7 1
89	4 5 3 8
90	3 4 2 7
91	2 8 10 9
92	6 9 3 2
93	6 5 10 3
94	10 2 6 1
95	10 2 8 9
96	5 10 2 6
97	3 6 9 2
98	4 9 6 1
99	2 10 9 4
100	7 5 6 10
101	9 5 1 10
102	9 1 5 6
103	8 4 10 5
104	2 7 9 4
105	4 10 1 9
106	2 4 1 10
107	4 7 8 3
108	9 6 2 10
109	1 4 6 3
110	3 4 7 2
111	10 1 8 9
112	9 7 8 5
113	3 6 1 5
114	3 10 2 4
115	9 2 5 3
116	10 4 8 2
117	2 1 7 5
118	2 3 1 5
119	9 4 2 10
120	5 7 3 9
121	8 6 2 7
122	7 1 10 9
123	10 7 5 4
124	6 2 9 4
125	10 6 8 3
126	6 8 7 2
127	9 10 6 7
128	5 1 9 7
129	2 6 4 9
130	10 3 8 6
131	8 1 5 3
132	8 4 10 1
133	9 7 4 1
134	7 4 8 6
135	3 9 1 6
136	6 9 2 4
137	9 4 2 3
138	5 3 7 4
139	3 5 4 8
140	5 7 3 2
141	3 2 6 1
142	4 6 9 1
143	5 8 2 1
144	9 2 1 4
145	7 5 8 6
146	9 1 5 7
147	7 3 8 9
148	1 5 2 3
149	8 7 6 5
150	8 7 1 2
151	1 6 9 5
152	6 7 2 9
153	2 9 7 6
154	5 1 6 4
155	4 2 8 7
156	9 1 8 7
157	7 2 3 9
158	1 2 5 3
159	1 4 2 3
160	9 5 2 4
161	6 1 7 10
162	2 8 4 10
163	6 10 4 7
164	2 4 7 1
165	10 9 4 8
166	5 8 7 9
167	8 10 3 4
168	2 8 4 9
169	8 7 9 10
170	1 2 9 10
171	3 2 7 1
172	1 2 9 5
173	2 6 1 7
174	7 2 9 3
175	10 8 4 3
176	5 2 7 8
177	8 4 9 3
178	5 6 10 2
179	4 10 2 8
180	10 1 7 8
181	4 2 5 9
182	10 8 1 7
183	8 2 4 3
184	10 5 6 8
185	1 6 5 2
186	2 5 1 7
187	1 7 3 5
188	2 7 1 4
189	6 10 8 4
190	7 2 6 4
191	1 5 2 4
192	7 6 9 10
193	5 3 7 9
194	4 10 1 7
195	6 10 1 3
196	1 10 4 6
197	5 7 2 10
198	6 5 10 8
199	5 2 8 4
200	7 1 4 10
201	9 4 5 6
202	1 5 3 10
203	7 5 3 2
204	1 7 5 6
205	2 4 6 7
206	10 1 5 9
207	7 6 1 4
208	7 4 5 6
209	1 5 4 10
210	1 7 4 5
211	9 3 8 5
212	10 1 6 5
213	8 4 10 6
214	4 1 2 5
215	6 10 1 7
216	5 7 2 1
217	5 7 1 10
218	1 7 5 6
219	8 4 1 9
220	4 7 10 1
221	4 10 5 2
222	8 3 4 10
223	10 8 5 4
224	3 6 10 8
225	4 1 10 5
226	7 3 1 6
227	5 4 8 6
228	6 2 10 7
229	6 1 8 3
230	1 6 3 9
231	10 2 7 8
232	3 4 7 6
233	4 7 10 1
234	7 8 2 10
235	6 5 1 9
236	1 10 4 9
237	5 4 8 2
238	6 3 9 2
239	6 7 1 5
240	4 6 1 5
241	8 2 5 4
242	2 10 8 6
243	3 9 5 4
244	1 4 10 7
245	7 10 1 8
246	5 10 7 8
247	10 6 7 3
248	2 1 9 10
249	9 1 2 10
250	3 6 4 9
251	10 4 3 1
252	10 5 4 7
253	8 6 4 9
254	10 3 1 8
255	2 4 7 9
256	2 3 9 7
257	9 5 6 4
258	9 1 10 7
259	4 1 5 9
260	9 5 8 6
261	9 5 3 4
262	7 1 9 10
263	5 8 1 10
264	1 4 10 3
265	3 10 7 5
266	10 3 4 9
267	2 6 7 1
268	8 2 1 3
269	8 4 7 5
270	5 8 10 4
271	5 8 10 7
272	7 1 3 6
273	4 8 9 5
274	7 3 2 10
275	1 9 2 4
276	8 9 3 5
277	6 8 1 10
278	5 1 9 7
279	10 1 2 8
280	6 9 5 7
281	3 2 6 1
282	2 9 1 6
283	8 2 10 7
284	7 1 4 3
285	1 4 3 6
286	9 2 8 6
287	10 4 3 2
288	1 7 2 9
289	3 8 5 6
290	5 9 6 7
291	9 1 3 2
292	3 4 8 1
293	9 2 10 7
294	10 3 4 9
295	3 8 5 1
296	5 2 4 10
297	4 7 10 2
298	5 8 4 3
299	10 5 3 4
300	9 2 5 10
301	1 7 2 9
302	6 8 9 1
303	4 8 3 6
304	6 8 1 4
305	2 8 3 6
306	9 10 8 5
307	7 2 4 8
308	6 1 8 7
309	6 5 1 3
310	3 4 10 8
311	2 7 4 3
312	4 5 8 10
313	6 9 2 3
314	9 1 2 4
315	3 8 6 1
316	10 7 8 3
317	10 4 3 6
318	9 7 1 4
319	2 8 5 9
320	7 2 5 3
321	6 3 7 4
322	7 2 3 1
323	6 9 8 7
324	1 2 10 3
325	9 5 10 3
326	6 8 7 9
327	6 10 8 2
328	1 5 10 2
329	7 1 10 4
330	5 10 4 1
331	1 10 3 2
332	7 10 9 1
333	5 6 2 8
334	9 8 3 4
335	9 4 2 8
336	1 5 9 7
337	6 7 9 3
338	2 5 1 7
339	8 2 9 4
340	7 3 9 2
341	10 4 5 1
342	6 2 5 3
343	9 6 1 5
344	2 8 4 10
345	5 2 9 1
346	2 4 1 5
347	4 2 10 8
348	2 7 9 8
349	2 1 5 10
350	5 4 6 9
351	4 2 10 1
352	2 8 3 9
353	3 6 2 7
354	1 2 7 5
355	5 7 1 3
356	10 4 9 8
357	5 7 1 4
358	7 2 10 5
359	4 9 5 3
360	9 2 10 4
361	3 5 8 6
362	2 10 1 3
363	9 10 6 4
364	9 6 4 8
365	2 8 6 1
366	6 3 9 7
367	4 3 5 9
368	9 3 2 1
369	5 6 8 2
370	6 8 7 4
371	9 2 6 7
372	10 8 1 4
373	5 1 7 8
374	10 9 8 6
375	4 8 6 1
376	7 5 8 4
377	2 3 4 7
378	5 10 4 8
379	7 3 10 9
380	10 2 9 8
381	2 8 7 6
382	7 8 5 10
383	6 9 8 2
384	6 3 9 1
385	5 8 3 7
386	4 9 8 2
387	1 4 7 5
388	4 8 10 2
389	9 1 6 8
390	9 8 3 7
391	8 10 1 9
392	6 1 5 10
393	4 9 5 7
394	10 7 1 8
395	1 3 8 5
396	9 5 10 2
397	7 4 3 9
398	10 3 2 4
399	2 7 3 4
400	5 7 9 4
401	5 6 8 2
402	3 6 10 9
403	9 10 3 1
404	10 7 6 2
405	7 3 8 2
406	1 9 7 6
407	2 3 5 9
408	10 1 7 5
409	6 8 5 2
410	3 7 9 8
411	9 7 3 1
412	3 10 1 2
413	6 7 8 5
414	6 4 2 9
415	6 3 8 9
416	10 2 5 7
417	6 1 3 9
418	2 10 7 1
419	7 9 10 3
420	8 5 10 4
421	1 2 6 4
422	2 10 7 3
423	6 5 2 10
424	5 7 9 2
425	1 9 3 2
426	5 9 1 3
427	9 2 6 1
428	9 6 4 7
429	10 4 7 1
430	8 6 2 10
431	5 2 3 7
432	6 10 1 3
433	5 9 4 7
434	2 6 3 10
435	1 10 7 8
436	10 1 6 8
437	2 3 1 6
438	5 6 9 10
439	6 1 4 2
440	5 4 10 6
441	10 9 8 6
442	8 7 4 6
443	2 8 9 1
444	6 1 10 8
445	8 9 4 6
446	10 6 9 3
447	7 4 9 3
448	7 6 8 3
449	2 4 5 1
450	3 4 5 9
451	10 1 9 3
452	1 8 4 7
453	10 6 8 7
454	6 2 4 7
455	8 5 10 2
456	3 8 4 2
457	7 8 1 2
458	7 5 3 2
459	9 10 1 5
460	9 1 6 10
461	5 10 3 2
462	10 4 9 3
463	1 3 4 10
464	4 2 10 6
465	6 7 3 5
466	2 9 5 7
467	3 6 2 9
468	3 8 4 5
469	2 1 7 6
470	7 10 2 5
471	5 4 8 10
472	3 8 2 6
473	2 3 9 5
474	5 3 8 1
475	8 6 5 1
476	4 1 5 6
477	9 8 10 5
478	6 8 5 7
479	8 10 1 3
480	3 2 7 10
481	7 3 4 2
482	9 10 4 6
483	10 4 9 3
484	3 9 4 8
485	3 7 8 10
486	2 5 7 1
487	8 5 7 6
488	3 5 6 10
489	2 7 5 3
490	6 4 3 1
491	2 1 5 9
492	10 6 2 5
493	3 7 2 10
494	9 10 8 3
495	1 10 2 4
496	1 10 8 6
497	5 3 2 6
498	2 9 1 5
499	7 3 4 8
500	2 3 10 8
501	2 1 8 5
502	2 10 4 1
503	1 4 7 6
504	8 1 2 9
505	4 2 3 8
506	8 3 1 4
507	6 3 8 2
508	1 10 7 4
509	7 10 9 4
510	5 7 10 8
511	2 10 5 8
512	5 10 4 6
513	3 10 1 9
514	8 1 7 3
515	10 7 2 9
516	8 3 2 4
517	10 3 1 2
518	7 1 6 10
519	6 5 8 9
520	6 8 1 10
521	7 6 8 9
522	1 2 7 5
523	8 9 1 10
524	7 2 6 10
525	5 6 7 10
526	10 6 3 2
527	2 10 6 5
528	1 6 9 10
529	9 7 1 6
530	3 1 5 6
531	7 5 10 6
532	2 7 5 10
533	2 3 10 5
534	10 4 8 6
535	1 8 7 10
536	2 3 7 9
537	6 1 2 5
538	4 5 6 2
539	6 4 8 2
540	7 10 4 2
541	5 4 8 7
542	7 6 3 4
543	7 5 6 3
544	2 9 10 5
545	7 9 8 3
546	10 9 8 4
547	1 5 3 9
548	4 1 5 8
549	7 10 6 3
550	1 10 8 6
551	10 5 8 1
552	6 2 4 1
553	5 1 6 8
554	6 2 4 3
555	4 7 3 6
556	9 7 8 5
557	2 4 3 10
558	1 4 9 10
559	2 8 6 5
560	5 1 3 2
561	5 3 6 8
562	3 1 2 6
563	10 6 1 8
564	1 2 5 9
565	2 8 4 9
566	2 3 8 5
567	5 9 3 8
568	9 8 4 2
569	9 5 1 4
570	7 5 3 2
571	3 6 1 2
572	8 6 7 9
573	8 1 2 6
574	2 3 10 8
575	9 3 8 4
576	4 10 3 9
577	3 10 4 7
578	7 5 1 8
579	6 8 1 7
580	6 7 9 10
581	2 7 5 10
582	9 7 6 10
583	9 4 1 6
584	4 1 9 3
585	2 1 5 6
586	4 3 6 9
587	8 1 6 2
588	2 4 10 7
589	2 4 10 7
590	2 9 7 5
591	10 2 4 8
592	1 3 2 5
593	4 10 3 8
594	8 2 7 3
595	9 1 6 5
596	6 9 5 10
597	5 1 6 4
598	5 7 6 2
599	1 7 8 6
600	5 2 9 1
601	1 4 5 2
602	6 2 10 7
603	1 10 9 2
604	2 5 8 9
605	5 4 7 6
606	7 6 2 9
607	1 7 5 3
608	9 5 2 10
609	6 8 9 1
610	8 10 3 6
611	4 5 6 9
612	8 9 1 6
613	2 8 10 3
614	3 2 7 5
615	8 5 6 2
616	3 1 4 2
617	1 3 10 8
618	5 3 2 10
619	5 8 3 2
620	8 4 7 6
621	10 3 2 7
622	4 7 6 3
623	2 6 1 7
624	7 8 2 4
625	7 4 10 1
626	6 4 8 7
627	1 7 9 5
628	4 2 7 10
629	7 3 6 8
630	10 4 5 3
631	8 7 5 10
632	3 5 9 8
633	8 4 7 1
634	7 2 4 8
635	9 10 8 3
636	1 3 7 9
637	10 1 4 2
638	8 3 9 4
639	5 3 7 4
640	5 9 8 1
641	8 5 10 1
642	2 3 4 1
643	10 5 8 7
644	9 10 5 3
645	4 2 10 5
646	9 2 5 10
647	9 5 3 2
648	9 10 5 8
649	5 7 1 2
650	8 1 2 6
651	6 5 10 1
652	2 4 5 3
653	7 1 5 3
654	9 10 8 6
655	10 5 6 7
656	2 4 7 5
657	8 4 1 2
658	3 10 8 1
659	6 5 8 1
660	4 1 9 8
661	7 5 3 10
662	9 3 10 4
663	5 10 8 2
664	7 2 3 1
665	8 9 1 6
666	3 6 10 1
667	6 5 4 9
668	5 2 10 4
669	2 1 4 8
670	4 8 10 2
671	2 1 3 4
672	1 4 3 9
673	6 8 2 5
674	4 5 1 3
675	5 7 3 8
676	10 4 6 8
677	1 3 10 8
678	7 6 5 1
679	7 6 9 2
680	2 6 10 9
681	1 10 9 3
682	8 10 5 2
683	1 5 9 3
684	10 4 3 8
685	3 5 2 6
686	2 10 9 8
687	4 8 2 3
688	5 10 6 7
689	4 7 1 3
690	9 2 4 10
691	9 6 4 7
692	1 7 2 6
693	5 4 1 8
694	9 1 3 5
695	10 2 4 8
696	2 8 9 6
697	5 3 10 2
698	1 10 8 7
699	3 4 8 9
700	2 3 8 10
701	5 1 4 9
702	4 10 1 2
703	10 2 7 1
704	1 9 7 2
705	3 1 8 4
706	2 10 7 5
707	10 9 7 5
708	2 6 5 8
709	7 3 4 9
710	8 5 9 10
711	5 2 7 1
712	6 5 10 9
713	7 5 3 9
714	10 6 8 1
715	9 5 2 10
716	4 5 8 1
717	8 9 10 2
718	8 1 7 5
719	5 1 10 7
720	10 6 3 4
721	9 1 7 10
722	7 9 6 8
723	6 9 7 2
724	1 10 7 9
725	1 4 5 3
726	5 6 7 8
727	4 5 6 1
728	5 4 9 10
729	9 10 5 8
730	4 3 6 5
731	3 2 8 5
732	10 3 1 6
733	1 4 10 6
734	7 10 6 1
735	7 10 6 4
736	3 5 9 8
737	3 6 2 1
738	9 4 7 1
739	1 10 6 9
740	10 7 8 6
741	10 7 9 4
742	3 10 6 2
743	2 8 5 7
744	2 5 10 6
745	10 9 5 7
746	4 9 1 3
747	10 4 6 3
748	5 10 6 9
749	5 2 7 3
750	10 7 5 1
751	4 7 5 9
752	4 10 3 6
753	9 7 3 10
754	2 1 8 5
755	5 2 8 10
756	7 5 4 1
757	8 6 5 9
758	4 6 8 9
759	1 8 7 4
760	7 6 2 9
761	2 6 8 7
762	3 1 9 8
763	7 9 5 8
764	9 1 3 5
765	4 8 2 1
766	1 5 3 7
767	7 2 1 8
768	6 7 2 1
769	8 9 10 3
770	10 7 6 8
771	8 1 6 4
772	8 2 1 9
773	4 2 8 7
774	1 6 4 5
775	5 9 6 2
776	8 10 7 1
777	8 1 2 6
778	1 7 6 10
779	1 7 2 6
780	9 10 4 3
781	4 10 6 7
782	9 7 10 6
783	2 9 7 1
784	5 7 8 3
785	2 7 9 1
786	4 1 5 9
787	1 2 5 7
788	9 2 8 5
789	6 3 7 9
790	5 1 4 10
791	6 1 5 2
792	5 8 2 6
793	10 8 6 5
794	4 7 1 6
795	5 8 7 3
796	4 3 5 1
797	3 8 7 4
798	5 8 7 1
799	6 5 3 8
800	8 5 4 9
801	1 7 3 5
802	3 4 6 10
803	1 5 3 2
804	7 3 2 9
805	10 5 4 6
806	10 1 3 4
807	5 6 7 2
808	8 5 10 4
809	10 5 1 2
810	9 6 3 5
811	5 7 10 9
812	2 8 1 10
813	2 4 7 5
814	8 4 3 5
815	3 5 7 6
816	9 7 8 1
817	9 1 2 10
818	10 2 5 1
819	4 5 2 3
820	9 3 1 10
821	9 7 6 5
822	10 8 3 7
823	10 7 3 5
824	4 7 10 5
825	10 1 3 7
826	4 3 7 9
827	6 4 5 8
828	9 6 8 5
829	5 2 7 6
830	5 9 4 3
831	5 2 4 7
832	5 2 1 7
833	9 5 1 3
834	6 9 2 7
835	7 6 9 2
836	1 2 8 4
837	10 2 9 1
838	3 9 10 8
839	8 5 1 10
840	8 3 10 9
841	2 10 5 9
842	6 9 4 5
843	3 6 1 9
844	10 3 2 6
845	3 8 1 9
846	3 6 2 5
847	7 3 8 6
848	8 5 2 7
849	10 5 7 6
850	9 5 8 10
851	3 5 1 2
852	6 9 8 5
853	2 3 9 5
854	4 3 10 9
855	5 9 2 6
856	5 10 1 3
857	7 2 6 10
858	1 8 3 7
859	1 8 3 10
860	10 2 5 4
861	2 8 10 5
862	4 6 1 8
863	9 8 2 5
864	7 2 8 6
865	2 5 9 4
866	7 8 5 10
867	2 6 8 7
868	9 7 8 3
869	4 6 1 2
870	2 4 9 3
871	3 2 6 10
872	1 2 8 9
873	8 5 10 7
874	10 9 7 6
875	10 4 2 1
876	1 8 5 7
877	4 6 8 5
878	6 10 8 7
879	8 4 2 7
880	6 1 5 4
881	1 8 4 5
882	9 1 8 7
883	10 1 2 8
884	2 9 3 7
885	6 10 9 8
886	4 8 10 1
887	7 5 9 3
888	4 1 8 2
889	10 9 5 2
890	5 4 1 2
891	9 10 2 5
892	1 9 8 2
893	9 1 3 4
894	4 9 7 6
895	6 8 7 5
896	8 2 9 4
897	10 5 8 9
898	8 4 5 2
899	7 3 9 6
900	6 9 8 5
901	7 3 4 10
902	5 10 7 2
903	8 10 3 9
904	10 5 8 4
905	1 3 10 2
906	6 7 10 9
907	9 2 10 6
908	4 5 10 9
909	1 9 10 3
910	9 2 6 8
911	1 10 8 6
912	1 3 5 9
913	4 8 10 7
914	2 4 1 5
915	3 10 6 5
916	4 2 5 3
917	6 2 7 1
918	1 7 3 10
919	8 1 2 7
920	5 6 8 7
921	2 1 6 7
922	1 6 10 5
923	6 7 2 3
924	7 3 2 6
925	10 4 1 3
926	3 7 8 10
927	5 10 8 4
928	1 7 3 10
929	4 1 5 3
930	10 9 3 8
931	7 3 10 2
932	7 4 6 1
933	8 4 6 9
934	10 1 2 3
935	4 8 2 6
936	9 5 10 8
937	6 9 4 1
938	10 1 3 9
939	10 4 9 5
940	10 1 7 5
941	8 5 6 9
942	7 4 1 10
943	1 9 5 3
944	1 5 10 4
945	7 6 2 8
946	7 4 5 1
947	4 1 9 10
948	1 9 3 7
949	2 7 3 9
950	1 4 6 9
951	3 4 6 8
952	3 8 1 4
953	3 9 5 10
954	9 1 10 2
955	10 2 9 6
956	7 6 3 2
957	7 6 1 5
958	6 9 1 5
959	5 6 3 1
960	4 1 6 10
961	1 7 3 2
962	6 7 3 4
963	2 3 8 4
964	8 3 6 2
965	10 9 4 2
966	3 4 6 8
967	2 10 8 9
968	2 10 1 5
969	10 6 8 5
970	3 1 4 6
971	10 6 8 2
972	6 1 7 4
973	7 2 4 8
974	4 5 8 2
975	6 4 7 8
976	7 10 9 4
977	8 5 3 6
978	6 1 3 8
979	2 7 10 4
980	3 7 6 4
981	7 8 10 6
982	1 3 8 10
983	5 9 10 4
984	1 5 8 7
985	5 1 7 6
986	1 2 7 9
987	10 3 8 1
988	2 6 1 10
989	9 6 3 1
990	2 10 8 6
991	9 1 4 10
992	10 3 8 2
993	4 5 8 1
994	9 1 4 2
995	6 4 1 2
996	2 10 1 6
997	3 9 6 10
998	2 4 3 8
999	3 10 6 2
1000	3 2 7 10
Students	1000
1	5 6 4 2
2	2 5 10 3
3	9 7 4 3
4	4 1 5 2
5	3 6 5 7
6	10 4 8 3
7	10 6 1 2
8	9 5 6 3
9	1 5 7 9
10	8 10 5 9
11	9 7 4 1
12	3 5 7 6
13	10 7 6 8
14	9 3 4 2
15	3 4 6 9
16	5 9 2 10
17	10 2 3 9
18	1 4 6 9
19	8 2 6 10
20	7 10 8 5
21	8 5 10 9
22	7 4 2 5
23	3 10 5 9
24	7 10 6 5
25	6 7 8 3
26	6 9 1 2
27	6 1 3 10
28	9 10 1 8
29	6 5 2 8
30	9 3 6 4
31	2 10 1 9
32	6 3 7 5
33	6 5 8 7
34	8 1 6 2
35	6 2 7 4
36	4 6 7 10
37	7 3 5 10
38	2 8 5 4
39	5 1 8 4
40	3 4 10 6
41	3 8 5 9
42	9 4 10 8
43	6 7 10 9
44	9 10 8 7
45	3 6 7 8
46	9 5 8 7
47	2 8 3 1
48	9 4 5 3
49	3 10 9 2
50	3 4 1 5
51	6 9 4 8
52	1 9 4 2
53	3 8 2 5
54	1 9 5 2
55	5 3 4 1
56	2 1 8 10
57	2 3 5 9
58	7 5 4 9
59	1 8 2 3
60	3 2 1 9
61	4 5 8 7
62	4 7 9 2
63	6 8 9 2
64	9 4 8 5
65	10 2 6 7
66	8 5 2 9
67	9 4 2 5
68	1 8 9 6
69	9 2 10 3
70	6 7 4 10
71	5 10 3 1
72	10 2 8 7
73	1 2 8 6
74	8 1 6 2
75	8 7 9 5
76	2 4 7 10
77	6 9 1 3
78	3 2 5 1
79	5 9 2 7
80	5 9 3 1
81	1 3 7 10
82	4 6 9 7
83	4 5 9 8
84	1 2 6 7
85	7 10 8 3
86	4 7 8 2
87	9 7 2 8
88	8 6 5 7
89	3 8 2 7
90	9 10 8 4
91	6 3 5 7
92	1 9 10 4
93	6 10 9 3
94	10 7 5 8
95	1 4 9 10
96	7 6 3 9
97	10 9 7 6
98	2 5 10 3
99	1 8 9 5
100	1 6 4 10
101	5 3 8 9
102	8 5 9 1
103	1 3 4 8
104	1 5 4 6
105	1 9 3 2
106	9 2 8 10
107	9 5 6 8
108	9 2 10 3
109	3 8 10 1
110	2 9 4 7
111	9 3 8 5
112	6 5 10 8
113	9 5 6 1
114	1 5 6 10
115	10 2 1 9
116	4 1 8 7
117	2 7 3 9
118	1 10 2 4
119	2 7 5 8
120	8 4 10 2
121	2 6 3 7
122	4 3 6 5
123	2 6 8 5
124	8 1 6 9
125	8 10 2 9
126	6 3 7 9
127	8 5 2 10
128	3 10 1 7
129	2 7 9 8
130	8 10 5 2
131	1 6 4 10
132	2 3 6 10
133	10 2 4 6
134	10 7 8 4
135	10 9 3 4
136	7 3 5 1
137	5 10 2 9
138	4 10 3 7
139	5 10 3 6
140	5 3 4 2
141	3 1 7 2
142	2 9 10 7
143	8 7 1 2
144	4 5 9 3
145	9 8 6 10
146	4 7 6 1
147	2 4 9 7
148	5 7 1 2
149	9 7 8 6
150	1 7 2 8
151	8 6 1 2
152	8 6 10 2
153	3 8 5 10
154	5 4 9 2
155	3 10 4 6
156	1 4 10 6
157	10 4 5 6
158	1 2 6 9
159	4 10 5 1
160	5 7 6 2
161	9 7 6 8
162	8 6 2 1
163	8 5 3 4
164	3 2 5 7
165	9 6 3 7
166	7 2 1 4
167	4 7 8 1
168	6 10 9 5
169	2 6 7 8
170	7 9 6 5
171	7 2 4 3
172	6 3 4 2
173	3 5 6 9
174	8 5 9 4
175	10 5 4 9
176	4 3 10 6
177	1 8 7 4
178	10 3 9 2
179	1 2 5 10
180	3 7 6 5
181	6 8 9 10
182	6 10 7 2
183	8 9 1 5
184	6 1 4 7
185	3 10 1 2
186	3 1 10 6
187	9 1 6 10
188	8 1 7 3
189	1 7 10 3
190	9 2 7 6
191	1 3 6 9
192	9 5 1 10
193	5 1 2 7
194	5 4 1 6
195	2 3 9 4
196	10 2 3 4
197	4 5 9 3
198	9 1 8 7
199	7 9 3 8
200	3 9 8 10
201	7 6 2 9
202	7 2 8 3
203	6 1 2 5
204	3 7 10 8
205	3 7 2 10
206	8 3 6 4
207	8 10 5 7
208	3 8 9 7
209	5 8 4 9
210	1 7 4 10
211	10 4 9 8
212	10 7 1 4
213	9 7 6 10
214	8 7 10 6
215	1 7 3 9
216	4 6 1 7
217	10 7 1 4
218	4 3 7 6
219	6 1 9 10
220	1 2 7 3
221	8 6 10 4
222	3 7 4 9
223	6 8 2 5
224	9 5 8 7
225	7 8 2 4
226	5 1 3 7
227	8 4 6 3
228	6 1 2 3
229	9 4 2 3
230	2 8 10 5
231	9 1 3 6
232	4 7 6 5
233	4 6 10 2
234	8 9 4 6
235	6 9 4 3
236	9 7 8 3
237	10 5 6 2
238	8 6 9 2
239	1 3 4 10
240	7 9 3 1
241	8 6 7 3
242	5 10 1 3
243	1 4 5 8
244	2 5 4 6
245	6 2 1 4
246	8 10 2 6
247	9 6 4 8
248	2 4 10 8
249	3 9 6 2
250	2 10 7 9
251	8 6 10 1
252	6 4 1 2
253	3 10 9 4
254	9 7 6 5
255	8 3 1 4
256	2 3 8 7
257	10 4 2 7
258	3 10 8 7
259	7 3 8 4
260	3 6 9 5
261	7 8 5 9
262	5 8 6 10
263	9 5 4 3
264	6 9 10 5
265	10 2 5 9
266	9 4 5 6
267	9 6 2 7
268	3 1 8 2
269	10 7 5 3
270	5 6 1 2
271	9 2 5 6
272	5 7 10 9
273	4 6 2 8
274	10 4 3 8
275	6 1 2 4
276	7 4 3 1
277	7 10 2 9
278	7 3 5 2
279	9 1 4 3
280	7 3 5 6
281	3 6 4 10
282	2 5 3 9
283	7 6 5 9
284	3 9 4 5
285	4 3 9 1
286	10 3 8 1
287	9 7 8 6
288	2 9 7 8
289	4 5 2 7
290	3 4 2 1
291	7 4 6 8
292	7 3 5 1
293	4 10 7 1
294	3 4 10 9
295	2 6 3 7
296	1 3 9 6
297	4 1 9 7
298	5 9 2 3
299	6 4 8 1
300	6 2 9 4
301	1 7 9 10
302	8 7 3 2
303	10 7 9 5
304	8 5 10 4
305	2 5 3 10
306	3 2 7 8
307	7 8 3 1
308	6 10 5 2
309	1 9 10 3
310	6 10 4 3
311	9 1 8 3
312	9 4 10 2
313	3 2 7 8
314	7 8 9 5
315	3 6 4 7
316	4 5 3 1
317	3 2 10 7
318	2 7 9 6
319	4 1 8 7
320	10 7 3 2
321	8 10 5 4
322	4 7 9 8
323	9 5 6 4
324	2 8 3 10
325	1 9 3 2
326	1 10 9 7
327	9 3 2 6
328	4 8 7 6
329	10 1 7 2
330	4 9 3 5
331	2 6 10 9
332	1 7 6 4
333	3 8 2 9
334	2 5 3 8
335	6 9 5 8
336	4 2 3 1
337	5 7 6 1
338	6 3 1 8
339	4 2 9 5
340	1 10 3 6
341	2 7 8 9
342	8 5 4 2
343	9 7 2 5
344	6 1 2 7
345	10 4 3 5
346	6 8 4 1
347	9 2 3 4
348	4 1 5 9
349	10 9 5 1
350	10 3 4 7
351	10 7 8 2
352	2 1 10 6
353	8 3 10 4
354	6 5 10 4
355	3 1 6 2
356	8 10 5 4
357	5 3 1 10
358	9 10 4 3
359	5 8 9 6
360	7 9 8 5
361	9 8 10 7
362	5 1 4 7
363	4 10 9 2
364	9 1 6 10
365	9 10 6 5
366	6 7 3 9
367	5 7 8 4
368	2 1 10 4
369	7 10 9 6
370	9 8 5 2
371	4 2 5 9
372	4 1 9 10
373	10 7 9 5
374	10 2 5 6
375	6 4 5 9
376	2 3 4 7
377	1 6 4 10
378	4 10 3 2
379	4 1 8 9
380	3 6 1 7
381	6 7 3 5
382	9 5 4 7
383	8 1 9 7
384	4 7 10 8
385	2 10 1 5
386	2 6 5 10
387	7 1 9 3
388	5 2 9 7
389	8 6 10 4
390	4 2 5 8
391	5 4 7 3
392	4 10 5 8
393	2 5 6 8
394	8 1 4 5
395	8 9 6 4
396	4 3 1 5
397	8 5 7 10
398	10 1 6 8
399	9 10 4 8
400	10 7 9 4
401	7 4 10 1
402	4 8 3 6
403	9 7 2 8
404	8 2 3 4
405	3 9 8 10
406	4 10 8 2
407	2 7 3 10
408	5 4 7 8
409	9 2 10 6
410	9 10 5 3
411	10 3 5 1
412	3 5 10 8
413	8 7 1 4
414	4 7 3 6
415	10 1 5 6
416	10 7 8 4
417	8 1 5 6
418	7 2 9 1
419	1 8 6 2
420	3 2 9 6
421	6 2 1 8
422	1 4 5 3
423	10 6 2 4
424	2 5 4 3
425	6 2 4 5
426	3 9 5 8
427	4 10 3 2
428	7 8 4 6
429	10 1 5 9
430	7 5 3 1
431	10 4 6 2
432	10 6 3 9
433	5 7 8 1
434	10 1 8 2
435	1 7 6 9
436	5 6 10 3
437	10 8 4 9
438	2 8 5 10
439	7 3 4 2
440	5 1 6 7
441	8 2 3 10
442	10 5 4 8
443	4 2 6 9
444	9 1 8 4
445	10 1 9 7
446	3 1 6 8
447	9 8 1 6
448	1 7 8 9
449	1 2 10 5
450	1 2 6 3
451	8 2 3 6
452	4 3 5 8
453	10 5 8 3
454	4 1 5 7
455	7 4 5 10
456	2 8 10 9
457	2 5 3 4
458	1 3 4 10
459	7 6 10 9
460	5 10 7 6
461	3 6 4 1
462	1 4 2 9
463	10 4 8 5
464	1 4 6 8
465	7 4 10 9
466	7 8 6 5
467	7 10 4 6
468	3 6 4 8
469	5 9 2 10
470	8 9 10 6
471	9 3 1 6
472	9 2 7 3
473	5 3 10 6
474	6 9 7 3
475	2 7 6 4
476	7 6 8 9
477	9 4 2 6
478	7 9 2 4
479	9 5 6 7
480	4 5 7 2
481	10 9 3 6
482	1 8 4 3
483	10 7 8 6
484	8 1 10 3
485	4 9 10 2
486	6 5 2 7
487	8 2 5 3
488	10 2 6 4
489	8 5 1 4
490	1 10 3 9
491	4 7 6 2
492	10 6 9 3
493	9 4 6 1
494	5 6 2 3
495	1 7 3 5
496	6 1 2 7
497	4 5 8 6
498	3 2 10 4
499	3 4 2 6
500	8 6 3 1
501	2 5 6 9
502	10 4 3 9
503	6 1 4 3
504	3 5 6 8
505	10 2 3 1
506	10 8 5 9
507	9 4 5 1
508	5 8 9 3
509	6 7 3 2
510	5 7 1 8
511	5 4 1 3
512	1 8 10 2
513	2 4 6 1
514	1 9 2 4
515	7 6 4 10
516	5 6 3 7
517	3 8 4 9
518	5 3 8 2
519	7 9 2 8
520	8 10 7 5
521	8 3 5 4
522	4 1 7 8
523	6 7 9 2
524	1 7 8 6
525	2 4 9 6
526	4 6 9 10
527	2 5 10 1
528	3 10 2 5
529	7 3 4 6
530	4 5 10 7
531	4 5 6 8
532	4 6 8 7
533	10 2 7 5
534	8 4 2 7
535	8 4 6 2
536	5 3 9 2
537	1 5 3 8
538	8 2 7 3
539	9 6 3 7
540	10 6 5 2
541	5 7 8 2
542	3 7 8 1
543	7 9 3 8
544	8 1 5 2
545	3 6 8 5
546	5 10 9 2
547	7 1 4 6
548	2 7 8 10
549	3 5 2 10
550	7 10 6 9
551	5 4 3 8
552	9 6 7 2
553	9 3 1 8
554	10 3 6 9
555	10 4 5 8
556	1 2 8 3
557	1 2 10 7
558	10 1 2 7
559	10 5 6 3
560	9 8 3 1
561	5 3 2 7
562	3 8 7 6
563	4 1 6 10
564	7 2 4 9
565	7 10 8 4
566	2 3 4 8
567	8 7 3 6
568	8 10 7 9
569	8 6 1 2
570	9 8 3 6
571	9 8 6 2
572	8 6 5 2
573	7 8 4 6
574	10 9 3 6
575	4 10 2 3
576	7 6 2 4
577	1 5 3 6
578	1 7 2 6
579	9 8 2 3
580	4 9 10 2
581	1 5 3 7
582	8 9 2 6
583	1 4 5 2
584	8 2 10 5
585	4 6 7 9
586	2 9 5 3
587	2 8 1 10
588	5 8 10 2
589	3 9 8 7
590	7 2 6 9
591	7 3 6 1
592	10 2 8 7
593	8 3 9 5
594	2 1 4 10
595	8 3 9 4
596	8 7 2 1
597	1 3 2 7
598	3 1 8 7
599	10 7 9 2
600	5 6 8 1
601	10 9 5 4
602	10 6 3 5
603	10 7 5 9
604	10 9 6 8
605	10 7 9 8
606	6 2 8 1
607	1 4 5 7
608	10 1 8 6
609	5 6 10 7
610	4 9 6 1
611	10 6 3 2
612	8 1 6 5
613	9 6 1 5
614	5 8 7 2
615	2 7 8 6
616	9 4 7 3
617	7 3 1 6
618	8 6 9 2
619	9 2 4 7
620	2 4 10 5
621	6 1 9 5
622	8 6 10 2
623	9 5 6 8
624	4 7 5 9
625	8 3 4 7
626	5 8 10 7
627	7 4 2 1
628	3 2 8 4
629	10 7 1 9
630	7 6 5 10
631	2 10 1 9
632	2 6 9 5
633	10 6 7 2
634	7 6 3 2
635	6 10 1 2
636	4 10 6 5
637	1 2 3 8
638	3 2 6 1
639	5 4 10 3
640	3 1 5 7
641	9 3 7 4
642	5 9 4 8
643	9 10 6 3
644	4 6 3 8
645	10 8 1 6
646	4 9 6 3
647	3 1 6 7
648	5 8 3 2
649	4 2 7 1
650	10 5 4 3
651	6 10 3 5
652	10 3 5 8
653	4 10 1 9
654	9 4 1 8
655	7 1 4 5
656	8 7 4 6
657	1 10 8 2
658	4 10 3 9
659	1 2 6 10
660	1 8 3 5
661	4 6 10 2
662	8 9 6 4
663	3 4 8 5
664	4 5 6 9
665	7 10 4 6
666	3 9 4 1
667	7 6 5 10
668	9 8 5 6
669	8 10 4 5
670	9 1 2 8
671	1 8 2 4
672	4 7 2 5
673	10 9 4 8
674	2 8 10 7
675	7 9 2 1
676	9 6 1 10
677	8 5 10 7
678	1 10 3 8
679	7 5 6 10
680	6 5 1 9
681	1 5 10 9
682	5 1 4 7
683	7 9 2 1
684	2 5 10 9
685	4 8 9 1
686	8 4 1 10
687	7 9 1 3
688	2 8 7 4
689	4 1 8 7
690	4 6 8 1
691	4 7 2 9
692	8 6 9 1
693	7 8 6 1
694	1 10 8 3
695	4 3 8 10
696	7 10 4 3
697	3 7 2 6
698	4 10 1 7
699	8 1 9 4
700	4 10 2 6
701	8 10 1 5
702	4 2 6 1
703	10 8 3 7
704	2 10 9 5
705	7 5 8 3
706	6 8 3 4
707	6 9 8 4
708	6 7 9 4
709	5 4 8 7
710	6 9 1 2
711	4 10 7 1
712	8 7 5 6
713	6 4 7 2
714	1 4 3 5
715	9 5 3 1
716	3 1 7 2
717	5 8 7 9
718	3 5 1 4
719	9 8 4 2
720	3 5 1 8
721	1 6 9 2
722	8 4 3 2
723	1 5 6 9
724	4 1 9 6
725	3 8 6 5
726	2 9 10 1
727	3 2 7 6
728	3 4 10 1
729	1 5 9 4
730	1 3 6 7
731	3 9 7 10
732	10 9 2 3
733	6 2 4 5
734	2 3 7 8
735	8 1 3 10
736	5 8 3 6
737	3 4 8 7
738	9 3 1 10
739	3 7 6 4
740	10 6 3 9
741	2 5 3 9
742	4 5 8 10
743	4 9 3 8
744	6 2 9 7
745	1 3 7 2
746	10 4 1 5
747	8 1 4 7
748	10 4 3 6
749	8 2 7 4
750	6 9 2 8
751	3 2 10 5
752	3 2 5 8
753	7 4 2 3
754	2 8 7 5
755	1 5 10 2
756	2 3 5 10
757	6 2 10 7
758	2 3 4 1
759	8 4 1 3
760	4 10 5 3
761	3 1 4 6
762	1 4 2 8
763	1 2 6 9
764	3 4 8 7
765	9 1 4 7
766	9 8 5 10
767	4 10 3 8
768	4 10 8 9
769	1 3 8 7
770	7 5 1 9
771	1 3 9 6
772	2 8 10 4
773	2 8 1 10
774	6 3 7 5
775	8 3 9 2
776	4 5 8 3
777	9 3 1 10
778	6 9 10 4
779	5 6 9 4
780	8 9 10 3
781	2 7 1 4
782	5 6 3 4
783	2 10 1 8
784	8 2 5 10
785	9 8 3 5
786	3 1 7 6
787	1 3 9 7
788	7 5 9 3
789	4 1 9 3
790	6 2 5 4
791	2 5 4 7
792	7 2 9 10
793	9 1 8 5
794	5 4 8 10
795	6 5 1 2
796	10 5 1 9
797	5 1 4 3
798	1 10 8 5
799	9 7 1 5
800	3 4 6 7
801	2 8 6 5
802	6 1 9 4
803	2 1 6 3
804	10 1 8 6
805	9 6 7 1
806	2 10 6 7
807	4 1 7 3
808	7 8 4 2
809	2 6 7 4
810	2 3 8 9
811	1 9 4 8
812	3 1 8 9
813	9 6 7 3
814	6 5 7 10
815	1 10 4 6
816	4 3 2 6
817	7 4 10 1
818	9 6 7 1
819	2 7 1 8
820	7 4 2 1
821	10 4 8 2
822	7 5 10 6
823	3 1 2 6
824	7 10 5 3
825	6 3 9 5
826	6 8 2 9
827	4 5 3 2
828	7 6 4 9
829	6 3 9 10
830	2 7 3 10
831	7 2 6 5
832	2 4 8 10
833	4 5 3 8
834	7 6 1 5
835	1 10 8 7
836	2 1 3 8
837	2 7 1 3
838	3 7 2 1
839	3 5 6 10
840	6 2 8 10
841	4 5 8 9
842	7 1 10 4
843	3 9 6 7
844	2 9 7 4
845	4 6 5 3
846	7 9 4 6
847	6 5 9 10
848	9 2 10 3
849	9 6 8 1
850	10 3 2 7
851	1 3 5 8
852	8 5 4 1
853	7 4 10 2
854	7 10 3 9
855	10 4 5 3
856	10 7 5 1
857	8 2 3 10
858	10 4 2 5
859	6 9 2 7
860	1 5 3 2
861	9 8 3 7
862	4 8 2 6
863	2 7 9 4
864	10 1 4 7
865	10 8 7 2
866	7 9 5 2
867	4 7 10 9
868	6 7 2 3
869	1 9 2 5
870	4 2 1 8
871	6 8 9 10
872	8 2 6 7
873	3 10 8 1
874	3 10 2 5
875	6 2 5 8
876	6 7 9 10
877	3 1 4 10
878	4 6 9 1
879	5 8 4 7
880	6 10 4 1
881	1 4 9 3
882	5 8 7 3
883	4 10 6 9
884	6 2 7 10
885	5 3 10 2
886	1 5 3 7
887	8 3 4 5
888	3 10 2 4
889	1 3 10 7
890	8 7 6 9
891	2 6 7 8
892	2 5 7 10
893	8 10 5 3
894	3 1 4 5
895	3 4 8 2
896	6 4 10 1
897	6 7 4 9
898	5 6 4 3
899	5 9 8 7
900	8 6 5 4
901	8 2 3 4
902	7 5 9 8
903	3 2 4 8
904	4 10 8 3
905	8 5 4 9
906	7 4 8 10
907	6 4 2 8
908	3 9 1 8
909	5 2 9 7
910	5 2 9 3
911	3 5 4 2
912	3 2 7 8
913	2 6 5 10
914	8 5 3 1
915	3 9 5 8
916	8 4 3 10
917	1 7 3 9
918	5 7 2 4
919	5 1 3 6
920	4 8 5 2
921	5 8 4 2
922	10 7 9 4
923	5 1 4 10
924	1 3 9 5
925	10 3 2 1
926	9 5 6 1
927	8 2 7 3
928	7 6 1 4
929	9 3 5 2
930	5 3 6 2
931	9 10 2 8
932	6 8 7 9
933	4 5 9 6
934	10 5 3 6
935	2 3 9 6
936	6 8 5 2
937	5 8 6 10
938	3 2 5 4
939	6 3 2 10
940	1 5 6 10
941	6 3 10 1
942	5 9 2 4
943	3 7 8 9
944	9 8 4 5
945	7 10 5 4
946	6 7 1 5
947	2 8 6 3
948	7 1 8 5
949	6 1 3 2
950	3 8 2 9
951	4 1 7 5
952	8 9 10 5
953	9 1 7 4
954	4 3 10 7
955	1 9 3 6
956	3 1 2 8
957	10 2 6 8
958	5 10 7 2
959	6 8 4 7
960	2 10 9 1
961	10 9 7 2
962	6 9 3 5
963	4 3 8 10
964	3 1 8 9
965	9 4 1 8
966	7 6 5 3
967	8 2 5 6
968	5 10 3 9
969	4 3 8 5
970	2 8 3 10
971	2 5 4 3
972	6 5 9 4
973	8 4 9 7
974	10 7 9 1
975	2 3 9 8
976	3 2 8 9
977	3 9 4 7
978	6 4 5 1
979	10 1 9 8
980	7 5 8 9
981	6 2 3 5
982	8 7 5 2
983	4 8 6 1
984	2 1 7 8
985	2 4 3 5
986	5 7 10 4
987	1 9 10 8
988	4 8 10 1
989	4 7 1 6
990	5 8 4 3
991	9 2 8 5
992	7 1 5 3
993	7 4 10 8
994	8 4 7 3
995	7 3 9 5
996	3 10 9 4
997	7 10 5 9
998	6 8 7 3
999	4 2 10 6
1000	6 8 7 10
