Course	Room	Teacher	Time	Students
001837	2 / 4 / 24	PK126	3452118	1	3539996 3576379 
002161	44 / 89 / 44	PK179	3926209	2	3539996 3576379 3799593 3822778 3823307 3854723 3858042 3869959 3890005 3902911 3906818 3929235 3964186 3989696 4093315 4095083 4170299 3789493 3845742 3911054 3913863 4000366 4041708 3931666 4015108 4278502 3902905 3928589 4002094 4280706 3915040 4086277 4174206 3816108 3823391 3899772 3902196 3930817 3907037 3913671 4003188 4014851 4095071 3910848 
006847	44 / 44 / 59	PK243	0031347	3	3539996 3576379 3560236 3695145 3712888 3817487 3852791 3854723 3861195 3883991 3914344 3921208 3929222 3929812 3930302 3964186 4095301 3819393 3910738 3911054 3796247 3910617 3833378 3902905 3774808 3817969 4002075 4086222 3789529 3885128 4174206 3816104 3821632 4086241 3844962 4086415 3823094 3995730 4086377 4096177 3914552 3910702 3910704 4086364 
007007	26 / 29 / 29	DAL300	0028980	1	4096749 3951018 4031284 4096251 4176818 4280500 4280591 4282099 3818746 4088956 4152983 4175407 3904251 3820858 3905623 4276714 4181991 4278734 4372390 4007305 4038907 4180395 4277162 4278454 4279260 3768339 
010725	9 / 23 / 9	DAL212E	3092941	2	4096749 3561430 3759552 3790792 3796148 3957394 3676165 3816860 3817969 
003007	9 / 22 / 9	DAL212E	3473854	3	3464954 3908117 4043543 4280658 4282099 4175389 4280913 3796906 3851913 
010944	9 / 11 / 9	DAL212E	3083296	4	3464954 3630501 3730202 3759552 3771823 3908117 3913138 3616206 3975519 
007396	31 / 31 / 40	TAYF	0162977	4	3483059 3592680 3692316 3693185 3722992 3767997 3796148 3796723 3930547 4092928 3816992 3863747 4087169 4096261 3816970 3902905 3910343 4037708 3691616 3931959 4280157 3409210 3816104 3846234 3821088 3910720 3728679 3821766 3789136 4372030 3903986 
007398	16 / 16 / 40	TAYF	0851717	5	3483059 3610681 3717137 3722992 3759127 3904965 4094813 3818746 3630474 3797168 3816970 3931323 3914814 3930469 3929704 4086371 
004889	18 / 18 / 28	TH104	0321808	5	3486653 3710476 3717144 3790825 3816180 3819585 3820900 3609410 3816860 3820380 3821886 3910713 3821180 3910609 3579361 3910630 3820958 3910686 
001899	11 / 11 / 24	PK126	3899727	6	3521001 3611135 3712888 3764208 3768625 3816722 3820732 3796247 3819332 3788897 3930864 
013193	20 / 20 / 24	PK126	0898918	7	3521001 3710991 3712888 3764208 3858042 3861195 3914344 3708949 3818762 3819393 3863747 3918056 3796247 3821069 3833378 3715444 3914502 3821166 3913671 3843290 
003275	16 / 16 / 40	TAYF	0695890	6	3561430 3796964 3819628 3851838 3814296 4091163 3855583 3910515 3910650 4002204 3820970 3901254 3930891 4175287 4073784 4175463 
001249	5 / 23 / 5	DAL315	0254151	7	3581265 3611048 3630526 3651465 3704166 
004306	8 / 8 / 19	PK100	3646542	8	3583596 3675467 3816993 3579645 3684090 3821269 3910595 3910605 
007407	34 / 35 / 40	TAYF	0031631	8	3592680 3651750 3667385 3693185 3724014 3767997 3796007 3796723 3819645 3931688 3789573 3816992 3817260 3818746 3818762 3820479 3630474 3816970 3774943 3768356 3774116 3931323 3689328 3691616 3817682 3931959 3722764 3712913 3711406 3797192 3816336 3910712 3467384 3789136 
016952	34 / 34 / 40	TAYF	4177943	9	3611048 3816463 3820587 3823262 3829442 4000195 4001881 4003131 3823473 4093282 4170444 4275968 3823151 4175344 4175360 3668130 3797206 3973360 4262071 4129521 3687862 3773692 4170423 3818675 3816708 3928966 3988502 4280526 3678357 3910648 3708638 4175546 3610382 3910493 
001766	11 / 11 / 12	TH102	4360396	9	3615055 3781152 3991180 3901484 4002075 4096266 4175338 3997576 4175395 4278720 3652959 
002653	7 / 9 / 9	DAL212E	1167978	10	3615055 3969214 4138433 3920306 4372390 4040430 4148348 
015113	25 / 31 / 40	TAYF	0820103	10	3630501 3652353 3693501 3796148 3814239 3832060 3834985 3915267 3929235 4096251 3817260 3819367 3668130 3821088 3722926 3759872 3821571 3910673 3915088 3910661 3910670 3910588 4277915 3910604 4086351 
005295	8 / 9 / 45	TH224	4392595	11	3630526 3651486 3902759 3847931 3910321 3910526 3790492 3843290 
017117	10 / 10 / 45	TH224	0826176	12	3651486 3667654 3690799 3903909 3976786 3823755 3902404 3576990 3830308 3815902 
007375	37 / 45 / 40	TAYF	0820103	11	3611135 3652353 3819645 3834985 3929222 4001881 4090844 4091895 4095133 4175373 4280591 3818807 3929894 3630474 3788919 3818480 3930763 4165491 3901790 3904411 4280913 4075429 3610287 3789529 3785953 4095472 3910680 4092144 4181151 4096186 4164263 4175355 4277782 3910712 3929704 3817379 3821034 
013627	24 / 24 / 24	PK126	3459335	12	3652353 3693712 3695145 3725997 3790244 3799593 3818024 3820732 3823307 3906818 3929849 3930302 3808480 3818807 3845742 3930544 3694712 4096913 3785953 3915040 3680751 3930817 3907037 3995730 
016878	2 / 3 / 45	TH224	3443571	13	4095053 3913185 
016984	9 / 24 / 9	DAL212E	1024995	14	3667654 3762625 3903909 4005905 4026411 4092767 3585962 3820038 4127014 
016609	39 / 40 / 40	TAYF	4273392	13	3677885 3705083 3717137 3796007 3852791 3987067 4279708 3818746 3930831 3797168 3910570 4095224 3910594 3689328 3789529 3910555 3910592 3910642 3910672 4095472 3651348 3819613 3910492 3910507 3910576 4086309 3797192 3816336 3910470 3984532 3910674 3910722 3905868 4175546 4086398 4086496 3923473 4175465 3910506 
006043	19 / 36 / 19	PK336	0207327	14	3690799 3817507 3820963 3833424 3861339 3887957 3903994 3909951 3914754 3929679 4092290 4095001 4095047 3788990 3930296 4093607 4093989 3816486 3910487 
006026	19 / 81 / 19	PK336	0972342	16	3652353 3691794 3695145 3725997 3790792 3823307 3852207 3906818 3930162 3930302 4000367 4000795 4003131 4034558 4095243 4140278 4150774 4175373 4176818 
007368	40 / 53 / 40	TAYF	4354081	15	3691794 3905822 3910185 3941346 3950836 4000812 4059195 4093409 4132153 4180325 4193293 4236548 4278485 4280365 4280465 4280500 4280648 4281029 3819393 3821044 3910427 3942061 4093370 4093748 3821069 3875914 4134616 4278502 4140702 4162177 4277527 4279995 3884178 4138433 4003045 4169561 4055257 4133513 4175888 3931449 
011295	22 / 23 / 24	PK126	4170297	17	3691794 3910185 3915099 4095301 3808480 4086279 4175480 3788897 3930544 3817969 3913164 3822218 4086216 4086249 4093475 3699567 4086477 3823402 3910647 4002909 3910481 3910584 
003460	9 / 18 / 9	DAL212E	3393009	15	3464954 3692164 4095807 4174840 4229863 4278350 3941070 4174392 3902404 
003485	9 / 10 / 9	DAL212E	0024092	16	3692164 4096175 3227350 3931158 3871577 4040430 4093471 3934960 4175381 
010965	9 / 17 / 9	DAL212E	0897706	17	3692164 3759552 3820992 3913159 3929222 3788919 3805981 3819309 3930303 
013286	9 / 12 / 9	DAL212E	3318436	18	3692164 3797324 3818770 3824908 3960504 4000367 4003485 4174840 3902404 
001164	5 / 21 / 5	DAL315	4092864	18	3651465 3851827 3932089 4012510 4086279 
017116	12 / 12 / 40	TAYF	0851717	19	3692316 3915155 3987067 4091895 4094813 4096261 4037708 4095224 4092251 4043326 4043549 3851846 
004016	18 / 18 / 28	TH104	3460456	19	3692536 3921659 4092675 4095807 4095897 4125799 4174768 4097018 4001662 3969108 4001717 4256760 4094498 3458065 4280706 3965315 4143065 4175962 
006049	10 / 10 / 19	PK336	0972342	20	3692862 3817507 3820032 3821077 3928890 3929679 3903896 3930296 3910530 4281910 
006060	16 / 16 / 19	PK336	0409737	21	3692862 3820032 3820963 3820038 3821393 3653200 3816486 3910487 3796906 3821643 3769368 3715155 3817637 3910695 3820971 3667464 
005734	4 / 4 / 28	TH104	4362771	20	3693501 3797532 4093066 4181036 
007128	17 / 17 / 29	DAL300	3198619	21	3693501 4096251 3585962 3650225 3768620 3820395 3687862 3665300 3589576 3609553 3816708 3910753 3655428 3821571 4090714 3821034 3099420 
011321	9 / 10 / 29	DAL300	0028980	22	3693712 3929472 3930614 4091163 3816181 3821552 3974661 4000420 4086350 
016862	1 / 3 / 28	TH104	4168993	22	4092670 
001765	11 / 11 / 12	TH102	3927849	24	3699561 4159999 4279708 3819367 3852806 4243051 4086399 4176082 3822731 3971828 3910614 
008801	7 / 9 / 12	TH102	3996107	23	3699561 4175509 3969012 4014851 4164263 3996082 3913815 
001474	4 / 6 / 28	TH104	0020093	23	3704166 3796732 3819367 3768972 
015114	40 / 55 / 40	TAYF	0820103	24	3611135 3704166 3790244 3820587 3834985 3839352 3914515 3929235 3929739 3930865 3953825 4090975 4091784 4091895 4094813 4095133 4280078 3817260 3929894 3930831 4096983 4093255 4277251 3821059 3904411 3910347 3910644 4096913 3905189 3969305 4175500 3819613 4000336 4175509 4181151 3883637 3910502 4023528 4043326 4043549 
002571	31 / 31 / 65	PK338	0564741	25	3710476 3792350 3881597 3904645 3797331 3820038 3820729 3973885 3848415 3820378 3929468 4091996 4093611 3847728 4002113 4086430 3910514 3994843 4086378 3678357 3790857 3819143 3821554 3848104 3910715 4086345 4095234 4175523 3708638 4086322 4086346 
004885	7 / 7 / 58	TH110	0672202	26	3486653 3710476 3790825 3929575 3693840 3820970 3930767 
017118	28 / 29 / 45	TH224	4170165	25	3717137 3829442 3931836 4000812 4278573 4280500 3941070 3902404 4088956 3576990 4262071 4044087 3798513 4010147 4090730 3910725 4086443 3789283 3931970 3932941 3984532 4003534 3910766 3811941 3871572 4244933 4086280 3910848 
005741	9 / 9 / 28	TH104	4362771	26	3717144 3932089 3910617 3910650 3914676 4086443 3690789 3839910 3819542 
004010	28 / 29 / 28	TH104	4089710	27	3722992 3818770 3834985 3860357 3904324 3935260 3951018 4093015 4170471 4282115 4096983 4280849 4152983 3610287 4170423 4086277 4096266 4254672 3819269 3901731 3931881 4277523 4193252 4280941 4372021 3910609 3929704 3915042 
006542	3 / 5 / 9	DAL212E	0138190	27	4281163 4093324 4086253 
001152	5 / 69 / 5	DAL315	4354559	29	4096749 3851827 3902911 3921659 3932089 
015869	8 / 8 / 40	TAYF	0701976	28	3759127 3953825 4092928 4095133 4093255 3901790 3914814 4095472 
006539	9 / 25 / 9	DAL212E	3083296	30	3759127 3759552 3839352 3846717 3876667 3953825 4127521 4280622 3819353 
003441	9 / 19 / 9	DAL212E	0897706	28	3762625 3817981 3929635 4043840 4280465 4280907 4095302 3914745 3904251 
003541	4 / 5 / 9	DAL212E	0599596	29	3930721 3797192 3915038 3930220 
004023	12 / 12 / 28	TH104	0854975	30	3762625 4090845 4002846 4096899 3878563 4175365 4279260 3908683 4095985 4175524 4176721 4086492 
004036	12 / 13 / 40	TAYF	3646540	31	3762625 3817507 3913210 3769494 3914354 4175446 3871577 4279260 4176465 3931001 4175362 4175329 
004066	16 / 17 / 28	TH104	1167978	31	3768625 3797324 3818025 3908300 3768034 3818029 3823311 3905715 3699613 3796254 3879197 3910517 3584557 3694668 3910527 3910531 
005263	14 / 14 / 45	TH224	0493855	32	3690799 3771823 3781152 3930197 3816832 3823387 4086417 3931453 3798513 3928941 3969305 3768972 4175312 3915042 
003465	8 / 8 / 9	DAL212E	0599596	32	3788743 4270406 3929651 3930731 4175535 3816483 4467145 3819380 
006504	9 / 41 / 9	DAL212E	3083296	33	3724014 3788743 3937160 4003168 4090749 4129668 4233573 4236548 4277951 
014099	24 / 30 / 24	PK126	0409956	34	3692316 3725997 3771823 3788743 3822778 3846717 3921208 3929849 3818807 3911054 3833378 3694712 3913768 4075429 3929586 3910583 3930817 3968696 3904320 3907037 3913671 4014851 4086447 3913807 
005228	8 / 8 / 45	TH224	3448653	33	3790244 3915099 3930197 3758045 4037591 3703427 4014851 3823271 
001185	5 / 11 / 5	DAL315	3646542	35	3583596 3790306 4044003 4086413 4278351 
016886	9 / 12 / 9	DAL212E	0058557	34	3790306 4090841 4093315 4150362 3929237 4091767 4175440 3769368 3844962 
015416	16 / 16 / 28	TH104	3194197	35	3790792 3903833 3913138 3676165 3819546 3714653 3846234 4086323 3715174 3910626 4040430 4086409 4086436 4086437 4174897 3914906 
015243	14 / 14 / 40	TAYF	0031631	36	3483059 3667385 3796964 3913396 3914515 3915155 3929894 3797168 3821008 3910343 4095224 3661465 3822995 3905868 
003454	9 / 32 / 9	DAL212E	3092941	36	3797324 3816997 3817981 3818770 3883991 3929289 3957394 3960504 4000195 
016852	22 / 23 / 45	TH224	3479968	37	3797532 3913437 3976786 4174840 3880322 3668130 3789315 3910713 4090814 3830308 3910649 3612203 4086501 3703938 4143476 3906250 3910745 4086294 3910567 3775417 3903520 3796974 
015135	17 / 22 / 24	PK126	3899727	38	3560236 3915711 3930547 3989696 4001588 4095897 4001999 4115871 4091996 4002075 4094796 4096262 3821097 4174617 3816108 4093806 4092159 
004874	5 / 6 / 28	TH104	3436165	37	3814239 3827187 4092823 3888468 3910684 
017106	27 / 28 / 28	TH104	3436165	38	3651750 3814239 3816174 3818805 3823338 4090975 4091895 4095243 4233573 3768356 3817682 3910937 3973119 3887480 4175478 4092144 4277607 3903861 3910609 3910464 3579361 3823228 3857764 3901722 4278491 3930864 3913815 
002564	14 / 16 / 65	PK338	0564741	39	3816174 3932943 4001588 4089004 4093970 4180325 4277909 4093282 4371955 4091782 3974846 3994733 3995802 4086215 
005154	22 / 23 / 45	TH224	1020104	39	3816180 3902911 3910179 3929800 4174957 3902759 3930614 3889653 3904411 3768025 4002094 4091785 3851913 3930070 3928941 4074784 4093119 4175368 4086083 3818782 3817261 3930220 
009299	4 / 4 / 28	TH104	0321808	40	3816180 3712286 4268891 3821180 
011962	18 / 19 / 40	TAYF	0492451	40	3816463 3824908 4094613 4175284 3903092 4175281 3914745 3931453 3774021 3910548 4086473 3894333 4086317 4086244 4093186 3788983 3904334 4086379 
015860	7 / 8 / 40	TAYF	0125630	41	3817487 4092004 3903092 3820858 3915044 4090730 4467145 
004290	12 / 13 / 19	PK100	3646542	41	3816993 3910870 3684090 3768197 3579867 3823391 3910498 3789439 3914251 3929864 3759092 3823094 
003421	9 / 10 / 9	DAL212E	0024092	43	3816997 4003839 4193260 4280653 4037591 3910564 4174660 4143065 4175286 
008423	25 / 26 / 40	TAYF	4177943	42	3816997 3901669 3932943 3953825 4090844 4127367 4155489 4180325 4193293 4278485 4280653 3915243 4174957 3888468 3699613 3997010 4130250 4358230 3902614 3929810 4174660 4278734 3817419 3820768 3818771 
001771	9 / 9 / 12	TH102	1061058	42	3817981 4282008 3856450 3847931 3910564 3769494 3819304 3995227 4086314 
004304	6 / 7 / 17	TAYSEM	3448653	43	3790244 3816722 3818024 3716057 3768025 3589576 
012818	9 / 10 / 45	TH224	3448653	44	3818024 3910870 4175295 4175408 4003130 3913164 3822218 4175371 4278990 
001845	24 / 25 / 24	PK126	3646542	47	3818025 3822778 3931946 3970633 3994652 4095301 4095424 3818762 4001999 4115871 3928589 3822201 4003434 4174617 3901731 3968696 4093066 4134408 4007305 4175330 3914552 4091072 4093853 4086287 
002412	14 / 17 / 40	TAYF	0031373	44	3818805 3931946 4277616 3821008 3914498 3969108 4093959 3929651 4091936 4175377 4095206 4371973 3816203 4001654 
016926	48 / 59 / 59	PK243	4172051	45	3781152 3850568 3893220 3929575 3937982 4000998 4070957 4091672 4096738 4232308 4278366 4282999 4280607 3852217 4000249 3817087 4279329 3910321 3929165 4170477 3905623 4152767 3910645 3988063 4072230 4094965 4096358 4263456 3790928 3819372 3843810 3910765 3999899 4093165 4175358 3995719 3693891 4000420 4276031 4279035 3820958 4096769 3817379 4087228 4175458 3821589 3792443 4095445 
012665	3 / 4 / 9	DAL212E	3332662	45	3819177 3819598 3915267 
006500	9 / 29 / 9	DAL212E	0031399	46	3819230 3928890 3930674 4043840 4092928 4174231 4180447 4180508 4275431 
004838	28 / 28 / 28	TH104	0031373	48	3651750 3819585 3823338 3827187 4092675 4092823 4180435 4280375 4280697 4281005 3942061 3816860 3888468 4281294 3910649 4095472 4139961 4280947 3712913 3902196 3928949 3929864 4176086 3820037 4280642 3796926 3821195 4371932 
014140	10 / 11 / 40	TAYF	0031336	46	3819628 4078277 4270406 4091163 4175888 4358230 4279855 4281391 4086337 4093161 
012355	4 / 4 / 28	GOB	4089714	47	3819645 4280475 3910741 4278991 
003014	9 / 33 / 9	DAL212E	3332662	48	3908117 3913606 3921659 4014292 4023438 4090806 4091672 4091784 4092833 
003029	9 / 19 / 9	DAL212E	4354612	49	3819177 3819598 3820032 3914754 3930034 4086240 3653200 4086281 3851913 
002464	5 / 5 / 40	TAYF	4354604	49	3821048 3852520 3929800 3930683 3910563 
007403	17 / 17 / 40	TAYF	0031611	50	3822778 3929235 3910721 3911054 3833378 3910347 3610287 3796237 3722764 3910501 3910555 3910492 3816336 3907037 3913671 4175290 3910848 
006538	9 / 19 / 9	DAL212E	4092861	50	3823092 3876667 3903994 3914515 4280525 4175394 3816963 3931962 4161057 
015248	6 / 6 / 6	TH129	4172060	51	3823192 3832060 3929575 3852217 4175478 4086270 
008420	32 / 32 / 40	TAYF	4177943	51	3819230 3823262 3930865 3970633 4003199 4005905 4096206 4164342 4231518 4280648 4002846 4094815 4096983 3875914 3931962 4140702 3930614 4169489 4091439 4093475 3822148 3901936 3929810 4170524 4181991 3851736 4074784 4096186 4278454 3953233 3914696 3759024 
015016	18 / 18 / 45	TH224	3764403	52	3824908 4129668 3816992 3910618 4000862 4002113 3975962 4278034 4280721 4002204 4002909 4023528 4143065 4180395 4181243 4003319 4279035 3559872 
015500	23 / 23 / 40	TAYF	0695890	53	3824908 4090841 4094613 4175373 4000483 3929237 3931453 3768356 4277525 3715155 3855583 3910576 3910656 3988063 4086317 4086424 4175523 4175551 3768339 4003415 4175531 4086379 4086254 
017105	7 / 7 / 28	TH104	3436165	52	3827187 4092823 4001662 3816860 3910684 4093165 3910630 
016985	9 / 11 / 9	DAL212E	1024995	54	3829442 3929635 4003485 3773692 3818675 4170477 3930721 3790928 3930190 
001424	19 / 20 / 28	TH104	0020093	53	3915054 4193293 4277616 4278383 4023381 4175357 4256760 4371940 4055257 4152351 4281886 4086501 4280182 3922150 3932941 4175482 3914552 3930260 4371026 
001444	15 / 15 / 28	TH104	0853792	54	3592680 3832060 3994876 4176818 4093370 4276784 3930042 3920668 3904102 3661465 4263456 3910673 4158080 3930260 3819433 
001457	3 / 3 / 28	TH104	0901151	55	3832060 3758075 3768972 
008495	1 / 2 / 40	TAYF	0316015	55	3833424 
017126	6 / 6 / 40	TAYF	4354081	57	3767997 3834985 3852791 3931202 3931688 3931959 
001774	6 / 12 / 12	TH102	3474420	56	3839352 3913396 4096914 3910643 4175383 4086246 
016844	17 / 17 / 28	TH104	0031572	58	3839352 3903833 4023438 4278366 3788990 3821269 3930070 3915044 4095930 4175470 4093324 4086083 4175405 4175331 3788983 3913815 4086445 
006565	9 / 12 / 9	DAL212E	0031399	60	3910179 3816963 3768620 3458065 3975519 3914371 3848104 4043790 3929102 
005723	11 / 19 / 28	TH104	4170914	56	4158492 4174272 4180435 4276333 4003389 3975962 4280050 4001712 4175388 4280642 4175309 
006041	13 / 13 / 19	PK336	3818520	57	3817507 3833424 3850568 3915267 3928890 4092771 4093607 4175453 3936964 3917445 4280948 4087228 3690361 
006045	19 / 19 / 19	PK336	0031526	58	3850568 3887957 4092290 4092833 3821958 3973885 4091806 4091936 4095080 3691783 3796906 3922542 4017901 4092769 3930301 4095086 4093423 4095234 3667464 
007878	7 / 10 / 13	RCCON	0031386	59	3851827 4094832 4127367 4174480 4372037 4372208 4371973 
002164	10 / 10 / 44	PK179	0180723	59	3852207 3929812 3929815 3994876 4097018 3915029 3930678 3799474 3902440 3929954 
011827	11 / 11 / 44	PK179	4090501	60	3852207 3861339 3915054 3929812 3929815 4097018 3915029 3930678 3799474 3902440 3929954 
014569	24 / 152 / 24	PK126	0409956	61	3852207 3915155 3931946 3937160 3994652 4090749 4093315 4093409 4093612 4129668 4151426 4155489 4158492 4164342 4229863 4231518 4252142 4278465 4279708 4281868 3941070 4041708 4127014 4150362 
014969	6 / 7 / 40	TAYF	3448653	61	3852520 3821162 3930118 3821254 3929651 3821004 
001871	3 / 3 / 19	PK259	4090501	62	3854723 3789493 3774808 
011190	12 / 13 / 24	PK126	4354090	62	3860357 3902911 3910185 3913863 3902439 3930253 3930841 3821254 4091785 4086477 3694668 3915088 
002368	40 / 58 / 40	TAYF	0697660	63	3861339 3905822 3915267 3937982 4000795 4091784 4140259 4176023 4176818 4236548 4258417 4278366 4278394 4278528 4278618 4281628 4282115 4044003 4170444 4175303 4086315 4175344 4175408 4094012 4140702 3930485 4003130 4372052 3995827 4174366 4243051 4372200 4279920 4372210 4181151 4280946 4371959 4371991 3756293 3913781 
008769	14 / 16 / 28	TH104	3996107	63	3876667 4034558 4093409 4140278 4174908 3823473 4275968 4270406 4153409 4175540 3822731 4086269 3881459 4371943 
002562	48 / 49 / 65	PK338	1168490	64	3879518 3929679 3934527 4095047 4151626 4176781 4231518 4277274 4278447 4278489 4281005 4230476 3913185 3821687 4095302 4276784 4280849 4281163 4281294 3956631 3914928 4371930 3818773 4091877 3797868 3905871 3910672 4280721 4281093 3902196 3935616 4000418 4086375 3799529 3901004 3910516 3930052 4096964 4280703 4280941 4175290 4175374 4281391 3910623 3910702 4175401 3910691 4086635 
006031	19 / 79 / 19	PK336	3839982	65	3881597 3909951 3931686 3987067 4003168 4043543 4093159 4093970 4127521 4140259 4151626 4170299 4174768 4175300 4232308 4277951 4278383 4278447 4278489 
016846	9 / 18 / 9	DAL212E	3318436	64	3818770 3881597 3935260 3957394 4095309 4276023 4175394 4174889 3789070 
002153	44 / 156 / 44	PK179	0428815	66	3816993 3904324 3915099 3915155 3915711 3931946 3937160 3970633 3994652 4001588 4003168 4090749 4093612 4095424 4095897 4096706 4132153 4155489 4193260 4229863 4279649 4280648 4280907 4175771 4001999 4174837 4174889 4280140 4281892 3579867 4075429 4094796 4091785 4096262 4157786 4180434 4174617 3901731 3936726 4278034 4280947 3584557 3789439 3968696 
012107	23 / 24 / 40	TAYF	0031619	65	3816997 3883991 3910179 4078277 4091443 4087169 3797266 3992528 3931453 3817087 4175888 3910583 3965315 3799529 3817419 3820768 4074784 4095876 3821766 3905868 4001431 4467145 3915042 
008770	22 / 22 / 28	TH104	0899465	67	4096749 3887957 3931836 3948045 4011555 4094613 4095424 4193260 4231518 3821069 3875914 4260945 4093416 4133513 4180434 3793612 4175521 4181143 3913781 4468375 4086227 4280030 
013613	9 / 44 / 9	DAL212E	0492580	66	3890005 3903833 3909951 3913606 3928826 3964183 4003131 4091672 4092801 
005161	4 / 4 / 45	TH224	0031582	67	3893220 4094815 3928949 3903520 
016885	3 / 3 / 9	DAL212E	3479968	68	3893220 4000366 3930763 
017127	14 / 14 / 45	TH224	1020104	69	3893220 4000812 4180508 4278521 4256760 4279995 4091718 4003177 4165473 3923376 4003188 4153748 3817962 3690361 
013185	10 / 11 / 40	TAYF	3420576	68	3823262 3901669 3930865 4090844 3814296 3820858 3915044 3930721 3902614 3652339 
011859	9 / 15 / 9	DAL212E	3332662	69	3903833 3909951 3914754 3930034 3930054 3823278 3910695 3914354 3671929 
001242	2 / 3 / 5	DAL315	4354604	1	3903909 3813457 
013184	7 / 8 / 9	DAL212E	3198619	1	3860357 3903994 3914515 4175303 4090814 4002204 4176086 
002397	30 / 32 / 40	TAYF	0493725	1	3820397 3905822 3908300 4011555 4176023 4176079 4094815 3914498 3930118 3930137 4094012 4094175 3665300 3816549 3910937 3995827 3793612 3821632 3915028 3930890 4037411 4045331 4175371 4175400 3756293 3821273 4086474 4175374 3910691 3910636 
011237	5 / 9 / 24	DAL25	4354084	1	3910179 3820395 3914676 4086436 3913807 
001750	6 / 17 / 6	GOCOM	4196252	1	3690799 3910497 3913159 4000367 3910622 3684090 
002992	45 / 50 / 45	TH224	4358918	1	3913138 3927400 3929739 4000795 4062513 4070957 4090845 4092004 4092290 4258417 4277274 4280365 4280475 4282115 3821958 3942061 4127014 4230476 4280607 4276195 4278502 4092173 4276784 4003130 4003163 4095703 4260945 3814296 4000253 4095088 4175322 4280706 4091877 3674492 4371956 4092335 4165473 3817419 3937404 4081695 4176668 4371027 4372224 4001712 4077315 
007923	5 / 7 / 13	RCCON	3435819	1	3913786 3711797 3796254 3884178 4175383 
015010	2 / 6 / 9	TH118	0431946	1	4086413 3905830 
016614	11 / 12 / 28	TH104	4170946	1	3486653 3651486 3790825 3816180 3914820 4092767 3609410 3820380 3821571 3910686 3930767 
002163	8 / 10 / 44	PK179	0168378	1	3915054 3929815 4097018 3915029 3930678 4086391 3902440 3929954 
014114	7 / 12 / 14	DAL6	0827051	1	3915711 4090806 4278573 4175510 3897515 3858245 4175528 
008764	12 / 42 / 12	TH102	4362871	1	3890005 3931971 3970633 4003485 4026411 4078277 4091784 4093159 4095047 4180325 4181049 4278489 
017120	19 / 45 / 19	DAL212A	0806046	1	3852791 3914344 4002914 4091443 4093409 4095965 4096206 4096706 4164342 3708949 3768515 3819353 3908314 4181152 3953819 3797266 3992528 4003045 4278355 
004360	2 / 2 / 29	TAYD	0847593	1	3928826 4062047 
010851	19 / 30 / 19	PK336	0207327	1	3820963 3821077 3928890 3929979 3991180 3820038 3821044 3788990 3818480 3930296 4091936 4093611 3930168 4095080 3716140 3910649 3774021 3821643 4017901 
007882	3 / 3 / 13	RCCON	3435819	2	3929289 3994876 4175475 
004809	6 / 9 / 58	TH110	3194193	1	3929575 4278829 4281294 4035604 3935616 4175859 
009386	7 / 9 / 59	PK243	4354080	1	3910185 3929635 4282008 3771747 3928941 3818274 4000336 
014180	3 / 5 / 18	EHLEC	0599596	1	3904411 4091718 3691228 
007113	8 / 10 / 17	TAYSEM	0316015	1	3913606 3929289 3585962 3821687 3930614 4090714 3910582 3817261 
015855	11 / 21 / 11	DAL10	3927894	1	4003199 4091899 4093970 4280658 3994726 3823278 3817427 3687862 4091782 4086404 4086480 
003019	22 / 24 / 55	CARP21	4354612	1	3931686 4043543 4089004 4140278 4176781 4278528 3929472 4093026 4175351 3930070 4175292 3910524 4092144 3693840 3904254 4280941 4175405 4092819 4175363 4175524 4468375 3792443 
006034	10 / 14 / 65	PK338	0213446	1	3930034 4127521 4174768 3931666 3983482 3915026 4094640 3930817 4000502 4280948 
006523	2 / 4 / 28	TH111	0031573	1	3930674 3821180 
003270	16 / 20 / 34	TAYG	0492451	1	3931202 3960504 4003839 4280864 3910427 3616206 4000483 4091439 3822148 3922542 4095128 3822731 3901731 3914750 3920306 3930891 
004015	5 / 9 / 31	TAYE	0854975	1	3937160 4003168 4236548 3852806 3888348 
016863	7 / 12 / 7	CAN205	4168993	1	3823338 3931836 4174272 4180435 4280465 4023381 4093607 
016882	6 / 8 / 50	DAL119	4091222	1	3851827 4001588 3759337 3914683 4095206 4086280 
005725	6 / 10 / 6	TH129	4362771	1	3932089 4282999 3870878 4170477 3901936 4094965 
001427	2 / 3 / 18	CARP25	0901151	1	3920668 3928949 
002876	28 / 35 / 28	TH104	1084458	2	3881597 3934527 3973168 4003839 4125799 4174480 4174768 4252142 3973885 4096899 3880322 4278829 4281892 4090814 4146034 4153409 3773692 4096262 4125081 4175486 3920668 4002113 3609553 3904102 3910608 3822912 3932941 4002909 
013210	3 / 5 / 10	TH223	0031582	1	3934527 4281409 4093126 
002671	1 / 2 / 6	TH129	0847593	2	3910636 
005120	2 / 5 / 17	TAYSEM	4273391	2	3937982 4262071 
005846	6 / 10 / 6	TH129	3479968	3	3941346 4093970 4096899 3880322 4180953 4055257 
009225	9 / 11 / 15	EHIII	0022277	1	3945475 3789573 3823151 4086619 4175357 3906250 4096186 4278484 3910634 
006024	6 / 65 / 6	PK328	3839982	1	3921208 3948045 4023438 4132153 4151426 4152941 
006851	7 / 27 / 7	PK154	1167884	1	4095083 4140259 4276023 4279624 4280138 4280525 4280653 
008774	7 / 12 / 16	TAYC	4168989	1	4278521 3915044 3995227 4276567 3969012 4278990 4079295 
004807	7 / 13 / 7	CARP13	0672202	1	3933304 3964183 4170471 4180508 4281005 4281029 4175385 
007028	16 / 18 / 29	DAL300	0316015	2	4002166 4031284 4095424 4001999 4091163 4094796 3914928 3931449 4152767 3931881 3901577 3937404 4093973 4175286 4277662 3930705 
008773	14 / 18 / 19	TH116	3194197	1	3759127 3964186 4090841 4090975 4093612 4278485 3808480 4175771 4140702 4165491 3902614 4076454 4086377 4175358 
009304	6 / 7 / 14	CARP15	0493855	1	3976786 3930731 3889653 3798513 3914822 3930967 
004276	19 / 23 / 19	PK100	1165566	1	3915099 3982946 4129668 4174908 4175490 4371910 3913164 3589576 3910632 4086477 4175375 3910753 3988502 4143476 4086294 4371971 4175348 4193360 4279035 
001546	24 / 28 / 28	GOB	0031756	1	3909951 3987067 3989696 4095053 4175300 3797168 3821254 4095224 4175440 4262071 4146462 4175380 4281869 3968696 3818064 4095234 3788983 3818227 3910508 3951543 4175302 4175451 4096176 4086236 
015841	12 / 15 / 21	DAL1	3577228	1	3819230 3901669 3930865 3994652 3995576 3910564 3768588 3931970 3910670 4093186 3910568 4095071 
001763	13 / 15 / 19	EHI	4176433	1	3823192 3929222 4000195 4092894 4146034 4153409 4153480 4279329 3914449 3911048 3931889 4134408 3711406 
015013	10 / 10 / 14	DAL6	0827051	2	4000763 4132153 4278350 4170444 3939975 4003240 4169561 3956631 3995827 4371918 
013155	5 / 6 / 24	DAL25	3198619	2	4003199 3821687 3768620 3860451 3913807 
004275	19 / 33 / 19	PK259	0949010	1	3876667 4012510 4233573 4277616 4093748 4259993 4371917 3856450 3930841 4086348 4055257 4371969 4372246 3885128 4280182 3814107 4371933 4372006 3851736 
016440	11 / 13 / 14	BYC239	4392595	1	3913437 3932943 4034558 3969108 4175250 4094498 4175377 4096964 4174380 4282720 4176699 
013183	8 / 8 / 29	DAL300	3198619	3	4031284 4043840 4278366 3816963 3914449 3930967 3969851 3888348 
001758	4 / 5 / 18	EHII	3460008	1	4059195 3769494 4086513 4153748 
016843	19 / 20 / 19	DAL212A	4354084	2	3823092 4070957 4078277 4280138 3823278 3969108 3797206 3930614 3815949 4000862 3935616 3797192 4090714 4277162 3609407 3610671 3910471 3816466 3888348 
002567	7 / 21 / 7	PK247	4177047	1	4175533 4277909 4175548 3930253 4175437 4044087 3458065 
004012	13 / 40 / 13	TAYB	3197197	1	3560236 3973168 4090749 4095243 4151626 4174231 4277951 4279649 4280375 4280622 4150362 4174392 4138433 
013919	8 / 8 / 18	EHLEC	0897399	2	4090845 4174837 4281163 4176080 3930301 3994733 3930190 4079295 
008469	17 / 18 / 40	TAYF	3420576	2	4005905 4091443 4092004 4175354 4002846 3992528 4091439 3820858 3822148 3965315 4090730 3901936 3902614 3929810 3913781 4095876 3914696 
015856	7 / 8 / 11	DAL10	3927894	2	4091899 4175351 3817427 3820395 3910744 3669069 3715174 
013342	0 / 1 / 58	TH110	0493725	2	
017124	1 / 2 / 45	TH224	3448653	2	4092675 
011342	15 / 17 / 31	TAYE	3460456	2	4092823 4193293 4279624 4280475 4280898 4282099 4280607 4276195 4094012 4278481 4130250 4280524 4158080 4280786 4377190 
012352	2 / 3 / 4	DEDANCE	4466695	1	3824908 4092928 
002686	6 / 9 / 9	BYC100	0138190	1	4000763 3768034 4092771 3817048 3931451 3910480 
002404	1 / 1 / 55	CARP21	4354612	2	4095309 
007032	6 / 8 / 29	TAYD	0031573	2	4095965 4280078 4096983 3904254 4175501 4175282 
001158	7 / 9 / 20	DAL2	1020104	1	3913396 4086315 3576990 3929864 4181143 4373611 4276717 
003406	24 / 46 / 24	DAL25	1167851	3	3692316 3869959 3950836 4093015 4127521 4151426 4158492 4275431 4277274 4278485 4281628 4281868 4278351 4280693 4092173 4276333 4279995 3956631 4133513 4281002 4280157 3722764 4176698 4276714 
015655	6 / 6 / 6	PEMSTD	0129398	1	3819598 4159999 3910700 3910601 3848104 4280786 
009362	29 / 29 / 34	TAYG	0125630	2	4174231 4176023 3823387 3915243 4175389 4175310 4175344 3668130 4278355 3931323 4175337 4372037 3789070 3768088 4175500 3928949 4280880 3759872 3821571 3851736 3910648 4175409 4175410 4175327 4176789 4086342 4175308 3610382 3668378 
002396	1 / 8 / 8	ROSTUD	0020988	1	4086333 
004356	19 / 19 / 28	TH104	0847593	3	3991180 4001881 4252142 4278447 4280078 4280697 4023381 4096261 3994726 4086619 4037708 4277844 3905460 4280524 4280721 3917445 4096186 4371024 4176077 
007381	22 / 23 / 31	BYC127	0031611	1	4280078 3930831 4093255 4037708 3821016 3774116 3973119 3715444 3799474 4086313 4175513 3883637 3930469 4043326 3910553 3871572 3821766 3851846 4003415 4281391 4373612 3930864 
006860	12 / 15 / 15	PK354	3461209	1	3994876 4095001 4278383 4093959 3758045 4093778 4092633 3975962 4010147 3790857 3901577 4092795 
006874	0 / 7 / 15	PK337	3646602	1	
003008	12 / 16 / 50	DAL119	3473854	2	4175300 4278618 4280140 4175333 4086220 4175361 4371991 4093119 3910529 3910740 3910633 4086350 
012487	9 / 10 / 21	DAL1	3083296	2	4280525 4280907 4095004 4035604 4243051 3914676 4095079 4093161 4086361 
016445	5 / 6 / 9	TH118	3194193	2	3935260 3930296 4003389 4017901 3971828 
012353	3 / 3 / 28	GOB	0683480	2	4282999 3910734 3819372 
015445	19 / 19 / 19	DAL212A	0162976	3	3730202 3817427 3815949 3816549 3910668 3910744 3689944 3793612 3715174 3914354 3797683 3793534 3910766 3818227 3695345 3816466 3792443 3797576 3819542 
013915	7 / 7 / 65	PK338	1168490	2	3797331 3821393 3678357 3819143 3821554 3910527 3708638 
017122	5 / 5 / 45	TH224	4392595	3	3860357 3913210 3816764 3889653 3910710 
004362	4 / 4 / 29	TAYD	0775506	3	3816832 3931666 3822201 4093475 
013647	4 / 4 / 20	DAL2	0492580	2	3821044 3613455 3820971 3823402 
013213	13 / 14 / 31	BYC127	3996564	2	3821958 4277924 3910713 4161057 4094498 4094175 4175407 4050929 4096914 4093066 3922150 4175349 3817001 
007041	18 / 18 / 19	TH116	0162976	2	3771823 3788743 3913396 4026411 4094613 3903092 3930054 3821059 3930168 4086457 4096266 3904320 3901722 3915038 3817261 4086466 4175497 4086379 
001563	1 / 1 / 4	DEDANCE	0031756	2	3910622 
004282	19 / 19 / 19	PK100	1165566	2	3583596 3790306 3816993 3910870 4003642 3579645 3821269 3929237 3579867 3789439 3844962 3910595 3914251 3929864 4086309 3823094 3910605 3930260 4175287 
002373	2 / 3 / 18	CARP25	0901151	2	3918056 4095703 
001176	4 / 5 / 5	DAL315	4354080	2	3959570 3822218 3768588 3666995 
010933	1 / 3 / 12	TH102	0853792	2	3758075 
004379	5 / 5 / 28	TH104	0847593	4	4023381 3821016 3910480 4062047 3430527 
017104	13 / 13 / 13	RCCON	0431946	3	3818025 3858042 4094832 4174480 4086413 3711797 3928589 3905830 3789070 3819309 3891249 4175330 3910527 
002390	4 / 5 / 40	TAYF	0316015	3	4175375 4278990 4279035 4371946 
017168	17 / 19 / 81	PK25	0802802	1	4281628 4275968 4174837 4174957 4162177 4270406 4277527 3768025 4175888 4277525 3910687 4176698 4277523 4280880 3910470 4175489 4086083 
004816	8 / 12 / 12	CARP17	0321808	1	4001662 3888468 4256760 4161057 4175326 4175311 4175431 4181243 
016894	10 / 13 / 152	PK20	3926311	1	3675467 3768625 3816722 3904324 3913863 3579645 3821269 3902439 4000229 3910605 
006868	3 / 4 / 59	PK243	0750235	2	3610120 3819269 4086250 
016923	7 / 15 / 7	PK154	0402773	3	4095001 3789493 3610120 3910601 4093778 3818773 4086472 
002420	3 / 3 / 28	TH111	0695890	2	3616206 3821273 4373610 
004293	1 / 3 / 19	PK259	0802802	2	3768197 
002433	5 / 6 / 8	ROSTUD	0697660	2	3821162 3930137 3929651 3821116 3671929 
005745	2 / 2 / 9	BYC100	4362771	2	3910617 3910646 
009232	4 / 5 / 58	TH110	4354604	3	3937982 3930118 3930683 3816203 
012354	4 / 4 / 28	GOB	0031756	3	3989696 3930831 3797192 3910508 
002874	7 / 9 / 12	TH102	0031582	3	3973360 3830308 3852806 4086501 3910550 4086294 3775417 
002395	6 / 7 / 55	CARP21	4358919	3	3929800 4086315 4175453 3822218 4175374 4093161 
007888	0 / 3 / 12	RCSEM	0772775	1	
002384	4 / 4 / 45	TH224	3473854	4	4175310 4175386 3720506 3910561 
005853	0 / 2 / 10	TH223	0031582	2	
010860	7 / 9 / 7	PK154	3461209	2	3846920 4000476 3910701 4086404 3790857 4086325 3910659 
005258	4 / 6 / 14	CARP15	4170165	2	3905715 4093165 3910479 3910559 
012320	7 / 7 / 9	TH118	3995790	3	3821048 3819546 3930137 3910700 4010147 4095206 3690789 
001755	3 / 4 / 17	GOHEP	3927849	1	3818762 4252130 4175447 
003002	8 / 8 / 58	TH110	0492580	4	3931836 3950836 4011555 4180447 4095302 4092670 4281869 4280889 
016855	7 / 9 / 15	EHIII	3474420	2	3913437 3575266 3900952 3619216 4175431 3797084 3910541 
012734	3 / 3 / 12	RCSEM	0772775	2	3796254 3612203 3683644 
006588	5 / 5 / 65	PK338	4092861	3	3768620 3820378 3820395 3579116 3819676 
005272	2 / 3 / 19	EHI	1137952	2	3821197 3691228 
014185	2 / 2 / 18	CARP25	0599596	3	3879197 4002806 
005190	10 / 17 / 10	TH223	1137952	3	3929849 3992528 4162177 3910532 3930042 3792406 4277525 3930025 3901936 3910549 
010966	6 / 6 / 6	TH129	0775640	4	4175370 4129521 4003177 3797606 4372220 3910537 
006038	8 / 8 / 19	PK336	4177047	2	3816174 4175439 4175402 3901254 4086312 4175392 4371033 4372015 
004288	3 / 9 / 3	PK200	3646542	1	3910870 4086279 4180953 
011987	2 / 2 / 7	CARP13	3764403	2	3830308 3931451 
011296	7 / 7 / 13	RCCON	0431946	4	3934527 3930544 4095004 3821097 3903861 3857764 4079295 
012735	3 / 4 / 11	DAL10	1168592	3	3823755 3814296 3817087 
002469	6 / 6 / 24	DAL25	4358919	4	3964183 3821162 3914750 3910741 3910690 3839910 
004810	3 / 3 / 7	CAN205	0697660	3	4000253 3931451 3930303 
008778	13 / 13 / 16	TAYC	4168989	2	4023438 4086333 4371952 4372059 4095930 3914371 3915088 4084615 4086437 4093471 4174897 4372224 3913815 
001552	3 / 3 / 6	PEMSTD	0129398	2	4095053 3691783 3818064 
016832	8 / 9 / 9	TH118	3995790	4	3914820 4000763 3818676 3792406 3821116 3910586 4093416 4095206 
011238	2 / 2 / 14	DAL6	4354084	3	3897515 3910561 
004825	1 / 2 / 7	CAN205	4358919	2	3579361 
002383	3 / 3 / 45	TH224	3473854	5	4091782 3816203 4175315 
015015	1 / 1 / 28	GOB	0031756	4	4146462 
011322	2 / 3 / 19	DAL212A	0028980	4	4358230 3965315 
007051	12 / 14 / 17	TAYSEM	0031336	3	3820397 3903092 3665300 3910937 4050929 3915028 3930890 4037411 4045331 3910518 4175400 4244933 
008821	0 / 10 / 16	TAYC	0031572	3	
003493	1 / 2 / 18	EHII	0138190	2	4175492 
011037	2 / 4 / 21	DAL1	3083296	3	3816708 3912597 
006035	11 / 13 / 50	PK349	0409737	1	3799593 3833424 3846920 3819269 3930301 4280946 3910629 3816483 3222918 4175505 3690361 
015432	4 / 6 / 4	DEDANCE	0129398	3	3692862 3821059 3884178 4086391 
015417	2 / 2 / 14	BYC239	3194197	2	3930890 4086473 
001757	6 / 6 / 6	GOCOM	1008897	2	3852217 3816486 4175478 3820970 3699593 4175433 
004740	4 / 4 / 7	CARP13	3764403	3	3789315 3703938 3910475 4170472 
011208	0 / 1 / 81	PK25	4354090	2	
001752	7 / 7 / 17	GOHEP	3896859	2	4059195 3819353 4174366 4146462 4086513 4176668 4135340 
002374	3 / 3 / 58	TH110	0492580	5	4281002 4175470 3910503 
015678	13 / 13 / 29	TAYD	3478658	4	4092004 4279624 4280365 4280658 4280697 4280864 4281934 4093026 4280849 4281886 4017901 4095086 4093973 
003034	6 / 6 / 9	DAL212E	3473854	6	3789806 3613455 3910516 3910580 3929776 3910588 
014523	3 / 5 / 9	BYC100	4170914	3	3914676 3910646 3822914 
017172	6 / 6 / 9	TH118	4464860	5	4093159 3905861 4092769 3910463 3823271 4044450 
014310	2 / 2 / 11	DAL10	4354604	4	3910483 3652339 
001010	7 / 9 / 20	DAL2	3402041	3	3852520 4093282 4277523 3678357 4077315 3914696 3930705 
015014	2 / 2 / 28	GOB	0031756	5	3458065 3910638 
008470	4 / 4 / 31	TAYE	0695890	3	4093748 4358230 3894333 4086337 
013156	1 / 1 / 10	TH223	3198619	4	3930967 
001562	3 / 3 / 28	GOB	0031756	6	3989696 4095053 3910508 
017171	1 / 1 / 9	DAL212E	3995790	5	4040430 
015651	4 / 4 / 6	PEMSTD	3478855	3	4062513 3910622 4175535 3690845 
017121	4 / 4 / 12	CARP17	3995790	2	4000249 4091996 4092795 4095190 
017173	0 / 1 / 14	CARP15	4464860	3	
013920	1 / 1 / 6	GOCOM	0897399	3	4175290 
014537	1 / 1 / 18	CARP25	4170914	4	3816466 
016879	2 / 3 / 13	TAYB	3443571	2	4175472 4086362 
015650	4 / 5 / 4	DEDANCE	4091999	4	4062513 3910622 3823391 3818064 
002669	1 / 1 / 34	TAYG	0897706	3	3930034 
006582	1 / 1 / 28	TH111	0564741	3	4086448 
