Students	3000
1	10 3 4 12
2	1 7 19 8
3	15 8 1 18
4	3 16 9 14
5	20 15 19 3
6	7 11 2 6
7	8 3 4 7
8	18 11 9 16
9	11 15 7 18
10	10 7 19 5
11	15 1 2 18
12	3 14 16 9
13	19 20 8 17
14	3 7 1 17
15	13 3 18 16
16	3 18 10 20
17	16 9 18 3
18	3 6 9 1
19	13 17 5 20
20	9 19 12 10
21	8 18 7 4
22	9 2 3 5
23	2 18 14 20
24	3 16 14 20
25	18 10 3 16
26	13 15 20 16
27	3 6 17 9
28	19 12 6 8
29	9 2 5 20
30	12 18 19 8
31	10 7 11 1
32	5 2 11 15
33	19 6 1 18
34	15 8 18 20
35	6 18 14 5
36	17 2 3 4
37	1 12 8 17
38	19 10 11 12
39	12 9 15 14
40	18 3 16 6
41	18 15 9 12
42	13 20 15 17
43	6 5 18 16
44	3 18 7 14
45	12 20 16 11
46	16 6 15 9
47	7 6 1 17
48	11 5 20 12
49	19 8 1 6
50	1 3 12 19
51	13 20 2 17
52	6 16 14 12
53	2 12 14 3
54	6 18 4 15
55	1 8 12 20
56	20 15 3 12
57	19 17 6 5
58	4 8 7 18
59	1 15 9 16
60	2 10 18 11
61	4 5 1 15
62	18 8 14 9
63	7 15 4 8
64	12 5 15 10
65	10 13 16 15
66	6 14 5 9
67	20 7 17 15
68	5 1 2 13
69	7 3 9 19
70	4 16 12 7
71	9 13 19 14
72	9 6 5 18
73	4 7 11 10
74	11 14 7 8
75	19 13 18 17
76	17 14 7 3
77	14 6 9 15
78	14 16 6 2
79	3 1 20 11
80	12 18 4 11
81	7 17 20 12
82	12 16 2 14
83	18 1 12 7
84	3 8 18 6
85	18 8 6 15
86	5 4 20 7
87	17 10 7 19
88	12 19 9 15
89	14 20 1 8
90	14 16 1 6
91	5 16 1 11
92	20 3 14 15
93	18 7 1 15
94	14 19 6 7
95	19 14 7 1
96	16 5 1 9
97	12 2 11 15
98	16 2 5 8
99	12 15 5 20
100	18 7 10 13
101	5 2 4 19
102	15 14 19 12
103	19 16 12 1
104	12 19 7 15
105	8 12 14 4
106	15 10 7 13
107	4 13 16 12
108	6 9 16 1
109	16 20 7 11
110	3 18 7 11
111	20 5 2 10
112	2 14 9 1
113	20 11 14 19
114	9 14 3 8
115	6 1 2 17
116	4 13 6 2
117	11 8 5 17
118	12 7 9 20
119	5 17 16 12
120	17 9 10 14
121	15 18 17 19
122	14 2 16 13
123	17 10 2 5
124	7 4 15 9
125	6 5 1 19
126	15 7 17 6
127	1 8 11 19
128	5 16 6 8
129	15 10 18 14
130	18 10 14 19
131	2 18 17 19
132	2 1 13 15
133	8 13 2 4
134	16 10 7 3
135	18 10 3 6
136	6 7 1 4
137	7 15 2 17
138	7 2 13 12
139	1 18 15 2
140	1 17 9 5
141	8 14 19 4
142	3 18 13 4
143	8 5 1 17
144	19 12 4 8
145	14 20 10 1
146	17 10 13 8
147	7 15 11 6
148	20 2 7 1
149	10 14 9 15
150	6 16 9 18
151	8 18 7 9
152	1 2 13 14
153	10 12 1 6
154	11 20 19 14
155	6 10 15 12
156	15 16 7 5
157	17 13 18 4
158	10 9 6 16
159	2 8 16 1
160	6 3 17 2
161	2 20 17 5
162	19 16 15 17
163	15 8 13 5
164	2 11 16 7
165	14 15 18 1
166	8 20 5 15
167	14 20 3 8
168	4 10 2 3
169	19 16 20 11
170	2 8 20 9
171	10 19 11 2
172	10 11 17 1
173	17 1 14 19
174	11 16 20 19
175	7 1 17 2
176	11 20 19 10
177	15 13 11 3
178	18 3 20 15
179	13 10 16 12
180	6 9 17 2
181	7 10 9 4
182	14 11 9 20
183	19 7 2 12
184	13 12 14 1
185	3 9 14 17
186	5 18 3 4
187	12 20 15 17
188	4 8 2 15
189	19 1 10 13
190	10 2 4 1
191	20 3 4 6
192	2 18 7 1
193	2 17 20 15
194	8 10 13 20
195	15 10 19 4
196	4 3 1 12
197	8 18 5 3
198	18 14 13 17
199	12 6 7 4
200	6 2 10 16
201	6 5 13 20
202	18 7 8 10
203	15 11 7 12
204	9 15 11 14
205	15 12 13 19
206	19 10 3 18
207	11 7 16 8
208	2 5 20 7
209	13 1 4 10
210	20 13 1 11
211	15 4 7 12
212	1 15 3 14
213	17 10 3 19
214	11 13 2 20
215	3 9 17 20
216	15 20 1 11
217	8 17 14 9
218	1 13 8 17
219	16 4 13 19
220	6 2 11 10
221	17 15 7 13
222	1 18 16 20
223	2 18 5 4
224	17 15 5 3
225	6 8 10 11
226	18 20 5 10
227	19 4 9 7
228	7 8 3 18
229	1 8 11 6
230	10 14 17 8
231	8 1 9 3
232	16 12 14 5
233	3 15 8 11
234	18 13 2 6
235	6 4 9 7
236	8 9 4 14
237	2 7 16 5
238	8 1 20 7
239	7 12 8 15
240	4 18 11 14
241	3 15 10 19
242	11 7 6 17
243	17 9 15 7
244	13 18 15 6
245	14 1 5 9
246	2 6 10 11
247	16 18 14 6
248	7 18 13 4
249	10 14 11 6
250	16 1 18 14
251	7 14 8 10
252	5 15 17 11
253	15 9 16 5
254	3 11 5 14
255	2 7 15 13
256	4 11 18 14
257	14 15 17 9
258	1 19 18 16
259	18 17 14 5
260	10 5 2 12
261	2 20 19 15
262	12 10 20 16
263	4 7 2 15
264	4 20 16 13
265	20 16 11 6
266	18 14 7 3
267	17 20 9 4
268	10 9 14 3
269	7 9 16 17
270	9 4 10 12
271	15 14 7 19
272	8 9 14 13
273	19 2 7 11
274	14 6 4 16
275	5 18 8 15
276	9 6 18 16
277	3 14 9 11
278	10 14 19 1
279	4 15 3 17
280	10 1 14 16
281	4 2 16 13
282	10 3 17 14
283	18 4 11 14
284	2 16 8 5
285	15 3 20 13
286	4 6 2 19
287	15 4 9 1
288	15 13 8 9
289	16 12 10 17
290	17 7 20 3
291	3 19 11 12
292	5 15 13 11
293	4 6 9 10
294	17 16 9 13
295	4 8 17 16
296	1 13 11 4
297	20 8 15 7
298	16 6 1 14
299	20 9 10 16
300	15 5 10 20
301	17 15 8 4
302	15 5 13 17
303	20 1 6 13
304	5 8 14 6
305	3 6 16 2
306	15 17 5 8
307	13 3 9 14
308	10 14 2 7
309	6 12 17 10
310	19 7 9 17
311	13 11 3 12
312	1 17 14 3
313	8 10 11 20
314	13 18 11 3
315	4 13 17 11
316	15 7 3 6
317	5 16 17 6
318	19 9 5 3
319	4 17 18 8
320	4 20 11 6
321	14 12 20 13
322	10 7 13 12
323	17 5 6 2
324	19 2 7 14
325	3 11 16 14
326	11 16 15 18
327	14 12 4 16
328	19 20 4 6
329	8 17 9 20
330	7 16 6 8
331	18 8 13 3
332	14 6 20 11
333	20 16 15 18
334	13 11 19 16
335	2 20 15 10
336	3 19 12 15
337	7 1 11 5
338	4 20 3 15
339	20 6 2 5
340	20 17 14 3
341	19 10 6 1
342	14 20 7 12
343	9 12 3 2
344	6 20 10 2
345	17 8 2 11
346	4 7 9 19
347	20 9 2 8
348	10 17 14 9
349	1 5 4 10
350	6 13 8 10
351	19 17 15 10
352	9 3 18 19
353	4 12 13 10
354	7 18 9 2
355	7 8 6 4
356	14 17 1 2
357	20 4 13 15
358	18 20 3 15
359	3 20 5 6
360	2 15 10 9
361	3 4 7 12
362	16 14 15 7
363	1 6 3 15
364	7 16 3 5
365	18 19 20 8
366	17 6 14 1
367	2 7 17 10
368	2 4 9 14
369	20 14 15 16
370	7 3 2 14
371	2 20 9 13
372	6 4 2 1
373	3 8 13 1
374	17 1 5 2
375	1 13 11 20
376	8 15 13 12
377	4 12 6 2
378	2 7 19 13
379	19 5 12 20
380	7 20 6 12
381	7 18 11 5
382	1 12 4 9
383	9 3 5 14
384	6 2 5 3
385	12 14 17 4
386	18 20 5 14
387	14 5 19 15
388	1 6 11 10
389	8 17 14 3
390	1 14 11 16
391	8 17 6 20
392	7 3 18 8
393	5 16 4 19
394	20 12 13 15
395	8 10 12 19
396	19 3 12 5
397	18 17 8 11
398	1 4 15 13
399	6 2 9 18
400	11 17 1 18
401	11 6 18 13
402	3 2 4 6
403	17 14 1 10
404	16 19 8 6
405	19 10 18 20
406	14 8 15 11
407	16 11 7 17
408	1 8 9 7
409	2 11 15 12
410	14 13 15 3
411	19 16 8 6
412	15 16 7 8
413	1 15 8 5
414	12 16 1 18
415	13 15 5 7
416	11 10 18 5
417	5 10 1 9
418	2 12 8 16
419	6 1 16 7
420	20 19 16 17
421	12 14 1 8
422	1 19 5 10
423	17 8 5 2
424	16 12 8 9
425	6 18 14 4
426	12 13 11 15
427	13 3 20 4
428	9 17 18 16
429	18 11 19 2
430	20 10 17 7
431	10 11 1 17
432	4 5 20 14
433	11 19 12 2
434	12 3 4 17
435	16 7 4 2
436	11 9 15 18
437	14 17 12 5
438	9 15 6 16
439	6 16 18 19
440	14 12 9 17
441	13 15 2 14
442	15 6 1 11
443	13 8 1 16
444	13 6 17 1
445	3 12 15 8
446	4 7 12 13
447	13 8 19 6
448	17 6 12 9
449	20 11 3 18
450	11 19 12 1
451	19 16 10 15
452	5 14 12 20
453	12 11 8 6
454	15 6 7 9
455	15 14 18 1
456	17 1 6 5
457	13 14 4 18
458	9 8 5 4
459	14 13 8 4
460	3 17 7 16
461	1 11 14 2
462	4 8 19 3
463	20 15 18 13
464	9 17 1 20
465	12 10 18 5
466	12 3 16 14
467	4 16 1 14
468	9 12 1 13
469	12 19 15 8
470	11 20 10 16
471	19 9 15 13
472	5 9 15 12
473	17 18 13 3
474	2 20 13 9
475	4 6 9 19
476	15 8 16 4
477	20 2 3 8
478	6 15 8 2
479	5 4 12 7
480	16 19 2 5
481	14 5 2 7
482	2 15 3 10
483	3 20 5 11
484	15 4 16 13
485	7 6 4 11
486	6 3 16 12
487	10 1 11 13
488	20 12 9 16
489	13 9 7 1
490	15 18 19 2
491	17 16 5 10
492	13 17 19 1
493	17 3 10 5
494	18 12 8 1
495	12 20 3 18
496	1 8 2 10
497	18 4 16 20
498	3 1 19 8
499	9 19 5 15
500	4 5 6 17
501	20 1 2 14
502	10 3 2 12
503	2 1 14 3
504	5 10 2 19
505	12 5 9 1
506	12 13 15 17
507	3 4 6 19
508	19 8 4 1
509	18 10 13 9
510	13 16 6 4
511	20 9 18 12
512	1 11 15 4
513	20 11 19 13
514	6 12 15 17
515	10 5 20 17
516	16 5 15 4
517	12 20 2 14
518	9 10 13 17
519	7 12 1 13
520	3 1 2 8
521	15 11 18 13
522	7 3 5 14
523	9 20 15 19
524	14 11 8 4
525	6 17 20 15
526	14 11 10 19
527	12 2 17 13
528	3 11 5 16
529	20 8 6 1
530	17 9 7 5
531	8 7 9 10
532	13 9 5 10
533	7 19 17 1
534	13 20 11 6
535	5 17 2 9
536	7 12 18 4
537	4 15 11 14
538	18 9 1 14
539	3 13 14 2
540	10 16 13 8
541	17 2 6 8
542	13 20 3 10
543	2 14 19 9
544	4 7 15 10
545	8 6 7 9
546	3 19 18 15
547	3 13 14 1
548	7 20 17 19
549	16 1 12 11
550	16 14 3 1
551	15 13 1 7
552	1 7 11 20
553	15 3 14 10
554	8 10 17 14
555	12 2 18 13
556	14 16 19 18
557	4 8 6 2
558	14 16 2 15
559	14 9 10 19
560	3 7 1 9
561	9 4 14 8
562	19 12 14 7
563	17 16 14 1
564	2 17 11 18
565	15 5 19 12
566	5 13 15 8
567	19 3 9 12
568	12 16 19 14
569	3 15 9 5
570	12 16 9 3
571	13 6 1 9
572	20 13 5 15
573	17 4 18 5
574	16 19 11 4
575	8 20 5 12
576	3 4 19 1
577	18 20 14 4
578	17 15 18 5
579	12 8 4 5
580	2 1 15 16
581	8 2 4 15
582	20 6 13 2
583	14 13 1 9
584	12 20 15 5
585	8 19 10 11
586	4 1 11 6
587	1 14 8 16
588	6 10 11 1
589	15 9 5 4
590	18 17 7 19
591	11 12 7 4
592	12 6 10 15
593	10 13 18 16
594	11 4 5 6
595	5 2 3 20
596	13 11 2 17
597	12 4 5 11
598	16 17 11 12
599	10 1 20 12
600	13 17 12 18
601	1 2 5 16
602	6 1 3 12
603	14 2 12 3
604	4 20 15 17
605	3 5 8 13
606	3 2 4 9
607	5 13 16 10
608	3 1 10 18
609	8 2 5 7
610	18 15 3 19
611	12 15 17 11
612	19 13 11 6
613	2 16 5 3
614	9 17 20 2
615	6 7 17 15
616	19 7 1 16
617	20 8 3 18
618	16 2 10 13
619	9 2 18 1
620	12 4 20 15
621	3 9 6 16
622	10 15 5 1
623	16 12 7 3
624	2 19 3 5
625	5 19 4 12
626	12 4 7 15
627	8 1 12 3
628	8 12 3 15
629	18 4 16 17
630	8 16 3 10
631	16 17 18 14
632	17 13 10 20
633	2 3 5 9
634	5 9 16 11
635	8 16 5 7
636	5 8 11 19
637	5 15 11 3
638	12 6 16 5
639	17 12 13 15
640	8 20 18 6
641	2 11 13 14
642	4 20 17 13
643	8 11 14 12
644	6 3 5 19
645	2 18 3 20
646	15 9 18 14
647	2 16 6 20
648	7 15 12 10
649	14 1 7 18
650	4 9 19 14
651	4 2 3 7
652	1 17 8 6
653	7 20 11 13
654	17 4 9 13
655	11 6 12 19
656	18 3 12 19
657	12 8 4 17
658	18 16 19 8
659	19 18 10 9
660	4 15 11 1
661	4 16 15 1
662	9 10 20 12
663	16 1 3 8
664	7 16 10 3
665	5 13 7 20
666	20 13 3 1
667	4 2 16 20
668	1 19 5 17
669	20 5 14 15
670	12 3 16 7
671	15 4 8 11
672	17 16 7 12
673	12 3 17 4
674	11 3 18 17
675	1 19 12 9
676	14 17 15 4
677	8 16 5 19
678	15 7 18 5
679	15 11 3 1
680	17 1 19 16
681	12 1 10 7
682	7 13 17 1
683	15 13 5 17
684	1 14 20 17
685	6 18 8 5
686	15 7 9 17
687	19 4 16 14
688	11 12 2 8
689	11 20 17 6
690	10 16 14 17
691	7 16 11 2
692	9 14 8 10
693	10 20 8 6
694	15 8 18 5
695	1 9 5 20
696	8 11 12 7
697	17 8 16 15
698	14 18 4 12
699	1 11 12 6
700	15 7 10 12
701	12 17 2 3
702	15 17 1 20
703	14 15 3 10
704	12 14 6 20
705	19 8 16 3
706	8 14 5 6
707	9 11 19 5
708	2 11 16 8
709	10 7 12 1
710	20 4 2 19
711	17 20 5 6
712	4 14 2 11
713	16 3 20 1
714	18 17 7 9
715	6 10 18 14
716	6 14 15 16
717	3 9 8 18
718	11 8 15 16
719	18 5 2 14
720	2 16 11 7
721	2 20 12 5
722	5 4 12 7
723	11 13 2 17
724	5 15 1 18
725	7 6 20 12
726	16 12 4 14
727	3 2 11 12
728	16 9 5 8
729	18 3 12 6
730	16 1 17 18
731	17 20 2 18
732	15 5 1 16
733	16 5 2 4
734	2 19 12 8
735	20 8 11 14
736	8 2 15 7
737	12 9 2 5
738	13 9 11 2
739	19 3 6 2
740	3 1 7 9
741	18 2 8 4
742	11 12 9 2
743	10 1 6 4
744	10 18 8 13
745	14 5 13 8
746	15 16 17 20
747	20 9 2 6
748	13 18 17 20
749	13 8 7 11
750	14 2 16 15
751	5 3 9 16
752	13 14 12 3
753	17 4 10 14
754	20 4 13 5
755	13 8 1 20
756	6 5 19 10
757	11 18 10 19
758	17 6 2 13
759	12 9 14 4
760	12 4 14 20
761	13 19 20 1
762	6 12 16 9
763	5 4 2 12
764	20 1 13 4
765	17 18 3 14
766	19 8 18 15
767	17 3 5 2
768	16 14 3 20
769	7 17 14 15
770	9 3 7 8
771	12 7 3 11
772	17 6 12 18
773	1 5 10 9
774	7 10 18 11
775	6 18 12 1
776	2 1 4 19
777	4 15 17 1
778	10 9 18 8
779	9 13 18 11
780	20 10 12 5
781	16 9 3 15
782	1 19 18 13
783	20 4 18 6
784	4 11 1 5
785	11 13 18 19
786	2 16 3 15
787	9 3 6 14
788	16 19 4 5
789	16 20 1 12
790	16 14 2 8
791	17 20 13 1
792	1 9 3 5
793	1 7 12 2
794	4 9 10 20
795	16 13 19 6
796	19 2 12 16
797	8 14 1 10
798	16 5 14 15
799	19 6 10 13
800	3 5 6 19
801	14 1 6 3
802	14 7 19 20
803	11 20 4 15
804	6 20 11 17
805	7 1 6 13
806	4 2 1 13
807	3 5 17 10
808	18 6 4 10
809	6 18 16 3
810	19 8 2 15
811	15 11 5 8
812	7 8 15 12
813	7 17 20 19
814	19 1 10 17
815	1 19 16 11
816	1 7 4 8
817	19 13 9 17
818	10 9 3 18
819	18 17 8 1
820	2 8 11 9
821	5 20 19 11
822	9 19 16 12
823	14 1 5 18
824	17 13 14 11
825	11 3 12 5
826	20 7 18 8
827	4 3 2 15
828	17 5 3 10
829	13 9 6 17
830	5 15 18 2
831	11 20 17 6
832	18 1 14 6
833	9 20 3 15
834	9 19 13 3
835	4 19 16 14
836	7 3 6 4
837	11 14 15 3
838	17 7 9 13
839	12 16 3 11
840	9 8 3 10
841	7 12 18 19
842	9 16 14 5
843	1 17 8 12
844	2 5 3 13
845	5 15 8 19
846	3 11 17 5
847	19 11 16 9
848	9 16 4 7
849	18 12 2 7
850	10 9 7 14
851	12 9 13 15
852	11 15 16 20
853	12 5 3 1
854	12 18 2 9
855	11 10 17 4
856	13 18 9 4
857	11 20 15 6
858	17 5 14 10
859	15 19 8 16
860	19 5 15 18
861	14 7 15 8
862	11 20 4 5
863	7 8 4 13
864	16 5 8 19
865	9 3 2 18
866	9 15 5 19
867	3 19 7 12
868	20 4 12 10
869	7 12 5 13
870	5 17 3 14
871	4 17 2 14
872	1 18 15 7
873	8 6 18 10
874	14 20 10 6
875	19 6 5 1
876	10 2 8 15
877	8 3 12 6
878	3 16 17 14
879	5 14 8 3
880	14 9 10 4
881	1 12 15 18
882	6 9 14 19
883	12 7 13 17
884	2 7 6 16
885	10 17 9 5
886	20 11 6 3
887	1 2 14 4
888	16 20 12 18
889	11 4 6 17
890	4 2 10 12
891	5 1 13 14
892	9 16 13 10
893	7 1 16 18
894	4 7 1 12
895	15 3 17 8
896	9 5 6 7
897	6 10 14 18
898	19 12 8 11
899	13 16 3 5
900	5 2 14 20
901	15 1 19 13
902	19 11 8 17
903	6 7 2 20
904	1 15 17 7
905	11 15 13 2
906	4 16 6 14
907	15 2 9 11
908	7 8 3 20
909	1 3 12 14
910	14 7 20 2
911	16 4 10 11
912	7 18 14 19
913	5 18 7 9
914	15 16 2 4
915	13 2 5 11
916	7 16 13 2
917	13 2 14 11
918	6 20 18 9
919	15 8 6 11
920	7 4 8 3
921	6 1 9 2
922	20 17 15 19
923	10 18 19 13
924	14 7 18 8
925	17 2 1 9
926	20 10 16 5
927	1 6 9 14
928	18 7 5 10
929	9 7 3 13
930	15 16 17 9
931	17 19 5 12
932	3 10 6 18
933	7 4 11 20
934	10 9 17 4
935	8 5 16 17
936	5 18 6 4
937	17 2 4 18
938	5 10 11 2
939	9 1 3 14
940	10 9 14 4
941	10 9 4 19
942	3 17 18 14
943	5 17 20 1
944	3 12 4 10
945	13 6 3 2
946	11 12 15 20
947	11 12 15 17
948	16 6 8 9
949	14 6 20 4
950	19 11 1 4
951	4 16 13 9
952	1 11 13 6
953	3 8 14 7
954	20 14 17 7
955	12 4 15 11
956	20 12 4 13
957	6 13 5 12
958	19 4 7 2
959	8 11 2 15
960	19 3 4 6
961	4 9 17 19
962	15 16 12 9
963	6 5 11 2
964	9 7 6 11
965	9 5 2 6
966	14 3 8 7
967	18 2 9 14
968	11 4 3 10
969	9 11 1 17
970	16 11 20 19
971	14 9 16 19
972	20 12 1 3
973	9 14 4 5
974	4 6 8 9
975	8 14 11 17
976	2 9 6 15
977	14 18 8 11
978	4 15 14 12
979	17 2 10 4
980	7 4 11 20
981	14 5 17 11
982	18 4 13 14
983	11 6 4 3
984	9 3 4 15
985	15 6 11 10
986	2 15 9 20
987	15 6 1 20
988	15 20 19 18
989	18 2 3 19
990	15 5 9 8
991	9 19 1 4
992	7 14 13 1
993	19 15 17 13
994	6 2 11 20
995	16 20 17 3
996	10 9 12 18
997	11 16 20 17
998	6 1 3 20
999	4 11 20 16
1000	14 15 3 13
1001	9 20 4 10
1002	10 12 15 16
1003	6 1 13 20
1004	14 3 20 6
1005	8 2 13 9
1006	13 12 20 11
1007	15 20 18 8
1008	13 15 17 7
1009	5 3 18 1
1010	18 4 7 8
1011	3 19 15 12
1012	20 13 6 19
1013	3 13 5 6
1014	19 4 20 15
1015	2 1 7 12
1016	17 3 9 6
1017	6 9 19 12
1018	7 4 12 14
1019	3 18 14 13
1020	5 17 9 8
1021	14 5 18 10
1022	13 10 9 5
1023	1 10 9 20
1024	12 9 6 5
1025	6 7 10 1
1026	16 1 4 15
1027	5 10 3 1
1028	7 14 13 3
1029	19 8 11 6
1030	13 19 16 3
1031	19 16 18 13
1032	13 3 2 11
1033	13 18 19 6
1034	13 9 14 1
1035	14 7 19 18
1036	8 9 10 2
1037	8 10 20 18
1038	14 13 9 19
1039	13 6 10 12
1040	10 16 18 19
1041	19 10 15 5
1042	4 5 9 7
1043	20 4 5 15
1044	9 3 6 16
1045	4 8 9 13
1046	18 17 15 7
1047	3 20 5 15
1048	11 4 12 13
1049	18 2 14 3
1050	2 20 18 6
1051	8 20 1 9
1052	11 3 4 13
1053	15 10 16 6
1054	13 16 10 12
1055	13 17 6 10
1056	16 2 18 7
1057	15 7 3 11
1058	11 1 2 14
1059	2 1 11 13
1060	4 9 13 6
1061	7 17 12 13
1062	8 13 16 5
1063	18 8 20 14
1064	19 14 12 5
1065	6 10 14 16
1066	13 2 12 20
1067	14 5 20 10
1068	17 20 7 1
1069	9 18 20 19
1070	20 10 12 15
1071	6 18 7 2
1072	9 11 19 6
1073	7 4 14 3
1074	6 13 20 7
1075	15 2 11 17
1076	14 10 19 16
1077	9 12 13 17
1078	4 1 13 2
1079	7 16 2 10
1080	19 4 17 2
1081	20 2 19 14
1082	13 4 11 3
1083	11 12 17 14
1084	11 18 15 16
1085	19 15 11 16
1086	9 19 16 20
1087	18 2 13 20
1088	6 12 14 3
1089	1 20 13 19
1090	1 7 16 17
1091	9 13 11 14
1092	5 14 19 7
1093	4 11 19 20
1094	3 1 20 16
1095	9 15 7 8
1096	11 14 18 9
1097	14 15 2 11
1098	9 10 20 13
1099	2 14 8 4
1100	8 11 5 9
1101	4 1 19 17
1102	9 4 19 3
1103	14 6 20 10
1104	2 3 19 9
1105	4 12 17 18
1106	15 11 17 10
1107	12 2 16 4
1108	3 20 6 16
1109	15 14 11 9
1110	15 14 7 18
1111	8 17 18 3
1112	6 13 2 4
1113	14 3 9 11
1114	7 9 8 18
1115	5 2 14 18
1116	18 11 10 1
1117	5 10 15 19
1118	1 13 4 20
1119	1 16 12 19
1120	10 18 13 5
1121	5 12 20 16
1122	3 11 16 10
1123	6 20 1 5
1124	8 18 1 5
1125	11 9 6 12
1126	6 14 10 1
1127	5 12 13 6
1128	6 9 20 7
1129	3 4 8 6
1130	19 1 4 13
1131	6 2 5 4
1132	11 12 14 9
1133	14 16 20 18
1134	16 14 20 1
1135	13 6 5 11
1136	16 15 11 10
1137	12 5 20 18
1138	13 19 11 17
1139	8 19 13 18
1140	10 5 12 7
1141	11 18 4 16
1142	11 20 15 19
1143	7 11 17 1
1144	6 13 12 11
1145	7 17 19 10
1146	13 10 15 4
1147	19 11 3 12
1148	7 18 16 12
1149	3 5 10 4
1150	1 13 12 20
1151	4 7 20 19
1152	17 13 7 8
1153	11 15 12 18
1154	20 1 7 19
1155	13 11 3 8
1156	6 19 11 3
1157	8 6 20 11
1158	7 12 13 4
1159	12 1 16 9
1160	13 7 15 3
1161	18 15 6 4
1162	13 4 20 8
1163	11 18 17 2
1164	17 6 13 14
1165	18 20 2 10
1166	16 1 6 3
1167	16 14 2 4
1168	15 17 14 13
1169	7 19 2 9
1170	5 2 1 3
1171	5 19 15 13
1172	6 10 2 1
1173	1 7 4 8
1174	17 11 18 20
1175	3 12 16 10
1176	10 7 5 14
1177	5 14 16 4
1178	3 4 1 7
1179	20 5 17 12
1180	7 6 19 10
1181	15 12 4 9
1182	19 20 3 2
1183	16 20 8 11
1184	1 16 7 6
1185	11 12 14 5
1186	19 6 10 11
1187	1 2 19 13
1188	17 5 4 6
1189	19 11 3 1
1190	13 1 8 12
1191	2 18 16 20
1192	13 16 10 17
1193	11 18 20 15
1194	7 2 4 10
1195	12 17 18 11
1196	1 3 10 9
1197	15 16 10 6
1198	12 17 3 5
1199	10 19 3 6
1200	14 1 18 16
1201	20 19 4 5
1202	15 12 10 19
1203	4 1 5 12
1204	20 19 16 8
1205	2 4 5 13
1206	4 9 14 7
1207	10 1 13 14
1208	11 8 13 5
1209	6 8 4 17
1210	17 4 11 6
1211	14 19 10 6
1212	12 13 14 17
1213	1 13 7 9
1214	6 15 14 8
1215	2 6 13 14
1216	1 19 20 3
1217	16 1 14 3
1218	11 7 5 19
1219	20 1 9 5
1220	4 1 18 9
1221	16 10 14 8
1222	1 18 19 20
1223	3 1 13 9
1224	9 10 13 12
1225	5 19 10 11
1226	15 11 18 17
1227	3 20 1 19
1228	16 8 12 11
1229	4 12 15 6
1230	16 13 11 19
1231	16 17 3 20
1232	13 12 19 7
1233	13 6 2 8
1234	2 6 16 8
1235	17 18 13 11
1236	14 10 5 11
1237	3 8 7 4
1238	10 18 14 4
1239	10 13 8 7
1240	16 18 17 4
1241	4 2 10 3
1242	12 5 19 17
1243	6 19 2 3
1244	13 19 15 6
1245	10 8 14 12
1246	1 11 14 2
1247	8 7 2 16
1248	6 18 15 2
1249	14 11 6 16
1250	13 4 8 6
1251	20 4 6 10
1252	18 20 8 5
1253	16 2 8 4
1254	14 15 19 9
1255	14 8 12 19
1256	12 8 1 4
1257	2 20 13 15
1258	8 5 16 2
1259	16 4 17 11
1260	5 10 2 6
1261	2 1 20 13
1262	5 8 12 14
1263	8 12 10 4
1264	16 10 20 4
1265	4 20 2 6
1266	18 11 4 3
1267	8 5 16 19
1268	5 18 7 1
1269	14 17 18 11
1270	13 1 14 3
1271	12 3 19 18
1272	2 13 4 15
1273	18 8 17 1
1274	14 6 13 3
1275	2 1 12 11
1276	7 10 15 2
1277	5 10 15 17
1278	6 9 19 8
1279	2 18 6 9
1280	4 2 16 9
1281	16 14 7 6
1282	16 4 7 1
1283	18 13 17 4
1284	3 20 17 5
1285	1 3 5 6
1286	16 3 4 19
1287	2 7 9 6
1288	8 6 20 13
1289	11 19 7 6
1290	2 5 16 17
1291	18 13 20 15
1292	11 10 2 7
1293	3 9 4 16
1294	3 8 19 1
1295	6 10 5 2
1296	2 8 11 6
1297	5 6 4 17
1298	7 16 5 6
1299	10 3 1 2
1300	5 2 13 8
1301	9 13 2 18
1302	5 17 13 11
1303	3 10 11 5
1304	11 10 19 9
1305	8 10 20 18
1306	1 2 5 16
1307	18 13 15 12
1308	4 14 6 20
1309	8 7 4 20
1310	8 7 20 18
1311	2 14 12 13
1312	5 7 10 15
1313	2 8 6 15
1314	17 13 11 5
1315	20 7 16 11
1316	16 18 6 1
1317	5 15 4 11
1318	10 12 9 3
1319	1 7 10 18
1320	7 6 12 4
1321	9 16 13 18
1322	9 19 14 2
1323	4 15 17 3
1324	13 9 19 11
1325	11 9 8 12
1326	2 8 7 4
1327	9 10 19 4
1328	7 18 9 14
1329	15 11 14 17
1330	15 11 1 6
1331	9 15 3 8
1332	17 15 6 20
1333	4 9 13 15
1334	5 6 9 10
1335	8 6 9 13
1336	10 5 16 15
1337	1 10 14 9
1338	17 6 7 8
1339	3 11 10 15
1340	10 3 13 18
1341	7 5 9 15
1342	17 13 12 18
1343	18 15 20 7
1344	11 12 7 17
1345	16 14 7 12
1346	3 2 17 19
1347	6 5 17 10
1348	1 6 2 8
1349	13 17 2 12
1350	5 12 10 19
1351	18 9 19 12
1352	9 19 14 5
1353	9 2 14 5
1354	16 12 10 4
1355	18 6 16 1
1356	19 14 13 17
1357	12 6 13 16
1358	2 13 4 16
1359	11 8 20 14
1360	1 20 18 10
1361	8 1 7 11
1362	7 11 18 14
1363	19 2 8 16
1364	3 12 19 15
1365	1 20 5 12
1366	14 6 10 1
1367	3 6 5 16
1368	2 16 17 13
1369	16 9 10 19
1370	9 7 2 1
1371	17 3 9 12
1372	11 16 20 2
1373	8 2 19 11
1374	19 13 9 12
1375	7 10 16 18
1376	15 11 13 12
1377	8 15 17 16
1378	1 20 17 3
1379	10 14 13 3
1380	18 7 5 19
1381	1 20 16 3
1382	12 6 1 10
1383	20 4 8 18
1384	7 15 5 17
1385	18 16 2 5
1386	14 7 13 16
1387	17 6 18 19
1388	12 6 8 19
1389	13 17 6 9
1390	1 17 13 10
1391	10 4 18 9
1392	8 4 17 5
1393	12 10 8 7
1394	7 11 3 16
1395	17 15 2 20
1396	9 20 2 18
1397	10 6 1 12
1398	12 7 3 16
1399	16 2 19 10
1400	11 13 19 3
1401	12 20 14 1
1402	12 10 11 5
1403	19 4 15 18
1404	12 3 8 18
1405	15 2 5 16
1406	15 18 19 6
1407	9 13 17 4
1408	14 13 11 8
1409	16 15 1 14
1410	8 19 3 2
1411	4 15 6 8
1412	19 3 20 5
1413	11 1 7 19
1414	5 20 18 6
1415	19 12 7 3
1416	7 5 8 18
1417	10 1 15 7
1418	9 8 10 1
1419	9 8 5 1
1420	1 7 6 15
1421	14 5 2 17
1422	4 18 13 6
1423	13 7 16 19
1424	8 12 14 13
1425	17 2 4 8
1426	14 6 20 18
1427	5 4 10 7
1428	9 17 8 10
1429	8 4 5 17
1430	14 9 3 1
1431	16 11 13 4
1432	3 13 10 17
1433	9 19 2 8
1434	8 13 11 1
1435	3 20 17 5
1436	12 7 11 9
1437	10 5 14 11
1438	3 12 2 7
1439	4 9 18 14
1440	5 20 8 4
1441	5 12 20 6
1442	16 20 2 1
1443	9 15 13 19
1444	7 10 16 20
1445	16 10 4 3
1446	9 2 15 8
1447	18 8 9 12
1448	6 17 11 18
1449	14 13 2 9
1450	6 17 13 19
1451	15 2 9 3
1452	7 4 18 3
1453	15 10 18 1
1454	14 4 15 12
1455	17 3 12 10
1456	2 13 7 3
1457	2 17 4 9
1458	6 20 3 19
1459	11 15 17 16
1460	7 16 8 14
1461	1 15 8 19
1462	6 13 18 1
1463	13 12 8 16
1464	12 3 19 20
1465	20 9 5 19
1466	16 13 12 11
1467	2 12 6 20
1468	10 12 17 5
1469	9 8 19 5
1470	18 13 19 3
1471	7 5 13 9
1472	7 18 10 8
1473	16 12 10 1
1474	2 17 14 15
1475	14 7 9 4
1476	19 12 4 13
1477	11 6 3 1
1478	20 5 19 10
1479	2 7 17 1
1480	5 19 1 6
1481	10 11 8 2
1482	14 11 19 17
1483	4 12 6 18
1484	17 5 8 4
1485	8 6 9 19
1486	19 1 17 5
1487	17 8 11 4
1488	14 3 9 5
1489	6 13 12 16
1490	6 15 20 16
1491	20 12 17 18
1492	15 2 3 12
1493	11 8 2 5
1494	13 15 10 1
1495	11 16 15 17
1496	13 4 6 8
1497	20 6 16 11
1498	6 13 11 1
1499	16 10 5 15
1500	18 6 1 9
1501	1 14 13 8
1502	9 17 18 2
1503	14 18 10 17
1504	9 11 2 14
1505	9 13 2 11
1506	4 9 18 12
1507	10 17 3 7
1508	11 15 2 4
1509	2 18 5 3
1510	19 7 13 20
1511	6 18 12 19
1512	17 8 13 20
1513	8 17 6 20
1514	1 18 2 17
1515	8 13 16 18
1516	12 19 17 18
1517	7 12 19 8
1518	12 1 15 16
1519	16 2 3 1
1520	4 11 6 10
1521	6 13 19 20
1522	7 11 15 12
1523	16 4 13 11
1524	2 19 1 20
1525	13 20 18 5
1526	2 7 1 15
1527	20 17 9 18
1528	7 16 1 13
1529	19 1 13 2
1530	13 4 16 12
1531	14 19 6 7
1532	5 12 7 8
1533	8 20 19 11
1534	8 20 16 2
1535	9 16 2 1
1536	13 10 6 11
1537	3 7 6 2
1538	12 13 19 5
1539	6 4 15 8
1540	5 2 9 20
1541	20 16 7 2
1542	7 14 18 8
1543	8 2 15 3
1544	10 18 5 15
1545	20 2 15 8
1546	6 12 5 17
1547	10 7 14 19
1548	6 12 4 13
1549	10 15 18 3
1550	2 11 6 17
1551	17 10 12 7
1552	20 9 6 7
1553	18 8 11 16
1554	7 11 13 19
1555	14 16 11 17
1556	3 6 9 10
1557	15 2 16 12
1558	17 4 20 18
1559	4 18 1 11
1560	16 5 13 2
1561	3 16 17 12
1562	16 20 12 8
1563	18 8 9 16
1564	12 18 13 16
1565	17 12 5 11
1566	10 14 7 15
1567	8 17 20 7
1568	20 19 3 13
1569	14 19 11 10
1570	10 7 17 9
1571	9 14 18 7
1572	11 9 6 14
1573	7 9 15 4
1574	17 9 1 16
1575	6 9 5 17
1576	8 14 5 10
1577	15 20 2 11
1578	14 15 3 12
1579	19 1 7 16
1580	9 14 16 8
1581	11 5 14 16
1582	8 3 1 17
1583	16 8 11 14
1584	12 8 6 7
1585	2 1 10 18
1586	1 7 16 14
1587	19 5 6 1
1588	17 9 15 6
1589	19 11 13 12
1590	15 19 7 11
1591	20 4 14 11
1592	14 12 20 2
1593	14 11 3 17
1594	1 19 14 4
1595	12 2 16 7
1596	20 2 5 3
1597	9 6 4 7
1598	9 15 4 8
1599	17 2 10 1
1600	11 4 6 17
1601	14 16 7 20
1602	18 17 8 20
1603	9 11 5 10
1604	14 16 9 7
1605	9 7 19 10
1606	19 6 12 20
1607	17 13 11 20
1608	7 11 13 6
1609	8 1 9 5
1610	16 9 4 2
1611	9 20 2 4
1612	5 19 15 12
1613	12 5 10 6
1614	20 16 2 8
1615	15 7 18 2
1616	1 12 3 6
1617	16 13 12 19
1618	10 18 11 16
1619	18 9 3 19
1620	2 13 15 8
1621	3 1 16 12
1622	12 13 18 11
1623	20 7 4 1
1624	7 19 10 17
1625	10 7 4 15
1626	4 16 20 3
1627	14 20 5 15
1628	4 17 9 11
1629	17 6 20 15
1630	12 13 7 11
1631	13 16 7 3
1632	6 11 14 12
1633	13 17 14 11
1634	4 17 5 2
1635	12 13 9 2
1636	3 15 19 17
1637	5 4 7 11
1638	14 6 10 19
1639	19 5 10 8
1640	20 11 12 4
1641	4 20 19 9
1642	14 15 5 3
1643	7 17 11 14
1644	8 5 12 13
1645	4 2 14 17
1646	3 10 15 13
1647	18 20 6 8
1648	11 16 4 10
1649	2 4 16 17
1650	3 10 2 12
1651	15 6 14 12
1652	18 9 6 11
1653	4 18 2 17
1654	15 19 12 1
1655	7 10 3 19
1656	5 20 12 7
1657	19 9 1 18
1658	9 19 7 1
1659	4 7 18 20
1660	9 17 6 10
1661	12 13 17 2
1662	5 20 14 3
1663	2 7 1 20
1664	8 20 3 14
1665	20 9 14 12
1666	15 8 18 20
1667	17 6 12 18
1668	5 12 19 15
1669	9 8 18 14
1670	13 12 11 5
1671	18 16 7 2
1672	9 10 6 20
1673	9 19 20 1
1674	7 15 4 11
1675	8 2 4 17
1676	19 15 7 1
1677	13 2 5 20
1678	12 10 3 1
1679	9 17 13 6
1680	13 7 15 14
1681	19 6 13 9
1682	8 14 1 20
1683	18 8 6 15
1684	14 3 11 7
1685	5 18 6 13
1686	17 2 1 20
1687	13 11 15 19
1688	2 5 12 18
1689	9 12 2 5
1690	14 13 9 8
1691	3 17 18 8
1692	1 7 13 11
1693	7 18 14 8
1694	14 16 3 15
1695	11 8 10 6
1696	7 9 1 18
1697	15 7 17 6
1698	12 8 2 6
1699	9 3 17 14
1700	17 2 3 20
1701	4 8 2 19
1702	8 6 10 16
1703	19 20 2 14
1704	10 15 9 11
1705	2 19 18 11
1706	5 4 8 9
1707	12 13 2 8
1708	6 12 10 13
1709	14 9 10 18
1710	12 16 3 17
1711	11 3 1 17
1712	14 8 20 1
1713	9 15 10 20
1714	17 15 2 3
1715	12 13 19 4
1716	1 10 2 16
1717	4 10 18 14
1718	15 16 5 2
1719	9 8 2 7
1720	15 6 8 2
1721	15 17 3 18
1722	6 14 17 3
1723	13 18 7 6
1724	10 11 18 9
1725	7 2 11 14
1726	9 11 17 4
1727	18 10 7 6
1728	20 4 14 19
1729	13 19 8 4
1730	4 18 16 8
1731	19 10 17 13
1732	5 11 13 4
1733	16 19 13 14
1734	8 10 15 5
1735	20 7 18 10
1736	7 4 6 5
1737	4 11 12 17
1738	5 16 6 20
1739	5 3 4 12
1740	8 20 7 14
1741	11 2 3 1
1742	12 11 6 10
1743	5 14 11 8
1744	4 3 13 10
1745	4 5 6 15
1746	19 18 13 2
1747	9 19 16 7
1748	2 10 17 16
1749	15 13 6 17
1750	4 15 18 5
1751	19 17 2 9
1752	2 3 15 11
1753	7 9 5 15
1754	15 20 17 13
1755	14 5 7 17
1756	12 18 20 4
1757	17 10 13 4
1758	16 17 10 18
1759	8 5 19 13
1760	17 9 8 20
1761	4 7 20 1
1762	3 19 10 2
1763	11 10 2 17
1764	18 5 2 20
1765	20 17 2 16
1766	15 4 8 16
1767	17 16 13 20
1768	17 13 1 4
1769	2 17 19 9
1770	20 3 8 9
1771	8 4 20 9
1772	20 2 10 7
1773	5 6 15 19
1774	14 13 12 18
1775	13 20 3 10
1776	2 15 3 13
1777	19 8 12 11
1778	5 19 11 14
1779	6 3 18 9
1780	16 19 18 10
1781	10 2 4 16
1782	14 18 9 7
1783	3 13 8 10
1784	20 7 9 5
1785	6 4 11 16
1786	16 7 8 15
1787	6 3 2 7
1788	9 18 2 4
1789	11 2 5 3
1790	2 19 5 10
1791	19 13 10 17
1792	17 10 2 18
1793	17 15 19 13
1794	17 14 3 6
1795	13 16 2 7
1796	7 19 13 17
1797	5 1 17 4
1798	11 6 16 15
1799	5 2 4 1
1800	7 3 17 13
1801	7 15 1 6
1802	9 18 12 11
1803	3 7 18 10
1804	1 5 19 10
1805	13 19 5 18
1806	14 7 20 15
1807	16 9 12 11
1808	4 18 14 17
1809	8 15 11 10
1810	3 4 14 17
1811	17 1 12 4
1812	3 18 5 4
1813	12 1 11 19
1814	1 8 6 19
1815	14 12 18 3
1816	7 9 2 12
1817	14 2 5 1
1818	5 17 14 16
1819	7 12 10 1
1820	13 18 6 20
1821	8 2 4 13
1822	3 16 9 2
1823	16 1 6 10
1824	7 5 6 14
1825	12 5 11 13
1826	20 19 6 8
1827	14 17 3 8
1828	14 10 13 1
1829	16 8 9 7
1830	13 5 20 7
1831	18 6 9 15
1832	14 9 6 1
1833	1 20 6 13
1834	8 5 15 6
1835	4 14 5 16
1836	10 9 8 4
1837	12 11 18 3
1838	12 3 6 7
1839	10 8 13 6
1840	4 11 3 1
1841	4 18 17 6
1842	4 15 10 20
1843	12 13 16 18
1844	1 12 19 13
1845	1 2 15 5
1846	5 16 14 13
1847	14 18 6 4
1848	15 17 7 8
1849	9 10 7 8
1850	13 12 14 16
1851	2 13 9 11
1852	7 2 5 9
1853	9 5 10 1
1854	11 15 17 12
1855	19 18 16 12
1856	14 13 2 11
1857	16 20 6 1
1858	12 14 13 1
1859	10 16 3 20
1860	4 3 16 15
1861	10 1 18 5
1862	1 13 20 8
1863	1 16 2 3
1864	2 18 14 12
1865	7 16 18 3
1866	17 13 7 14
1867	5 12 11 6
1868	13 8 5 15
1869	16 14 20 17
1870	19 8 17 9
1871	4 7 18 8
1872	11 7 15 1
1873	20 5 4 8
1874	19 7 18 9
1875	20 9 3 7
1876	14 1 18 9
1877	7 1 16 10
1878	8 20 19 2
1879	1 14 10 4
1880	7 16 12 13
1881	11 19 1 6
1882	5 11 10 4
1883	15 10 4 1
1884	9 20 6 14
1885	15 9 11 10
1886	2 5 4 3
1887	4 13 10 19
1888	5 8 13 4
1889	12 17 9 20
1890	20 6 2 17
1891	2 9 8 1
1892	18 12 6 11
1893	1 11 4 5
1894	4 20 12 6
1895	6 11 12 20
1896	7 1 17 16
1897	19 5 1 10
1898	17 8 15 6
1899	6 18 9 17
1900	16 13 10 6
1901	2 14 16 5
1902	18 7 8 4
1903	16 4 11 20
1904	14 15 9 18
1905	2 11 16 6
1906	4 16 6 8
1907	6 19 11 12
1908	20 6 2 18
1909	8 6 7 4
1910	4 9 1 2
1911	4 20 7 3
1912	17 19 15 9
1913	20 16 10 17
1914	18 16 15 4
1915	4 13 14 18
1916	14 6 11 18
1917	1 13 18 7
1918	18 17 14 13
1919	7 15 9 4
1920	10 5 15 6
1921	12 1 9 20
1922	16 6 12 5
1923	19 17 6 4
1924	9 19 17 14
1925	13 4 10 17
1926	15 17 10 1
1927	20 8 9 17
1928	16 11 14 3
1929	14 6 12 20
1930	5 9 17 20
1931	16 13 20 3
1932	12 19 11 1
1933	12 19 16 13
1934	2 6 12 5
1935	20 7 5 17
1936	11 16 3 5
1937	19 9 15 3
1938	20 9 16 8
1939	18 11 2 4
1940	2 6 7 15
1941	11 5 4 8
1942	16 5 4 8
1943	2 3 1 14
1944	6 10 15 12
1945	18 7 19 16
1946	3 16 12 13
1947	15 6 13 12
1948	11 14 10 16
1949	7 20 10 16
1950	8 1 9 6
1951	5 17 12 9
1952	4 17 19 16
1953	2 8 13 19
1954	1 9 15 3
1955	12 1 19 8
1956	6 19 20 16
1957	6 11 5 9
1958	10 18 5 19
1959	11 10 18 20
1960	15 5 7 4
1961	5 15 20 10
1962	1 19 15 6
1963	13 2 17 8
1964	2 5 7 4
1965	15 7 2 13
1966	9 19 13 15
1967	16 18 20 15
1968	17 15 3 19
1969	9 16 13 18
1970	2 1 13 8
1971	8 20 19 5
1972	2 17 13 3
1973	18 2 13 3
1974	3 10 4 5
1975	19 20 14 11
1976	7 4 12 8
1977	11 9 2 14
1978	8 19 7 9
1979	15 11 12 8
1980	4 1 18 20
1981	4 16 6 14
1982	7 8 19 17
1983	16 14 11 1
1984	6 11 20 12
1985	1 3 18 13
1986	6 3 2 4
1987	6 18 15 19
1988	11 13 18 16
1989	14 1 7 19
1990	14 6 2 15
1991	11 13 1 12
1992	2 19 11 8
1993	14 20 16 8
1994	18 1 6 3
1995	14 6 11 1
1996	10 5 1 20
1997	6 9 2 1
1998	2 12 20 17
1999	14 10 4 19
2000	15 8 4 5
2001	18 4 1 20
2002	4 2 1 13
2003	8 15 17 10
2004	8 15 13 9
2005	20 9 15 1
2006	20 15 5 16
2007	4 11 12 6
2008	8 6 16 11
2009	8 12 3 13
2010	18 5 12 1
2011	9 12 5 2
2012	19 15 5 4
2013	11 6 9 2
2014	9 13 5 11
2015	20 14 8 4
2016	9 16 1 15
2017	7 15 13 8
2018	20 8 17 4
2019	17 14 11 9
2020	16 1 12 10
2021	14 3 4 19
2022	8 15 1 10
2023	17 3 6 12
2024	8 15 17 2
2025	17 6 9 20
2026	18 7 10 19
2027	18 3 19 5
2028	1 18 15 12
2029	5 8 19 1
2030	2 5 1 7
2031	13 17 3 5
2032	7 12 15 16
2033	16 8 20 9
2034	19 1 10 15
2035	20 2 16 19
2036	2 4 6 18
2037	8 11 17 2
2038	15 14 11 3
2039	8 12 3 18
2040	8 12 5 2
2041	2 19 7 20
2042	6 8 10 2
2043	1 6 5 19
2044	19 2 18 5
2045	3 5 11 16
2046	16 6 10 19
2047	9 17 8 6
2048	10 11 9 19
2049	19 11 10 9
2050	14 8 20 16
2051	16 14 3 9
2052	18 12 16 10
2053	6 14 9 17
2054	20 5 8 10
2055	4 7 19 18
2056	16 18 11 8
2057	18 2 20 6
2058	5 17 18 6
2059	4 12 8 11
2060	1 7 4 2
2061	12 19 16 3
2062	19 9 4 10
2063	18 13 6 1
2064	1 9 19 14
2065	5 7 11 18
2066	1 9 11 16
2067	1 8 19 3
2068	3 14 7 2
2069	19 2 7 17
2070	19 2 1 17
2071	20 15 2 13
2072	14 7 20 3
2073	15 8 5 18
2074	17 12 8 7
2075	19 5 16 4
2076	9 20 10 8
2077	15 4 17 1
2078	4 6 15 16
2079	2 18 16 20
2080	7 12 11 5
2081	9 20 6 7
2082	19 4 11 2
2083	9 1 6 13
2084	13 18 9 15
2085	14 3 16 8
2086	15 3 9 18
2087	4 1 13 3
2088	17 13 3 9
2089	16 8 2 13
2090	2 3 20 5
2091	6 8 5 4
2092	20 7 1 8
2093	2 7 17 1
2094	14 2 1 12
2095	15 14 6 8
2096	14 19 13 2
2097	19 1 13 2
2098	9 10 4 3
2099	7 11 18 10
2100	3 16 12 10
2101	7 5 11 2
2102	16 17 5 8
2103	20 3 12 6
2104	9 16 14 11
2105	18 1 16 15
2106	4 6 17 19
2107	15 13 16 14
2108	13 4 17 3
2109	13 10 8 16
2110	15 2 10 8
2111	19 8 18 5
2112	15 10 18 12
2113	6 13 4 3
2114	1 6 12 13
2115	9 10 7 18
2116	20 5 18 7
2117	16 17 6 3
2118	11 13 2 20
2119	17 4 6 10
2120	4 5 1 2
2121	10 15 11 14
2122	8 7 5 14
2123	1 11 19 8
2124	3 17 11 19
2125	10 13 20 3
2126	16 14 3 12
2127	9 19 15 14
2128	6 20 5 18
2129	19 10 20 13
2130	1 3 12 19
2131	7 2 4 13
2132	9 18 16 8
2133	16 1 14 20
2134	2 12 17 3
2135	12 6 11 3
2136	18 9 13 4
2137	4 2 17 9
2138	7 3 6 5
2139	6 18 5 9
2140	12 7 3 14
2141	7 12 11 6
2142	14 12 18 10
2143	12 7 6 1
2144	3 11 14 12
2145	12 13 4 5
2146	12 5 9 10
2147	19 10 7 9
2148	5 1 17 13
2149	13 14 17 9
2150	16 15 10 19
2151	17 11 10 19
2152	17 10 11 15
2153	9 15 19 13
2154	12 9 20 8
2155	10 9 11 3
2156	13 20 7 1
2157	3 1 8 5
2158	10 9 19 18
2159	18 5 19 20
2160	2 12 18 5
2161	17 3 16 9
2162	14 13 12 10
2163	6 7 5 12
2164	10 19 3 9
2165	12 4 19 15
2166	7 9 16 18
2167	4 12 11 1
2168	16 4 18 6
2169	4 10 15 8
2170	7 2 13 19
2171	10 6 11 17
2172	17 15 1 2
2173	2 16 11 10
2174	17 3 6 20
2175	13 2 16 10
2176	9 7 15 5
2177	13 11 4 9
2178	18 4 6 15
2179	7 11 20 15
2180	19 16 5 11
2181	13 8 15 14
2182	19 18 12 15
2183	14 6 7 1
2184	17 14 19 20
2185	11 7 20 5
2186	11 18 13 12
2187	14 13 3 12
2188	9 3 12 8
2189	7 10 2 13
2190	17 6 8 15
2191	17 3 7 4
2192	9 17 13 19
2193	11 7 18 2
2194	13 8 15 5
2195	14 6 13 8
2196	18 4 13 15
2197	19 17 2 6
2198	6 3 5 17
2199	16 18 7 10
2200	17 14 18 5
2201	14 7 6 5
2202	2 16 8 18
2203	9 3 15 5
2204	16 3 18 7
2205	13 20 4 2
2206	4 17 10 8
2207	14 2 8 9
2208	5 8 16 13
2209	5 1 4 12
2210	14 1 5 17
2211	18 1 13 10
2212	14 15 9 7
2213	17 7 4 10
2214	20 15 2 5
2215	20 1 17 15
2216	16 14 9 12
2217	12 8 9 4
2218	1 14 11 20
2219	6 12 3 19
2220	7 3 4 10
2221	12 5 11 4
2222	16 6 20 9
2223	18 10 8 4
2224	11 8 15 4
2225	4 1 7 3
2226	12 5 7 15
2227	1 4 3 19
2228	7 9 10 20
2229	15 7 18 11
2230	20 5 6 14
2231	2 15 19 18
2232	17 7 3 13
2233	18 9 5 7
2234	16 1 9 7
2235	7 6 11 1
2236	10 3 6 15
2237	12 1 20 9
2238	13 20 19 3
2239	4 11 18 2
2240	19 3 9 17
2241	15 6 16 20
2242	16 2 18 14
2243	20 8 10 5
2244	13 16 19 18
2245	12 19 11 10
2246	8 12 19 17
2247	14 17 1 20
2248	9 6 17 8
2249	10 15 8 16
2250	2 15 9 17
2251	16 19 2 3
2252	9 13 14 7
2253	3 12 18 16
2254	3 15 14 11
2255	19 9 10 12
2256	3 18 15 5
2257	15 7 16 9
2258	3 7 17 16
2259	12 3 5 11
2260	8 11 19 6
2261	2 16 11 1
2262	1 2 11 4
2263	6 1 17 7
2264	10 1 7 16
2265	19 5 12 9
2266	8 2 14 12
2267	3 20 12 7
2268	20 9 2 13
2269	16 5 15 17
2270	9 20 18 6
2271	2 1 3 12
2272	1 15 11 16
2273	4 19 3 2
2274	15 2 13 10
2275	4 1 16 9
2276	18 14 12 16
2277	14 10 9 1
2278	8 3 19 4
2279	20 14 2 15
2280	15 2 5 6
2281	8 14 9 4
2282	10 7 5 11
2283	3 10 1 14
2284	4 15 9 11
2285	6 19 18 12
2286	2 20 3 6
2287	1 15 2 19
2288	5 19 20 8
2289	20 14 1 13
2290	17 12 20 10
2291	10 19 2 12
2292	4 1 16 19
2293	6 2 7 13
2294	17 10 3 12
2295	10 12 5 17
2296	18 11 9 16
2297	14 18 10 19
2298	18 11 20 3
2299	11 6 4 8
2300	14 20 13 17
2301	6 1 13 8
2302	16 18 4 2
2303	9 16 20 13
2304	3 14 16 10
2305	20 13 2 7
2306	18 12 5 16
2307	14 10 20 17
2308	4 16 9 7
2309	16 20 4 14
2310	17 5 15 2
2311	11 17 19 16
2312	17 5 13 8
2313	13 3 11 6
2314	16 2 9 18
2315	17 4 7 14
2316	2 12 4 11
2317	8 12 4 19
2318	6 1 12 19
2319	20 7 2 17
2320	18 11 1 3
2321	15 16 2 17
2322	6 1 18 16
2323	10 19 18 2
2324	7 14 2 10
2325	20 13 11 19
2326	14 1 10 12
2327	4 13 16 3
2328	9 3 2 8
2329	4 19 3 6
2330	5 7 6 12
2331	2 14 13 3
2332	15 1 3 8
2333	20 6 8 15
2334	20 5 4 18
2335	5 19 3 7
2336	20 7 4 19
2337	10 19 14 20
2338	18 8 19 7
2339	2 13 1 19
2340	17 20 9 13
2341	11 20 3 16
2342	6 1 19 18
2343	11 9 18 12
2344	1 3 5 13
2345	12 3 13 7
2346	3 18 15 10
2347	12 5 11 1
2348	16 12 3 13
2349	18 2 1 5
2350	2 13 3 19
2351	16 11 5 7
2352	9 3 13 4
2353	10 12 17 3
2354	20 1 12 3
2355	8 10 12 3
2356	11 16 15 5
2357	7 4 1 11
2358	4 15 17 2
2359	4 16 14 8
2360	16 13 2 3
2361	4 13 5 1
2362	20 2 7 4
2363	18 5 16 10
2364	4 10 3 12
2365	7 14 18 5
2366	17 13 16 6
2367	11 20 4 8
2368	7 14 6 8
2369	8 1 4 15
2370	9 1 19 8
2371	5 9 7 3
2372	14 20 13 6
2373	13 12 4 3
2374	2 18 16 6
2375	19 10 7 12
2376	1 20 16 3
2377	10 19 13 9
2378	6 13 12 9
2379	9 18 7 19
2380	3 2 9 18
2381	10 6 3 16
2382	18 2 19 8
2383	7 2 4 5
2384	19 3 5 11
2385	18 12 6 5
2386	2 8 12 20
2387	5 8 11 9
2388	13 1 11 10
2389	12 8 3 11
2390	13 15 14 3
2391	3 8 6 2
2392	12 6 16 17
2393	6 18 13 3
2394	14 16 15 7
2395	6 19 2 10
2396	17 11 18 2
2397	17 15 18 8
2398	19 1 9 18
2399	3 18 4 17
2400	11 19 16 13
2401	1 7 12 17
2402	1 19 3 7
2403	1 17 20 5
2404	7 4 15 2
2405	18 8 13 10
2406	4 3 7 5
2407	7 2 8 13
2408	6 13 2 7
2409	4 11 13 3
2410	13 12 7 8
2411	8 10 4 19
2412	3 1 12 19
2413	7 19 18 13
2414	4 10 7 3
2415	12 15 2 10
2416	6 17 3 11
2417	3 5 9 10
2418	1 18 9 3
2419	5 6 16 14
2420	1 20 3 2
2421	11 5 7 16
2422	15 14 13 12
2423	10 7 12 14
2424	9 20 19 13
2425	6 13 17 15
2426	14 4 10 15
2427	12 15 10 17
2428	15 4 20 13
2429	19 5 9 3
2430	19 8 15 14
2431	19 9 2 16
2432	10 17 5 14
2433	4 10 19 6
2434	6 19 11 1
2435	14 5 9 18
2436	17 2 16 4
2437	8 18 2 20
2438	20 2 18 10
2439	3 19 2 12
2440	17 2 5 16
2441	16 6 11 4
2442	15 10 4 3
2443	17 7 6 19
2444	7 2 11 17
2445	7 16 11 19
2446	19 3 9 10
2447	7 8 5 12
2448	1 7 10 12
2449	9 12 5 10
2450	20 11 17 9
2451	2 18 17 10
2452	5 11 3 15
2453	6 20 5 7
2454	13 15 10 20
2455	16 1 4 15
2456	4 20 13 17
2457	12 4 20 10
2458	12 19 4 17
2459	14 20 8 7
2460	9 18 1 2
2461	3 9 6 17
2462	16 19 14 2
2463	6 19 16 15
2464	12 16 11 17
2465	18 19 2 7
2466	5 12 15 7
2467	4 16 9 7
2468	19 15 13 8
2469	20 3 12 1
2470	19 12 5 2
2471	12 8 2 9
2472	15 9 3 10
2473	1 10 16 18
2474	13 17 1 9
2475	13 2 3 6
2476	9 18 13 16
2477	20 12 9 10
2478	4 5 17 14
2479	6 11 8 3
2480	15 18 11 16
2481	14 7 10 5
2482	3 12 19 5
2483	16 17 6 10
2484	6 16 7 8
2485	17 6 8 2
2486	13 9 19 15
2487	16 8 10 1
2488	14 11 6 3
2489	19 18 6 13
2490	19 6 14 11
2491	12 1 10 14
2492	2 7 17 18
2493	10 17 11 12
2494	2 9 16 6
2495	18 20 9 7
2496	7 15 20 17
2497	6 17 15 5
2498	18 11 19 4
2499	9 19 20 4
2500	16 9 6 5
2501	20 6 9 19
2502	16 9 6 20
2503	9 10 14 1
2504	5 7 17 15
2505	5 4 14 8
2506	12 16 1 15
2507	12 17 6 5
2508	18 17 13 19
2509	6 13 5 1
2510	5 7 19 20
2511	4 5 13 11
2512	8 19 11 18
2513	11 14 8 15
2514	15 17 4 16
2515	13 4 18 10
2516	1 16 5 20
2517	3 8 13 15
2518	14 1 3 13
2519	2 18 8 10
2520	10 14 9 5
2521	5 1 7 19
2522	1 12 18 11
2523	9 6 10 8
2524	12 9 3 10
2525	8 12 16 14
2526	2 1 3 13
2527	16 19 13 15
2528	9 7 5 13
2529	7 13 18 9
2530	12 3 9 13
2531	7 11 4 3
2532	4 16 3 13
2533	5 15 2 4
2534	17 20 14 18
2535	12 8 11 10
2536	18 15 4 19
2537	1 7 6 3
2538	14 7 4 2
2539	18 10 4 19
2540	3 16 14 4
2541	18 19 6 11
2542	20 13 8 18
2543	11 7 12 3
2544	18 5 15 7
2545	20 13 1 3
2546	16 4 17 14
2547	1 13 5 20
2548	11 7 8 12
2549	3 12 9 17
2550	8 20 12 10
2551	5 15 13 7
2552	6 12 3 2
2553	2 16 18 8
2554	17 16 6 14
2555	8 16 19 4
2556	3 15 17 1
2557	6 14 20 9
2558	15 11 12 14
2559	10 8 16 18
2560	8 3 14 12
2561	6 4 10 7
2562	1 17 9 2
2563	1 18 3 17
2564	8 14 9 10
2565	5 10 3 12
2566	12 19 14 2
2567	4 17 12 5
2568	19 11 2 9
2569	3 20 2 11
2570	6 11 12 9
2571	17 19 1 7
2572	15 6 14 19
2573	17 2 16 5
2574	1 5 4 9
2575	18 1 12 10
2576	18 3 8 1
2577	4 7 17 2
2578	4 7 1 13
2579	5 3 1 20
2580	6 20 17 4
2581	5 20 11 14
2582	3 16 5 12
2583	10 3 19 9
2584	5 2 6 15
2585	14 5 16 20
2586	2 5 4 20
2587	7 18 11 16
2588	20 3 15 9
2589	8 2 5 12
2590	12 4 1 9
2591	2 20 15 18
2592	19 5 17 4
2593	18 15 13 5
2594	8 3 10 14
2595	10 5 7 8
2596	5 19 13 2
2597	17 10 1 3
2598	18 12 5 9
2599	12 17 14 15
2600	4 5 20 8
2601	11 12 2 8
2602	6 19 13 4
2603	17 7 11 9
2604	11 2 1 10
2605	15 5 10 19
2606	13 3 6 16
2607	11 4 10 7
2608	8 20 10 12
2609	10 18 14 19
2610	19 7 16 13
2611	10 14 16 17
2612	14 4 1 18
2613	11 12 10 8
2614	20 6 16 11
2615	9 7 4 1
2616	19 16 2 13
2617	11 9 4 3
2618	17 6 16 18
2619	14 17 15 7
2620	10 8 14 11
2621	17 3 9 12
2622	9 19 18 20
2623	17 2 13 6
2624	18 16 8 11
2625	2 4 16 12
2626	18 16 2 7
2627	16 20 15 19
2628	3 1 18 2
2629	6 15 8 16
2630	3 2 5 19
2631	7 6 19 8
2632	11 15 9 12
2633	8 6 10 16
2634	15 16 13 20
2635	16 5 19 13
2636	20 9 8 7
2637	19 2 6 11
2638	8 14 17 4
2639	11 19 6 16
2640	12 11 9 20
2641	1 2 9 7
2642	13 19 5 7
2643	16 4 1 8
2644	1 9 20 16
2645	7 15 2 11
2646	7 10 14 18
2647	10 9 7 8
2648	8 11 13 9
2649	1 2 5 6
2650	16 12 14 15
2651	20 3 14 7
2652	3 15 1 11
2653	5 3 12 20
2654	4 20 17 1
2655	3 1 19 8
2656	19 4 20 5
2657	6 1 17 5
2658	14 15 18 2
2659	19 3 20 7
2660	13 19 8 7
2661	12 1 19 14
2662	5 8 3 15
2663	13 16 3 10
2664	20 7 5 6
2665	11 17 14 15
2666	13 9 19 20
2667	5 6 18 9
2668	14 11 8 4
2669	19 17 8 7
2670	8 4 6 1
2671	3 15 18 5
2672	18 15 9 3
2673	9 7 11 18
2674	14 11 18 13
2675	6 15 8 10
2676	1 12 5 6
2677	12 8 14 3
2678	12 19 5 17
2679	8 6 9 2
2680	1 15 3 11
2681	13 15 19 18
2682	3 9 6 16
2683	11 19 15 4
2684	9 12 15 8
2685	18 1 8 6
2686	12 13 19 14
2687	18 19 9 11
2688	20 5 1 14
2689	10 9 20 19
2690	15 2 1 19
2691	18 17 3 19
2692	3 17 10 19
2693	12 10 16 15
2694	13 5 11 12
2695	18 9 17 19
2696	15 6 17 16
2697	12 9 6 5
2698	5 13 11 15
2699	18 8 11 15
2700	14 2 11 10
2701	14 2 7 8
2702	1 8 5 20
2703	10 2 6 9
2704	15 14 18 13
2705	13 1 3 16
2706	15 4 14 17
2707	13 15 14 11
2708	19 3 18 9
2709	12 16 14 10
2710	14 11 5 9
2711	13 9 14 3
2712	19 17 2 16
2713	1 2 4 14
2714	4 14 6 11
2715	4 11 10 2
2716	16 17 9 18
2717	11 14 1 13
2718	13 10 7 19
2719	6 7 15 17
2720	2 20 17 5
2721	4 10 16 5
2722	9 2 6 7
2723	12 2 8 6
2724	1 12 11 14
2725	10 15 16 8
2726	2 1 7 17
2727	17 2 1 16
2728	2 7 9 16
2729	2 6 10 15
2730	16 20 13 6
2731	1 13 16 5
2732	7 10 4 3
2733	14 3 1 10
2734	6 4 20 15
2735	20 9 15 17
2736	17 19 16 10
2737	5 20 12 13
2738	1 14 8 12
2739	18 15 1 9
2740	6 18 20 10
2741	13 12 18 8
2742	12 15 6 17
2743	17 14 15 4
2744	11 4 20 3
2745	10 11 18 2
2746	17 18 1 13
2747	12 5 18 11
2748	19 6 12 8
2749	20 18 19 9
2750	6 14 18 12
2751	2 7 1 10
2752	5 9 4 3
2753	15 7 20 6
2754	5 16 14 12
2755	8 19 6 20
2756	7 2 3 11
2757	6 14 3 1
2758	6 7 11 13
2759	13 14 5 4
2760	19 4 5 11
2761	14 13 11 12
2762	1 11 8 15
2763	12 6 17 19
2764	17 2 7 14
2765	13 12 17 7
2766	14 9 4 13
2767	3 15 10 8
2768	19 7 1 15
2769	13 19 14 11
2770	10 13 8 20
2771	1 14 15 13
2772	7 2 15 10
2773	1 3 18 9
2774	9 5 18 8
2775	6 15 12 2
2776	16 18 13 10
2777	19 15 13 4
2778	1 18 6 19
2779	16 20 19 3
2780	2 11 12 5
2781	9 20 18 10
2782	19 18 7 4
2783	3 19 6 7
2784	20 1 2 16
2785	18 16 14 7
2786	20 6 16 10
2787	18 3 17 16
2788	11 1 7 8
2789	6 20 17 19
2790	7 10 14 5
2791	2 8 20 1
2792	6 5 7 16
2793	17 3 9 1
2794	4 9 2 12
2795	16 12 9 4
2796	13 6 9 1
2797	15 16 7 13
2798	12 2 5 1
2799	17 20 7 12
2800	6 18 2 17
2801	9 1 5 2
2802	2 16 7 18
2803	14 15 2 16
2804	11 18 6 7
2805	1 18 13 20
2806	6 20 3 14
2807	5 9 7 15
2808	17 9 5 15
2809	9 5 10 16
2810	6 7 4 10
2811	4 7 2 18
2812	9 1 14 17
2813	4 15 12 8
2814	19 11 9 12
2815	18 13 19 8
2816	20 17 15 13
2817	7 19 18 2
2818	7 1 3 14
2819	20 17 19 6
2820	1 18 20 16
2821	7 20 15 14
2822	19 14 15 20
2823	19 18 20 11
2824	20 2 9 5
2825	5 16 18 13
2826	8 14 9 4
2827	13 19 8 3
2828	20 15 17 10
2829	9 5 20 1
2830	4 8 18 13
2831	11 15 20 2
2832	7 18 12 13
2833	12 8 20 16
2834	18 14 3 19
2835	14 12 18 1
2836	1 9 7 6
2837	8 13 12 11
2838	1 9 13 17
2839	18 14 13 17
2840	6 14 11 8
2841	17 3 12 19
2842	4 9 1 13
2843	9 20 12 19
2844	18 9 14 16
2845	15 7 2 5
2846	11 7 4 16
2847	12 15 17 13
2848	17 16 1 13
2849	14 6 13 1
2850	18 1 6 7
2851	6 11 4 8
2852	1 17 16 19
2853	9 19 20 18
2854	18 16 13 7
2855	15 20 3 6
2856	11 10 14 12
2857	17 1 20 19
2858	5 4 20 12
2859	8 5 18 1
2860	8 13 6 20
2861	7 17 5 3
2862	18 10 17 20
2863	3 9 19 1
2864	18 19 15 20
2865	19 15 1 14
2866	14 13 15 11
2867	12 10 3 6
2868	4 20 1 15
2869	8 12 1 14
2870	19 10 18 12
2871	12 5 4 11
2872	6 7 11 10
2873	20 13 9 17
2874	10 11 1 19
2875	17 9 2 5
2876	2 13 4 10
2877	5 9 1 8
2878	8 13 17 16
2879	8 17 11 6
2880	2 19 7 11
2881	14 18 3 4
2882	12 19 18 2
2883	3 9 2 19
2884	12 8 2 11
2885	10 19 4 15
2886	10 8 7 5
2887	15 7 5 16
2888	17 16 15 4
2889	9 5 4 18
2890	11 6 18 12
2891	19 4 17 8
2892	10 18 7 11
2893	16 10 12 14
2894	12 20 6 7
2895	2 4 18 13
2896	2 1 19 7
2897	18 8 3 13
2898	8 14 11 19
2899	3 11 4 14
2900	20 15 16 17
2901	11 5 15 19
2902	4 16 7 13
2903	6 1 2 17
2904	9 2 7 18
2905	10 13 8 4
2906	15 14 17 5
2907	1 16 5 18
2908	12 6 7 9
2909	12 1 4 18
2910	2 15 4 19
2911	17 14 20 2
2912	17 14 6 16
2913	4 9 7 18
2914	4 3 1 18
2915	16 15 9 17
2916	12 2 13 11
2917	11 17 19 13
2918	10 4 13 2
2919	19 4 14 9
2920	19 18 5 17
2921	19 2 3 10
2922	6 15 19 5
2923	9 5 2 12
2924	7 10 11 19
2925	7 13 8 4
2926	17 16 7 15
2927	8 12 3 9
2928	4 6 11 8
2929	1 19 15 4
2930	6 1 13 2
2931	14 6 18 13
2932	7 20 8 12
2933	1 16 10 20
2934	9 13 17 16
2935	1 19 2 11
2936	16 13 19 14
2937	14 20 18 12
2938	1 9 16 5
2939	5 4 12 9
2940	11 4 20 2
2941	2 20 7 11
2942	14 12 5 16
2943	1 10 6 19
2944	7 20 3 17
2945	14 19 13 17
2946	1 5 12 4
2947	9 4 14 17
2948	7 10 16 6
2949	10 9 20 14
2950	20 6 5 17
2951	9 20 2 15
2952	2 15 19 14
2953	12 20 16 5
2954	11 2 17 7
2955	16 10 9 11
2956	4 5 2 12
2957	6 20 8 11
2958	15 19 14 18
2959	18 4 13 17
2960	10 18 5 17
2961	4 20 14 10
2962	19 3 14 17
2963	6 11 12 18
2964	17 4 18 13
2965	7 18 3 15
2966	8 14 19 6
2967	17 15 9 12
2968	1 6 16 11
2969	2 11 19 18
2970	10 5 7 16
2971	8 3 5 15
2972	18 19 9 11
2973	15 12 5 7
2974	15 1 4 18
2975	15 5 10 9
2976	16 10 3 15
2977	13 8 11 9
2978	12 7 6 20
2979	3 5 17 11
2980	15 20 6 4
2981	9 6 5 15
2982	3 13 10 6
2983	18 20 15 4
2984	3 20 9 14
2985	18 13 5 15
2986	17 11 16 15
2987	15 4 18 7
2988	17 1 18 4
2989	19 3 11 13
2990	3 8 19 13
2991	2 16 20 3
2992	6 17 7 2
2993	3 9 13 8
2994	12 17 4 15
2995	2 10 19 4
2996	1 12 5 9
2997	11 4 7 10
2998	14 4 8 9
2999	14 16 17 9
3000	10 3 2 9
