Students	1000
1	807 2561 2504 1964
2	115 940 851 1753
3	1080 1223 590 538
4	1584 324 2473 2818
5	1906 1911 336 2201
6	2663 1460 2370 2238
7	2219 2600 2639 402
8	2629 2268 2728 1343
9	2634 1982 1432 1627
10	2717 2467 1395 2874
11	1260 2842 545 1768
12	2118 2743 2095 499
13	1436 1099 24 2884
14	2053 1515 34 678
15	1670 2486 1552 2443
16	955 1202 2693 2996
17	1641 1811 122 1803
18	326 480 423 2370
19	2200 1776 945 1275
20	1209 2305 962 89
21	2861 2519 2533 2481
22	2644 2238 207 2619
23	2247 2261 149 2971
24	1826 2085 2574 2385
25	464 2779 1214 2128
26	1035 1834 890 351
27	2298 2879 963 343
28	689 485 206 209
29	2555 556 1473 170
30	173 1595 1994 1305
31	1742 2138 2306 826
32	297 1096 26 70
33	2640 2446 1311 2828
34	2499 2390 2778 745
35	127 801 2654 2866
36	36 1668 488 2532
37	2925 2604 920 1166
38	590 1973 938 990
39	2665 208 51 2557
40	809 721 1767 521
41	919 920 1127 331
42	1408 2121 2541 2198
43	1538 1106 355 605
44	494 1319 1919 2866
45	2774 2683 291 1466
46	2799 14 1141 1554
47	1329 2650 122 1497
48	1512 2855 2628 1618
49	1558 2748 2956 526
50	2357 53 1785 791
51	1613 1937 1274 463
52	1464 2386 100 437
53	381 2980 268 2986
54	2536 2062 1391 1704
55	540 1227 1459 2602
56	1611 881 469 96
57	2068 1469 2940 151
58	618 582 2699 85
59	2954 726 757 2266
60	2678 1426 789 2879
61	1800 796 1292 579
62	913 705 1770 1237
63	2361 578 126 1558
64	234 2225 462 2443
65	1929 2340 648 816
66	319 2632 735 2989
67	2809 443 747 560
68	1645 2971 684 1410
69	2869 2417 2106 2446
70	1103 933 2274 884
71	476 804 2171 637
72	336 1900 1254 746
73	2777 728 468 173
74	524 174 28 1949
75	1544 1889 916 2920
76	2879 619 1833 1721
77	436 2408 2859 1426
78	683 1395 917 1227
79	644 2843 919 2831
80	1125 1519 496 1983
81	2539 1669 300 709
82	1707 1603 2068 1971
83	952 1535 2991 261
84	1402 1354 1160 1054
85	1297 1811 2274 680
86	2133 1265 1836 2192
87	1734 2143 1193 732
88	1514 304 241 1270
89	54 1098 2063 1690
90	1143 465 2112 2955
91	2897 2398 2755 1679
92	2026 1603 1611 2985
93	356 778 2367 2259
94	977 1208 1896 1611
95	1862 2123 1977 684
96	1108 1556 1717 2553
97	2640 2244 509 2728
98	2690 1042 848 2864
99	807 465 1236 283
100	906 513 1428 2405
101	1491 108 1228 2055
102	1086 2962 2280 362
103	1106 932 2009 2692
104	208 126 2972 1249
105	2139 2693 2849 2497
106	478 1295 2801 2210
107	1499 2159 578 558
108	2883 972 2036 2195
109	1641 1210 2363 1647
110	1628 10 1588 587
111	2322 997 2800 597
112	353 351 883 2339
113	1920 1623 2679 75
114	997 656 2988 2373
115	847 2348 1101 722
116	1090 2848 59 111
117	2605 2981 91 2525
118	2172 2874 1923 1473
119	2540 864 1604 1008
120	878 2975 2047 412
121	348 1702 2724 432
122	1092 1185 2314 2230
123	1794 2395 1033 611
124	1346 1965 948 1358
125	1056 102 2499 2207
126	445 1503 2478 120
127	457 837 2803 2495
128	2010 1555 2031 1148
129	1220 1154 883 1548
130	1358 570 2225 625
131	1194 751 439 562
132	2823 2311 1741 1368
133	273 2253 459 2737
134	2243 1269 115 1975
135	515 2903 1238 2553
136	984 1843 505 1764
137	1665 1499 1090 669
138	2436 2497 1091 150
139	1003 2597 1821 1817
140	2489 968 1432 278
141	82 747 1203 78
142	2986 2073 1445 341
143	72 455 1969 813
144	690 2649 2735 898
145	1004 2456 2477 206
146	715 859 2849 1756
147	303 2017 2914 935
148	832 1285 1474 2602
149	2517 1077 1954 883
150	2436 51 2898 1466
151	163 1305 2968 31
152	2346 2682 2957 449
153	2085 511 1351 2759
154	2930 2340 388 690
155	2675 1230 1155 715
156	1359 1767 889 609
157	1694 2885 1116 2158
158	63 1389 296 699
159	2346 1493 2246 324
160	1700 1879 2112 864
161	573 1662 1474 2790
162	1170 1833 1174 250
163	1400 2350 2342 133
164	2372 1209 2513 2896
165	1400 851 527 1308
166	2560 1739 2418 1222
167	2144 1387 918 177
168	2255 1708 1463 374
169	2708 1823 1155 423
170	2783 2234 633 2869
171	1008 195 1973 789
172	523 550 1852 1663
173	1894 1996 265 2076
174	14 1747 2060 1861
175	1576 2571 692 2710
176	2027 2953 576 2678
177	1034 2403 652 2887
178	2686 2072 768 1026
179	1667 1643 770 1368
180	1645 2959 2063 183
181	2431 902 2514 2861
182	2232 181 2093 466
183	271 2041 303 1702
184	327 2476 1172 1579
185	2581 2546 1380 92
186	1575 514 527 2469
187	1904 1025 1892 2607
188	1361 1661 2558 2973
189	2989 1357 1994 1928
190	1713 2168 2020 2366
191	2682 175 1373 2885
192	2071 2473 352 1067
193	21 2546 1426 2846
194	2542 208 1423 1279
195	180 62 317 283
196	2972 1975 1724 169
197	722 1908 438 3
198	2776 2031 522 2401
199	882 9 1205 993
200	116 689 1695 354
201	1289 1926 878 1202
202	2586 493 2889 1245
203	2785 1849 1926 704
204	2118 1103 268 1592
205	622 840 1641 1752
206	1339 2242 506 2024
207	453 2304 1014 1073
208	127 2134 724 2354
209	2159 2684 459 448
210	1536 461 887 70
211	595 1377 1755 214
212	2718 2136 683 2020
213	2895 1069 560 2656
214	852 968 148 2982
215	966 898 1089 1561
216	2467 2766 244 2114
217	2300 1209 968 1232
218	2868 1371 261 1897
219	151 1098 940 2216
220	2692 792 1332 2157
221	1554 1457 970 1759
222	2884 731 1431 68
223	1546 863 2390 622
224	2619 659 51 1698
225	282 367 2033 322
226	1932 925 335 2662
227	2585 2040 843 1196
228	1955 392 1660 2796
229	1730 38 188 2815
230	854 669 1675 1446
231	34 946 1079 241
232	2630 156 1510 2013
233	2058 1250 1673 1502
234	2074 1892 259 774
235	892 1955 2861 1271
236	1188 2556 2015 694
237	191 1667 2347 2313
238	2426 908 2577 56
239	2234 1807 1481 588
240	2086 1492 1514 93
241	2403 97 1163 2110
242	167 596 1597 1611
243	26 2019 417 1732
244	1890 2140 2604 2631
245	2579 1590 1729 1896
246	1045 2530 2227 2585
247	748 2547 982 1137
248	115 1406 1296 2322
249	824 879 1716 1708
250	37 1753 670 2346
251	1353 2567 639 2120
252	207 2893 60 2178
253	866 422 667 1660
254	136 1658 1638 522
255	2908 2033 2363 1050
256	912 235 1631 1114
257	2430 59 465 1387
258	1301 1163 2132 601
259	933 1378 2220 1295
260	32 1354 1135 1664
261	2517 1052 491 2845
262	1447 137 262 1775
263	1290 513 1058 321
264	301 1976 897 540
265	2270 2010 2258 1218
266	1096 765 1307 1414
267	143 1998 2959 1027
268	1894 470 1011 2836
269	1872 964 40 408
270	1049 1325 4 1377
271	2323 25 2859 186
272	2811 2844 510 2406
273	2635 611 767 327
274	1220 539 2755 41
275	146 608 2490 595
276	2114 457 2736 726
277	245 2474 236 2988
278	484 1489 1235 751
279	489 2098 1542 1285
280	1794 2800 1235 2273
281	1822 505 2390 1115
282	1171 1765 1604 2075
283	2694 935 1695 1899
284	739 1378 1280 211
285	1236 383 1209 754
286	1573 2307 1300 2061
287	1602 1248 1936 1097
288	2059 2564 858 2936
289	870 1523 1481 1117
290	2588 2144 1111 1394
291	770 1708 294 2585
292	1763 958 2706 2772
293	752 2555 2487 2640
294	1368 971 15 132
295	693 2764 2918 1133
296	2537 2606 740 1847
297	2751 1786 1373 986
298	2595 2266 1975 1433
299	2577 148 126 2678
300	1114 1133 1970 962
301	255 908 1739 468
302	759 1403 1675 444
303	2976 289 1850 1382
304	479 2622 1734 1985
305	2536 2961 1719 129
306	1549 941 901 274
307	358 1016 611 2228
308	2924 821 1842 59
309	2714 2320 2582 2457
310	1239 71 41 1702
311	2397 1696 941 1534
312	669 2983 2979 2682
313	18 1199 1633 2466
314	2686 1878 2904 1068
315	2562 2689 2893 471
316	2575 432 2441 2430
317	1774 961 2940 2619
318	311 1910 1840 1478
319	292 2753 2048 1454
320	1176 670 2059 1891
321	302 1226 2154 834
322	2178 222 860 1278
323	1847 791 171 1000
324	1026 1600 1895 1085
325	1650 1539 1471 1541
326	2057 1856 242 2432
327	2612 80 410 2420
328	2128 2190 1041 2411
329	864 1121 498 1528
330	1078 1455 1805 1246
331	427 1856 709 442
332	908 653 628 1938
333	216 1959 2545 2055
334	2353 2471 1854 2597
335	258 2905 2813 1623
336	14 968 1874 2550
337	2570 241 1641 470
338	1685 2138 2480 582
339	1250 543 1036 1157
340	908 1311 1757 1264
341	2831 2909 280 2294
342	1239 192 694 1256
343	2991 110 2690 2431
344	2015 1726 1668 2751
345	1158 1831 691 2527
346	1795 17 2617 1884
347	2525 2891 820 1441
348	1921 110 117 854
349	2363 858 143 2634
350	1943 1669 2667 869
351	2441 1067 658 2912
352	1859 333 1342 2655
353	2694 2789 582 1457
354	366 1985 484 2274
355	85 1114 938 743
356	2486 65 408 2369
357	1934 1974 1605 1024
358	1052 2717 39 601
359	704 1768 2983 117
360	2703 1646 2137 2121
361	1483 2112 571 2993
362	1080 1396 2157 1264
363	2089 443 1215 394
364	2994 55 2957 396
365	884 1459 355 2202
366	1340 374 2402 899
367	1021 754 2481 2632
368	1551 1823 509 1694
369	2950 2497 2042 2566
370	307 1238 1056 2445
371	567 510 2361 1350
372	2176 444 609 2703
373	2443 1801 2573 297
374	748 559 2642 2662
375	1061 331 353 1883
376	2689 2623 889 1015
377	2984 622 125 168
378	2974 657 1218 1497
379	299 1772 1583 439
380	2370 2430 232 1189
381	2620 2451 1762 2321
382	1014 1843 2397 2476
383	2282 578 1455 2708
384	1650 2181 2812 2695
385	248 581 1615 2838
386	1833 339 1815 1029
387	1543 2481 1380 1631
388	1063 2626 1349 40
389	810 1406 639 1044
390	1458 1814 2511 426
391	887 2651 2497 689
392	1209 2766 2917 2120
393	957 1002 1708 1303
394	2638 1248 1424 2737
395	1090 2700 28 1809
396	208 2371 2384 577
397	611 1219 1584 755
398	415 563 1991 980
399	868 1881 1681 748
400	907 1023 1328 722
401	2608 2323 2039 244
402	713 1222 2538 2390
403	1176 1853 1242 560
404	1825 268 36 1306
405	2358 2926 147 1415
406	2828 2760 952 2452
407	2644 2164 1268 500
408	593 1186 1891 2186
409	195 2739 2535 1700
410	435 2916 2826 1142
411	715 327 2526 2471
412	373 2461 1274 2673
413	874 1387 1113 2691
414	2484 1849 64 531
415	1781 2138 1582 2871
416	1507 1782 1793 2117
417	1370 2316 1567 111
418	1109 1609 1638 1663
419	387 609 2703 1442
420	401 1132 1445 9
421	1934 1547 1629 2381
422	412 1835 990 1394
423	2309 2664 2947 2479
424	375 2308 2045 2648
425	1081 1778 2922 2499
426	1754 2362 2256 2594
427	2057 476 133 2508
428	982 734 2011 2176
429	1941 119 2885 2723
430	922 191 324 887
431	1126 1091 2053 1275
432	2047 1394 1346 2500
433	1167 451 1076 281
434	2283 2034 2391 1838
435	1037 718 1111 1673
436	2413 460 407 2421
437	1320 177 859 2092
438	1810 2357 2526 280
439	1992 820 2265 942
440	1149 2941 1805 2994
441	1425 886 277 2225
442	2591 650 1426 1157
443	2688 1908 950 257
444	705 426 1514 1919
445	2129 174 2613 583
446	1201 352 2346 100
447	613 1653 356 563
448	272 1742 1045 1509
449	2638 647 2938 1035
450	1044 1632 1907 1608
451	1863 719 2245 1253
452	1337 105 1260 518
453	380 872 657 2980
454	1557 992 1254 536
455	2315 2445 2178 1049
456	180 1088 2174 887
457	2065 2763 1841 1078
458	2871 2371 778 294
459	1685 2274 2828 1196
460	2804 2477 835 1185
461	1579 1697 2864 2616
462	328 209 2359 917
463	1807 2542 2769 2819
464	2556 845 1122 297
465	902 1349 1638 752
466	954 673 1860 1947
467	1169 2050 2896 45
468	2424 1412 2037 2652
469	975 8 2446 1613
470	1764 981 323 2766
471	1535 514 1386 1258
472	2762 2518 861 2034
473	1203 902 2180 2977
474	2528 545 85 1828
475	1186 1819 2832 577
476	1936 1787 228 2759
477	2032 778 490 14
478	366 1359 782 2929
479	1125 682 1982 2425
480	1139 2797 2985 2779
481	2770 1755 2134 1335
482	1277 846 1962 1457
483	259 1131 2204 1788
484	2370 1836 416 1993
485	2609 2209 1550 300
486	506 2109 1749 2274
487	1416 1933 607 523
488	1325 1076 2167 805
489	1503 1207 426 346
490	1334 1286 2803 1660
491	2707 1844 1449 2814
492	1693 2219 965 2737
493	1359 746 1802 1792
494	1689 2455 1519 1472
495	585 339 248 2639
496	107 1460 2982 2626
497	2717 2812 2979 2371
498	1684 291 187 1453
499	1624 194 1741 854
500	2738 1332 410 2705
501	1841 2022 1252 1445
502	1965 427 1577 343
503	1856 1056 600 237
504	294 1750 611 606
505	2928 2349 268 1663
506	2471 1210 171 1231
507	1200 907 1546 2615
508	2901 2346 1911 2086
509	845 218 2505 2520
510	5 2313 2989 2283
511	1307 2024 275 2917
512	125 904 1902 1008
513	1596 2947 1182 2050
514	1704 1388 2749 2803
515	1880 861 349 2761
516	128 473 1813 1882
517	1437 2337 596 2652
518	315 723 800 1261
519	2260 1957 938 935
520	2698 2487 1316 1998
521	2339 885 1692 2751
522	1865 1592 1059 1733
523	864 780 2083 2875
524	1665 2963 2839 949
525	1214 2904 1372 1799
526	2116 751 1920 896
527	761 1128 2880 1986
528	1926 595 235 1092
529	2109 558 830 1834
530	924 1286 1828 517
531	450 1482 1723 435
532	1099 2334 2394 2231
533	2276 570 941 1580
534	365 2746 2014 1097
535	660 2445 2527 2743
536	528 760 2142 564
537	2833 113 2476 814
538	2255 2275 2573 2078
539	1710 1158 1574 302
540	165 332 2501 2702
541	2414 1152 2674 496
542	435 189 882 1795
543	2764 2320 2380 1666
544	1538 2339 177 286
545	2022 249 1451 2873
546	2946 1189 2042 86
547	10 1209 1744 2218
548	1838 118 843 1501
549	2007 2578 1266 1546
550	2948 174 837 1227
551	2596 2834 1884 570
552	1846 879 562 534
553	2839 1689 425 236
554	1027 2334 403 607
555	1870 1110 2293 1813
556	201 1190 446 766
557	1143 2252 1358 719
558	2251 1995 1581 2317
559	1232 1689 742 2448
560	1269 2969 2391 1233
561	137 1818 2128 168
562	2085 1392 2676 1570
563	1663 1831 570 630
564	1585 1534 463 670
565	448 1342 220 2881
566	59 1339 2071 1612
567	735 462 1153 1064
568	1641 1061 1300 2154
569	959 989 2370 1119
570	2789 1480 2921 559
571	657 1290 235 2660
572	493 2501 2593 2158
573	1133 1481 1980 547
574	2738 583 1892 1304
575	677 2639 1485 2809
576	442 2787 506 2559
577	4 1997 371 1496
578	821 63 1657 2436
579	888 1356 463 1882
580	1798 2923 1615 876
581	2752 1388 1930 1035
582	747 2698 613 822
583	248 2958 884 1306
584	1442 2243 710 1801
585	1560 1220 902 578
586	2697 2222 1038 1279
587	2382 891 2829 1324
588	720 1954 544 806
589	180 906 2376 1512
590	728 2257 2650 2500
591	1459 2531 1318 2293
592	1880 2758 381 2365
593	2394 2934 727 2069
594	1005 1777 276 1151
595	2215 337 1382 2131
596	77 140 912 1097
597	2302 1961 1552 428
598	753 2052 2118 2815
599	2931 265 2550 1257
600	2671 2647 1906 1862
601	118 1284 2866 779
602	533 772 1800 2188
603	2910 1348 2396 145
604	321 224 2661 2599
605	1920 1934 2097 1827
606	221 2810 186 706
607	780 1077 547 2332
608	1133 2441 1110 2473
609	1512 435 151 1955
610	1808 2803 2671 1516
611	1672 2958 311 497
612	2838 178 167 2589
613	371 1955 1578 2057
614	902 522 2417 460
615	1081 400 2823 1961
616	754 2097 650 345
617	2313 2386 1605 2735
618	532 2713 2739 1490
619	972 1801 1356 712
620	1040 969 2878 202
621	1364 1610 2586 2362
622	648 1870 618 1680
623	437 483 2215 1817
624	469 1690 777 1424
625	2971 2950 1120 246
626	1424 1135 1045 2757
627	2963 864 349 821
628	2727 550 1080 2063
629	2528 2578 1884 854
630	2239 2267 673 1817
631	2121 2983 594 1488
632	982 1085 1976 2255
633	1868 403 948 843
634	2960 397 2974 1643
635	1233 1294 2193 2993
636	1222 2586 1276 2608
637	1177 1669 2107 1381
638	2892 2996 1885 789
639	321 347 5 2422
640	2602 88 2964 218
641	502 307 1499 1972
642	2521 1277 646 2365
643	1409 2739 2543 2173
644	1796 2412 691 620
645	791 1790 2538 1781
646	1920 2959 1300 162
647	2970 496 1748 635
648	2114 583 1577 1714
649	1141 2991 950 2183
650	2438 2114 63 567
651	93 1737 1163 2229
652	2857 2712 1399 2448
653	1707 331 422 2016
654	1044 2526 539 1412
655	1665 2293 2885 2679
656	2177 140 8 2812
657	1430 2206 158 1770
658	445 1778 491 2682
659	1636 1643 1470 2118
660	2424 444 2567 1436
661	1533 1464 1354 696
662	1854 3000 1622 1761
663	1173 1308 685 375
664	1741 2613 936 828
665	2474 2448 2387 1555
666	2026 1994 2601 1613
667	2258 2606 753 1561
668	1378 477 2324 1049
669	767 2859 1220 2496
670	1926 172 2282 1086
671	2040 375 504 1802
672	2004 2211 2008 2368
673	1883 2449 338 1300
674	2172 1517 1842 244
675	5 85 2580 725
676	1985 478 1749 2192
677	139 322 1194 1949
678	90 498 1288 400
679	769 2443 1592 54
680	2388 2557 2207 2309
681	279 330 2994 2270
682	1040 1670 1573 272
683	2046 2405 1891 1423
684	205 2510 481 1240
685	164 2850 299 2131
686	351 1369 252 2414
687	110 2215 1342 1256
688	42 219 581 1241
689	1769 933 1767 413
690	1008 734 2431 2865
691	807 2862 1271 2325
692	269 1876 449 254
693	1409 2603 22 738
694	958 2989 437 661
695	920 2093 1466 2339
696	378 229 848 2844
697	885 2809 459 1696
698	1640 2688 2453 1641
699	1450 868 2907 1673
700	2043 2686 1223 910
701	979 293 1490 2037
702	136 2368 2063 711
703	1127 2897 2607 1083
704	1130 2075 2370 1730
705	2486 2385 2527 1066
706	45 2817 437 2479
707	191 1636 1731 23
708	1657 1655 490 1613
709	1713 492 2707 2217
710	1957 904 1606 2944
711	280 893 887 916
712	2440 2684 2999 2218
713	1128 1787 2161 1549
714	1149 2662 1056 2640
715	1952 1916 2244 1480
716	927 1635 1144 2320
717	2598 2361 340 618
718	2873 87 594 2409
719	2182 1609 2882 2976
720	2473 2873 298 572
721	2395 847 1669 2991
722	358 1836 2211 2728
723	859 2264 522 2962
724	38 2371 2504 560
725	1898 2291 578 2349
726	2397 1795 398 1249
727	2124 938 539 1939
728	1062 789 1621 1180
729	697 1759 2666 932
730	134 1188 2136 1968
731	79 2364 1914 2962
732	2018 2993 1148 1152
733	2495 966 1536 1795
734	437 2704 2523 2206
735	2201 1043 521 2101
736	874 828 2580 2186
737	2034 919 2580 113
738	1962 826 749 2303
739	495 1883 912 1330
740	480 2738 2873 2122
741	2944 1346 2728 2508
742	786 2304 892 2699
743	2219 2548 1486 1228
744	1607 534 1371 67
745	222 2423 961 2130
746	2232 497 2741 1826
747	1720 2377 2713 567
748	148 1402 2270 323
749	2754 2059 1090 2985
750	1255 2009 622 2971
751	697 1530 1800 669
752	717 1973 2475 2666
753	1088 740 2099 1714
754	2511 821 2923 28
755	1956 2737 961 1123
756	2654 1016 426 247
757	2367 2722 2067 835
758	1972 2887 1807 2818
759	1450 1792 188 1220
760	2165 1099 2236 1170
761	123 46 452 2152
762	2728 873 309 1374
763	1184 1675 176 1214
764	1117 1267 2243 543
765	2361 1674 2261 1830
766	319 491 787 388
767	270 1941 2810 1263
768	1701 1590 2796 1533
769	2108 2731 1383 350
770	2752 2639 451 703
771	207 2760 359 2652
772	3000 2131 881 1732
773	373 2627 2126 2344
774	1033 2286 1417 555
775	1192 751 2280 1660
776	1165 671 1917 2859
777	197 1573 703 21
778	1880 2804 1519 2949
779	15 2489 2291 176
780	1738 256 1820 618
781	2224 1737 2237 679
782	951 196 1833 1366
783	851 1325 2110 908
784	2325 2410 2164 2223
785	2975 1077 2525 522
786	725 417 1626 692
787	8 1907 2007 808
788	653 1557 1043 2907
789	769 1589 2608 2775
790	913 1746 211 2064
791	2433 542 1092 57
792	2733 7 1959 449
793	2965 489 1925 1817
794	1001 895 1897 1027
795	2548 1268 2958 2714
796	635 556 2841 1512
797	1958 2606 567 2814
798	1316 27 1185 707
799	1305 2117 894 1117
800	547 16 1334 2120
801	2969 2916 87 1719
802	2894 791 1261 1351
803	236 2355 1073 1111
804	2943 743 71 612
805	375 697 199 815
806	993 1307 1227 2654
807	1081 1920 1879 1797
808	751 2633 2822 2761
809	1437 1221 2469 2280
810	2527 2160 1935 226
811	2136 1197 1468 784
812	2872 1056 2152 416
813	2380 2332 432 2689
814	1537 379 399 1185
815	224 2263 2352 1623
816	2191 2365 2625 1493
817	2588 2365 2433 1970
818	1445 2563 1666 645
819	2737 483 277 2656
820	489 538 669 1620
821	2672 2108 1371 341
822	949 2617 2933 2445
823	1607 2050 1499 2951
824	1499 1567 1797 2577
825	571 1572 1299 362
826	2265 1319 2320 1660
827	1094 109 2587 817
828	1183 688 1987 2966
829	2940 1080 2374 469
830	2140 1681 1486 213
831	32 1882 2576 137
832	2048 1302 1755 1277
833	843 1965 2387 114
834	1864 1811 1997 1654
835	914 1942 1110 1526
836	1078 152 2230 1320
837	510 2891 1837 1377
838	1212 1757 2102 886
839	1946 1532 2898 1061
840	615 2128 2250 1658
841	2678 585 308 1676
842	2019 2532 1358 437
843	981 587 1618 2059
844	2244 2759 1294 2524
845	1757 1503 2605 2944
846	2842 290 254 1553
847	1937 866 1094 1183
848	1529 253 1784 1362
849	1860 708 2888 393
850	2904 380 759 181
851	115 2332 384 836
852	2150 670 2046 2961
853	2437 1986 2787 1740
854	1269 1714 2463 665
855	1533 2697 2110 1620
856	2794 1558 1982 1840
857	32 979 227 2513
858	1950 1699 1721 689
859	177 1776 2141 1330
860	839 155 2238 334
861	2436 865 441 2803
862	394 674 1985 791
863	2792 1060 494 753
864	694 992 2412 555
865	1219 1851 2402 1600
866	2552 566 2217 2510
867	2617 1644 2045 2247
868	334 1484 1606 2164
869	2439 2525 1659 1561
870	2474 2254 79 1959
871	2179 1436 421 2862
872	2380 848 2345 2645
873	13 829 301 848
874	1134 820 2289 1395
875	61 2281 2156 2488
876	782 447 1678 497
877	2017 1179 531 406
878	2932 2691 2342 2095
879	1245 2404 1997 286
880	2938 391 1980 2553
881	1937 2031 1091 1790
882	2072 2345 483 2586
883	451 1337 930 1387
884	820 986 2777 1331
885	624 1888 1496 1427
886	1766 1089 625 49
887	2589 220 316 2616
888	433 377 1605 124
889	2464 2553 1833 2923
890	1967 1090 615 2451
891	1215 2128 2217 1726
892	675 1460 2725 2253
893	27 1142 1586 791
894	68 1634 2019 2709
895	1625 2840 1779 405
896	2436 2928 213 1661
897	1212 2137 1725 723
898	1783 1343 354 1956
899	1989 2182 279 2027
900	493 1015 1741 796
901	638 504 47 1273
902	1143 1791 1415 1704
903	2631 870 2180 2918
904	1538 2290 1067 1451
905	1806 1660 481 571
906	326 2748 2137 2477
907	380 2475 2315 619
908	1404 593 49 2008
909	2278 806 857 2446
910	2740 1017 1141 2203
911	594 1951 46 1397
912	2329 948 1713 2256
913	1905 919 2355 74
914	596 2567 2901 453
915	2270 2840 2998 993
916	1808 47 1673 2734
917	1847 2408 623 18
918	2883 1450 1174 297
919	2354 1082 1745 365
920	2377 1631 2942 1263
921	1901 235 292 294
922	477 2687 144 378
923	164 70 2523 1917
924	2399 1887 1938 2118
925	1418 1012 2368 1821
926	2808 2111 418 474
927	1533 2365 1854 1449
928	668 666 2206 8
929	782 1358 1726 1379
930	2297 1877 809 2634
931	2085 2199 668 845
932	417 2142 2173 815
933	1254 1540 2703 1957
934	2512 91 1569 2683
935	1761 700 287 1230
936	2042 2225 2971 755
937	1664 184 1501 2091
938	736 1792 1490 659
939	1500 464 1370 93
940	1630 2845 2105 2419
941	228 566 1890 1590
942	2399 238 43 2490
943	2691 2897 686 1629
944	1101 925 2537 2848
945	1495 2782 2445 1743
946	1585 1215 1466 966
947	805 2460 2305 2294
948	549 2639 1456 608
949	2181 1805 2287 2898
950	535 1838 483 2822
951	1318 2736 576 1312
952	1100 310 1790 521
953	2421 224 1068 32
954	876 1052 2056 1485
955	2843 1967 987 2637
956	2367 3 244 1503
957	2676 169 2678 1670
958	2008 2800 2345 2797
959	1076 1450 1774 2623
960	317 2701 2416 1682
961	1325 2731 2900 2285
962	849 575 2800 1763
963	1965 970 872 374
964	1137 1600 2275 1739
965	2691 1871 1999 1057
966	2896 1823 1044 1153
967	235 146 572 2551
968	1408 1916 2055 149
969	1029 2622 2972 1590
970	1289 1402 1965 1490
971	138 1359 984 1107
972	2676 1247 2340 1754
973	2714 1095 1942 2981
974	1338 74 193 759
975	96 1661 1170 2214
976	235 1363 911 1863
977	2667 2575 1923 2348
978	709 2735 2871 872
979	1593 811 540 2361
980	698 2 610 1794
981	2763 1725 946 2691
982	1209 852 397 718
983	1472 2348 2877 383
984	681 2002 308 1560
985	1730 2692 2255 2713
986	2892 1330 546 1342
987	2517 355 2094 2918
988	679 2881 727 125
989	826 1622 2082 2967
990	904 2751 2141 1564
991	2960 2299 1573 2520
992	2943 680 694 1407
993	1268 1878 1212 445
994	294 728 1204 2109
995	1290 1128 2696 1446
996	2955 2683 2099 974
997	214 977 317 1491
998	1725 2819 234 1038
999	2517 2499 929 1852
1000	2804 334 600 1106
Students	1000
1	908 2897 1807 2485
2	982 289 1702 1772
3	1841 2476 993 1459
4	689 67 1141 1681
5	2694 1647 1963 1423
6	1567 402 511 1593
7	2525 2746 2951 1752
8	237 51 1665 1293
9	1202 1225 1507 2031
10	1492 2959 948 1872
11	189 349 2942 1802
12	533 89 2064 437
13	182 2014 864 1017
14	1950 212 2080 1068
15	1567 1671 2290 1226
16	1748 1110 2754 2375
17	952 950 2280 2518
18	1640 493 2405 1623
19	367 2435 459 255
20	2369 2536 2994 485
21	225 2095 943 2573
22	2977 191 1791 87
23	678 2149 289 575
24	654 495 156 5
25	2638 670 1928 19
26	120 788 1338 1409
27	2509 1915 1331 189
28	422 228 1044 517
29	1502 321 2693 1447
30	1533 1159 2602 1961
31	2315 2280 2378 2800
32	2241 1771 2059 2588
33	2033 1141 1612 564
34	2518 1102 2334 594
35	2176 514 2049 2946
36	852 2762 742 753
37	70 1747 764 107
38	915 1810 659 1792
39	1004 2475 2042 1900
40	1395 2952 7 794
41	1048 2408 1979 1169
42	2937 1762 2363 2728
43	1905 1959 390 2078
44	1762 1767 88 963
45	2735 32 1845 2551
46	2816 2227 704 1783
47	1607 1190 1849 435
48	157 2007 1003 622
49	990 2512 1178 2529
50	1724 1369 2914 837
51	560 2856 1258 2123
52	682 526 76 1454
53	572 732 179 2136
54	169 1648 1314 1390
55	1124 836 1482 1377
56	2518 1478 2810 188
57	1733 2243 2253 851
58	802 1994 1706 1314
59	964 518 2294 400
60	1041 1470 152 2530
61	130 396 2226 299
62	2348 970 2459 2816
63	1542 1380 2295 2731
64	2935 1720 949 2314
65	2456 1438 2346 2106
66	1873 1467 890 1342
67	1210 2742 2338 1119
68	1043 2126 907 2791
69	975 2947 694 1216
70	2510 883 344 1225
71	1130 2869 2443 90
72	2272 1898 274 1444
73	1448 821 1873 1634
74	1097 1301 2197 2035
75	339 1077 2823 2970
76	2442 35 2596 2803
77	1039 2241 1218 2539
78	2503 1816 5 2352
79	194 2085 73 1367
80	835 1993 1663 2438
81	2891 1914 2234 1589
82	801 2112 427 2027
83	2074 898 1087 839
84	2719 2450 2755 2485
85	1305 5 447 1251
86	1847 505 2093 2888
87	2135 2210 2755 1568
88	378 2524 2099 62
89	2822 2589 622 140
90	342 615 2573 1749
91	1898 2579 2608 1547
92	765 1742 2999 1093
93	1965 1336 1972 1071
94	601 1068 2016 1610
95	298 1494 928 356
96	1870 2531 55 1797
97	2195 1920 719 2277
98	2986 416 2762 1688
99	2598 183 547 366
100	656 2785 1681 856
101	2332 377 138 1981
102	1723 2176 1985 2666
103	1333 1773 2351 2927
104	2123 799 2831 1022
105	1490 2399 950 2283
106	1573 2667 2180 1285
107	2179 142 1215 871
108	2876 1614 633 1681
109	1289 1286 2686 2055
110	1554 2058 2048 185
111	391 2594 2888 2416
112	1260 2557 2351 2620
113	2880 2043 2390 2298
114	2698 1796 89 2618
115	228 189 2055 2269
116	2910 2537 2876 1029
117	52 2851 1794 150
118	1550 330 1961 1422
119	2506 1344 577 2533
120	311 2369 2659 488
121	459 1888 1817 2505
122	871 2809 2423 2393
123	191 2062 1665 714
124	1703 187 2791 450
125	2734 2240 27 941
126	762 1150 397 2951
127	1667 890 470 926
128	2419 1728 1640 1484
129	2025 369 1424 402
130	182 1670 1489 715
131	104 2464 1341 98
132	2500 31 257 2296
133	1224 1386 2678 2827
134	556 1188 1998 2402
135	63 2240 2755 777
136	1174 2850 452 1275
137	2923 89 679 698
138	963 2252 245 1159
139	242 2784 2648 829
140	1544 821 1255 1095
141	2870 2513 2028 178
142	2089 2938 764 2238
143	22 1703 2657 1132
144	2565 1167 172 614
145	450 1467 1842 1304
146	941 2362 1675 632
147	2209 87 2518 1078
148	1160 503 433 1098
149	476 288 2989 1443
150	1016 837 1287 1074
151	127 71 607 451
152	1058 2014 2160 528
153	2312 2786 628 1930
154	391 1342 753 525
155	962 2854 2379 20
156	1698 66 1141 1490
157	103 2127 1667 1620
158	1962 1715 1318 1043
159	16 1306 199 2902
160	1286 24 1638 1929
161	647 2114 2528 788
162	782 745 1492 1666
163	1264 994 2807 1545
164	851 846 2425 1767
165	179 119 2315 569
166	223 74 179 2702
167	371 2247 1420 1874
168	2872 716 2976 2142
169	100 2621 280 1907
170	1422 2584 592 2556
171	76 2613 208 1955
172	1848 2781 2492 1793
173	1421 1103 2194 2691
174	1224 2682 1510 983
175	2583 1813 2655 2227
176	862 1782 1205 1846
177	2461 1778 993 1544
178	1597 652 2167 2406
179	2377 1045 2027 2141
180	2013 2107 2134 1009
181	1061 2370 2835 2455
182	1218 1996 2863 1682
183	604 1241 973 1772
184	284 1579 235 2942
185	358 1945 2420 205
186	709 2422 2071 1460
187	2924 2647 1980 735
188	2196 2009 621 1319
189	2882 1506 1205 2288
190	2732 1912 629 2
191	2488 2811 1190 2475
192	1331 313 292 1828
193	2513 1846 889 2773
194	906 2019 306 122
195	1440 2852 823 2751
196	2576 1726 556 143
197	2569 2875 1272 1312
198	262 1333 2808 622
199	2103 2601 2205 1903
200	1660 1427 1071 604
201	2055 425 2383 2236
202	1709 1763 1030 1358
203	1738 1986 2139 203
204	1338 1592 2199 2140
205	855 1232 2475 1444
206	709 68 119 2827
207	1542 2747 1122 2391
208	2312 2688 1101 1684
209	386 2602 2273 2529
210	141 2793 1644 2912
211	2278 2350 2655 1198
212	715 1540 752 91
213	992 979 2594 2347
214	2064 1545 1947 169
215	1700 2709 1637 441
216	761 2469 824 2332
217	1116 1398 1203 972
218	842 2256 2473 1798
219	659 54 2591 1017
220	904 543 106 1458
221	1014 553 1529 1737
222	843 1863 637 2175
223	1556 1064 1217 2855
224	2573 1735 1897 2617
225	2547 961 1625 819
226	1688 1579 2544 595
227	1543 122 1527 1675
228	1355 1519 2565 110
229	323 454 1469 2548
230	2756 2654 616 1598
231	1617 291 542 2097
232	2191 227 1195 1280
233	2222 973 1495 1413
234	1405 313 937 2029
235	2513 2360 2309 458
236	1931 2168 17 2712
237	1074 408 1974 1447
238	2139 1277 2867 2708
239	1058 1087 735 2382
240	347 343 2042 2027
241	29 944 1608 444
242	674 1044 2246 2352
243	1365 1472 472 2945
244	2432 270 1089 285
245	2876 2166 460 2214
246	617 1836 236 1134
247	2047 2679 1864 2002
248	2584 2223 2148 1732
249	1365 1890 1100 814
250	1237 2891 615 14
251	2333 2955 2695 2004
252	2003 2932 2748 438
253	1290 1446 2575 1467
254	521 517 79 738
255	1746 1658 1225 2375
256	407 526 1769 1061
257	860 908 587 2604
258	1501 67 868 123
259	1748 2245 784 2276
260	2897 2275 885 1760
261	652 496 1987 2246
262	1551 759 754 40
263	498 2822 1895 331
264	2554 2412 570 19
265	2154 1122 2471 2653
266	2130 2018 233 1205
267	2630 626 1683 1636
268	2127 83 2348 1888
269	689 817 77 2960
270	2180 2735 1444 685
271	702 1524 73 1127
272	883 2223 2717 908
273	240 2529 888 237
274	2141 1639 1150 1749
275	2716 2404 1006 133
276	2472 1889 950 1733
277	456 1500 1022 2176
278	1310 1673 1828 446
279	867 2046 688 2685
280	1387 1359 1673 2203
281	2863 2227 1815 1354
282	1992 1063 2673 1054
283	2418 842 604 1911
284	2368 21 2939 1387
285	70 1716 1792 2773
286	1673 2488 2090 2282
287	1351 1469 2795 576
288	1828 2860 211 2853
289	2473 2528 2821 2120
290	169 519 1959 1863
291	1214 2354 2657 2615
292	2160 1086 1433 1185
293	1763 2832 2544 1952
294	1473 1248 1763 1928
295	2284 565 1236 215
296	1488 179 1149 493
297	2242 1458 2981 759
298	2763 2772 1349 1290
299	1982 459 2789 2772
300	1230 416 317 447
301	2738 2671 2917 1591
302	2780 955 1919 533
303	1172 1200 88 1807
304	2544 660 289 77
305	1640 150 2436 713
306	2552 1630 1535 1540
307	752 9 1719 653
308	2498 952 2107 1375
309	2334 1406 738 1473
310	2168 162 197 1842
311	691 743 385 1503
312	1569 1213 1078 1428
313	65 1614 2103 346
314	1073 1035 324 2929
315	2407 161 930 2119
316	1788 82 284 1630
317	1001 2589 617 849
318	1098 899 1167 1416
319	1155 2989 2618 1305
320	2645 1693 1485 205
321	2034 2399 2044 760
322	189 215 1487 1684
323	805 624 1872 944
324	2569 2931 1582 1070
325	1582 1819 953 874
326	1549 1441 1540 2402
327	179 2101 1510 2188
328	2601 466 2583 793
329	1435 2643 2983 209
330	659 420 2194 49
331	2845 2662 1188 119
332	569 594 1749 159
333	2407 546 2847 388
334	395 2382 2714 2340
335	1014 1050 1573 2958
336	879 691 1359 605
337	334 9 476 630
338	197 1732 2549 175
339	1958 361 1473 641
340	2753 1822 273 539
341	1689 1513 400 1558
342	2024 548 1159 515
343	1075 82 936 344
344	2505 1786 2230 1303
345	840 2001 237 769
346	1530 444 2704 1306
347	1538 2655 52 1274
348	1184 2658 1566 281
349	2736 2329 1934 2870
350	2710 2227 146 352
351	1147 1681 1957 810
352	699 1603 777 440
353	1536 1181 2106 1419
354	1951 515 1073 1761
355	2805 616 2292 1799
356	2238 520 1122 287
357	469 692 2602 1983
358	2225 223 2312 2357
359	774 560 2106 609
360	593 1798 1192 1020
361	2955 1754 2183 256
362	1873 1602 1126 1202
363	596 1506 943 2237
364	1711 234 131 2379
365	1745 729 2904 932
366	2203 236 2567 1094
367	2341 2147 2632 1562
368	1579 2901 2942 1468
369	2631 59 2605 1792
370	870 1165 1281 1703
371	597 2090 997 2560
372	275 1515 2064 541
373	2991 993 2604 193
374	1741 2067 839 2711
375	1325 2100 503 1064
376	2769 2586 147 533
377	2195 1431 478 1922
378	722 144 2382 105
379	2510 1709 1582 1377
380	825 2403 1720 2836
381	1653 1582 1554 1097
382	756 148 162 1507
383	241 316 1121 2829
384	86 1640 1172 590
385	1036 2959 2464 2583
386	1955 1710 1265 169
387	1639 2616 2382 1098
388	1184 2137 1240 1490
389	939 1901 2915 104
390	585 1888 597 1040
391	2766 2969 2323 1858
392	468 1128 936 1880
393	2019 630 513 1017
394	1370 1597 1919 1017
395	1432 2076 87 91
396	1684 1989 585 644
397	386 2561 2284 433
398	325 2357 2505 285
399	1551 2045 2148 2139
400	698 1265 432 1151
401	767 1352 256 140
402	1080 1500 731 2374
403	2436 1726 358 304
404	2115 2546 2974 1271
405	729 913 219 539
406	2427 782 2645 324
407	209 2899 1892 2586
408	1353 475 2968 2225
409	1987 2374 1545 2514
410	531 2049 1329 1092
411	2198 2693 1839 1877
412	1553 1930 795 1768
413	571 2719 673 2962
414	2036 376 2624 88
415	1998 2318 2934 689
416	374 2166 614 987
417	1374 2587 1648 1424
418	28 862 504 1478
419	1593 2982 1679 1232
420	2549 2484 480 707
421	1378 460 2823 11
422	567 1981 1181 638
423	2675 2596 1841 420
424	759 686 376 280
425	558 2213 1595 571
426	2253 167 731 1905
427	1092 1614 89 142
428	194 394 833 261
429	1269 780 2806 820
430	42 2048 1811 1491
431	1044 125 249 1845
432	873 1992 1569 2231
433	2617 1379 2172 852
434	1279 1500 2773 1226
435	458 2042 2430 284
436	2559 1766 1339 2793
437	119 569 858 2254
438	659 2432 1230 2486
439	1679 997 1024 985
440	1885 2509 922 483
441	1648 2081 80 763
442	2582 979 885 2470
443	378 1309 2315 2770
444	2995 652 2930 2120
445	2474 181 350 1166
446	119 513 2182 695
447	2341 2108 1199 1397
448	821 2700 2883 856
449	894 32 731 2896
450	548 1647 92 344
451	1527 2488 1258 2157
452	1816 1526 2713 934
453	1766 1286 234 1516
454	2188 143 1080 1877
455	565 2289 1190 2988
456	741 2816 651 2918
457	933 897 1209 1048
458	1975 2398 75 2012
459	2568 864 331 440
460	847 701 2168 1905
461	1350 2865 382 2841
462	17 2919 2993 2978
463	2945 2936 1781 2561
464	536 369 1412 979
465	1421 2418 1873 430
466	1074 966 1129 1682
467	1584 2397 1360 527
468	2345 212 311 934
469	1832 2837 340 1583
470	1696 2271 2468 1163
471	2590 2662 2403 1592
472	1844 2784 1298 2998
473	2900 922 120 488
474	463 500 727 478
475	2445 929 1144 1688
476	1786 1628 316 2096
477	1224 823 1969 774
478	563 2888 695 906
479	1274 2449 2171 1733
480	1593 2758 1558 2911
481	1159 2714 797 1825
482	1658 202 163 1106
483	603 2666 1208 1492
484	32 2332 1110 1731
485	393 548 2499 2571
486	2756 957 514 2613
487	2761 1825 2215 1550
488	1657 1826 1443 879
489	2655 2864 2766 2726
490	2562 1549 1787 2814
491	833 415 1567 2722
492	363 1735 2425 211
493	328 1382 487 149
494	2509 1730 1753 1288
495	2819 2540 1776 1990
496	1142 2608 2304 952
497	2496 1873 2123 1796
498	448 1582 1335 1144
499	2392 1083 1040 2766
500	881 948 821 883
501	1708 1512 1167 454
502	2700 918 1414 2748
503	1417 264 1586 1078
504	2787 1277 413 2646
505	1474 1730 1564 2200
506	1940 1773 841 2978
507	1125 2943 2571 2993
508	1786 405 2170 662
509	2286 2255 1710 1305
510	1135 404 200 1878
511	2603 1790 1025 345
512	1984 2705 2990 2947
513	671 857 408 1003
514	2484 967 1647 1377
515	995 2153 1090 611
516	2022 2922 1107 811
517	2578 6 2886 2353
518	1092 2786 1871 2424
519	568 252 2552 486
520	1928 2825 2945 1228
521	2107 1434 2773 1123
522	2827 892 2994 1711
523	551 43 398 502
524	1796 2726 945 372
525	360 325 626 401
526	2597 1236 955 1838
527	1392 2855 918 2749
528	2382 2684 844 2582
529	1958 619 403 2389
530	979 1753 1710 1585
531	834 666 574 536
532	466 911 552 779
533	2473 1656 987 570
534	2956 2195 2283 2658
535	975 1614 650 2554
536	2559 1694 581 79
537	1831 147 644 199
538	181 1392 488 1055
539	203 101 2418 2873
540	300 860 701 2132
541	1440 1191 21 2826
542	2028 1379 1880 937
543	1653 2604 321 844
544	1636 1589 1266 436
545	591 2827 2076 2286
546	1361 2526 2245 2639
547	1611 2029 418 1734
548	2612 109 1376 1638
549	2388 357 2042 1366
550	1749 1621 2680 1211
551	2991 1232 2088 1662
552	1381 1575 1831 1603
553	1256 407 302 2095
554	2596 2556 1082 2620
555	804 1059 1738 164
556	755 1161 545 1723
557	2782 2459 2803 1352
558	1393 2030 595 2511
559	1268 1001 13 465
560	401 1181 1852 1777
561	1443 2348 1374 254
562	1059 456 1328 2145
563	1955 1329 747 269
564	1505 749 1905 2310
565	1465 938 2065 504
566	2089 1973 2411 1921
567	2139 2310 2663 664
568	2518 310 78 2322
569	1876 1967 2390 665
570	1970 1233 173 607
571	2235 2859 559 1435
572	1297 1049 78 2767
573	2505 1786 2081 50
574	1081 391 2035 2170
575	2988 1742 1480 2894
576	1755 992 1182 117
577	1456 1477 733 684
578	42 1456 1394 2837
579	816 2166 2116 2024
580	2843 2342 1789 22
581	356 580 2467 1528
582	1230 926 577 781
583	453 383 436 1520
584	2458 327 2227 811
585	1377 1406 460 922
586	918 2371 1669 2570
587	804 2648 1286 60
588	1623 2625 491 2346
589	1825 2668 1990 2945
590	1266 385 2768 1251
591	649 1641 461 1865
592	1021 138 2343 508
593	1820 912 2350 139
594	110 1078 1982 722
595	2615 219 1494 384
596	733 2673 1969 302
597	2344 981 2752 1795
598	1285 1017 225 2775
599	560 80 150 2674
600	2750 1817 1118 362
601	1685 1478 105 755
602	1931 291 616 2941
603	2270 2719 1383 2797
604	1624 46 403 1364
605	2054 2985 272 426
606	997 121 50 24
607	2127 1767 2246 2311
608	333 2871 2212 1594
609	2899 492 2193 2456
610	1925 2168 2236 971
611	2142 572 996 2681
612	2196 550 2394 707
613	202 275 2978 267
614	1207 478 1275 452
615	514 2630 402 179
616	2444 2671 2675 420
617	2773 220 2857 408
618	292 2714 2568 2294
619	2616 1215 988 2600
620	770 643 1460 657
621	2335 2294 1598 1407
622	1058 1103 1639 653
623	2053 1326 1720 874
624	2958 891 2488 2408
625	2915 666 2767 1587
626	2807 263 1155 1568
627	202 2787 2368 383
628	1429 2294 491 2316
629	2816 701 952 37
630	1508 2828 214 1263
631	1384 126 2564 1575
632	290 2161 2815 746
633	214 1807 2824 695
634	1740 1533 1716 365
635	2568 1575 2265 185
636	1233 1790 2674 855
637	1137 867 1649 234
638	1561 199 360 1896
639	267 1302 158 152
640	2363 1401 471 926
641	369 1731 2627 1202
642	1266 2749 1588 1694
643	2014 1729 2221 34
644	2805 1988 2379 968
645	2548 2013 2184 2617
646	739 211 2531 1638
647	587 538 2453 1519
648	680 2374 1104 353
649	1486 1152 2078 1975
650	1880 1348 1759 1822
651	1874 1731 515 2348
652	2779 1526 1515 3000
653	1493 2485 1941 1345
654	303 353 411 564
655	34 2839 1776 2706
656	2037 1917 1592 2363
657	228 809 1647 2030
658	2294 756 2989 1881
659	1357 1135 11 944
660	2636 1470 1842 243
661	353 1656 592 2974
662	1717 2486 2899 820
663	974 2467 754 165
664	2341 1392 157 172
665	1025 2265 2794 873
666	2349 734 1527 1781
667	319 2058 35 24
668	1393 925 1758 898
669	1996 2982 1405 2678
670	861 1046 2426 2727
671	998 377 2019 2811
672	59 1821 2691 1225
673	2846 1575 1030 1959
674	2401 1811 910 1900
675	1467 942 777 634
676	1677 1079 2042 1206
677	1642 1676 1950 310
678	493 1064 2117 445
679	2662 665 2187 1285
680	2783 2228 2799 482
681	1026 1356 144 2751
682	727 1272 2357 2078
683	2502 2072 724 1112
684	662 1214 1070 1243
685	533 535 710 833
686	447 1516 1290 2670
687	1899 2538 614 2958
688	1417 2676 54 107
689	2650 735 1074 2883
690	2404 242 2253 2403
691	687 358 619 1017
692	382 150 1988 1892
693	905 1389 92 598
694	88 2498 795 1874
695	1624 1285 433 2154
696	489 1506 969 2083
697	1 688 2933 1933
698	2203 2324 1218 1283
699	2359 877 445 1032
700	2910 1647 358 2471
701	1784 704 1344 2980
702	2506 1717 2697 1597
703	1024 2764 363 1112
704	1078 275 1186 2244
705	2563 2262 2688 296
706	2965 2328 2272 1321
707	2863 1683 2938 350
708	914 1258 1758 541
709	72 2801 1866 1868
710	959 2820 2789 1270
711	1021 1901 2800 2173
712	865 2894 1373 2221
713	81 2186 990 1670
714	1983 2559 2583 472
715	1431 1366 1130 2045
716	1077 1121 1859 1373
717	1458 1229 2437 515
718	65 1034 1461 91
719	427 1699 686 2706
720	806 1457 1344 1812
721	2185 2369 656 640
722	877 1197 1314 5
723	1489 2887 2414 915
724	897 214 2458 2589
725	628 1768 1832 1238
726	1232 1635 1389 435
727	2284 2264 1648 250
728	1927 1287 889 264
729	68 1785 2306 1870
730	1459 2231 1051 746
731	893 165 641 315
732	1350 548 1982 464
733	1286 1568 1345 475
734	1841 747 2581 317
735	1881 330 923 403
736	2734 2658 2819 1976
737	1723 2242 1650 403
738	1106 484 1326 1121
739	610 2929 2741 2463
740	2928 813 950 1403
741	2485 923 2717 2700
742	672 1953 2254 387
743	2956 813 557 1927
744	1752 740 1727 1123
745	1241 2539 1926 2563
746	1117 203 727 1495
747	320 2335 375 729
748	1548 2976 2906 1085
749	763 1189 968 691
750	2081 1245 1051 2979
751	590 2864 1377 2594
752	680 2223 1964 690
753	666 516 997 1963
754	2577 2726 101 1291
755	464 1835 2111 2407
756	830 323 312 1770
757	594 2333 619 1654
758	2413 1783 2100 1692
759	1272 938 2249 257
760	669 152 329 1432
761	1908 1476 2588 2124
762	205 725 2341 2421
763	213 820 1628 2460
764	251 2457 913 276
765	1638 1616 2835 1702
766	2172 2991 1417 2026
767	654 2375 2106 2651
768	2220 1459 975 1246
769	218 1510 2192 188
770	2711 1518 1274 2490
771	1883 1515 448 2757
772	2662 2736 59 2130
773	310 922 953 192
774	430 1469 1138 2546
775	1493 2990 258 2432
776	1203 693 1028 468
777	1714 1198 112 2249
778	140 2961 124 307
779	2271 1641 2696 280
780	684 669 2493 379
781	1153 215 927 1413
782	2986 2233 2098 1107
783	1270 179 2476 2933
784	503 449 2422 2577
785	474 201 1166 2780
786	2715 1410 1078 185
787	2439 1340 1388 2816
788	472 2757 2111 1571
789	515 2637 2161 2133
790	767 2780 1255 604
791	1995 37 1354 164
792	2772 1995 450 2830
793	686 1240 2539 1671
794	2677 262 432 1532
795	1414 1852 2741 1629
796	347 285 2176 1408
797	1041 2742 256 2502
798	982 2472 1439 780
799	1699 1978 1452 535
800	824 604 1528 2303
801	1350 958 1293 372
802	1619 2563 2835 2235
803	2341 467 18 1615
804	807 558 2508 1559
805	1474 1364 1155 2806
806	1512 2751 1957 1564
807	2103 1383 710 809
808	129 2077 2673 861
809	2046 2173 2022 2635
810	2819 1198 2118 2341
811	2552 1229 394 2430
812	2399 2094 131 154
813	2259 630 190 2582
814	57 2672 1525 1465
815	975 2741 1646 792
816	2943 1973 199 534
817	1260 1017 2164 375
818	65 1148 2212 527
819	2084 907 1354 1109
820	1970 2262 1884 2429
821	1460 1595 2530 584
822	521 267 51 1495
823	672 2822 2825 2246
824	555 1032 2128 2823
825	760 1458 1466 120
826	480 328 1659 2864
827	2114 2726 2115 2653
828	786 2870 2506 2054
829	485 33 2533 108
830	146 1225 746 1151
831	1362 2341 2111 1536
832	2152 1301 807 1417
833	2546 1714 1096 1578
834	1843 2495 214 376
835	845 2355 577 1112
836	2023 199 1676 620
837	117 2846 1505 169
838	896 405 2085 2921
839	1428 2652 1193 1507
840	2808 2458 257 1825
841	2842 2051 2915 1806
842	900 731 2030 886
843	313 1668 1302 1631
844	2128 2993 1523 799
845	357 621 2350 1037
846	1575 665 2102 2852
847	565 941 889 2092
848	96 2835 718 437
849	2658 2464 1396 2487
850	1182 2000 1940 2665
851	1632 755 17 991
852	1550 1892 1100 1666
853	2575 2822 635 1626
854	2210 1523 1530 1648
855	1047 437 728 1152
856	814 641 1921 2492
857	407 756 2696 804
858	806 1280 1325 1363
859	2175 2703 150 125
860	346 2819 1320 698
861	466 2116 545 2239
862	1158 1134 1272 1816
863	2692 1131 1307 1038
864	1342 2884 2571 2468
865	1080 1489 380 1430
866	786 2771 1074 1740
867	2180 2631 2885 2108
868	1156 2809 863 930
869	319 1338 255 2168
870	1480 1099 1722 1351
871	1995 2512 1930 1398
872	111 1489 547 394
873	1478 1333 2304 118
874	2327 2671 132 2690
875	1305 1497 2255 141
876	47 2799 2541 790
877	93 2589 2188 2652
878	1048 592 2419 474
879	2962 1809 1020 701
880	1699 2122 1312 1572
881	1010 297 2135 398
882	623 1034 1140 2053
883	1599 1156 1755 2003
884	2732 1854 1633 1093
885	801 1980 1689 1688
886	898 2317 544 1899
887	2110 1249 810 1999
888	2045 2210 42 1222
889	537 1349 2044 1876
890	653 2196 660 1724
891	417 187 2981 2493
892	1656 1352 2682 707
893	704 499 591 196
894	340 1784 1756 153
895	166 1824 2810 416
896	1286 653 1970 547
897	2789 2916 1032 644
898	2463 2279 1499 2555
899	1770 977 803 1344
900	2456 2614 259 389
901	811 2528 2196 45
902	1301 411 2865 439
903	2938 68 1557 1870
904	713 1751 1443 1708
905	828 783 1422 293
906	2455 1270 610 2547
907	2600 2572 1559 2122
908	2294 2482 185 1284
909	2191 487 1139 1429
910	2422 1952 1853 2531
911	876 1355 2131 2524
912	352 2812 2193 1229
913	1079 867 1995 2030
914	165 2167 2097 2840
915	496 1785 2782 2609
916	2553 352 1733 2595
917	2591 1119 2677 1099
918	2399 2748 725 2228
919	817 194 2961 2469
920	1659 2976 2325 1304
921	1414 2384 282 2401
922	42 1710 2799 1989
923	343 1068 1950 2158
924	415 148 2276 2923
925	2862 1915 861 1955
926	2070 1300 2706 2837
927	406 1051 2402 1131
928	1846 1725 2520 1541
929	794 900 2510 122
930	717 1177 2968 1040
931	398 643 2765 533
932	2799 2755 1915 768
933	699 167 1125 2490
934	750 1671 2274 2211
935	2713 170 587 2921
936	2317 600 2954 2605
937	2977 770 696 1513
938	276 2759 1536 2894
939	1308 402 2456 1735
940	1183 2389 562 1707
941	182 164 1764 588
942	306 207 2538 1817
943	521 1915 1060 1603
944	2735 616 2422 2294
945	774 2466 2396 2038
946	1022 2010 1476 1466
947	558 1057 619 295
948	1781 428 995 731
949	2631 2026 1826 1181
950	487 2086 1453 357
951	805 2118 1688 1900
952	205 2873 1193 524
953	2374 2286 606 2451
954	237 1864 2744 1139
955	852 64 1072 2561
956	1608 2186 1371 1259
957	1266 668 903 2258
958	1993 192 2372 429
959	896 2940 347 1826
960	1076 1869 70 2735
961	2219 2955 2315 1046
962	1439 1738 2321 2004
963	925 1798 2246 457
964	1903 1138 2712 311
965	2181 2410 1316 2734
966	793 1804 2440 2733
967	1820 748 1885 253
968	1871 11 161 2216
969	2941 609 211 2514
970	2634 2200 2836 403
971	298 1500 1599 1228
972	427 90 2847 1356
973	1118 714 2215 670
974	2189 2626 2333 1310
975	331 2495 864 1205
976	831 2827 1876 2847
977	2862 669 38 2906
978	2067 2710 1285 256
979	1455 1477 561 660
980	138 1810 2325 1559
981	2562 2075 1349 2126
982	2624 2826 2341 117
983	121 1580 1382 2585
984	2377 1631 2756 1545
985	1100 107 199 1967
986	2947 1337 686 1961
987	1067 2501 282 2731
988	589 2790 2291 622
989	1975 2093 712 246
990	2198 1714 1973 1703
991	460 1860 1418 2439
992	1358 2768 400 905
993	1555 2459 1971 2786
994	196 2730 436 2011
995	867 2229 1057 545
996	272 2326 1320 1262
997	1163 2988 2644 1193
998	1176 1559 2698 2522
999	1159 2133 366 2786
1000	1417 191 559 388
Students	1000
1	2147 1441 1337 1856
2	1154 299 1993 2448
3	2335 88 211 734
4	1901 1990 2020 254
5	2575 841 744 802
6	19 1789 2387 2184
7	302 1291 2072 787
8	2385 857 43 2396
9	2100 2203 505 228
10	598 210 889 2095
11	2045 1304 1015 1310
12	1813 2715 2590 936
13	1906 2846 1434 475
14	1928 1420 1499 207
15	2867 2837 1025 2251
16	102 2573 1036 1569
17	2691 494 1572 1788
18	2502 613 958 1772
19	1639 1292 528 2544
20	2759 2921 2347 852
21	1889 1063 1939 2556
22	713 1484 909 1875
23	2800 1855 1942 654
24	1765 1573 1266 1376
25	2974 1788 2485 1847
26	1507 1331 364 81
27	1846 840 709 19
28	160 1569 916 1539
29	2357 447 2965 872
30	926 1279 2897 693
31	1197 1941 1890 874
32	1412 2229 2626 2354
33	1136 1240 228 1743
34	2009 2632 1734 913
35	2081 790 2197 2722
36	2398 213 518 2484
37	2710 567 1143 2646
38	2235 2025 2659 2982
39	2827 979 2058 431
40	2550 148 2144 1436
41	26 2762 2138 1308
42	1468 1873 1400 93
43	1685 2434 2075 2716
44	520 2193 1224 1583
45	1960 2533 1101 1360
46	2096 2319 912 638
47	85 2816 1973 492
48	1409 611 272 469
49	2100 662 101 1996
50	821 1640 1730 112
51	2955 2331 2907 2353
52	1410 1195 1655 1567
53	948 220 173 17
54	2287 2840 1310 2712
55	1482 110 2722 161
56	1418 136 378 427
57	1284 337 2144 1158
58	1509 883 18 451
59	2474 1067 1528 1510
60	2946 2680 634 2896
61	2229 2304 1235 2303
62	2790 788 196 1348
63	1181 1870 2691 2536
64	414 1650 926 850
65	251 1525 2906 2966
66	2593 547 462 991
67	2233 446 1099 349
68	2636 1689 1281 2613
69	126 2611 1192 157
70	2535 2583 171 2547
71	2075 2168 2310 1050
72	82 1797 2870 2999
73	627 2623 2499 2500
74	2495 1205 2704 2015
75	36 2611 2926 1111
76	2236 2517 1067 667
77	1444 2268 1591 1238
78	2494 2299 990 281
79	913 2552 1317 1589
80	126 2854 736 215
81	600 550 256 1476
82	830 177 1454 2300
83	2716 602 536 1433
84	849 759 2308 198
85	367 1168 874 1800
86	638 2352 2280 438
87	2958 2625 2030 883
88	2668 2782 908 2007
89	1461 2684 866 133
90	1850 1652 1682 2802
91	624 848 1519 1691
92	2000 1224 2614 289
93	2008 2240 2769 2459
94	1239 2930 1585 112
95	1701 2317 2125 681
96	1378 881 2609 344
97	554 1346 1393 2771
98	2992 2306 2889 2420
99	926 1092 628 876
100	198 1223 2785 681
101	134 27 318 2378
102	1036 670 1236 1734
103	107 2342 2438 2198
104	1839 2584 91 2667
105	2146 2344 2685 2439
106	30 1912 1946 2365
107	1187 245 1647 490
108	2473 729 658 1953
109	561 77 37 338
110	1756 1079 1539 539
111	2911 1331 1267 340
112	2637 857 1512 1113
113	2717 1085 1666 279
114	1336 1450 1014 2606
115	748 2685 2508 2976
116	2398 1906 2671 1712
117	1640 719 1223 2484
118	1207 2795 874 2452
119	156 694 208 1681
120	1730 20 2460 166
121	735 2022 1022 1742
122	2212 1031 913 394
123	475 2187 173 1085
124	2507 1744 992 2846
125	2172 371 2402 394
126	1059 2638 2849 1557
127	2934 2413 380 2259
128	2444 535 274 1436
129	1938 2762 1131 1512
130	1403 283 1989 824
131	1027 849 1295 1670
132	2649 705 2245 2451
133	1150 2785 517 1334
134	258 2202 2820 2959
135	1213 575 1467 2321
136	1723 1728 1787 57
137	1604 2178 1103 2916
138	736 2540 2188 1399
139	2690 755 2942 2771
140	2455 1197 969 315
141	1695 1251 2167 2768
142	2451 1610 225 2763
143	2847 138 2452 1492
144	1663 698 2979 106
145	2245 683 1420 912
146	2528 268 2328 698
147	782 442 1638 1431
148	1066 2141 1916 1750
149	2503 901 1000 1570
150	1965 1286 245 1459
151	2051 2235 1297 314
152	2742 857 377 1083
153	370 1040 1653 2430
154	784 423 2088 358
155	1544 1650 2392 1040
156	1529 496 524 1498
157	2585 198 707 1178
158	2204 1592 1815 966
159	138 53 1339 2225
160	2457 504 2069 2214
161	448 1478 1219 766
162	1789 1305 1504 1708
163	536 519 792 1736
164	2050 756 2349 2795
165	2315 2049 1415 1596
166	1297 2294 2470 1233
167	441 1717 953 1763
168	2078 2601 437 658
169	1920 1190 288 2578
170	684 2 2041 2701
171	1964 552 121 1789
172	2123 1388 1966 1109
173	2288 2069 1986 762
174	488 341 535 872
175	2924 695 1001 2498
176	2019 2253 1098 144
177	2772 1723 2346 989
178	2546 1895 2771 2631
179	2439 826 2005 2466
180	1030 1717 831 45
181	1486 472 1715 2763
182	774 2482 2150 339
183	2966 211 1549 204
184	2339 1380 1564 1521
185	169 2753 1906 1294
186	2459 746 2128 1149
187	674 2976 2085 2871
188	2204 766 2614 914
189	2251 99 2933 1408
190	1290 197 1636 161
191	1837 163 1372 1749
192	854 1095 2117 725
193	1648 2746 876 1775
194	1087 2858 757 2073
195	1608 2441 1220 1273
196	977 1545 2489 474
197	2570 1093 1012 658
198	940 1455 2708 1696
199	357 2068 1726 228
200	2383 276 2394 1664
201	363 7 1076 121
202	236 802 958 2483
203	1468 1464 712 1406
204	2187 1282 1893 1339
205	1164 2693 2271 1411
206	1770 800 1014 2947
207	1232 500 905 817
208	1601 1840 199 527
209	2897 1612 1408 2949
210	920 233 1209 1618
211	266 358 1062 1263
212	163 2115 2253 552
213	1890 1683 2284 1139
214	593 255 1527 2912
215	582 1558 2072 2863
216	1022 1215 12 1
217	129 2735 1179 938
218	2413 2264 2293 1061
219	1228 1535 2755 1850
220	577 1722 172 2834
221	948 965 1092 1886
222	357 1554 271 981
223	146 832 2869 2701
224	2602 514 2728 917
225	2656 850 2078 1059
226	810 2929 2497 718
227	1651 798 1567 1443
228	1667 1404 581 2987
229	401 2775 2820 1116
230	757 1198 883 1869
231	2676 385 1299 702
232	1460 1901 2104 2801
233	1282 1331 1299 423
234	570 2206 1420 1090
235	703 387 904 808
236	2340 122 1362 1985
237	1499 34 1187 2922
238	2601 1835 1526 605
239	1010 251 1393 2055
240	1223 2667 1421 2856
241	1057 931 1325 2222
242	1567 128 1857 1337
243	1653 293 666 2910
244	2630 2978 1923 1210
245	312 334 428 86
246	410 2465 1630 49
247	1330 1939 2153 775
248	1491 2496 863 854
249	1379 1652 1859 284
250	2130 2455 2278 639
251	1028 2338 141 2602
252	1044 643 1255 377
253	2178 64 1118 496
254	776 1963 2980 2464
255	1106 1454 1264 2446
256	922 433 2112 2447
257	1655 2500 2406 2727
258	1583 1433 2396 1345
259	2217 1502 1421 789
260	2264 2244 1937 613
261	2448 172 387 419
262	1958 2439 641 622
263	1221 319 96 187
264	2441 1055 1648 1401
265	1020 626 2014 225
266	778 2118 2327 414
267	994 2031 2853 2583
268	734 187 619 2207
269	1052 2058 2052 2129
270	2227 1910 1223 2958
271	2780 126 2472 1357
272	1066 1335 1281 2239
273	2610 355 658 375
274	2123 2775 2837 660
275	1489 2787 2007 926
276	1608 442 2460 1535
277	1365 115 2143 2391
278	2459 1799 989 1268
279	2102 82 2722 1486
280	862 1708 1383 810
281	2903 1603 788 670
282	1617 2858 2178 1273
283	1076 1379 685 1202
284	2570 2768 1039 643
285	886 2395 2333 1297
286	1472 766 298 2447
287	400 2078 506 2936
288	2506 841 2338 2272
289	611 2175 1516 579
290	1361 1058 20 2146
291	2714 537 1445 1326
292	1033 1391 225 1003
293	2222 2921 1770 2966
294	605 351 1890 2768
295	2636 763 1924 1796
296	1981 2592 716 2995
297	2630 461 1966 231
298	2086 2923 963 2493
299	2202 263 156 818
300	1202 1634 1513 939
301	885 128 1812 588
302	1054 2952 513 2210
303	1068 2131 2397 1503
304	1890 677 2647 881
305	1558 2 274 2208
306	1165 564 1150 1252
307	2883 1238 85 1347
308	1505 2985 327 1215
309	2392 2948 1164 1334
310	1441 622 1384 326
311	1977 128 824 697
312	888 2533 1924 2598
313	1257 2461 1734 2937
314	623 918 1459 792
315	2274 2984 1006 270
316	2908 1134 1788 2297
317	1181 2023 920 2614
318	139 1187 3000 2151
319	1077 2753 1521 1802
320	1737 880 2311 2242
321	1990 2467 1604 2190
322	2643 2104 796 405
323	130 1300 840 2637
324	585 1436 443 780
325	829 567 2 2195
326	841 198 2774 2657
327	2110 1190 2436 2846
328	484 2482 1570 1907
329	600 851 1064 2197
330	74 335 965 2096
331	2445 1453 2317 2189
332	2472 342 461 1480
333	2081 1350 503 1669
334	1869 2197 29 2252
335	2124 441 1139 1001
336	254 1607 1701 676
337	1263 1772 818 850
338	2424 1920 642 159
339	1882 630 2171 1826
340	1187 2270 2798 1704
341	2187 2333 438 1788
342	738 2813 812 814
343	1933 1970 2091 362
344	174 1692 1902 1535
345	2288 1221 859 1528
346	2860 2827 924 1058
347	2138 1150 361 63
348	2818 1425 2817 172
349	1051 2428 2389 137
350	461 2182 2068 1781
351	1266 2864 2692 1449
352	2907 2694 2736 1696
353	2481 1421 1880 2013
354	1699 334 2982 84
355	750 1950 818 1965
356	89 2073 2885 2127
357	683 901 560 1681
358	1097 188 1636 771
359	1093 1003 1604 949
360	314 656 2017 845
361	1567 1606 840 24
362	891 2237 2295 325
363	820 2814 2217 2056
364	2390 761 2423 1092
365	2463 913 1725 1652
366	2057 2030 2597 2251
367	2637 1742 852 178
368	1737 960 1912 1807
369	2170 2695 179 1848
370	1008 2151 1974 410
371	2187 1879 1283 719
372	1185 985 2930 1813
373	714 691 589 2303
374	1640 2616 1456 2752
375	1571 604 202 2779
376	1401 1787 1758 2123
377	2852 343 2187 2580
378	2223 370 1681 560
379	524 2894 1121 1569
380	1285 1812 2469 1856
381	1083 845 1046 2009
382	1328 2278 666 2119
383	2899 486 316 152
384	435 270 2087 2055
385	1711 886 2032 2466
386	1781 2810 2635 1422
387	1874 748 2067 307
388	2496 946 2113 2384
389	2227 2309 835 228
390	1322 1309 1990 2314
391	1016 1875 1187 112
392	1020 1851 375 501
393	36 1671 1928 858
394	1477 2524 203 206
395	119 748 581 2558
396	2136 1745 1864 1590
397	2314 2435 1108 1819
398	821 1830 207 1249
399	1459 579 348 1276
400	1154 1336 1004 1330
401	1519 273 2961 2266
402	2621 2288 1592 603
403	2876 1177 650 189
404	1924 1690 2532 2309
405	1828 2709 392 1210
406	1556 478 2653 1178
407	1832 466 1361 1683
408	539 149 1929 1638
409	2535 1093 76 17
410	2001 1766 1119 2007
411	2338 591 233 601
412	2740 2799 77 2290
413	1185 2612 1461 1924
414	1061 418 1101 115
415	2425 717 1080 1144
416	1087 1283 1577 2414
417	1967 2853 2698 2030
418	2346 1745 1580 2526
419	536 1399 2224 2510
420	758 493 923 1640
421	654 2114 2600 964
422	1192 2179 2489 809
423	9 1090 2197 1824
424	551 1452 445 1137
425	2101 1471 1524 1177
426	2781 2952 2203 2279
427	546 2190 449 707
428	1444 408 2729 1936
429	1094 2309 1781 2549
430	400 1816 2981 2755
431	2318 2694 1557 2546
432	1777 2946 1921 779
433	2070 821 2953 2773
434	778 933 2692 2501
435	1121 1331 2181 290
436	1934 1662 2128 1503
437	988 2681 237 2706
438	1237 896 2864 2748
439	1714 2779 760 343
440	71 1679 1820 728
441	368 2888 680 2646
442	1106 2514 866 1924
443	2263 1319 1696 2889
444	274 2067 936 357
445	299 2511 940 219
446	1621 2805 799 2482
447	2532 33 1530 717
448	1195 939 1129 1139
449	1911 2800 2931 1338
450	276 2340 379 965
451	2223 400 2341 2363
452	40 2787 314 1328
453	623 1918 479 2432
454	1336 2884 1895 691
455	1619 2896 2374 2153
456	2478 1336 1475 1186
457	1163 2252 2860 1889
458	1979 1977 34 199
459	2439 2950 1643 477
460	2820 1957 2405 2837
461	159 1042 2842 411
462	1286 886 2137 1336
463	1542 377 1004 1343
464	1553 1453 2803 1750
465	2819 817 1593 1742
466	2028 1098 2194 628
467	904 2114 937 2067
468	2074 2734 2935 2847
469	2981 1853 2599 1954
470	2993 1258 1643 325
471	993 1896 1049 2651
472	1209 1692 1767 2008
473	551 2644 1426 1248
474	1284 1239 2768 1240
475	2473 2207 2023 179
476	863 1313 272 482
477	2124 2111 1991 968
478	837 2746 268 291
479	2866 622 534 310
480	2875 820 1338 458
481	2301 1037 673 275
482	90 2629 299 1366
483	2594 1384 1352 689
484	948 1385 1457 2819
485	977 949 417 1686
486	1550 2827 1045 902
487	2531 2837 2647 842
488	2208 1716 134 1840
489	1647 2430 674 2421
490	2694 1598 1637 323
491	2987 2060 1237 904
492	761 2544 2697 2333
493	2480 2601 2825 256
494	447 467 1966 2214
495	2774 1803 2272 214
496	320 817 1948 1500
497	1716 1240 2442 1342
498	171 2052 1706 1862
499	740 2601 596 1648
500	748 143 2822 1527
501	638 1769 507 174
502	2911 1690 1604 1575
503	2942 2643 806 1221
504	2113 1760 2010 2649
505	165 111 476 1674
506	2338 529 1849 889
507	351 1775 2716 320
508	2580 1102 209 2222
509	2835 115 791 75
510	2620 2495 2071 565
511	2748 733 2758 606
512	245 727 2448 2055
513	2709 2049 2220 1066
514	172 327 2281 2004
515	2200 2458 2546 2442
516	740 166 1666 12
517	465 1400 2145 384
518	2019 1569 1822 2479
519	1283 2108 1609 1399
520	207 1987 1475 2648
521	723 2931 2671 819
522	1213 2206 117 2308
523	1951 1113 25 2176
524	975 2105 2793 393
525	364 1760 171 316
526	1542 2351 795 1859
527	1693 381 1472 999
528	1031 2141 2784 541
529	1386 915 2647 1630
530	1475 163 494 25
531	2394 520 1925 2335
532	1126 1372 1288 1058
533	1554 612 2014 1735
534	1078 2900 1390 560
535	2047 1665 1006 1480
536	2109 1559 1661 1973
537	897 227 200 936
538	345 1784 287 400
539	214 2277 1728 362
540	1821 1704 2738 1858
541	2798 699 2661 371
542	182 2098 791 869
543	894 18 1127 1623
544	1646 2522 314 2667
545	1242 1840 1691 2374
546	2981 2668 2911 2400
547	199 1553 2034 1799
548	550 2177 2364 1933
549	459 1779 2654 1883
550	1533 2672 123 1157
551	991 890 1983 2190
552	218 1565 2910 106
553	24 536 1 2839
554	2707 423 2713 702
555	1379 611 2989 2728
556	598 2205 1229 512
557	2168 1437 2695 1292
558	1141 548 1957 1583
559	729 1093 2714 1921
560	1969 1510 837 1231
561	2845 1860 2416 646
562	1898 1745 453 1483
563	1598 591 243 2703
564	359 2994 1421 2875
565	808 1547 664 2254
566	2794 1017 645 333
567	1729 1768 2486 758
568	2910 2708 673 50
569	2755 452 1644 2304
570	875 61 378 2490
571	1023 48 2937 1649
572	518 939 2688 2993
573	293 862 1528 2701
574	1256 235 3 2908
575	1131 1877 1301 2810
576	857 1976 374 1672
577	257 2275 2497 2392
578	1278 252 2385 1910
579	78 1764 1217 254
580	604 1477 2050 1328
581	1671 2248 2658 2330
582	1710 2545 2829 955
583	61 699 2090 2538
584	1478 734 2173 1254
585	2363 2224 722 1038
586	1449 1947 2770 1541
587	2327 2308 1770 2336
588	1413 882 867 2299
589	2023 43 1055 450
590	1945 121 761 131
591	2789 1842 575 679
592	966 2838 699 368
593	2221 2626 2483 508
594	305 2896 2073 2735
595	2775 1869 900 2689
596	2802 516 2876 1929
597	1676 68 2962 684
598	1795 438 1979 2528
599	2061 2262 418 391
600	832 617 1805 2288
601	790 2118 1994 399
602	2209 2912 506 2658
603	2107 2845 1614 910
604	1360 1024 1692 144
605	229 1764 1396 27
606	2314 1065 2242 2120
607	120 801 1140 142
608	2319 1609 1618 2688
609	83 1426 2812 1935
610	336 889 479 1325
611	372 1695 1253 713
612	1440 1982 1274 250
613	875 968 1070 2759
614	2208 285 2770 772
615	911 726 2318 2812
616	2939 1490 2294 1268
617	2456 516 270 1871
618	34 1398 2706 2937
619	1579 2550 2134 2210
620	2069 2491 1855 76
621	547 2824 2220 717
622	2003 35 1457 1281
623	1969 1792 1565 543
624	2625 711 2999 2788
625	2473 642 1577 1504
626	2686 2347 410 1007
627	749 93 1734 689
628	231 1222 839 280
629	359 1341 1842 2411
630	2470 2673 936 2959
631	2487 1307 2777 2807
632	17 328 597 30
633	2811 773 1054 2284
634	2561 1232 114 2783
635	2884 2193 2890 2360
636	12 413 1157 1334
637	1866 2073 1819 1512
638	1787 71 1970 1266
639	2074 2715 174 1209
640	1350 2533 1555 165
641	1736 1917 2038 1536
642	1167 442 1520 1458
643	379 804 532 1584
644	2124 306 1600 2664
645	2625 2443 1461 183
646	1950 1525 1699 1985
647	691 184 2596 1522
648	1483 2383 1563 55
649	1636 2820 2930 1785
650	1598 1157 978 2680
651	362 625 444 2087
652	2302 546 601 2467
653	1570 206 2941 1770
654	1930 3000 1212 429
655	1274 716 598 1450
656	1534 2233 370 1954
657	1108 559 2891 2186
658	2376 2304 2053 1850
659	1474 2026 2549 2651
660	60 1019 2994 2692
661	692 1545 1134 1347
662	80 1188 2967 2210
663	1540 1256 808 2621
664	1645 2362 2334 2144
665	2104 520 1705 561
666	1291 102 1669 712
667	2573 2726 1223 2784
668	1331 642 1234 2689
669	1530 306 1362 2622
670	1281 2899 2546 30
671	472 323 68 1314
672	363 2301 1184 1978
673	644 1263 1278 1540
674	1735 1670 1351 1742
675	2884 1744 1137 2876
676	1474 1607 1578 1031
677	970 1864 540 2686
678	340 1273 257 1034
679	2997 651 2852 1414
680	2146 2362 1502 844
681	1575 772 1300 2310
682	2034 215 56 2825
683	1069 1102 2124 327
684	1148 2567 739 996
685	2847 135 2218 134
686	129 1312 1071 1192
687	340 1335 2462 92
688	1486 864 418 2549
689	1899 1594 2554 2464
690	2275 290 94 2727
691	744 798 2578 1165
692	2561 276 1498 222
693	1870 2218 1037 1026
694	2976 245 1396 1230
695	2562 1995 2494 1732
696	2159 556 16 620
697	1155 1364 1382 463
698	131 1633 633 855
699	2918 533 1874 638
700	2591 1174 2782 2028
701	1338 176 1077 214
702	799 2209 194 2607
703	1784 2452 2098 1567
704	1087 1745 960 1019
705	1358 217 800 2198
706	1177 73 1304 1822
707	1873 709 319 288
708	2274 2430 1709 1906
709	178 2453 612 2521
710	1482 2759 2943 25
711	2597 2413 494 561
712	1332 1619 2833 2783
713	1000 2582 764 1156
714	212 1014 2388 2288
715	975 1175 1135 5
716	1169 921 99 1679
717	1783 426 1769 1274
718	6 1701 1930 1993
719	1150 2666 1284 2017
720	1702 1269 690 1077
721	2609 2873 2092 702
722	1062 1992 94 613
723	1918 2251 955 2564
724	2086 1673 1942 1821
725	1164 601 1584 2691
726	820 751 389 2928
727	1422 295 30 414
728	482 915 327 2163
729	2365 1557 1536 1950
730	1395 2808 2431 784
731	1905 502 367 2141
732	695 242 343 460
733	2910 935 1965 1634
734	2956 2510 974 1299
735	1186 394 1613 2973
736	2788 2824 2764 797
737	2277 2114 510 756
738	1023 2734 1165 149
739	255 1776 2963 307
740	495 549 420 532
741	2453 2805 1056 201
742	399 276 2082 2316
743	143 806 2869 1461
744	37 2430 1444 2533
745	1414 2378 1961 1304
746	2200 1289 367 1441
747	956 2009 1434 5
748	666 1675 2615 1144
749	103 500 1688 2193
750	2172 504 662 1752
751	2363 2004 716 1044
752	2162 2644 2446 702
753	2776 2905 2806 420
754	1101 1056 2586 635
755	285 183 11 281
756	2042 1327 2923 2639
757	980 114 2397 1801
758	1099 1923 1763 1237
759	1146 285 409 2234
760	1452 1606 2785 1769
761	2939 2108 2798 208
762	2328 421 1818 2480
763	660 964 366 2397
764	1690 2108 977 1090
765	2716 2453 807 2203
766	12 1749 2111 279
767	250 507 534 480
768	464 2875 2025 1364
769	214 417 557 411
770	2164 1144 1577 580
771	1252 1055 2297 1513
772	1815 2027 432 1651
773	2233 1786 1592 2252
774	1028 795 2119 1892
775	563 736 2127 2061
776	1004 2364 1856 816
777	549 1249 2102 1480
778	918 2308 702 2208
779	2084 2454 1115 900
780	2396 597 1585 2782
781	1743 972 1003 2762
782	1849 295 2025 1980
783	2062 2839 1722 2237
784	143 1619 574 2067
785	1278 732 1323 249
786	1160 391 420 2534
787	197 600 596 1305
788	2211 2028 2040 1873
789	2031 737 97 854
790	1012 1755 342 86
791	2110 1277 2025 2952
792	2029 1810 1401 757
793	1282 1993 1699 716
794	1453 1861 1624 270
795	523 2131 2337 1520
796	822 1884 1046 1668
797	2877 1854 2333 1040
798	1466 1152 2340 810
799	1276 1687 1336 1153
800	1405 2932 1218 1865
801	1045 1105 2126 311
802	1148 846 949 1756
803	2013 1155 1597 327
804	2995 704 5 1004
805	114 725 9 2557
806	1970 2967 1083 1427
807	158 1736 2182 231
808	321 725 217 2415
809	87 179 2356 1168
810	2757 1405 2133 2968
811	2534 2561 119 1312
812	83 1092 643 1353
813	1823 869 2066 448
814	1819 1561 1502 174
815	723 1752 1698 1086
816	2552 799 971 2738
817	2296 1118 2536 2890
818	1405 1888 2180 1972
819	30 853 1430 1054
820	1849 1763 2354 678
821	2165 2804 2741 1884
822	2387 390 2012 2733
823	1657 1635 1225 1309
824	2207 489 1420 2789
825	636 2514 1349 2307
826	1851 2879 1809 1300
827	434 7 2122 1177
828	241 2065 205 93
829	1347 841 581 2239
830	1005 1559 1175 1388
831	1225 543 646 984
832	1043 2909 1282 27
833	2748 1200 272 1736
834	1583 1235 2700 1769
835	851 861 1613 781
836	1619 458 117 832
837	1227 273 309 407
838	2651 215 900 372
839	146 857 2954 1622
840	1980 1734 2371 2354
841	2934 2962 428 233
842	1491 1711 2033 1229
843	498 2534 1892 740
844	2924 462 1709 2032
845	2060 2471 2039 863
846	2975 287 1695 1892
847	2978 2925 539 2699
848	1303 1188 1340 607
849	1032 1888 2549 2340
850	608 2681 816 2745
851	1912 1361 1738 373
852	308 1564 1314 817
853	1869 1379 365 975
854	1140 2051 452 2344
855	1514 1074 1722 332
856	2082 750 344 1118
857	671 1885 2545 836
858	435 2442 510 711
859	910 873 1926 2985
860	1697 600 1654 2197
861	2967 1916 782 1061
862	1995 2054 1282 205
863	1690 414 7 1562
864	2276 79 1116 2819
865	421 841 2174 972
866	2329 607 1444 403
867	2817 1284 1912 1778
868	2822 2090 2696 1269
869	103 1772 982 2687
870	63 860 1888 2116
871	2510 1908 1565 1768
872	1039 1642 1961 1424
873	324 1934 323 713
874	2474 2099 1530 461
875	458 24 1491 1636
876	181 47 2164 2235
877	2755 1117 1496 2720
878	862 2149 1987 1638
879	468 2223 1457 1699
880	735 572 2170 1148
881	1314 2608 2391 471
882	923 1220 2756 2804
883	2403 1790 2950 279
884	466 1746 1228 722
885	52 2704 2189 2619
886	47 1646 2271 1206
887	5 860 76 2622
888	138 2231 356 2505
889	2019 1686 1279 1832
890	2210 1322 2992 481
891	1984 621 186 2288
892	926 1963 1854 2910
893	1836 876 1121 1474
894	2870 400 1407 753
895	1451 1059 1326 2101
896	1341 2986 197 649
897	460 2143 481 2784
898	45 2558 1571 1957
899	2566 1508 1314 1503
900	2189 2167 328 1976
901	1365 2981 251 1297
902	1478 1891 1591 2523
903	1002 2980 33 890
904	1864 1713 1109 1786
905	2126 2033 2792 2940
906	1576 1234 2173 329
907	1583 2031 2256 2289
908	1027 1195 2443 338
909	2140 680 1509 2050
910	1520 487 134 573
911	1195 2666 2081 1447
912	451 1496 2328 2132
913	2943 2064 2105 2251
914	2729 2237 2500 2975
915	836 1515 2802 178
916	576 873 1855 1213
917	2386 667 709 2926
918	589 1738 1596 1447
919	398 1282 782 2571
920	81 62 915 2940
921	2623 1326 829 729
922	119 1068 2242 143
923	2550 222 662 1374
924	497 1118 1114 982
925	1654 2283 1833 2373
926	985 1006 964 2543
927	1813 2126 975 665
928	669 415 179 83
929	1907 673 403 646
930	2039 2951 839 2965
931	1697 2069 990 1639
932	1597 993 1847 1863
933	1071 1537 2159 1365
934	1298 2936 2371 1662
935	1492 2923 2358 2108
936	966 1189 12 690
937	190 259 2416 750
938	1022 2541 1533 2412
939	78 1366 893 1043
940	2388 1231 1629 1393
941	1718 2030 749 2417
942	1325 2274 2856 238
943	1858 2897 548 260
944	2164 1224 651 2349
945	1036 1720 840 1962
946	2473 718 2213 679
947	1664 94 1421 2086
948	1102 728 2004 2219
949	2654 1276 1791 2850
950	798 2515 2672 1750
951	1248 2116 1369 2583
952	2691 1842 353 2362
953	75 1515 2857 2075
954	2883 2975 1560 2502
955	2707 197 534 1695
956	1657 494 2189 1699
957	65 1934 2299 1800
958	2450 1897 1632 825
959	2957 618 1880 1380
960	718 2354 483 2563
961	1789 915 1803 1952
962	110 885 970 912
963	2102 2414 1550 2588
964	1063 1573 931 1806
965	1063 1433 1668 1473
966	2895 2232 1002 516
967	304 1809 2620 662
968	2853 2266 1534 2192
969	688 1148 2708 710
970	1239 1174 788 922
971	521 1124 2578 510
972	1789 1426 2047 1849
973	2610 505 1577 1142
974	2835 79 436 2271
975	2201 648 1596 1632
976	1540 2713 547 1325
977	370 195 2948 2415
978	2515 1870 1321 1648
979	1802 734 1426 2844
980	2570 2282 1121 2495
981	89 2122 763 403
982	2097 754 450 80
983	1737 98 1492 2290
984	660 2603 465 1374
985	2964 1732 1498 2758
986	2846 1049 1151 1356
987	100 1083 2494 2083
988	2168 2947 2873 1603
989	3000 2327 1134 1160
990	1982 2683 2944 1306
991	277 365 1616 658
992	822 2970 2898 1129
993	466 1737 2295 2237
994	1389 666 240 2957
995	2304 1376 142 1686
996	2580 2586 1695 1368
997	2304 1476 2747 868
998	1453 1593 2264 706
999	1568 1405 71 132
1000	2864 54 800 1871
