Class Times	10
Rooms	300
1	476
2	533
3	283
4	181
5	184
6	532
7	839
8	279
9	52
10	164
11	279
12	191
13	990
14	875
15	492
16	823
17	465
18	490
19	750
20	396
21	900
22	735
23	745
24	665
25	42
26	478
27	862
28	383
29	394
30	328
31	119
32	828
33	653
34	513
35	621
36	946
37	690
38	915
39	931
40	970
41	58
42	709
43	799
44	627
45	503
46	120
47	884
48	582
49	684
50	814
51	102
52	849
53	377
54	398
55	133
56	425
57	279
58	682
59	236
60	753
61	971
62	708
63	490
64	272
65	177
66	29
67	517
68	227
69	583
70	68
71	78
72	800
73	34
74	160
75	548
76	127
77	156
78	160
79	579
80	478
81	173
82	758
83	804
84	366
85	170
86	874
87	841
88	44
89	268
90	239
91	435
92	786
93	390
94	94
95	437
96	355
97	561
98	137
99	832
100	694
101	254
102	521
103	604
104	150
105	937
106	227
107	632
108	188
109	344
110	711
111	527
112	313
113	620
114	276
115	113
116	412
117	913
118	922
119	592
120	432
121	79
122	199
123	512
124	256
125	840
126	625
127	410
128	273
129	97
130	337
131	529
132	884
133	725
134	667
135	339
136	85
137	547
138	832
139	741
140	221
141	211
142	584
143	588
144	687
145	521
146	614
147	161
148	182
149	603
150	435
151	392
152	521
153	930
154	325
155	703
156	441
157	116
158	538
159	250
160	891
161	725
162	709
163	209
164	167
165	788
166	34
167	93
168	157
169	919
170	304
171	425
172	63
173	386
174	553
175	976
176	462
177	628
178	866
179	696
180	156
181	878
182	673
183	111
184	379
185	138
186	216
187	141
188	340
189	340
190	462
191	930
192	646
193	802
194	940
195	515
196	36
197	166
198	534
199	837
200	997
201	364
202	529
203	805
204	927
205	491
206	334
207	978
208	139
209	508
210	604
211	783
212	253
213	750
214	719
215	859
216	445
217	572
218	683
219	194
220	487
221	804
222	126
223	856
224	585
225	26
226	733
227	817
228	233
229	279
230	238
231	997
232	330
233	186
234	716
235	253
236	307
237	806
238	93
239	367
240	758
241	565
242	157
243	55
244	988
245	73
246	568
247	786
248	378
249	438
250	923
251	55
252	967
253	175
254	825
255	63
256	212
257	164
258	86
259	681
260	106
261	139
262	944
263	299
264	711
265	922
266	75
267	409
268	171
269	679
270	33
271	77
272	785
273	124
274	29
275	23
276	205
277	370
278	435
279	657
280	960
281	545
282	888
283	925
284	98
285	635
286	283
287	944
288	495
289	120
290	942
291	645
292	748
293	748
294	350
295	753
296	780
297	451
298	12
299	236
300	209
Classes	3000
Teachers	1500
1	150
2	827
3	944
4	593
5	1461
6	1411
7	1463
8	1101
9	802
10	1135
11	1302
12	994
13	1215
14	665
15	685
16	284
17	884
18	282
19	58
20	965
21	982
22	1183
23	1217
24	713
25	984
26	1491
27	475
28	328
29	617
30	558
31	588
32	594
33	58
34	722
35	1215
36	1211
37	51
38	41
39	1358
40	1157
41	1220
42	600
43	458
44	336
45	577
46	1169
47	1159
48	189
49	332
50	345
51	246
52	115
53	733
54	768
55	1101
56	33
57	41
58	1225
59	857
60	201
61	990
62	261
63	949
64	775
65	1393
66	1249
67	5
68	71
69	611
70	870
71	1399
72	154
73	925
74	765
75	815
76	1355
77	1353
78	850
79	1124
80	1394
81	826
82	1177
83	973
84	166
85	100
86	349
87	131
88	96
89	1262
90	768
91	98
92	388
93	1498
94	421
95	799
96	64
97	1359
98	1013
99	1287
100	1051
101	836
102	21
103	1297
104	1475
105	1057
106	906
107	1398
108	1187
109	602
110	551
111	1402
112	148
113	679
114	33
115	22
116	1341
117	1016
118	717
119	993
120	782
121	986
122	616
123	1157
124	765
125	1295
126	1002
127	324
128	1470
129	340
130	831
131	968
132	199
133	1445
134	622
135	386
136	17
137	261
138	496
139	57
140	1089
141	571
142	1208
143	970
144	109
145	188
146	1179
147	968
148	76
149	458
150	362
151	219
152	207
153	695
154	409
155	207
156	593
157	581
158	962
159	714
160	143
161	611
162	1458
163	1299
164	1026
165	1193
166	332
167	808
168	803
169	1175
170	637
171	1426
172	468
173	747
174	1475
175	1129
176	522
177	767
178	1207
179	1430
180	818
181	1134
182	628
183	319
184	1275
185	157
186	786
187	408
188	1141
189	541
190	862
191	1241
192	86
193	844
194	662
195	884
196	502
197	172
198	818
199	1026
200	162
201	172
202	531
203	1424
204	793
205	618
206	990
207	930
208	272
209	1067
210	786
211	414
212	827
213	187
214	608
215	657
216	1192
217	658
218	1080
219	585
220	878
221	973
222	1474
223	1487
224	680
225	906
226	60
227	518
228	143
229	914
230	1409
231	701
232	94
233	238
234	52
235	669
236	416
237	1015
238	1116
239	720
240	262
241	574
242	1139
243	1329
244	148
245	582
246	491
247	1451
248	320
249	1139
250	559
251	1432
252	183
253	137
254	386
255	1412
256	1115
257	1376
258	1372
259	553
260	1231
261	146
262	831
263	234
264	1467
265	1241
266	790
267	558
268	214
269	14
270	442
271	145
272	752
273	449
274	934
275	1089
276	944
277	769
278	1016
279	387
280	1467
281	1209
282	1404
283	644
284	595
285	1113
286	1443
287	602
288	1411
289	797
290	1102
291	1461
292	1237
293	102
294	324
295	1161
296	481
297	55
298	569
299	1302
300	1324
301	87
302	542
303	2
304	224
305	719
306	559
307	144
308	447
309	993
310	1355
311	1116
312	1154
313	176
314	650
315	352
316	500
317	1208
318	1008
319	1441
320	260
321	1494
322	799
323	116
324	805
325	81
326	1257
327	13
328	71
329	1217
330	833
331	966
332	621
333	1383
334	1140
335	1366
336	893
337	1093
338	1119
339	474
340	1270
341	10
342	1059
343	1311
344	592
345	1323
346	551
347	465
348	519
349	1148
350	796
351	730
352	1271
353	473
354	492
355	45
356	321
357	1382
358	1299
359	802
360	109
361	366
362	210
363	812
364	1381
365	582
366	961
367	450
368	1174
369	506
370	308
371	398
372	182
373	307
374	1242
375	317
376	1203
377	1207
378	407
379	459
380	677
381	304
382	101
383	440
384	950
385	674
386	212
387	1173
388	712
389	1049
390	122
391	1013
392	763
393	873
394	484
395	1228
396	306
397	1396
398	10
399	1019
400	314
401	1372
402	78
403	763
404	286
405	333
406	898
407	89
408	1141
409	1238
410	346
411	360
412	1345
413	725
414	370
415	923
416	685
417	1258
418	1288
419	314
420	285
421	536
422	1005
423	140
424	1366
425	403
426	707
427	1019
428	60
429	999
430	1031
431	858
432	1009
433	923
434	938
435	429
436	154
437	164
438	892
439	409
440	495
441	1117
442	428
443	564
444	249
445	452
446	52
447	298
448	1061
449	312
450	982
451	461
452	118
453	1147
454	304
455	1417
456	139
457	1059
458	836
459	1257
460	1007
461	506
462	669
463	1263
464	402
465	249
466	1481
467	764
468	179
469	1418
470	20
471	307
472	740
473	727
474	414
475	1092
476	420
477	1048
478	1370
479	196
480	793
481	930
482	105
483	1105
484	1185
485	1256
486	1369
487	1103
488	1150
489	1406
490	1150
491	542
492	777
493	487
494	762
495	184
496	163
497	598
498	22
499	1283
500	1497
501	566
502	687
503	197
504	178
505	807
506	66
507	1223
508	1178
509	1042
510	100
511	38
512	1493
513	683
514	1417
515	1297
516	999
517	290
518	1068
519	729
520	754
521	987
522	1459
523	526
524	300
525	1034
526	1415
527	928
528	484
529	28
530	555
531	1377
532	995
533	535
534	581
535	383
536	570
537	1384
538	14
539	1118
540	586
541	1211
542	684
543	111
544	1427
545	299
546	407
547	782
548	210
549	2
550	717
551	90
552	1236
553	808
554	228
555	1127
556	991
557	511
558	719
559	911
560	4
561	811
562	1373
563	296
564	652
565	69
566	402
567	1138
568	1332
569	874
570	289
571	1010
572	891
573	992
574	1394
575	1412
576	577
577	1418
578	7
579	447
580	292
581	1466
582	1329
583	295
584	550
585	970
586	1383
587	461
588	1052
589	703
590	264
591	119
592	390
593	75
594	1049
595	253
596	1206
597	316
598	366
599	925
600	492
601	189
602	244
603	1039
604	253
605	163
606	951
607	866
608	1496
609	340
610	598
611	942
612	976
613	452
614	1228
615	483
616	1095
617	815
618	280
619	466
620	877
621	42
622	1007
623	269
624	742
625	282
626	916
627	1120
628	609
629	1144
630	432
631	1129
632	1111
633	1485
634	79
635	389
636	599
637	79
638	149
639	38
640	910
641	545
642	1130
643	206
644	625
645	1314
646	449
647	1408
648	696
649	361
650	726
651	713
652	574
653	614
654	1336
655	1478
656	1002
657	1156
658	1373
659	1434
660	251
661	606
662	316
663	932
664	994
665	860
666	1480
667	1345
668	744
669	283
670	1380
671	733
672	194
673	410
674	1399
675	544
676	352
677	1061
678	54
679	736
680	1450
681	890
682	1171
683	1251
684	1367
685	813
686	1272
687	749
688	125
689	1466
690	1071
691	421
692	1196
693	674
694	780
695	333
696	755
697	371
698	1406
699	53
700	589
701	942
702	1027
703	972
704	369
705	329
706	467
707	612
708	939
709	1346
710	1219
711	1191
712	876
713	1363
714	490
715	280
716	881
717	790
718	1474
719	568
720	497
721	1169
722	1250
723	185
724	1274
725	852
726	1229
727	1111
728	1353
729	471
730	493
731	837
732	319
733	1118
734	710
735	494
736	878
737	620
738	1115
739	258
740	43
741	929
742	1109
743	1076
744	442
745	170
746	848
747	1498
748	654
749	1337
750	1219
751	322
752	1332
753	1204
754	945
755	410
756	1408
757	127
758	1123
759	723
760	321
761	86
762	356
763	943
764	1460
765	335
766	901
767	142
768	1327
769	1185
770	37
771	848
772	1210
773	427
774	1123
775	229
776	844
777	1338
778	1429
779	1134
780	1028
781	813
782	496
783	561
784	265
785	1294
786	1375
787	337
788	1055
789	241
790	1446
791	583
792	223
793	1318
794	264
795	455
796	841
797	698
798	262
799	1478
800	896
801	361
802	871
803	37
804	1357
805	737
806	1500
807	195
808	1441
809	1370
810	161
811	67
812	406
813	985
814	238
815	753
816	151
817	1499
818	1075
819	562
820	1495
821	320
822	528
823	475
824	797
825	27
826	682
827	852
828	212
829	635
830	16
831	1233
832	456
833	347
834	181
835	443
836	110
837	1010
838	1232
839	509
840	625
841	356
842	1191
843	891
844	1360
845	289
846	1477
847	929
848	870
849	641
850	948
851	915
852	232
853	1493
854	859
855	515
856	425
857	1275
858	1245
859	1328
860	578
861	787
862	4
863	565
864	996
865	894
866	1135
867	277
868	1444
869	312
870	701
871	1195
872	665
873	493
874	653
875	96
876	176
877	1162
878	180
879	522
880	153
881	1167
882	557
883	1456
884	756
885	1390
886	434
887	1177
888	762
889	291
890	590
891	191
892	1027
893	876
894	828
895	482
896	544
897	573
898	1446
899	297
900	422
901	1210
902	740
903	1284
904	241
905	139
906	587
907	905
908	384
909	931
910	303
911	1491
912	867
913	347
914	1322
915	1500
916	821
917	380
918	1120
919	716
920	546
921	550
922	915
923	1381
924	1337
925	142
926	7
927	396
928	1253
929	1006
930	739
931	724
932	389
933	986
934	660
935	873
936	428
937	1308
938	223
939	205
940	175
941	1074
942	181
943	439
944	517
945	1069
946	430
947	1060
948	1096
949	595
950	268
951	434
952	1221
953	616
954	1213
955	1068
956	294
957	1076
958	697
959	161
960	1322
961	823
962	1194
963	901
964	1266
965	1328
966	75
967	1138
968	1218
969	1060
970	1449
971	529
972	979
973	695
974	631
975	335
976	615
977	391
978	1331
979	1263
980	1401
981	647
982	1253
983	750
984	1167
985	220
986	310
987	742
988	28
989	1422
990	1301
991	357
992	803
993	1378
994	1096
995	1331
996	1482
997	77
998	1225
999	156
1000	327
1001	983
1002	1056
1003	750
1004	865
1005	13
1006	645
1007	1103
1008	622
1009	720
1010	1086
1011	563
1012	1190
1013	1473
1014	381
1015	676
1016	1181
1017	298
1018	920
1019	816
1020	1092
1021	151
1022	12
1023	820
1024	240
1025	485
1026	182
1027	9
1028	741
1029	991
1030	673
1031	147
1032	150
1033	1239
1034	1465
1035	871
1036	859
1037	190
1038	1083
1039	199
1040	1070
1041	707
1042	547
1043	580
1044	491
1045	91
1046	108
1047	1470
1048	1471
1049	854
1050	465
1051	681
1052	1413
1053	536
1054	213
1055	204
1056	689
1057	1447
1058	557
1059	23
1060	1472
1061	698
1062	908
1063	661
1064	384
1065	954
1066	197
1067	380
1068	887
1069	748
1070	954
1071	1054
1072	889
1073	547
1074	721
1075	130
1076	568
1077	225
1078	524
1079	1033
1080	1090
1081	295
1082	392
1083	393
1084	771
1085	840
1086	507
1087	922
1088	1476
1089	520
1090	1239
1091	849
1092	167
1093	116
1094	174
1095	998
1096	555
1097	863
1098	630
1099	1122
1100	1464
1101	1158
1102	362
1103	987
1104	430
1105	337
1106	778
1107	681
1108	609
1109	752
1110	57
1111	1065
1112	889
1113	1232
1114	1350
1115	672
1116	198
1117	129
1118	331
1119	1052
1120	239
1121	1188
1122	1315
1123	632
1124	788
1125	480
1126	346
1127	1105
1128	1144
1129	1070
1130	277
1131	363
1132	49
1133	1153
1134	171
1135	497
1136	1342
1137	1342
1138	1497
1139	288
1140	398
1141	519
1142	1176
1143	789
1144	866
1145	874
1146	1172
1147	881
1148	932
1149	525
1150	1272
1151	450
1152	677
1153	1158
1154	865
1155	191
1156	62
1157	132
1158	783
1159	411
1160	374
1161	44
1162	880
1163	549
1164	756
1165	984
1166	158
1167	208
1168	63
1169	846
1170	123
1171	211
1172	850
1173	638
1174	1259
1175	1305
1176	963
1177	789
1178	1131
1179	640
1180	364
1181	1305
1182	1458
1183	935
1184	935
1185	1214
1186	887
1187	938
1188	476
1189	478
1190	1084
1191	481
1192	157
1193	243
1194	920
1195	1425
1196	1359
1197	1307
1198	664
1199	1097
1200	1479
1201	537
1202	1283
1203	159
1204	939
1205	278
1206	381
1207	605
1208	1295
1209	1420
1210	29
1211	1202
1212	1073
1213	1054
1214	772
1215	1422
1216	888
1217	1304
1218	644
1219	746
1220	411
1221	594
1222	138
1223	394
1224	732
1225	905
1226	1221
1227	500
1228	1155
1229	759
1230	549
1231	155
1232	495
1233	1442
1234	1082
1235	821
1236	774
1237	331
1238	1200
1239	729
1240	1108
1241	388
1242	1300
1243	129
1244	1397
1245	1271
1246	632
1247	607
1248	123
1249	788
1250	1004
1251	80
1252	1199
1253	382
1254	702
1255	162
1256	1440
1257	1489
1258	42
1259	711
1260	655
1261	971
1262	1472
1263	1255
1264	583
1265	1190
1266	543
1267	1247
1268	174
1269	221
1270	68
1271	1273
1272	1429
1273	1057
1274	1171
1275	528
1276	1456
1277	45
1278	640
1279	471
1280	1065
1281	144
1282	19
1283	1240
1284	1415
1285	1292
1286	198
1287	589
1288	1325
1289	1192
1290	856
1291	989
1292	601
1293	3
1294	359
1295	124
1296	84
1297	807
1298	101
1299	1254
1300	1216
1301	286
1302	293
1303	1455
1304	66
1305	1204
1306	839
1307	147
1308	1269
1309	1486
1310	1200
1311	683
1312	512
1313	342
1314	234
1315	494
1316	1069
1317	1174
1318	1490
1319	689
1320	1312
1321	940
1322	1483
1323	479
1324	1341
1325	1122
1326	206
1327	868
1328	82
1329	564
1330	725
1331	776
1332	126
1333	897
1334	437
1335	328
1336	757
1337	1154
1338	1102
1339	376
1340	365
1341	1407
1342	1090
1343	1066
1344	209
1345	1377
1346	655
1347	98
1348	1165
1349	327
1350	708
1351	1469
1352	623
1353	1410
1354	1244
1355	1084
1356	218
1357	1351
1358	1404
1359	806
1360	1021
1361	743
1362	21
1363	1202
1364	69
1365	250
1366	573
1367	279
1368	953
1369	400
1370	103
1371	1159
1372	1264
1373	1483
1374	1151
1375	910
1376	957
1377	962
1378	392
1379	136
1380	579
1381	1392
1382	926
1383	34
1384	926
1385	629
1386	975
1387	531
1388	1268
1389	436
1390	1067
1391	64
1392	952
1393	354
1394	78
1395	89
1396	230
1397	724
1398	599
1399	911
1400	1477
1401	363
1402	211
1403	648
1404	1488
1405	1137
1406	467
1407	219
1408	680
1409	93
1410	1450
1411	1205
1412	1172
1413	1136
1414	518
1415	1031
1416	1279
1417	315
1418	341
1419	8
1420	539
1421	226
1422	1499
1423	619
1424	453
1425	155
1426	1075
1427	110
1428	660
1429	1463
1430	201
1431	620
1432	924
1433	1048
1434	586
1435	93
1436	735
1437	276
1438	146
1439	68
1440	1008
1441	1476
1442	1309
1443	83
1444	1214
1445	1494
1446	62
1447	169
1448	747
1449	592
1450	515
1451	896
1452	438
1453	1152
1454	94
1455	1468
1456	676
1457	686
1458	156
1459	697
1460	834
1461	1053
1462	226
1463	433
1464	479
1465	1021
1466	971
1467	114
1468	70
1469	395
1470	601
1471	1114
1472	1256
1473	823
1474	1030
1475	311
1476	236
1477	287
1478	368
1479	498
1480	1431
1481	737
1482	1085
1483	108
1484	840
1485	1294
1486	11
1487	1124
1488	1132
1489	1121
1490	863
1491	1246
1492	1480
1493	830
1494	456
1495	427
1496	703
1497	1153
1498	192
1499	1053
1500	180
1501	633
1502	92
1503	1281
1504	862
1505	183
1506	1223
1507	56
1508	1313
1509	167
1510	271
1511	1388
1512	1037
1513	325
1514	969
1515	390
1516	1440
1517	1350
1518	220
1519	1182
1520	1287
1521	242
1522	353
1523	73
1524	72
1525	422
1526	1407
1527	851
1528	875
1529	334
1530	612
1531	311
1532	432
1533	477
1534	1170
1535	1197
1536	563
1537	1314
1538	364
1539	1487
1540	726
1541	1018
1542	302
1543	820
1544	1047
1545	1073
1546	1170
1547	800
1548	758
1549	1464
1550	607
1551	956
1552	1205
1553	1335
1554	1194
1555	943
1556	1142
1557	867
1558	317
1559	135
1560	639
1561	34
1562	1310
1563	1386
1564	1145
1565	1274
1566	812
1567	202
1568	454
1569	646
1570	221
1571	924
1572	114
1573	281
1574	712
1575	91
1576	460
1577	776
1578	358
1579	730
1580	825
1581	980
1582	240
1583	523
1584	217
1585	351
1586	591
1587	961
1588	1165
1589	1336
1590	292
1591	1414
1592	235
1593	523
1594	160
1595	1006
1596	165
1597	1449
1598	1402
1599	649
1600	538
1601	561
1602	694
1603	44
1604	1266
1605	1014
1606	767
1607	1083
1608	952
1609	584
1610	360
1611	170
1612	731
1613	8
1614	6
1615	513
1616	1457
1617	1453
1618	88
1619	1438
1620	1226
1621	1433
1622	1136
1623	1398
1624	124
1625	1363
1626	236
1627	405
1628	1387
1629	543
1630	15
1631	824
1632	1003
1633	748
1634	1387
1635	1086
1636	654
1637	1248
1638	773
1639	165
1640	579
1641	1447
1642	420
1643	895
1644	152
1645	485
1646	77
1647	231
1648	325
1649	1437
1650	111
1651	635
1652	591
1653	1246
1654	84
1655	1264
1656	945
1657	462
1658	641
1659	837
1660	983
1661	1265
1662	1282
1663	1180
1664	682
1665	1180
1666	1317
1667	912
1668	1285
1669	125
1670	483
1671	216
1672	1340
1673	1453
1674	668
1675	1409
1676	342
1677	739
1678	1485
1679	232
1680	985
1681	1242
1682	1433
1683	1430
1684	1262
1685	777
1686	922
1687	275
1688	904
1689	715
1690	228
1691	444
1692	1203
1693	488
1694	1017
1695	88
1696	190
1697	1249
1698	1032
1699	637
1700	902
1701	1400
1702	1481
1703	1367
1704	1334
1705	545
1706	403
1707	244
1708	302
1709	396
1710	1066
1711	1163
1712	941
1713	643
1714	1311
1715	358
1716	438
1717	131
1718	779
1719	1050
1720	743
1721	1149
1722	869
1723	892
1724	1306
1725	1320
1726	1401
1727	1137
1728	825
1729	294
1730	736
1731	1419
1732	1093
1733	761
1734	1348
1735	269
1736	315
1737	1023
1738	521
1739	1251
1740	618
1741	861
1742	97
1743	230
1744	19
1745	566
1746	822
1747	947
1748	965
1749	406
1750	1226
1751	749
1752	46
1753	1335
1754	619
1755	205
1756	760
1757	36
1758	1220
1759	1489
1760	1352
1761	1147
1762	278
1763	1452
1764	379
1765	775
1766	781
1767	757
1768	1425
1769	1011
1770	1001
1771	1388
1772	626
1773	297
1774	330
1775	87
1776	192
1777	300
1778	128
1779	1396
1780	745
1781	541
1782	417
1783	857
1784	306
1785	1117
1786	1212
1787	1127
1788	614
1789	754
1790	1284
1791	1277
1792	1181
1793	953
1794	1176
1795	344
1796	355
1797	323
1798	1371
1799	412
1800	659
1801	231
1802	1386
1803	721
1804	383
1805	1260
1806	393
1807	869
1808	1050
1809	1178
1810	728
1811	1290
1812	710
1813	39
1814	1036
1815	671
1816	638
1817	451
1818	617
1819	843
1820	1318
1821	1168
1822	690
1823	979
1824	795
1825	1126
1826	998
1827	1380
1828	338
1829	1431
1830	1382
1831	276
1832	175
1833	751
1834	633
1835	1248
1836	977
1837	1161
1838	425
1839	898
1840	918
1841	81
1842	1304
1843	959
1844	1032
1845	35
1846	1201
1847	972
1848	134
1849	734
1850	1014
1851	417
1852	1278
1853	860
1854	1168
1855	1454
1856	897
1857	1301
1858	138
1859	56
1860	431
1861	476
1862	160
1863	1077
1864	639
1865	584
1866	1371
1867	90
1868	237
1869	1183
1870	964
1871	731
1872	270
1873	395
1874	344
1875	1047
1876	1437
1877	1234
1878	794
1879	187
1880	686
1881	1175
1882	137
1883	1030
1884	1140
1885	303
1886	1277
1887	391
1888	1432
1889	774
1890	546
1891	371
1892	693
1893	809
1894	1088
1895	112
1896	222
1897	900
1898	1199
1899	909
1900	1442
1901	514
1902	222
1903	130
1904	339
1905	250
1906	1357
1907	525
1908	902
1909	1391
1910	1324
1911	1109
1912	1479
1913	1106
1914	817
1915	988
1916	702
1917	1130
1918	394
1919	1454
1920	336
1921	928
1922	501
1923	1051
1924	412
1925	649
1926	1098
1927	1029
1928	659
1929	140
1930	239
1931	766
1932	696
1933	141
1934	1045
1935	487
1936	1343
1937	1334
1938	1000
1939	809
1940	1132
1941	1206
1942	283
1943	1473
1944	1325
1945	771
1946	950
1947	455
1948	1344
1949	464
1950	1390
1951	134
1952	1113
1953	1250
1954	753
1955	664
1956	258
1957	1389
1958	1495
1959	203
1960	1278
1961	1365
1962	375
1963	51
1964	966
1965	473
1966	851
1967	145
1968	1233
1969	615
1970	919
1971	1343
1972	196
1973	1352
1974	1142
1975	1348
1976	690
1977	158
1978	24
1979	48
1980	1280
1981	1309
1982	1270
1983	185
1984	785
1985	436
1986	800
1987	745
1988	888
1989	1209
1990	1160
1991	784
1992	1011
1993	1224
1994	927
1995	949
1996	168
1997	1347
1998	816
1999	6
2000	1028
2001	1290
2002	378
2003	1108
2004	441
2005	474
2006	1300
2007	437
2008	203
2009	732
2010	1323
2011	1003
2012	642
2013	1196
2014	811
2015	469
2016	24
2017	1038
2018	537
2019	1055
2020	904
2021	824
2022	1252
2023	912
2024	1265
2025	429
2026	47
2027	441
2028	322
2029	656
2030	260
2031	1098
2032	1379
2033	423
2034	854
2035	293
2036	1187
2037	530
2038	875
2039	839
2040	272
2041	1237
2042	648
2043	501
2044	704
2045	440
2046	498
2047	309
2048	488
2049	605
2050	661
2051	1368
2052	548
2053	514
2054	933
2055	70
2056	59
2057	1004
2058	760
2059	877
2060	55
2061	903
2062	18
2063	59
2064	74
2065	326
2066	227
2067	1064
2068	1369
2069	567
2070	652
2071	856
2072	861
2073	349
2074	445
2075	118
2076	988
2077	668
2078	704
2079	841
2080	634
2081	9
2082	1375
2083	1317
2084	741
2085	43
2086	1234
2087	651
2088	1344
2089	847
2090	135
2091	585
2092	882
2093	490
2094	1471
2095	1058
2096	72
2097	291
2098	759
2099	651
2100	570
2101	224
2102	173
2103	80
2104	30
2105	463
2106	1222
2107	1080
2108	35
2109	1017
2110	662
2111	273
2112	728
2113	647
2114	46
2115	254
2116	1040
2117	136
2118	290
2119	82
2120	1340
2121	645
2122	1492
2123	273
2124	193
2125	832
2126	216
2127	209
2128	133
2129	631
2130	1273
2131	553
2132	355
2133	656
2134	927
2135	663
2136	604
2137	153
2138	1365
2139	828
2140	1148
2141	341
2142	376
2143	248
2144	715
2145	1354
2146	868
2147	597
2148	1044
2149	1151
2150	723
2151	1182
2152	959
2153	117
2154	1078
2155	535
2156	173
2157	872
2158	1392
2159	846
2160	287
2161	964
2162	252
2163	766
2164	992
2165	423
2166	1062
2167	931
2168	285
2169	119
2170	709
2171	908
2172	1496
2173	1029
2174	1455
2175	526
2176	621
2177	47
2178	576
2179	1285
2180	274
2181	534
2182	122
2183	974
2184	23
2185	365
2186	65
2187	15
2188	115
2189	1009
2190	1354
2191	354
2192	785
2193	49
2194	117
2195	259
2196	1106
2197	65
2198	326
2199	975
2200	242
2201	1385
2202	1119
2203	512
2204	132
2205	446
2206	141
2207	1056
2208	772
2209	1043
2210	443
2211	580
2212	415
2213	533
2214	1465
2215	900
2216	1062
2217	1424
2218	431
2219	946
2220	1288
2221	99
2222	350
2223	1405
2224	1230
2225	248
2226	678
2227	663
2228	670
2229	1389
2230	947
2231	1095
2232	673
2233	842
2234	53
2235	1179
2236	296
2237	801
2238	1282
2239	343
2240	468
2241	1041
2242	177
2243	83
2244	671
2245	629
2246	1307
2247	1245
2248	299
2249	780
2250	288
2251	980
2252	658
2253	448
2254	1462
2255	711
2256	1443
2257	709
2258	348
2259	1024
2260	29
2261	477
2262	691
2263	1296
2264	995
2265	1164
2266	25
2267	513
2268	1260
2269	329
2270	369
2271	208
2272	397
2273	746
2274	534
2275	758
2276	1286
2277	1298
2278	418
2279	1156
2280	847
2281	1128
2282	556
2283	18
2284	204
2285	1235
2286	235
2287	48
2288	1405
2289	330
2290	843
2291	104
2292	446
2293	502
2294	1361
2295	796
2296	313
2297	1368
2298	1022
2299	419
2300	112
2301	377
2302	1229
2303	1034
2304	1097
2305	435
2306	469
2307	575
2308	829
2309	1259
2310	778
2311	1313
2312	951
2313	1193
2314	1439
2315	744
2316	963
2317	571
2318	524
2319	1107
2320	1312
2321	343
2322	1222
2323	833
2324	367
2325	784
2326	913
2327	832
2328	1040
2329	1436
2330	735
2331	1025
2332	279
2333	1046
2334	1428
2335	1279
2336	672
2337	705
2338	107
2339	718
2340	967
2341	213
2342	688
2343	834
2344	565
2345	842
2346	1077
2347	95
2348	252
2349	764
2350	895
2351	1488
2352	1460
2353	1071
2354	281
2355	1104
2356	608
2357	510
2358	1469
2359	400
2360	755
2361	1015
2362	1320
2363	308
2364	444
2365	385
2366	845
2367	1244
2368	359
2369	1482
2370	1038
2371	567
2372	1351
2373	974
2374	934
2375	200
2376	217
2377	548
2378	899
2379	274
2380	482
2381	164
2382	229
2383	653
2384	419
2385	958
2386	504
2387	418
2388	27
2389	104
2390	727
2391	1033
2392	894
2393	408
2394	1261
2395	521
2396	532
2397	1308
2398	445
2399	1023
2400	1315
2401	1000
2402	1269
2403	426
2404	171
2405	1364
2406	1213
2407	940
2408	507
2409	177
2410	801
2411	243
2412	941
2413	268
2414	1319
2415	604
2416	700
2417	783
2418	678
2419	1104
2420	1152
2421	1400
2422	769
2423	1291
2424	1081
2425	1
2426	1146
2427	99
2428	257
2429	504
2430	374
2431	817
2432	40
2433	334
2434	254
2435	1378
2436	700
2437	880
2438	578
2439	159
2440	133
2441	693
2442	948
2443	73
2444	1041
2445	829
2446	120
2447	357
2448	1423
2449	404
2450	1143
2451	761
2452	1085
2453	1166
2454	1439
2455	373
2456	530
2457	804
2458	667
2459	1100
2460	864
2461	1376
2462	1451
2463	202
2464	1391
2465	705
2466	1261
2467	886
2468	916
2469	1025
2470	448
2471	882
2472	193
2473	259
2474	237
2475	921
2476	1436
2477	251
2478	1459
2479	849
2480	505
2481	439
2482	387
2483	186
2484	794
2485	36
2486	1310
2487	97
2488	1188
2489	626
2490	489
2491	532
2492	997
2493	267
2494	50
2495	569
2496	1184
2497	375
2498	200
2499	667
2500	643
2501	989
2502	339
2503	1045
2504	1468
2505	106
2506	1081
2507	770
2508	903
2509	179
2510	917
2511	106
2512	263
2513	1227
2514	405
2515	353
2516	1252
2517	1035
2518	1349
2519	426
2520	918
2521	310
2522	107
2523	149
2524	734
2525	781
2526	1166
2527	3
2528	509
2529	1155
2530	1100
2531	779
2532	1043
2533	597
2534	284
2535	1143
2536	1240
2537	113
2538	1339
2539	372
2540	804
2541	270
2542	718
2543	218
2544	1044
2545	1063
2546	917
2547	556
2548	247
2549	301
2550	323
2551	886
2552	958
2553	1001
2554	1268
2555	1036
2556	152
2557	385
2558	978
2559	1423
2560	120
2561	624
2562	32
2563	1046
2564	499
2565	1316
2566	511
2567	909
2568	1133
2569	706
2570	1082
2571	533
2572	1326
2573	1012
2574	575
2575	1024
2576	510
2577	1327
2578	76
2579	552
2580	424
2581	102
2582	1125
2583	946
2584	178
2585	628
2586	805
2587	913
2588	1280
2589	1186
2590	20
2591	1125
2592	166
2593	714
2594	1131
2595	1
2596	454
2597	826
2598	338
2599	835
2600	1146
2601	31
2602	1306
2603	345
2604	855
2605	1198
2606	838
2607	505
2608	1236
2609	1087
2610	976
2611	1018
2612	588
2613	26
2614	63
2615	1255
2616	1289
2617	1444
2618	517
2619	670
2620	516
2621	351
2622	1428
2623	1037
2624	798
2625	457
2626	472
2627	1078
2628	554
2629	1186
2630	539
2631	103
2632	1099
2633	30
2634	489
2635	981
2636	1163
2637	1403
2638	54
2639	413
2640	810
2641	1107
2642	967
2643	453
2644	266
2645	74
2646	1397
2647	378
2648	560
2649	1395
2650	1243
2651	1452
2652	572
2653	1195
2654	1364
2655	835
2656	1197
2657	540
2658	1254
2659	377
2660	624
2661	214
2662	933
2663	630
2664	499
2665	85
2666	1321
2667	1358
2668	791
2669	634
2670	1316
2671	738
2672	1435
2673	1338
2674	606
2675	372
2676	1189
2677	463
2678	893
2679	1426
2680	1212
2681	560
2682	603
2683	1379
2684	1490
2685	1427
2686	1173
2687	1039
2688	184
2689	969
2690	227
2691	540
2692	1088
2693	1438
2694	675
2695	1012
2696	1356
2697	1414
2698	1247
2699	646
2700	596
2701	921
2702	600
2703	486
2704	1114
2705	956
2706	1393
2707	451
2708	885
2709	92
2710	31
2711	822
2712	194
2713	773
2714	95
2715	225
2716	919
2717	1492
2718	819
2719	587
2720	1346
2721	687
2722	1094
2723	188
2724	1149
2725	1289
2726	32
2727	1298
2728	1235
2729	552
2730	1112
2731	404
2732	1416
2733	127
2734	215
2735	1022
2736	367
2737	675
2738	738
2739	263
2740	691
2741	879
2742	1087
2743	1395
2744	350
2745	472
2746	1145
2747	1356
2748	642
2749	914
2750	885
2751	907
2752	1347
2753	1072
2754	1291
2755	113
2756	265
2757	679
2758	1064
2759	770
2760	1333
2761	1326
2762	1079
2763	520
2764	722
2765	838
2766	603
2767	751
2768	301
2769	459
2770	267
2771	370
2772	845
2773	186
2774	554
2775	318
2776	1484
2777	12
2778	899
2779	1276
2780	397
2781	433
2782	613
2783	890
2784	1303
2785	246
2786	1020
2787	787
2788	706
2789	864
2790	1072
2791	1416
2792	266
2793	684
2794	478
2795	247
2796	1321
2797	1276
2798	1035
2799	1410
2800	16
2801	955
2802	1330
2803	879
2804	1374
2805	937
2806	1224
2807	169
2808	1413
2809	480
2810	415
2811	67
2812	413
2813	470
2814	508
2815	457
2816	379
2817	271
2818	39
2819	1079
2820	61
2821	424
2822	858
2823	5
2824	936
2825	613
2826	416
2827	692
2828	309
2829	699
2830	1403
2831	1421
2832	996
2833	791
2834	1227
2835	466
2836	883
2837	368
2838	1419
2839	215
2840	1184
2841	1198
2842	348
2843	1360
2844	1162
2845	538
2846	590
2847	382
2848	1374
2849	1292
2850	1112
2851	11
2852	1238
2853	257
2854	1486
2855	1267
2856	50
2857	508
2858	1330
2859	977
2860	126
2861	1385
2862	1063
2863	1333
2864	40
2865	1042
2866	1258
2867	716
2868	810
2869	435
2870	798
2871	1435
2872	692
2873	1421
2874	1384
2875	1094
2876	623
2877	168
2878	1110
2879	275
2880	1091
2881	1074
2882	1361
2883	627
2884	61
2885	1484
2886	305
2887	572
2888	814
2889	657
2890	1303
2891	907
2892	872
2893	318
2894	516
2895	1133
2896	1201
2897	121
2898	1189
2899	503
2900	699
2901	1448
2902	1286
2903	1058
2904	1128
2905	128
2906	305
2907	1243
2908	1164
2909	26
2910	527
2911	373
2912	562
2913	1267
2914	17
2915	1231
2916	596
2917	1448
2918	795
2919	470
2920	610
2921	955
2922	1160
2923	688
2924	627
2925	937
2926	1445
2927	121
2928	527
2929	978
2930	1339
2931	694
2932	1091
2933	1020
2934	830
2935	529
2936	792
2937	313
2938	1420
2939	1110
2940	105
2941	464
2942	1319
2943	855
2944	401
2945	460
2946	233
2947	960
2948	399
2949	1126
2950	1362
2951	1296
2952	1434
2953	1121
2954	1005
2955	997
2956	503
2957	1218
2958	462
2959	806
2960	957
2961	666
2962	666
2963	256
2964	1462
2965	819
2966	401
2967	195
2968	650
2969	85
2970	1362
2971	883
2972	1230
2973	1457
2974	1281
2975	936
2976	1099
2977	256
2978	1293
2979	486
2980	399
2981	245
2982	1349
2983	576
2984	814
2985	853
2986	1293
2987	853
2988	245
2989	792
2990	981
2991	708
2992	25
2993	255
2994	1216
2995	636
2996	233
2997	960
2998	636
2999	610
3000	255
Class Times	10
Rooms	300
1	703
2	452
3	120
4	115
5	418
6	918
7	372
8	508
9	945
10	173
11	665
12	601
13	37
14	764
15	467
16	962
17	344
18	723
19	754
20	679
21	494
22	642
23	880
24	467
25	349
26	740
27	786
28	799
29	679
30	41
31	135
32	893
33	339
34	654
35	325
36	672
37	278
38	632
39	733
40	602
41	869
42	854
43	821
44	191
45	613
46	80
47	696
48	643
49	820
50	704
51	861
52	261
53	449
54	241
55	822
56	526
57	436
58	350
59	574
60	525
61	847
62	787
63	372
64	465
65	443
66	84
67	751
68	579
69	589
70	25
71	334
72	85
73	744
74	935
75	406
76	596
77	327
78	936
79	711
80	307
81	61
82	564
83	392
84	77
85	845
86	508
87	270
88	184
89	64
90	906
91	539
92	619
93	461
94	394
95	535
96	234
97	406
98	267
99	809
100	658
101	250
102	95
103	487
104	993
105	784
106	195
107	83
108	181
109	699
110	354
111	716
112	376
113	886
114	389
115	630
116	644
117	607
118	806
119	919
120	428
121	817
122	200
123	808
124	600
125	635
126	442
127	359
128	423
129	921
130	495
131	53
132	385
133	337
134	982
135	59
136	914
137	566
138	899
139	150
140	982
141	568
142	702
143	876
144	896
145	506
146	871
147	864
148	21
149	540
150	949
151	881
152	87
153	47
154	987
155	767
156	316
157	627
158	898
159	20
160	752
161	941
162	944
163	730
164	871
165	254
166	307
167	952
168	686
169	535
170	69
171	827
172	325
173	821
174	680
175	785
176	977
177	928
178	865
179	44
180	338
181	696
182	446
183	161
184	917
185	672
186	228
187	748
188	125
189	618
190	473
191	893
192	312
193	357
194	722
195	237
196	219
197	892
198	370
199	345
200	61
201	919
202	571
203	995
204	686
205	902
206	218
207	157
208	196
209	558
210	11
211	454
212	10
213	49
214	903
215	64
216	899
217	827
218	365
219	403
220	738
221	496
222	255
223	852
224	614
225	953
226	250
227	702
228	530
229	447
230	924
231	853
232	649
233	552
234	923
235	810
236	635
237	481
238	997
239	249
240	462
241	189
242	995
243	63
244	830
245	954
246	191
247	984
248	19
249	484
250	553
251	248
252	258
253	82
254	239
255	456
256	456
257	215
258	552
259	553
260	359
261	213
262	814
263	511
264	784
265	30
266	946
267	787
268	64
269	832
270	94
271	567
272	923
273	88
274	58
275	758
276	742
277	66
278	675
279	44
280	193
281	789
282	23
283	882
284	770
285	295
286	126
287	701
288	899
289	247
290	947
291	237
292	808
293	70
294	40
295	692
296	641
297	821
298	984
299	805
300	359
Classes	3000
Teachers	1500
1	708
2	52
3	398
4	408
5	858
6	1347
7	429
8	772
9	1331
10	444
11	1496
12	1255
13	868
14	313
15	617
16	371
17	1233
18	1396
19	1145
20	100
21	929
22	852
23	1230
24	21
25	1466
26	1170
27	1146
28	388
29	1192
30	193
31	786
32	46
33	649
34	190
35	1195
36	50
37	954
38	1461
39	185
40	81
41	1339
42	1056
43	298
44	718
45	696
46	329
47	723
48	1471
49	1059
50	1447
51	274
52	136
53	614
54	420
55	1355
56	520
57	170
58	1402
59	1186
60	1387
61	808
62	1396
63	1105
64	296
65	1177
66	238
67	447
68	544
69	34
70	316
71	1447
72	1039
73	396
74	233
75	1093
76	1426
77	170
78	1387
79	828
80	363
81	569
82	808
83	99
84	1235
85	1477
86	736
87	384
88	1397
89	10
90	690
91	1298
92	534
93	255
94	195
95	206
96	725
97	1285
98	444
99	339
100	1179
101	603
102	1450
103	369
104	61
105	146
106	881
107	768
108	1102
109	240
110	617
111	1221
112	883
113	1041
114	106
115	1161
116	1141
117	181
118	493
119	1242
120	1420
121	501
122	395
123	848
124	406
125	1
126	1319
127	39
128	1286
129	1000
130	729
131	1088
132	630
133	24
134	875
135	323
136	1292
137	582
138	572
139	1130
140	1315
141	389
142	202
143	442
144	491
145	580
146	1449
147	891
148	1026
149	1272
150	1049
151	797
152	316
153	1144
154	1488
155	13
156	1180
157	903
158	1462
159	654
160	1292
161	74
162	1423
163	343
164	257
165	547
166	105
167	83
168	725
169	535
170	477
171	362
172	1496
173	1181
174	520
175	946
176	958
177	753
178	1240
179	1354
180	796
181	872
182	1085
183	487
184	816
185	572
186	414
187	48
188	261
189	1148
190	891
191	272
192	1131
193	4
194	341
195	1205
196	596
197	602
198	627
199	837
200	376
201	915
202	335
203	25
204	1363
205	1028
206	397
207	33
208	1294
209	414
210	706
211	471
212	1473
213	25
214	81
215	150
216	638
217	313
218	1353
219	1464
220	682
221	1282
222	48
223	509
224	91
225	1102
226	459
227	1098
228	822
229	1130
230	66
231	1273
232	757
233	941
234	1209
235	1360
236	482
237	1428
238	754
239	1288
240	666
241	1463
242	412
243	481
244	415
245	442
246	854
247	1307
248	646
249	437
250	658
251	881
252	523
253	84
254	1422
255	977
256	58
257	1376
258	445
259	1251
260	417
261	686
262	1294
263	994
264	905
265	132
266	285
267	625
268	233
269	408
270	380
271	789
272	57
273	288
274	491
275	1376
276	1122
277	1407
278	1424
279	1142
280	1434
281	1316
282	1199
283	799
284	104
285	34
286	910
287	528
288	824
289	975
290	279
291	29
292	796
293	1081
294	729
295	1004
296	712
297	785
298	949
299	738
300	1416
301	448
302	1086
303	1325
304	413
305	147
306	1350
307	1076
308	871
309	84
310	939
311	439
312	1089
313	264
314	365
315	39
316	696
317	619
318	952
319	1388
320	1262
321	943
322	238
323	888
324	141
325	296
326	82
327	529
328	310
329	1204
330	1408
331	956
332	1259
333	111
334	490
335	1379
336	1034
337	235
338	1108
339	85
340	439
341	477
342	927
343	716
344	883
345	295
346	488
347	105
348	8
349	1227
350	1157
351	426
352	1118
353	1466
354	1167
355	201
356	424
357	295
358	1403
359	254
360	1433
361	93
362	1355
363	1067
364	148
365	186
366	127
367	448
368	1180
369	999
370	875
371	656
372	299
373	1109
374	310
375	142
376	259
377	419
378	1215
379	191
380	895
381	194
382	1317
383	1163
384	836
385	1403
386	4
387	287
388	1399
389	922
390	263
391	1228
392	606
393	349
394	1269
395	810
396	35
397	1196
398	538
399	737
400	6
401	1257
402	49
403	1491
404	1034
405	665
406	539
407	96
408	522
409	754
410	135
411	685
412	338
413	965
414	458
415	1307
416	602
417	245
418	747
419	1201
420	482
421	262
422	30
423	445
424	1012
425	1119
426	139
427	351
428	939
429	1144
430	1402
431	465
432	484
433	309
434	146
435	783
436	1070
437	1074
438	967
439	831
440	890
441	178
442	1115
443	1353
444	557
445	1027
446	1023
447	1132
448	101
449	1118
450	121
451	581
452	505
453	1475
454	1193
455	276
456	1436
457	779
458	1463
459	701
460	973
461	918
462	727
463	1398
464	836
465	855
466	88
467	1487
468	601
469	971
470	1008
471	613
472	620
473	858
474	916
475	1179
476	1157
477	1033
478	230
479	501
480	814
481	1285
482	1361
483	921
484	1332
485	822
486	200
487	1484
488	1393
489	562
490	870
491	603
492	730
493	659
494	1058
495	1318
496	932
497	1221
498	1356
499	423
500	509
501	759
502	950
503	99
504	1480
505	1321
506	1148
507	1315
508	152
509	970
510	217
511	533
512	62
513	794
514	337
515	656
516	894
517	370
518	1131
519	263
520	530
521	1066
522	388
523	1340
524	774
525	898
526	468
527	760
528	1036
529	35
530	343
531	914
532	312
533	780
534	876
535	626
536	673
537	778
538	145
539	997
540	741
541	991
542	1260
543	1373
544	1164
545	321
546	1140
547	688
548	1082
549	633
550	1499
551	874
552	449
553	1141
554	664
555	1127
556	464
557	117
558	782
559	85
560	323
561	834
562	311
563	341
564	834
565	937
566	874
567	372
568	9
569	222
570	1047
571	335
572	165
573	1409
574	1288
575	1394
576	634
577	437
578	195
579	131
580	680
581	869
582	114
583	1214
584	630
585	1364
586	1300
587	306
588	1202
589	203
590	908
591	706
592	284
593	984
594	494
595	88
596	901
597	1448
598	1332
599	740
600	923
601	1000
602	397
603	1257
604	1268
605	518
606	1425
607	330
608	811
609	383
610	993
611	540
612	605
613	1213
614	27
615	489
616	806
617	216
618	757
619	960
620	793
621	1448
622	134
623	1189
624	876
625	1490
626	234
627	1384
628	339
629	655
630	215
631	1408
632	107
633	1444
634	1302
635	412
636	1217
637	319
638	1151
639	647
640	537
641	1125
642	1231
643	615
644	743
645	1200
646	116
647	1445
648	641
649	1298
650	218
651	1043
652	679
653	1305
654	745
655	804
656	833
657	1045
658	1384
659	51
660	750
661	1296
662	357
663	518
664	108
665	394
666	18
667	80
668	1160
669	984
670	1128
671	1108
672	751
673	449
674	571
675	1222
676	740
677	944
678	931
679	835
680	1198
681	1162
682	785
683	549
684	1010
685	1057
686	1284
687	794
688	417
689	513
690	1220
691	21
692	221
693	291
694	69
695	713
696	65
697	55
698	202
699	704
700	196
701	199
702	1493
703	781
704	940
705	117
706	1278
707	216
708	807
709	1238
710	1054
711	326
712	1437
713	1349
714	1366
715	605
716	50
717	579
718	522
719	1020
720	83
721	155
722	711
723	1061
724	451
725	149
726	591
727	89
728	1369
729	586
730	872
731	637
732	167
733	187
734	564
735	779
736	351
737	738
738	884
739	884
740	1204
741	340
742	1016
743	677
744	144
745	976
746	1056
747	987
748	211
749	69
750	1196
751	1430
752	689
753	1329
754	373
755	830
756	1468
757	753
758	1373
759	150
760	67
761	889
762	180
763	930
764	514
765	673
766	1361
767	1424
768	470
769	922
770	1241
771	28
772	1375
773	949
774	1066
775	106
776	229
777	94
778	1245
779	1439
780	506
781	278
782	566
783	6
784	350
785	859
786	539
787	609
788	255
789	70
790	1170
791	19
792	484
793	283
794	194
795	895
796	625
797	76
798	737
799	204
800	1059
801	961
802	1366
803	460
804	1036
805	1207
806	775
807	1435
808	141
809	1450
810	1254
811	1336
812	96
813	1043
814	1344
815	1107
816	1173
817	372
818	419
819	22
820	354
821	635
822	46
823	309
824	1475
825	1276
826	163
827	280
828	978
829	1394
830	1094
831	868
832	97
833	600
834	184
835	828
836	187
837	1462
838	1459
839	137
840	1304
841	320
842	1352
843	1411
844	821
845	555
846	637
847	789
848	1347
849	1382
850	285
851	1488
852	1222
853	38
854	838
855	1014
856	755
857	1304
858	354
859	76
860	730
861	251
862	1426
863	30
864	5
865	305
866	57
867	788
868	601
869	452
870	355
871	499
872	686
873	1350
874	244
875	1177
876	703
877	786
878	536
879	1150
880	611
881	1442
882	1190
883	3
884	2
885	1346
886	1047
887	1063
888	1364
889	940
890	73
891	854
892	1197
893	189
894	820
895	24
896	1242
897	1305
898	533
899	781
900	680
901	941
902	634
903	855
904	331
905	169
906	1444
907	931
908	1263
909	765
910	1125
911	44
912	717
913	714
914	778
915	1042
916	971
917	1241
918	850
919	862
920	608
921	1153
922	382
923	962
924	732
925	873
926	1086
927	3
928	847
929	1223
930	1291
931	274
932	49
933	19
934	626
935	227
936	927
937	465
938	1199
939	515
940	33
941	1042
942	87
943	886
944	64
945	1129
946	551
947	108
948	223
949	1329
950	523
951	909
952	832
953	1123
954	892
955	1469
956	897
957	153
958	1301
959	1499
960	1455
961	1477
962	1205
963	935
964	407
965	1202
966	1021
967	814
968	915
969	515
970	797
971	485
972	914
973	18
974	71
975	542
976	906
977	1237
978	1267
979	183
980	650
981	577
982	1154
983	920
984	327
985	424
986	1359
987	1333
988	763
989	1143
990	1089
991	1149
992	36
993	164
994	905
995	275
996	760
997	75
998	1235
999	315
1000	1263
1001	1212
1002	1010
1003	898
1004	254
1005	260
1006	349
1007	583
1008	1243
1009	1154
1010	495
1011	460
1012	1026
1013	1208
1014	1093
1015	712
1016	825
1017	726
1018	228
1019	739
1020	1422
1021	913
1022	371
1023	1470
1024	1120
1025	324
1026	588
1027	575
1028	1453
1029	422
1030	762
1031	197
1032	1182
1033	154
1034	1055
1035	1451
1036	11
1037	498
1038	566
1039	594
1040	588
1041	307
1042	577
1043	865
1044	791
1045	373
1046	400
1047	288
1048	622
1049	1276
1050	197
1051	938
1052	1483
1053	1330
1054	252
1055	1417
1056	864
1057	1420
1058	582
1059	1061
1060	510
1061	176
1062	688
1063	1457
1064	893
1065	1369
1066	1309
1067	415
1068	750
1069	438
1070	840
1071	135
1072	1098
1073	336
1074	393
1075	621
1076	769
1077	390
1078	1308
1079	131
1080	1434
1081	1029
1082	606
1083	1490
1084	1187
1085	1368
1086	208
1087	75
1088	873
1089	1431
1090	622
1091	86
1092	574
1093	483
1094	1016
1095	986
1096	1416
1097	871
1098	654
1099	1169
1100	244
1101	1230
1102	1169
1103	147
1104	8
1105	1395
1106	103
1107	1005
1108	400
1109	11
1110	795
1111	715
1112	749
1113	1406
1114	12
1115	687
1116	1206
1117	1269
1118	163
1119	315
1120	40
1121	298
1122	1046
1123	934
1124	472
1125	773
1126	389
1127	304
1128	358
1129	1071
1130	558
1131	267
1132	447
1133	27
1134	250
1135	56
1136	375
1137	841
1138	1393
1139	999
1140	648
1141	112
1142	818
1143	1417
1144	5
1145	713
1146	287
1147	167
1148	157
1149	1191
1150	481
1151	535
1152	837
1153	130
1154	724
1155	495
1156	1081
1157	576
1158	360
1159	1159
1160	421
1161	1105
1162	9
1163	648
1164	1227
1165	856
1166	1479
1167	479
1168	975
1169	1110
1170	954
1171	1260
1172	1365
1173	176
1174	440
1175	1414
1176	1068
1177	658
1178	488
1179	1133
1180	403
1181	745
1182	1121
1183	359
1184	1464
1185	1406
1186	398
1187	1028
1188	1335
1189	679
1190	772
1191	1117
1192	87
1193	1351
1194	1133
1195	1250
1196	555
1197	1136
1198	348
1199	407
1200	1058
1201	732
1202	392
1203	1027
1204	862
1205	1041
1206	1132
1207	1120
1208	29
1209	721
1210	612
1211	207
1212	526
1213	811
1214	1017
1215	134
1216	832
1217	549
1218	377
1219	1211
1220	37
1221	1342
1222	1494
1223	930
1224	1328
1225	1008
1226	469
1227	237
1228	1348
1229	1360
1230	324
1231	1117
1232	303
1233	929
1234	127
1235	277
1236	599
1237	177
1238	545
1239	352
1240	795
1241	1176
1242	516
1243	433
1244	562
1245	291
1246	1007
1247	991
1248	1425
1249	990
1250	661
1251	770
1252	179
1253	58
1254	678
1255	1145
1256	232
1257	641
1258	747
1259	1110
1260	73
1261	798
1262	1453
1263	611
1264	1234
1265	739
1266	629
1267	728
1268	1468
1269	1237
1270	1164
1271	1182
1272	589
1273	576
1274	379
1275	15
1276	613
1277	1062
1278	1321
1279	1176
1280	125
1281	886
1282	675
1283	635
1284	1238
1285	130
1286	1270
1287	43
1288	958
1289	961
1290	32
1291	299
1292	1334
1293	381
1294	1480
1295	672
1296	973
1297	243
1298	165
1299	793
1300	492
1301	1168
1302	1206
1303	500
1304	1289
1305	280
1306	980
1307	841
1308	698
1309	156
1310	748
1311	1160
1312	1096
1313	974
1314	1091
1315	1233
1316	731
1317	705
1318	246
1319	918
1320	45
1321	998
1322	1189
1323	810
1324	838
1325	585
1326	1129
1327	1046
1328	851
1329	879
1330	149
1331	623
1332	377
1333	62
1334	1188
1335	782
1336	976
1337	1171
1338	741
1339	1029
1340	1052
1341	771
1342	1076
1343	458
1344	936
1345	489
1346	692
1347	1017
1348	683
1349	1039
1350	1004
1351	432
1352	503
1353	1338
1354	1139
1355	761
1356	459
1357	1421
1358	623
1359	963
1360	507
1361	236
1362	1127
1363	1054
1364	647
1365	1461
1366	666
1367	525
1368	243
1369	1231
1370	1200
1371	1103
1372	1094
1373	1401
1374	1390
1375	1293
1376	1011
1377	1126
1378	981
1379	344
1380	1207
1381	946
1382	1469
1383	1023
1384	20
1385	897
1386	1152
1387	769
1388	473
1389	345
1390	953
1391	850
1392	990
1393	1057
1394	290
1395	262
1396	1459
1397	53
1398	763
1399	1443
1400	735
1401	113
1402	282
1403	644
1404	257
1405	896
1406	281
1407	1208
1408	1021
1409	803
1410	848
1411	1380
1412	965
1413	1067
1414	1113
1415	192
1416	468
1417	640
1418	591
1419	219
1420	1226
1421	203
1422	1239
1423	63
1424	1080
1425	1048
1426	234
1427	1378
1428	1152
1429	1326
1430	933
1431	361
1432	207
1433	1018
1434	66
1435	337
1436	395
1437	1018
1438	259
1439	856
1440	1175
1441	342
1442	473
1443	1346
1444	683
1445	765
1446	485
1447	938
1448	1201
1449	384
1450	1409
1451	957
1452	546
1453	28
1454	188
1455	1005
1456	974
1457	90
1458	1413
1459	425
1460	369
1461	112
1462	38
1463	592
1464	675
1465	1363
1466	1181
1467	396
1468	767
1469	1025
1470	907
1471	399
1472	691
1473	186
1474	426
1475	1331
1476	512
1477	272
1478	1103
1479	998
1480	1392
1481	1246
1482	621
1483	982
1484	995
1485	743
1486	153
1487	404
1488	849
1489	1252
1490	657
1491	440
1492	1467
1493	1216
1494	1372
1495	391
1496	1252
1497	710
1498	464
1499	644
1500	547
1501	1112
1502	218
1503	698
1504	36
1505	1486
1506	136
1507	496
1508	279
1509	978
1510	168
1511	1266
1512	122
1513	1065
1514	302
1515	907
1516	222
1517	639
1518	399
1519	475
1520	318
1521	1163
1522	728
1523	964
1524	1049
1525	1427
1526	904
1527	784
1528	471
1529	809
1530	700
1531	357
1532	200
1533	304
1534	320
1535	1414
1536	1358
1537	650
1538	1072
1539	345
1540	79
1541	1489
1542	1255
1543	348
1544	843
1545	736
1546	1474
1547	1357
1548	893
1549	142
1550	913
1551	715
1552	68
1553	722
1554	353
1555	120
1556	114
1557	1214
1558	608
1559	1264
1560	342
1561	467
1562	1168
1563	139
1564	790
1565	1377
1566	1113
1567	360
1568	1099
1569	322
1570	553
1571	1060
1572	54
1573	206
1574	217
1575	1020
1576	960
1577	79
1578	353
1579	714
1580	1011
1581	1268
1582	1437
1583	166
1584	1003
1585	1401
1586	1079
1587	268
1588	1310
1589	888
1590	628
1591	1111
1592	962
1593	917
1594	294
1595	1351
1596	660
1597	1281
1598	364
1599	505
1600	1264
1601	553
1602	427
1603	1428
1604	275
1605	803
1606	981
1607	1243
1608	95
1609	584
1610	1031
1611	42
1612	985
1613	493
1614	152
1615	428
1616	524
1617	1009
1618	160
1619	1372
1620	988
1621	1481
1622	1390
1623	185
1624	870
1625	1483
1626	78
1627	290
1628	685
1629	1083
1630	1112
1631	387
1632	1328
1633	1040
1634	100
1635	1140
1636	214
1637	44
1638	835
1639	346
1640	487
1641	181
1642	379
1643	756
1644	330
1645	193
1646	968
1647	1073
1648	453
1649	1107
1650	392
1651	172
1652	1048
1653	208
1654	815
1655	640
1656	317
1657	942
1658	1435
1659	63
1660	964
1661	1287
1662	569
1663	719
1664	661
1665	726
1666	211
1667	333
1668	717
1669	657
1670	829
1671	1301
1672	923
1673	228
1674	815
1675	1106
1676	701
1677	1317
1678	432
1679	663
1680	124
1681	660
1682	1498
1683	813
1684	1002
1685	780
1686	600
1687	307
1688	1457
1689	529
1690	251
1691	92
1692	82
1693	1375
1694	540
1695	1495
1696	631
1697	450
1698	919
1699	90
1700	653
1701	761
1702	1322
1703	843
1704	212
1705	1312
1706	226
1707	809
1708	1418
1709	878
1710	531
1711	329
1712	1296
1713	1213
1714	225
1715	1273
1716	955
1717	1078
1718	362
1719	223
1720	790
1721	1340
1722	799
1723	422
1724	631
1725	567
1726	977
1727	586
1728	125
1729	261
1730	220
1731	454
1732	297
1733	452
1734	26
1735	486
1736	1247
1737	367
1738	1398
1739	1172
1740	1388
1741	1289
1742	989
1743	41
1744	746
1745	325
1746	441
1747	585
1748	636
1749	1370
1750	1172
1751	896
1752	434
1753	1
1754	711
1755	710
1756	1147
1757	118
1758	363
1759	346
1760	1121
1761	129
1762	596
1763	1379
1764	276
1765	410
1766	1002
1767	391
1768	550
1769	306
1770	691
1771	705
1772	629
1773	1324
1774	1407
1775	433
1776	175
1777	199
1778	805
1779	955
1780	393
1781	1171
1782	1019
1783	963
1784	604
1785	1338
1786	1025
1787	950
1788	731
1789	1183
1790	1281
1791	453
1792	947
1793	137
1794	59
1795	511
1796	496
1797	282
1798	41
1799	827
1800	1497
1801	937
1802	277
1803	1228
1804	70
1805	64
1806	1265
1807	1223
1808	697
1809	844
1810	595
1811	235
1812	632
1813	1411
1814	1079
1815	638
1816	154
1817	1449
1818	394
1819	697
1820	344
1821	1114
1822	224
1823	2
1824	158
1825	1188
1826	802
1827	303
1828	1337
1829	1245
1830	1309
1831	1265
1832	1486
1833	541
1834	169
1835	980
1836	524
1837	1210
1838	367
1839	1069
1840	294
1841	45
1842	1190
1843	178
1844	467
1845	451
1846	347
1847	565
1848	659
1849	1001
1850	1318
1851	209
1852	1258
1853	302
1854	267
1855	352
1856	580
1857	171
1858	463
1859	899
1860	719
1861	54
1862	1479
1863	667
1864	816
1865	561
1866	720
1867	642
1868	237
1869	1100
1870	97
1871	1274
1872	1415
1873	1326
1874	543
1875	138
1876	677
1877	678
1878	653
1879	1278
1880	1438
1881	1123
1882	74
1883	1279
1884	1410
1885	912
1886	944
1887	128
1888	620
1889	707
1890	556
1891	1299
1892	800
1893	1378
1894	374
1895	860
1896	537
1897	463
1898	826
1899	177
1900	93
1901	293
1902	756
1903	466
1904	378
1905	1167
1906	213
1907	1383
1908	1234
1909	1014
1910	80
1911	128
1912	490
1913	951
1914	1239
1915	1099
1916	1038
1917	1308
1918	1084
1919	723
1920	1150
1921	428
1922	1482
1923	204
1924	742
1925	716
1926	51
1927	1431
1928	1345
1929	899
1930	420
1931	236
1932	221
1933	536
1934	401
1935	1258
1936	158
1937	805
1938	1212
1939	401
1940	571
1941	1134
1942	829
1943	470
1944	798
1945	853
1946	317
1947	1494
1948	1337
1949	1492
1950	1082
1951	1038
1952	807
1953	1487
1954	724
1955	1342
1956	67
1957	1443
1958	1115
1959	1069
1960	762
1961	1399
1962	375
1963	860
1964	292
1965	17
1966	722
1967	231
1968	1032
1969	982
1970	689
1971	1476
1972	1362
1973	1211
1974	224
1975	526
1976	47
1977	1084
1978	1088
1979	943
1980	10
1981	1290
1982	664
1983	1116
1984	494
1985	1259
1986	121
1987	1173
1988	1429
1989	840
1990	700
1991	865
1992	902
1993	37
1994	1185
1995	983
1996	119
1997	246
1998	220
1999	534
2000	1404
2001	804
2002	506
2003	1015
2004	1012
2005	1397
2006	619
2007	1045
2008	347
2009	283
2010	668
2011	882
2012	1033
2013	1030
2014	718
2015	1068
2016	934
2017	1325
2018	140
2019	682
2020	72
2021	1031
2022	179
2023	340
2024	823
2025	173
2026	89
2027	527
2028	864
2029	969
2030	1458
2031	196
2032	672
2033	1095
2034	409
2035	1482
2036	1374
2037	607
2038	260
2039	322
2040	703
2041	530
2042	1300
2043	1454
2044	1183
2045	227
2046	1266
2047	47
2048	945
2049	618
2050	909
2051	457
2052	40
2053	17
2054	173
2055	548
2056	95
2057	699
2058	627
2059	1270
2060	552
2061	639
2062	792
2063	521
2064	749
2065	183
2066	967
2067	1096
2068	1126
2069	818
2070	1313
2071	1497
2072	901
2073	908
2074	133
2075	610
2076	1436
2077	215
2078	1472
2079	116
2080	1166
2081	557
2082	1161
2083	633
2084	226
2085	1484
2086	273
2087	920
2088	708
2089	1455
2090	1142
2091	1319
2092	1419
2093	592
2094	800
2095	1295
2096	219
2097	825
2098	404
2099	1055
2100	157
2101	370
2102	764
2103	434
2104	1136
2105	502
2106	23
2107	140
2108	368
2109	812
2110	985
2111	26
2112	669
2113	570
2114	364
2115	788
2116	311
2117	614
2118	826
2119	1166
2120	361
2121	628
2122	1330
2123	124
2124	1064
2125	1418
2126	902
2127	1324
2128	1320
2129	52
2130	1087
2131	610
2132	1299
2133	1106
2134	161
2135	513
2136	292
2137	751
2138	1138
2139	1135
2140	1380
2141	863
2142	787
2143	172
2144	1217
2145	702
2146	1470
2147	1392
2148	1498
2149	77
2150	65
2151	1445
2152	744
2153	378
2154	1303
2155	645
2156	945
2157	956
2158	156
2159	948
2160	1362
2161	1024
2162	270
2163	368
2164	546
2165	271
2166	1311
2167	1275
2168	819
2169	1035
2170	852
2171	911
2172	115
2173	1092
2174	548
2175	558
2176	1053
2177	821
2178	256
2179	7
2180	120
2181	305
2182	32
2183	885
2184	575
2185	917
2186	969
2187	652
2188	1284
2189	819
2190	669
2191	514
2192	851
2193	911
2194	928
2195	764
2196	1290
2197	1074
2198	624
2199	618
2200	787
2201	1370
2202	466
2203	1359
2204	1433
2205	500
2206	1100
2207	160
2208	1122
2209	1495
2210	269
2211	766
2212	1024
2213	1357
2214	953
2215	933
2216	1356
2217	212
2218	1275
2219	214
2220	1471
2221	321
2222	921
2223	455
2224	1225
2225	903
2226	833
2227	334
2228	1451
2229	1030
2230	1493
2231	996
2232	1218
2233	1472
2234	1382
2235	1185
2236	541
2237	376
2238	599
2239	932
2240	1246
2241	59
2242	119
2243	552
2244	784
2245	561
2246	1147
2247	734
2248	1159
2249	544
2250	676
2251	948
2252	441
2253	421
2254	72
2255	476
2256	229
2257	1249
2258	1015
2259	849
2260	1053
2261	381
2262	861
2263	1146
2264	383
2265	159
2266	359
2267	681
2268	878
2269	889
2270	462
2271	151
2272	386
2273	792
2274	1175
2275	190
2276	1286
2277	1291
2278	744
2279	1478
2280	693
2281	1446
2282	1225
2283	318
2284	252
2285	387
2286	454
2287	78
2288	928
2289	86
2290	573
2291	1419
2292	77
2293	1400
2294	1377
2295	844
2296	286
2297	1371
2298	210
2299	1128
2300	1306
2301	1193
2302	1349
2303	1460
2304	773
2305	655
2306	416
2307	1412
2308	1078
2309	993
2310	410
2311	284
2312	101
2313	425
2314	1343
2315	138
2316	1314
2317	1400
2318	1250
2319	435
2320	1456
2321	225
2322	1006
2323	924
2324	1072
2325	113
2326	1311
2327	1091
2328	1277
2329	612
2330	508
2331	987
2332	1423
2333	1348
2334	527
2335	182
2336	1187
2337	1073
2338	733
2339	581
2340	820
2341	681
2342	1247
2343	554
2344	338
2345	475
2346	699
2347	508
2348	104
2349	1282
2350	1184
2351	1244
2352	132
2353	665
2354	98
2355	1438
2356	1060
2357	289
2358	651
2359	1077
2360	1050
2361	624
2362	1460
2363	662
2364	403
2365	1405
2366	1240
2367	830
2368	550
2369	22
2370	1224
2371	1446
2372	994
2373	632
2374	1097
2375	1439
2376	563
2377	1343
2378	241
2379	1492
2380	133
2381	239
2382	1489
2383	1192
2384	55
2385	1194
2386	1368
2387	334
2388	997
2389	1075
2390	300
2391	528
2392	1194
2393	411
2394	906
2395	882
2396	443
2397	43
2398	264
2399	483
2400	957
2401	1271
2402	1481
2403	293
2404	161
2405	1109
2406	972
2407	1077
2408	1071
2409	827
2410	443
2411	1442
2412	926
2413	332
2414	767
2415	42
2416	102
2417	1251
2418	847
2419	1210
2420	584
2421	859
2422	476
2423	497
2424	174
2425	1374
2426	1371
2427	1052
2428	1151
2429	1070
2430	512
2431	191
2432	1063
2433	94
2434	1191
2435	1474
2436	253
2437	770
2438	742
2439	162
2440	497
2441	406
2442	289
2443	1454
2444	269
2445	327
2446	492
2447	162
2448	1101
2449	1323
2450	615
2451	692
2452	1354
2453	1156
2454	801
2455	589
2456	1097
2457	265
2458	1410
2459	543
2460	1197
2461	1429
2462	595
2463	1219
2464	312
2465	1083
2466	240
2467	1302
2468	545
2469	996
2470	879
2471	1500
2472	966
2473	1022
2474	694
2475	1114
2476	867
2477	1297
2478	517
2479	1153
2480	480
2481	427
2482	1124
2483	570
2484	517
2485	1413
2486	230
2487	308
2488	382
2489	174
2490	842
2491	768
2492	926
2493	249
2494	1391
2495	594
2496	91
2497	1313
2498	241
2499	519
2500	676
2501	892
2502	1236
2503	707
2504	538
2505	332
2506	721
2507	478
2508	806
2509	559
2510	752
2511	188
2512	111
2513	1184
2514	988
2515	771
2516	1254
2517	328
2518	853
2519	519
2520	331
2521	478
2522	474
2523	919
2524	563
2525	1253
2526	1272
2527	1345
2528	171
2529	1293
2530	390
2531	1244
2532	1090
2533	1149
2534	1064
2535	365
2536	328
2537	646
2538	336
2539	474
2540	1405
2541	326
2542	525
2543	1386
2544	1452
2545	1404
2546	374
2547	866
2548	951
2549	867
2550	583
2551	319
2552	1256
2553	143
2554	587
2555	455
2556	755
2557	910
2558	947
2559	1367
2560	1138
2561	1367
2562	435
2563	1119
2564	15
2565	925
2566	446
2567	607
2568	1386
2569	1019
2570	694
2571	733
2572	175
2573	1336
2574	702
2575	970
2576	567
2577	446
2578	450
2579	109
2580	498
2581	325
2582	184
2583	1124
2584	1322
2585	748
2586	253
2587	148
2588	579
2589	925
2590	1226
2591	651
2592	766
2593	209
2594	31
2595	1229
2596	609
2597	709
2598	1009
2599	952
2600	205
2601	164
2602	123
2603	727
2604	281
2605	1427
2606	812
2607	1323
2608	1062
2609	213
2610	564
2611	759
2612	556
2613	936
2614	565
2615	143
2616	1335
2617	1218
2618	670
2619	671
2620	1229
2621	979
2622	1261
2623	1415
2624	416
2625	245
2626	16
2627	268
2628	1232
2629	1220
2630	1271
2631	777
2632	1249
2633	1440
2634	777
2635	1277
2636	1137
2637	877
2638	966
2639	1383
2640	551
2641	1116
2642	56
2643	887
2644	968
2645	1261
2646	824
2647	1441
2648	1007
2649	1316
2650	1389
2651	1236
2652	250
2653	472
2654	1452
2655	1274
2656	1085
2657	986
2658	256
2659	122
2660	502
2661	462
2662	645
2663	129
2664	198
2665	155
2666	1080
2667	1051
2668	115
2669	1037
2670	1134
2671	1104
2672	231
2673	266
2674	560
2675	456
2676	573
2677	266
2678	242
2679	636
2680	693
2681	1219
2682	1065
2683	7
2684	1344
2685	734
2686	568
2687	109
2688	297
2689	662
2690	258
2691	900
2692	554
2693	469
2694	1198
2695	695
2696	480
2697	1186
2698	1195
2699	503
2700	857
2701	189
2702	642
2703	286
2704	258
2705	53
2706	823
2707	1303
2708	1389
2709	405
2710	1162
2711	880
2712	1458
2713	247
2714	924
2715	98
2716	1209
2717	560
2718	904
2719	521
2720	1287
2721	110
2722	652
2723	578
2724	270
2725	511
2726	1075
2727	1279
2728	102
2729	1095
2730	690
2731	667
2732	1006
2733	791
2734	1310
2735	1143
2736	885
2737	1165
2738	333
2739	1352
2740	232
2741	542
2742	438
2743	1135
2744	643
2745	1297
2746	355
2747	1137
2748	1203
2749	590
2750	817
2751	429
2752	358
2753	271
2754	1341
2755	385
2756	1174
2757	894
2758	418
2759	314
2760	1101
2761	574
2762	1385
2763	1467
2764	845
2765	180
2766	1306
2767	1040
2768	1365
2769	942
2770	1385
2771	695
2772	242
2773	1334
2774	1430
2775	559
2776	916
2777	1312
2778	278
2779	758
2780	504
2781	1111
2782	578
2783	1358
2784	839
2785	366
2786	1412
2787	248
2788	423
2789	386
2790	746
2791	587
2792	273
2793	92
2794	1327
2795	516
2796	880
2797	300
2798	1156
2799	12
2800	380
2801	1215
2802	1262
2803	1341
2804	1339
2805	598
2806	674
2807	972
2808	1478
2809	486
2810	1155
2811	598
2812	845
2813	1224
2814	959
2815	935
2816	1139
2817	616
2818	1441
2819	846
2820	192
2821	510
2822	668
2823	863
2824	869
2825	14
2826	1158
2827	532
2828	68
2829	405
2830	752
2831	1314
2832	604
2833	1248
2834	166
2835	1280
2836	643
2837	775
2838	593
2839	1044
2840	890
2841	887
2842	568
2843	1216
2844	60
2845	900
2846	1203
2847	979
2848	670
2849	1165
2850	265
2851	479
2852	842
2853	413
2854	71
2855	1500
2856	983
2857	1001
2858	1248
2859	409
2860	239
2861	168
2862	431
2863	1295
2864	1104
2865	687
2866	198
2867	1037
2868	616
2869	912
2870	1320
2871	110
2872	783
2873	461
2874	103
2875	1473
2876	1391
2877	704
2878	1280
2879	248
2880	1476
2881	159
2882	461
2883	1232
2884	411
2885	597
2886	247
2887	60
2888	504
2889	846
2890	802
2891	13
2892	499
2893	457
2894	1051
2895	1035
2896	1333
2897	590
2898	118
2899	674
2900	1032
2901	205
2902	1465
2903	350
2904	531
2905	366
2906	866
2907	801
2908	1013
2909	758
2910	1381
2911	1432
2912	831
2913	857
2914	436
2915	107
2916	877
2917	61
2918	1003
2919	431
2920	1421
2921	436
2922	1022
2923	959
2924	709
2925	1267
2926	23
2927	671
2928	1283
2929	1381
2930	663
2931	839
2932	430
2933	308
2934	301
2935	649
2936	201
2937	14
2938	1327
2939	1050
2940	1256
2941	418
2942	992
2943	995
2944	1092
2945	774
2946	123
2947	1174
2948	1253
2949	126
2950	507
2951	1395
2952	1155
2953	597
2954	1432
2955	1491
2956	1440
2957	210
2958	1456
2959	861
2960	992
2961	20
2962	151
2963	735
2964	1178
2965	385
2966	776
2967	356
2968	456
2969	817
2970	301
2971	532
2972	1090
2973	144
2974	126
2975	1465
2976	314
2977	16
2978	989
2979	684
2980	182
2981	1485
2982	1485
2983	31
2984	1013
2985	1158
2986	684
2987	145
2988	402
2989	356
2990	402
2991	1178
2992	720
2993	249
2994	1044
2995	776
2996	813
2997	1283
2998	593
2999	1087
3000	430
Class Times	10
Rooms	300
1	242
2	621
3	193
4	44
5	160
6	533
7	876
8	293
9	411
10	895
11	971
12	464
13	538
14	323
15	41
16	468
17	344
18	325
19	118
20	518
21	229
22	240
23	911
24	609
25	559
26	928
27	546
28	412
29	75
30	598
31	337
32	452
33	418
34	633
35	754
36	755
37	338
38	921
39	705
40	773
41	745
42	233
43	894
44	384
45	915
46	559
47	864
48	539
49	366
50	294
51	368
52	41
53	488
54	821
55	776
56	488
57	499
58	864
59	626
60	967
61	760
62	460
63	551
64	297
65	287
66	707
67	700
68	50
69	266
70	320
71	117
72	129
73	820
74	745
75	82
76	228
77	879
78	349
79	846
80	418
81	186
82	818
83	734
84	205
85	500
86	688
87	717
88	565
89	955
90	268
91	638
92	66
93	733
94	318
95	662
96	162
97	627
98	813
99	269
100	846
101	598
102	29
103	633
104	390
105	994
106	410
107	766
108	208
109	487
110	730
111	154
112	274
113	542
114	920
115	851
116	156
117	449
118	987
119	164
120	333
121	196
122	577
123	792
124	561
125	142
126	322
127	865
128	507
129	544
130	667
131	833
132	756
133	207
134	489
135	336
136	127
137	994
138	679
139	855
140	248
141	90
142	166
143	893
144	887
145	524
146	237
147	341
148	544
149	419
150	352
151	901
152	98
153	173
154	267
155	561
156	685
157	247
158	990
159	801
160	306
161	376
162	873
163	517
164	17
165	251
166	616
167	350
168	170
169	420
170	732
171	159
172	515
173	99
174	378
175	638
176	121
177	58
178	521
179	465
180	151
181	736
182	78
183	669
184	124
185	488
186	932
187	359
188	168
189	263
190	589
191	320
192	867
193	408
194	962
195	514
196	807
197	409
198	38
199	42
200	263
201	639
202	644
203	119
204	381
205	479
206	362
207	56
208	269
209	421
210	353
211	872
212	972
213	644
214	586
215	487
216	859
217	906
218	737
219	917
220	86
221	101
222	757
223	724
224	973
225	838
226	791
227	812
228	395
229	629
230	792
231	255
232	28
233	629
234	101
235	482
236	268
237	427
238	863
239	363
240	14
241	324
242	369
243	852
244	461
245	786
246	544
247	460
248	797
249	62
250	500
251	852
252	884
253	594
254	59
255	58
256	649
257	537
258	820
259	665
260	420
261	995
262	43
263	224
264	762
265	146
266	91
267	362
268	922
269	745
270	992
271	40
272	230
273	925
274	703
275	644
276	146
277	70
278	146
279	398
280	358
281	735
282	127
283	851
284	61
285	706
286	725
287	764
288	207
289	24
290	793
291	358
292	121
293	170
294	73
295	540
296	651
297	804
298	147
299	219
300	630
Classes	3000
Teachers	1500
1	704
2	543
3	267
4	515
5	685
6	32
7	465
8	617
9	425
10	157
11	1189
12	654
13	629
14	1104
15	138
16	1366
17	210
18	530
19	737
20	1485
21	374
22	399
23	1192
24	1093
25	1303
26	583
27	1169
28	1084
29	924
30	796
31	435
32	1122
33	235
34	459
35	314
36	958
37	1185
38	1033
39	1007
40	1195
41	256
42	1345
43	1046
44	76
45	562
46	171
47	468
48	178
49	1432
50	1184
51	354
52	592
53	1048
54	809
55	614
56	1125
57	72
58	280
59	330
60	381
61	483
62	1486
63	1450
64	394
65	599
66	1018
67	339
68	10
69	864
70	848
71	1139
72	369
73	283
74	864
75	1357
76	794
77	1373
78	1219
79	85
80	476
81	915
82	1358
83	849
84	763
85	205
86	677
87	1211
88	631
89	15
90	1090
91	246
92	1435
93	279
94	657
95	786
96	1000
97	76
98	1046
99	970
100	1071
101	571
102	1410
103	517
104	1479
105	1060
106	1328
107	78
108	1269
109	486
110	894
111	906
112	646
113	1473
114	1009
115	454
116	104
117	1104
118	837
119	1164
120	58
121	308
122	332
123	598
124	808
125	1005
126	306
127	1272
128	1196
129	976
130	549
131	932
132	519
133	125
134	18
135	596
136	1490
137	16
138	80
139	808
140	1356
141	903
142	100
143	199
144	1245
145	79
146	291
147	152
148	1389
149	293
150	94
151	805
152	114
153	935
154	382
155	167
156	738
157	398
158	835
159	96
160	839
161	1438
162	612
163	565
164	1304
165	1402
166	420
167	639
168	814
169	807
170	613
171	1080
172	1019
173	1139
174	251
175	1457
176	333
177	303
178	118
179	1175
180	782
181	1371
182	693
183	1279
184	723
185	1299
186	1168
187	1405
188	889
189	1470
190	79
191	886
192	446
193	110
194	256
195	120
196	1206
197	622
198	414
199	49
200	351
201	144
202	1306
203	1042
204	363
205	1450
206	286
207	981
208	628
209	740
210	47
211	59
212	922
213	1194
214	1053
215	877
216	326
217	62
218	783
219	43
220	725
221	1233
222	1495
223	1157
224	894
225	1123
226	163
227	1385
228	1010
229	1305
230	692
231	265
232	1232
233	302
234	1464
235	997
236	354
237	777
238	921
239	1488
240	1064
241	1286
242	7
243	525
244	1118
245	226
246	948
247	635
248	151
249	35
250	665
251	150
252	751
253	945
254	1076
255	1095
256	975
257	226
258	1
259	455
260	622
261	217
262	1361
263	1249
264	386
265	1170
266	1413
267	65
268	1494
269	426
270	1362
271	12
272	1063
273	1405
274	683
275	437
276	1253
277	129
278	317
279	1326
280	232
281	44
282	628
283	533
284	668
285	1273
286	52
287	294
288	124
289	484
290	1078
291	1359
292	200
293	1171
294	930
295	819
296	519
297	1342
298	637
299	1284
300	1236
301	230
302	28
303	1051
304	920
305	839
306	686
307	434
308	587
309	698
310	1198
311	1211
312	541
313	935
314	1311
315	952
316	183
317	426
318	28
319	427
320	172
321	753
322	791
323	392
324	571
325	1273
326	627
327	33
328	346
329	232
330	960
331	1118
332	616
333	327
334	30
335	1453
336	1364
337	38
338	1210
339	157
340	723
341	363
342	238
343	754
344	997
345	34
346	605
347	411
348	1283
349	253
350	1040
351	655
352	760
353	920
354	414
355	678
356	1358
357	1292
358	371
359	321
360	479
361	523
362	113
363	1356
364	327
365	673
366	300
367	59
368	1067
369	799
370	1471
371	212
372	401
373	908
374	880
375	1039
376	333
377	130
378	609
379	1282
380	779
381	1206
382	448
383	1027
384	545
385	301
386	875
387	1093
388	978
389	609
390	890
391	308
392	181
393	1114
394	1212
395	24
396	794
397	742
398	1318
399	1250
400	870
401	1216
402	1012
403	572
404	520
405	381
406	1406
407	388
408	13
409	316
410	264
411	293
412	445
413	1394
414	1310
415	1167
416	1315
417	459
418	822
419	1064
420	173
421	1454
422	577
423	604
424	1019
425	1131
426	1016
427	102
428	731
429	849
430	566
431	110
432	341
433	1239
434	1403
435	495
436	1014
437	1240
438	261
439	1011
440	375
441	1153
442	104
443	554
444	398
445	297
446	511
447	719
448	949
449	1013
450	203
451	948
452	199
453	121
454	1438
455	928
456	631
457	674
458	978
459	69
460	887
461	983
462	27
463	614
464	865
465	1410
466	1303
467	100
468	1163
469	649
470	217
471	910
472	713
473	509
474	126
475	759
476	744
477	1260
478	878
479	201
480	1103
481	640
482	316
483	654
484	559
485	145
486	71
487	1212
488	486
489	903
490	1262
491	557
492	1032
493	1032
494	17
495	707
496	1031
497	976
498	1229
499	15
500	1483
501	412
502	42
503	1249
504	225
505	145
506	983
507	630
508	1461
509	430
510	1479
511	748
512	1142
513	36
514	173
515	742
516	810
517	1458
518	1386
519	1011
520	1447
521	1231
522	1105
523	450
524	1071
525	1311
526	836
527	874
528	940
529	1263
530	44
531	1462
532	1489
533	1377
534	479
535	175
536	1370
537	299
538	1133
539	16
540	1255
541	1061
542	584
543	504
544	1054
545	761
546	605
547	1148
548	916
549	230
550	1425
551	366
552	534
553	1377
554	746
555	1025
556	988
557	1412
558	1480
559	243
560	1496
561	1470
562	577
563	764
564	1184
565	469
566	596
567	1452
568	218
569	248
570	68
571	36
572	442
573	1442
574	1179
575	1215
576	660
577	408
578	663
579	108
580	191
581	1253
582	123
583	1416
584	482
585	315
586	729
587	367
588	1082
589	1225
590	22
591	1028
592	911
593	877
594	1216
595	158
596	311
597	881
598	279
599	1017
600	819
601	1180
602	568
603	804
604	82
605	1426
606	389
607	1498
608	1417
609	357
610	1060
611	582
612	1171
613	899
614	529
615	1485
616	673
617	1286
618	613
619	865
620	291
621	1316
622	1057
623	736
624	1493
625	573
626	1214
627	1077
628	40
629	633
630	817
631	431
632	38
633	438
634	710
635	659
636	247
637	666
638	921
639	1375
640	357
641	70
642	276
643	453
644	490
645	1264
646	102
647	541
648	460
649	846
650	480
651	301
652	1150
653	342
654	821
655	311
656	949
657	1283
658	163
659	868
660	704
661	800
662	943
663	1373
664	1151
665	923
666	604
667	403
668	964
669	478
670	581
671	791
672	1099
673	1305
674	393
675	630
676	475
677	1322
678	493
679	483
680	1188
681	307
682	895
683	1072
684	412
685	399
686	694
687	1168
688	540
689	667
690	1375
691	402
692	850
693	103
694	507
695	25
696	1326
697	222
698	1291
699	458
700	244
701	540
702	851
703	772
704	537
705	34
706	1292
707	1158
708	796
709	688
710	236
711	896
712	866
713	655
714	1079
715	18
716	118
717	397
718	1354
719	640
720	547
721	725
722	1243
723	729
724	436
725	500
726	707
727	167
728	658
729	1022
730	1404
731	965
732	141
733	174
734	602
735	518
736	427
737	629
738	773
739	662
740	429
741	684
742	106
743	1308
744	355
745	815
746	686
747	1140
748	364
749	897
750	836
751	289
752	1408
753	222
754	998
755	1324
756	394
757	701
758	1035
759	300
760	30
761	928
762	492
763	1287
764	434
765	469
766	1472
767	290
768	1068
769	1391
770	108
771	1120
772	11
773	1241
774	878
775	1215
776	984
777	88
778	85
779	1091
780	1221
781	977
782	1291
783	1122
784	92
785	709
786	17
787	1458
788	65
789	1306
790	467
791	213
792	470
793	201
794	678
795	573
796	897
797	600
798	1319
799	639
800	845
801	1195
802	1105
803	990
804	1125
805	899
806	727
807	1281
808	594
809	970
810	1100
811	94
812	154
813	1394
814	720
815	658
816	1131
817	178
818	52
819	689
820	1013
821	564
822	502
823	617
824	586
825	583
826	377
827	1348
828	1180
829	1126
830	646
831	197
832	1065
833	506
834	1385
835	466
836	847
837	121
838	371
839	558
840	1478
841	384
842	965
843	1399
844	366
845	680
846	812
847	180
848	482
849	562
850	444
851	760
852	456
853	66
854	478
855	1297
856	1397
857	744
858	269
859	1448
860	549
861	168
862	1254
863	1484
864	1473
865	465
866	1235
867	418
868	632
869	203
870	490
871	1063
872	1228
873	755
874	329
875	1217
876	1465
877	752
878	1457
879	1419
880	244
881	831
882	578
883	105
884	383
885	1439
886	1203
887	304
888	757
889	900
890	1111
891	1001
892	1409
893	1370
894	501
895	915
896	608
897	1297
898	1351
899	1186
900	105
901	492
902	252
903	1443
904	1150
905	1031
906	1481
907	564
908	1397
909	265
910	4
911	286
912	641
913	204
914	763
915	934
916	957
917	764
918	1242
919	1266
920	1202
921	1288
922	1474
923	818
924	754
925	181
926	784
927	835
928	1259
929	1111
930	326
931	1346
932	208
933	1009
934	550
935	1328
936	512
937	1022
938	807
939	716
940	823
941	1471
942	175
943	790
944	520
945	1233
946	1491
947	171
948	1116
949	1153
950	373
951	1495
952	1396
953	128
954	775
955	464
956	1401
957	220
958	1087
959	847
960	912
961	1268
962	1061
963	514
964	1264
965	610
966	700
967	81
968	1163
969	1187
970	1017
971	114
972	516
973	612
974	508
975	574
976	351
977	642
978	1154
979	810
980	1117
981	645
982	446
983	476
984	627
985	288
986	568
987	322
988	1418
989	1487
990	1461
991	266
992	365
993	979
994	1156
995	243
996	800
997	1016
998	682
999	642
1000	84
1001	345
1002	477
1003	1318
1004	895
1005	155
1006	194
1007	1178
1008	176
1009	871
1010	120
1011	1114
1012	757
1013	811
1014	996
1015	277
1016	681
1017	69
1018	695
1019	842
1020	589
1021	939
1022	1271
1023	733
1024	902
1025	229
1026	1138
1027	31
1028	1426
1029	403
1030	271
1031	143
1032	176
1033	1052
1034	881
1035	156
1036	228
1037	632
1038	1239
1039	900
1040	1425
1041	186
1042	795
1043	1364
1044	1275
1045	574
1046	179
1047	682
1048	1058
1049	437
1050	337
1051	209
1052	543
1053	1066
1054	1284
1055	1227
1056	841
1057	888
1058	5
1059	494
1060	74
1061	290
1062	229
1063	402
1064	1434
1065	542
1066	410
1067	905
1068	191
1069	248
1070	462
1071	542
1072	474
1073	912
1074	471
1075	1351
1076	1027
1077	159
1078	215
1079	401
1080	1374
1081	1173
1082	307
1083	528
1084	861
1085	77
1086	651
1087	488
1088	312
1089	745
1090	710
1091	1198
1092	793
1093	1210
1094	3
1095	1466
1096	439
1097	338
1098	1010
1099	1492
1100	1015
1101	544
1102	1142
1103	129
1104	1164
1105	187
1106	869
1107	953
1108	660
1109	450
1110	1357
1111	1455
1112	1432
1113	716
1114	1467
1115	1025
1116	582
1117	125
1118	942
1119	220
1120	1202
1121	1468
1122	547
1123	242
1124	1088
1125	668
1126	420
1127	1488
1128	383
1129	1227
1130	1449
1131	1307
1132	487
1133	289
1134	1004
1135	1460
1136	1213
1137	708
1138	780
1139	529
1140	1428
1141	247
1142	535
1143	838
1144	20
1145	404
1146	346
1147	364
1148	860
1149	512
1150	80
1151	1199
1152	225
1153	1024
1154	1133
1155	1224
1156	136
1157	433
1158	869
1159	1044
1160	47
1161	532
1162	853
1163	546
1164	1192
1165	154
1166	87
1167	962
1168	981
1169	1493
1170	687
1171	1147
1172	784
1173	1014
1174	214
1175	674
1176	195
1177	212
1178	1448
1179	995
1180	1156
1181	755
1182	518
1183	962
1184	1119
1185	253
1186	591
1187	829
1188	1068
1189	373
1190	347
1191	350
1192	1034
1193	1329
1194	1082
1195	938
1196	594
1197	1099
1198	598
1199	99
1200	1053
1201	950
1202	1278
1203	198
1204	563
1205	505
1206	1293
1207	896
1208	1166
1209	826
1210	963
1211	1169
1212	379
1213	557
1214	447
1215	1170
1216	322
1217	569
1218	338
1219	294
1220	29
1221	153
1222	806
1223	1459
1224	89
1225	972
1226	852
1227	1407
1228	89
1229	874
1230	1451
1231	319
1232	194
1233	124
1234	298
1235	1443
1236	1489
1237	1335
1238	408
1239	378
1240	136
1241	951
1242	785
1243	1144
1244	489
1245	565
1246	1500
1247	589
1248	431
1249	1086
1250	318
1251	457
1252	53
1253	552
1254	793
1255	692
1256	961
1257	950
1258	509
1259	1124
1260	867
1261	811
1262	77
1263	714
1264	4
1265	1460
1266	1199
1267	860
1268	731
1269	1413
1270	1120
1271	615
1272	888
1273	1263
1274	339
1275	901
1276	696
1277	931
1278	748
1279	1335
1280	693
1281	662
1282	534
1283	189
1284	1045
1285	186
1286	184
1287	1337
1288	142
1289	1324
1290	546
1291	1396
1292	1109
1293	1490
1294	485
1295	1214
1296	1453
1297	1183
1298	665
1299	814
1300	925
1301	625
1302	595
1303	1085
1304	3
1305	516
1306	664
1307	407
1308	455
1309	1056
1310	1302
1311	906
1312	1304
1313	429
1314	43
1315	1359
1316	939
1317	884
1318	341
1319	1248
1320	1049
1321	851
1322	931
1323	1300
1324	1419
1325	2
1326	438
1327	161
1328	143
1329	57
1330	74
1331	70
1332	495
1333	218
1334	113
1335	815
1336	580
1337	376
1338	972
1339	473
1340	1107
1341	687
1342	712
1343	957
1344	1310
1345	1005
1346	480
1347	1228
1348	834
1349	1474
1350	1247
1351	234
1352	1238
1353	650
1354	659
1355	436
1356	817
1357	1045
1358	180
1359	275
1360	78
1361	1103
1362	221
1363	315
1364	215
1365	184
1366	790
1367	101
1368	368
1369	838
1370	1416
1371	688
1372	337
1373	988
1374	1299
1375	305
1376	919
1377	432
1378	785
1379	619
1380	260
1381	419
1382	867
1383	1057
1384	477
1385	937
1386	1178
1387	858
1388	667
1389	1497
1390	313
1391	1430
1392	1012
1393	670
1394	358
1395	68
1396	297
1397	210
1398	911
1399	1238
1400	1366
1401	1155
1402	960
1403	1158
1404	671
1405	1106
1406	489
1407	449
1408	170
1409	769
1410	528
1411	358
1412	677
1413	96
1414	958
1415	150
1416	795
1417	1322
1418	5
1419	1086
1420	506
1421	751
1422	389
1423	1420
1424	1037
1425	86
1426	468
1427	236
1428	13
1429	1073
1430	530
1431	551
1432	1313
1433	1338
1434	1148
1435	1041
1436	1452
1437	340
1438	898
1439	406
1440	336
1441	1354
1442	822
1443	1000
1444	597
1445	947
1446	1251
1447	1491
1448	1415
1449	384
1450	331
1451	1188
1452	1389
1453	887
1454	1161
1455	889
1456	735
1457	821
1458	1434
1459	559
1460	50
1461	355
1462	419
1463	356
1464	1081
1465	1183
1466	1121
1467	50
1468	1406
1469	1316
1470	669
1471	709
1472	1190
1473	779
1474	1203
1475	803
1476	277
1477	942
1478	448
1479	227
1480	730
1481	503
1482	787
1483	650
1484	991
1485	1245
1486	1066
1487	1444
1488	411
1489	1360
1490	367
1491	638
1492	1038
1493	237
1494	1255
1495	1092
1496	588
1497	647
1498	768
1499	1388
1500	771
1501	586
1502	514
1503	131
1504	461
1505	1269
1506	274
1507	1250
1508	901
1509	1096
1510	456
1511	955
1512	1007
1513	224
1514	1258
1515	797
1516	1100
1517	1109
1518	1429
1519	1259
1520	92
1521	891
1522	1130
1523	1393
1524	1059
1525	1058
1526	264
1527	1209
1528	1481
1529	801
1530	321
1531	481
1532	1223
1533	1261
1534	1138
1535	603
1536	472
1537	635
1538	759
1539	1151
1540	777
1541	1321
1542	1229
1543	1317
1544	774
1545	1115
1546	1411
1547	789
1548	12
1549	1033
1550	342
1551	112
1552	689
1553	1056
1554	1420
1555	280
1556	964
1557	908
1558	353
1559	579
1560	221
1561	204
1562	494
1563	1177
1564	460
1565	1136
1566	711
1567	587
1568	735
1569	1346
1570	1464
1571	758
1572	998
1573	507
1574	1445
1575	569
1576	902
1577	1044
1578	773
1579	1081
1580	425
1581	453
1582	578
1583	1024
1584	1051
1585	505
1586	219
1587	428
1588	454
1589	130
1590	1075
1591	905
1592	1021
1593	503
1594	1487
1595	1352
1596	885
1597	99
1598	502
1599	539
1600	1337
1601	39
1602	1342
1603	1141
1604	141
1605	914
1606	712
1607	1201
1608	857
1609	84
1610	868
1611	1182
1612	657
1613	1339
1614	1101
1615	1162
1616	1091
1617	1087
1618	1462
1619	303
1620	1161
1621	649
1622	147
1623	774
1624	416
1625	331
1626	1049
1627	752
1628	1427
1629	880
1630	1314
1631	1380
1632	7
1633	684
1634	1085
1635	1181
1636	1341
1637	246
1638	361
1639	1421
1640	990
1641	1348
1642	1262
1643	572
1644	14
1645	973
1646	539
1647	644
1648	1048
1649	663
1650	1294
1651	9
1652	1433
1653	169
1654	1498
1655	270
1656	1177
1657	1347
1658	1028
1659	1149
1660	1043
1661	1407
1662	1098
1663	968
1664	1187
1665	422
1666	531
1667	1140
1668	956
1669	500
1670	499
1671	699
1672	258
1673	464
1674	848
1675	470
1676	513
1677	1352
1678	551
1679	932
1680	946
1681	969
1682	267
1683	205
1684	946
1685	51
1686	775
1687	643
1688	273
1689	1167
1690	967
1691	87
1692	10
1693	691
1694	995
1695	1456
1696	1083
1697	255
1698	413
1699	1251
1700	1037
1701	188
1702	329
1703	875
1704	870
1705	717
1706	317
1707	930
1708	679
1709	1417
1710	797
1711	913
1712	756
1713	884
1714	255
1715	1402
1716	458
1717	1477
1718	857
1719	1387
1720	581
1721	801
1722	473
1723	1475
1724	1312
1725	643
1726	1097
1727	1002
1728	393
1729	825
1730	648
1731	82
1732	675
1733	156
1734	1196
1735	1193
1736	31
1737	940
1738	1035
1739	941
1740	1428
1741	522
1742	372
1743	676
1744	90
1745	1456
1746	934
1747	1119
1748	575
1749	209
1750	700
1751	365
1752	943
1753	269
1754	680
1755	1391
1756	1295
1757	756
1758	237
1759	195
1760	1092
1761	575
1762	409
1763	522
1764	621
1765	153
1766	696
1767	702
1768	929
1769	1411
1770	619
1771	1154
1772	1054
1773	1257
1774	64
1775	909
1776	1042
1777	97
1778	783
1779	805
1780	1084
1781	32
1782	1383
1783	164
1784	127
1785	164
1786	1208
1787	699
1788	669
1789	1126
1790	1408
1791	994
1792	1379
1793	812
1794	570
1795	683
1796	1267
1797	1395
1798	1107
1799	1116
1800	1185
1801	1220
1802	739
1803	1030
1804	786
1805	1440
1806	1374
1807	1380
1808	51
1809	992
1810	409
1811	336
1812	1418
1813	1315
1814	1260
1815	1
1816	809
1817	49
1818	140
1819	1008
1820	1492
1821	213
1822	359
1823	739
1824	378
1825	53
1826	1112
1827	1201
1828	413
1829	1223
1830	1429
1831	828
1832	1175
1833	299
1834	1149
1835	1293
1836	268
1837	1282
1838	664
1839	1002
1840	391
1841	603
1842	421
1843	1302
1844	1117
1845	1186
1846	252
1847	558
1848	544
1849	144
1850	306
1851	60
1852	1047
1853	647
1854	944
1855	1287
1856	1097
1857	139
1858	1225
1859	789
1860	1278
1861	1146
1862	310
1863	440
1864	295
1865	845
1866	1124
1867	992
1868	159
1869	550
1870	1369
1871	126
1872	128
1873	1365
1874	892
1875	554
1876	532
1877	97
1878	107
1879	1435
1880	879
1881	127
1882	423
1883	1339
1884	608
1885	1030
1886	183
1887	601
1888	423
1889	938
1890	281
1891	188
1892	1409
1893	533
1894	1083
1895	954
1896	1437
1897	395
1898	119
1899	344
1900	670
1901	837
1902	956
1903	1034
1904	369
1905	260
1906	276
1907	1127
1908	718
1909	1477
1910	406
1911	1240
1912	597
1913	391
1914	719
1915	185
1916	1023
1917	1143
1918	651
1919	634
1920	452
1921	1415
1922	1072
1923	190
1924	975
1925	580
1926	576
1927	170
1928	994
1929	770
1930	73
1931	602
1932	886
1933	258
1934	799
1935	620
1936	1277
1937	452
1938	1279
1939	174
1940	33
1941	25
1942	980
1943	892
1944	27
1945	907
1946	117
1947	1336
1948	1145
1949	374
1950	240
1951	1469
1952	41
1953	1475
1954	1341
1955	985
1956	1129
1957	1421
1958	765
1959	823
1960	504
1961	1327
1962	1197
1963	1482
1964	933
1965	1193
1966	952
1967	20
1968	951
1969	1252
1970	715
1971	305
1972	1134
1973	980
1974	1442
1975	1141
1976	537
1977	1399
1978	1445
1979	590
1980	396
1981	974
1982	702
1983	57
1984	767
1985	527
1986	961
1987	863
1988	410
1989	925
1990	155
1991	749
1992	736
1993	1248
1994	1295
1995	385
1996	56
1997	493
1998	1052
1999	304
2000	499
2001	666
2002	447
2003	1143
2004	937
2005	1353
2006	1275
2007	444
2008	1383
2009	1451
2010	356
2011	1001
2012	798
2013	23
2014	1247
2015	694
2016	1094
2017	1181
2018	852
2019	1298
2020	350
2021	302
2022	325
2023	8
2024	1478
2025	720
2026	1176
2027	485
2028	359
2029	954
2030	1127
2031	802
2032	168
2033	741
2034	86
2035	1209
2036	746
2037	715
2038	553
2039	219
2040	1112
2041	207
2042	235
2043	1137
2044	521
2045	1050
2046	1274
2047	638
2048	325
2049	830
2050	727
2051	1265
2052	855
2053	271
2054	1152
2055	898
2056	1098
2057	676
2058	231
2059	324
2060	463
2061	196
2062	701
2063	22
2064	1270
2065	982
2066	67
2067	555
2068	1472
2069	984
2070	352
2071	1226
2072	1404
2073	531
2074	1074
2075	165
2076	1468
2077	513
2078	987
2079	39
2080	833
2081	524
2082	428
2083	484
2084	743
2085	309
2086	788
2087	737
2088	1308
2089	625
2090	1360
2091	527
2092	417
2093	64
2094	850
2095	1497
2096	349
2097	856
2098	360
2099	295
2100	287
2101	641
2102	274
2103	262
2104	1257
2105	109
2106	1482
2107	626
2108	1106
2109	501
2110	48
2111	397
2112	21
2113	861
2114	21
2115	766
2116	1272
2117	71
2118	400
2119	843
2120	112
2121	417
2122	1252
2123	451
2124	430
2125	133
2126	192
2127	66
2128	1115
2129	471
2130	250
2131	579
2132	1121
2133	187
2134	1191
2135	1361
2136	1039
2137	1437
2138	611
2139	1347
2140	122
2141	1384
2142	416
2143	1320
2144	806
2145	259
2146	967
2147	1050
2148	1379
2149	404
2150	832
2151	927
2152	282
2153	1208
2154	1334
2155	309
2156	1433
2157	1159
2158	1270
2159	1159
2160	916
2161	385
2162	590
2163	872
2164	1355
2165	63
2166	251
2167	914
2168	1246
2169	825
2170	769
2171	345
2172	1422
2173	999
2174	979
2175	475
2176	842
2177	761
2178	909
2179	1132
2180	1102
2181	768
2182	24
2183	245
2184	561
2185	116
2186	1096
2187	1317
2188	536
2189	149
2190	971
2191	1047
2192	1321
2193	749
2194	955
2195	1254
2196	871
2197	1431
2198	441
2199	592
2200	953
2201	787
2202	263
2203	599
2204	645
2205	72
2206	1102
2207	451
2208	1136
2209	1231
2210	1289
2211	1300
2212	467
2213	1381
2214	968
2215	58
2216	432
2217	272
2218	1243
2219	257
2220	1424
2221	1236
2222	672
2223	1355
2224	1384
2225	193
2226	240
2227	207
2228	526
2229	591
2230	740
2231	1330
2232	415
2233	1026
2234	182
2235	281
2236	750
2237	1277
2238	762
2239	292
2240	517
2241	524
2242	936
2243	1412
2244	1157
2245	382
2246	1079
2247	117
2248	1387
2249	106
2250	1218
2251	690
2252	214
2253	595
2254	1165
2255	1137
2256	1469
2257	1294
2258	844
2259	1454
2260	1234
2261	1055
2262	1222
2263	1298
2264	472
2265	386
2266	792
2267	498
2268	287
2269	803
2270	1441
2271	637
2272	621
2273	1353
2274	753
2275	1176
2276	714
2277	323
2278	196
2279	508
2280	927
2281	328
2282	973
2283	585
2284	233
2285	893
2286	23
2287	319
2288	611
2289	292
2290	872
2291	1191
2292	844
2293	846
2294	377
2295	1268
2296	466
2297	1285
2298	1113
2299	461
2300	1006
2301	1023
2302	1367
2303	991
2304	891
2305	324
2306	54
2307	536
2308	1003
2309	370
2310	1075
2311	675
2312	679
2313	576
2314	348
2315	26
2316	1256
2317	570
2318	922
2319	1246
2320	778
2321	395
2322	1132
2323	1197
2324	977
2325	1376
2326	101
2327	1029
2328	1110
2329	713
2330	1237
2331	190
2332	552
2333	1078
2334	548
2335	1160
2336	766
2337	1123
2338	491
2339	770
2340	1241
2341	83
2342	1494
2343	758
2344	885
2345	206
2346	615
2347	1463
2348	521
2349	463
2350	1332
2351	593
2352	1395
2353	1280
2354	202
2355	224
2356	88
2357	83
2358	1200
2359	1135
2360	781
2361	1205
2362	1088
2363	1296
2364	661
2365	1372
2366	690
2367	776
2368	8
2369	858
2370	193
2371	1330
2372	140
2373	1162
2374	923
2375	1182
2376	481
2377	152
2378	947
2379	323
2380	959
2381	1381
2382	310
2383	1486
2384	610
2385	421
2386	1372
2387	750
2388	1029
2389	633
2390	1266
2391	708
2392	1327
2393	148
2394	169
2395	762
2396	1090
2397	1414
2398	435
2399	1484
2400	738
2401	876
2402	1174
2403	29
2404	6
2405	1439
2406	1365
2407	1095
2408	496
2409	1446
2410	607
2411	41
2412	724
2413	1234
2414	652
2415	445
2416	917
2417	802
2418	135
2419	375
2420	883
2421	862
2422	560
2423	422
2424	1221
2425	873
2426	620
2427	1301
2428	1226
2429	61
2430	182
2431	1267
2432	1094
2433	275
2434	974
2435	918
2436	62
2437	285
2438	73
2439	56
2440	1219
2441	1386
2442	656
2443	172
2444	1436
2445	1319
2446	151
2447	1021
2448	1455
2449	511
2450	828
2451	1362
2452	945
2453	959
2454	855
2455	1423
2456	189
2457	376
2458	1222
2459	1165
2460	54
2461	443
2462	146
2463	63
2464	1244
2465	1220
2466	1476
2467	971
2468	1320
2469	1363
2470	6
2471	1401
2472	245
2473	1496
2474	1160
2475	148
2476	278
2477	933
2478	661
2479	95
2480	634
2481	563
2482	566
2483	1020
2484	496
2485	116
2486	1336
2487	910
2488	510
2489	1155
2490	474
2491	239
2492	830
2493	1265
2494	318
2495	1224
2496	890
2497	208
2498	593
2499	671
2500	262
2501	1204
2502	392
2503	706
2504	443
2505	525
2506	250
2507	1483
2508	841
2509	313
2510	606
2511	1261
2512	853
2513	439
2514	1398
2515	67
2516	1152
2517	107
2518	334
2519	440
2520	93
2521	717
2522	442
2523	623
2524	843
2525	200
2526	963
2527	1256
2528	1390
2529	832
2530	1400
2531	1069
2532	834
2533	772
2534	259
2535	567
2536	601
2537	1441
2538	866
2539	1288
2540	862
2541	1398
2542	722
2543	918
2544	263
2545	721
2546	1369
2547	132
2548	270
2549	813
2550	840
2551	721
2552	987
2553	370
2554	652
2555	149
2556	1463
2557	165
2558	249
2559	767
2560	600
2561	1218
2562	1500
2563	491
2564	924
2565	1232
2566	405
2567	1440
2568	1480
2569	227
2570	234
2571	1332
2572	138
2573	147
2574	340
2575	1323
2576	996
2577	1499
2578	1129
2579	1382
2580	1276
2581	1271
2582	211
2583	561
2584	782
2585	228
2586	166
2587	239
2588	242
2589	697
2590	929
2591	1436
2592	1020
2593	722
2594	98
2595	368
2596	332
2597	824
2598	1276
2599	1499
2600	123
2601	747
2602	1200
2603	1427
2604	765
2605	433
2606	1363
2607	1449
2608	913
2609	1070
2610	856
2611	343
2612	926
2613	606
2614	1134
2615	405
2616	1130
2617	585
2618	1018
2619	1166
2620	1382
2621	919
2622	1026
2623	741
2624	904
2625	1309
2626	1281
2627	1062
2628	1393
2629	349
2630	792
2631	362
2632	387
2633	1331
2634	390
2635	854
2636	982
2637	833
2638	824
2639	840
2640	1334
2641	45
2642	449
2643	1309
2644	781
2645	328
2646	798
2647	733
2648	854
2649	553
2650	462
2651	1388
2652	969
2653	241
2654	166
2655	780
2656	487
2657	137
2658	1289
2659	1296
2660	1015
2661	1059
2662	1204
2663	1076
2664	298
2665	685
2666	296
2667	1466
2668	46
2669	1378
2670	441
2671	893
2672	743
2673	1036
2674	344
2675	254
2676	1314
2677	35
2678	1422
2679	745
2680	134
2681	526
2682	882
2683	1459
2684	813
2685	1040
2686	1041
2687	771
2688	273
2689	1350
2690	1331
2691	1350
2692	917
2693	1070
2694	396
2695	1343
2696	510
2697	2
2698	985
2699	272
2700	1074
2701	1333
2702	198
2703	216
2704	206
2705	75
2706	1329
2707	353
2708	48
2709	863
2710	818
2711	1400
2712	584
2713	548
2714	999
2715	1325
2716	1089
2717	1244
2718	282
2719	859
2720	1147
2721	1313
2722	109
2723	1340
2724	718
2725	681
2726	616
2727	560
2728	1235
2729	626
2730	55
2731	361
2732	60
2733	826
2734	698
2735	1447
2736	747
2737	1080
2738	135
2739	1274
2740	1312
2741	1345
2742	352
2743	283
2744	261
2745	55
2746	1069
2747	1285
2748	926
2749	1003
2750	1446
2751	1376
2752	347
2753	831
2754	1390
2755	618
2756	231
2757	268
2758	380
2759	360
2760	607
2761	624
2762	882
2763	728
2764	732
2765	418
2766	1444
2767	98
2768	9
2769	515
2770	162
2771	1290
2772	161
2773	788
2774	1077
2775	202
2776	653
2777	93
2778	497
2779	11
2780	556
2781	672
2782	648
2783	146
2784	1110
2785	162
2786	312
2787	335
2788	827
2789	122
2790	424
2791	1280
2792	254
2793	1207
2794	1323
2795	197
2796	1043
2797	1179
2798	498
2799	424
2800	545
2801	177
2802	1343
2803	46
2804	1368
2805	400
2806	233
2807	115
2808	285
2809	993
2810	160
2811	380
2812	457
2813	335
2814	1036
2815	223
2816	1189
2817	1325
2818	137
2819	1307
2820	859
2821	1205
2822	1290
2823	1465
2824	314
2825	944
2826	1392
2827	883
2828	179
2829	879
2830	1055
2831	695
2832	330
2833	724
2834	95
2835	986
2836	372
2837	1467
2838	390
2839	1424
2840	288
2841	362
2842	241
2843	1344
2844	1008
2845	134
2846	624
2847	993
2848	1135
2849	876
2850	1258
2851	1172
2852	1230
2853	1146
2854	115
2855	907
2856	816
2857	379
2858	211
2859	26
2860	1367
2861	873
2862	1207
2863	936
2864	103
2865	19
2866	734
2867	1476
2868	1006
2869	284
2870	1128
2871	37
2872	966
2873	19
2874	1340
2875	132
2876	45
2877	75
2878	133
2879	644
2880	1368
2881	1338
2882	192
2883	711
2884	618
2885	1371
2886	238
2887	986
2888	1194
2889	284
2890	90
2891	223
2892	1113
2893	81
2894	257
2895	728
2896	1067
2897	40
2898	941
2899	1173
2900	296
2901	636
2902	111
2903	706
2904	538
2905	1217
2906	37
2907	497
2908	555
2909	1213
2910	348
2911	989
2912	42
2913	1144
2914	1301
2915	158
2916	1172
2917	216
2918	535
2919	1333
2920	1414
2921	904
2922	334
2923	827
2924	804
2925	1062
2926	776
2927	1349
2928	1038
2929	697
2930	1403
2931	1073
2932	1423
2933	567
2934	732
2935	966
2936	14
2937	816
2938	131
2939	829
2940	653
2941	556
2942	61
2943	1065
2944	320
2945	266
2946	343
2947	111
2948	119
2949	523
2950	1430
2951	656
2952	1349
2953	726
2954	588
2955	1174
2956	820
2957	91
2958	730
2959	160
2960	989
2961	1108
2962	1128
2963	1242
2964	703
2965	407
2966	1431
2967	320
2968	1108
2969	623
2970	1145
2971	139
2972	177
2973	1392
2974	415
2975	734
2976	249
2977	1089
2978	538
2979	691
2980	278
2981	703
2982	91
2983	387
2984	1101
2985	388
2986	1378
2987	820
2988	1237
2989	1344
2990	705
2991	142
2992	185
2993	488
2994	778
2995	636
2996	1230
2997	1190
2998	1004
2999	705
3000	726
