Course	Room	Teacher	Time	Students
003520	15 / 16 / 22	DAL1	3393009	1	3227350 3768625 3796974 3929222 4000367 3759552 3929237 3984532 3816997 3699593 3815902 3819372 3711797 4175312 4086368 
003572	25 / 25 / 51	CARP21	0897399	2	3227350 3620520 3699561 3773692 3789507 3790792 3796974 3818675 3819196 3819230 3820992 3819304 3712286 3819628 3818274 3819309 3768458 3789175 3796237 3797564 3691228 3699593 3819372 3931158 4096358 
013170	22 / 31 / 22	DAL1	3092941	3	3227350 3717137 3796974 3818675 3819230 3929222 3816860 3883991 3922150 3930721 4093446 3879197 3988502 4175299 3797192 3914449 3974846 4000763 4175485 3788919 3789283 3846234 
002403	1 / 2 / 47	TAYF	1137952	1	3792406 
007125	19 / 19 / 22	DAL1	0162976	2	3464954 3817427 3930026 3768356 3797084 3816466 3715174 4096251 3815949 3910523 3797683 3821034 3821571 3823278 3910580 3910668 3930054 3910753 3910661 
009270	15 / 19 / 22	DAL1	0897706	4	3483059 3930303 4095133 4175357 4175330 3905871 3833424 3968696 4175436 3886275 3910734 4086376 4093026 4180309 4175381 
013192	17 / 17 / 22	PK100	3459335	3	3521001 3712888 3715444 3789529 3790244 3817969 3818024 3819393 3861195 3930302 3930608 3693712 3995730 3691794 3833378 3821097 3699567 
008824	5 / 10 / 13	CARP13	0031572	4	3561430 3788983 3820397 3665300 3820961 
014572	16 / 24 / 22	BYC127	0695890	5	3561430 3690445 3818771 4093136 3579092 3819628 3910537 3913781 4091439 4093811 3789136 4023528 3581315 3816181 3910515 3910576 
001248	14 / 22 / 19	GOB	0135660	5	3581265 3630526 3668365 3704166 3817177 3821059 3929165 3764422 3910738 3611048 3774808 3714653 3797839 3931064 
008769	13 / 28 / 13	CARP13	3996107	6	3581265 4011555 4092928 4094613 4093416 3931836 4035604 3930721 4095424 3913781 4175521 3929739 3904320 
008439	22 / 31 / 22	DAL1	3420576	6	3581497 3611135 3764157 3796007 3797206 3816970 3818122 3820992 3821048 3863747 3953819 3953825 4000812 4078277 4091443 3678350 3816997 3915044 4095224 4005905 3817419 3833424 
004082	9 / 12 / 9	TAYSEM	1167978	7	3584557 3613455 3699613 3768034 3768625 3796254 3818029 3910607 3910684 
006865	8 / 8 / 50	PK243	3646602	8	3584557 4000366 4010147 3819269 3905871 3790857 4095001 4092795 
003463	10 / 10 / 22	DAL1	0599596	7	3609407 3960504 3819304 3901722 3902196 3797564 3913781 3879197 3819380 4095876 
001881	15 / 15 / 22	PK100	4362789	8	3611135 3652353 3821254 3694712 3819332 3930547 3796237 3910555 3913807 4086408 3666570 3910594 3910721 3677885 3774116 
003033	4 / 4 / 22	DAL1	0492580	9	3613455 3823402 3910516 4086332 
004065	5 / 5 / 22	BYC127	0854975	10	3613455 3816722 3818029 3910607 3910684 
006029	71 / 71 / 71	PK338	3839982	11	3613455 3869959 3931466 3991180 4001588 4017901 4092767 4092833 4093778 4095083 4000366 4093423 4095088 4003188 4093973 3987067 4095086 4044087 3902196 3975962 4002094 4000980 4092633 4175505 4073784 4086269 4093611 3799529 3931881 4091672 4093159 4093806 4094640 3930301 3995827 4001958 4093315 4095425 4175519 3997576 4081695 4086619 4095703 4140259 4150362 4151626 4155489 4170299 4174768 4233573 4262071 4276023 4277951 4278383 4278481 4278573 4279920 4280138 4280697 4280721 4280864 4280889 4280946 4280948 4282099 4280941 3858245 3915203 4087228 4091806 4092795 
002712	7 / 9 / 14	TH104	0138190	9	3692536 3817048 3910496 3910531 3910696 3910480 3692372 
004009	9 / 26 / 9	TAYSEM	4089710	10	3615055 3722992 3834985 3860357 3901731 4093015 3931453 3904324 3951018 
011630	19 / 19 / 47	TAYF	0431946	11	3615055 3683644 3790825 3796254 3820970 3999899 4000249 3929289 4010147 3913159 3852806 3901481 3822731 3910489 3903861 3820768 3857764 4086399 4280907 
004735	8 / 9 / 13	CARP13	3575617	12	3816832 3820380 3880322 3904102 4175298 3758075 4086461 4175536 
005264	4 / 6 / 28	TH111	1020104	12	3930890 3768972 3797084 3820587 
005290	8 / 8 / 28	TH111	3555100	13	3619216 3630526 3690799 3816180 3667654 3712286 3651486 3903520 
011841	14 / 14 / 19	GOB	0135660	13	3651465 3817177 3930162 4037411 3910738 3819598 3814776 3914968 3774808 3694668 3699567 3816756 3797164 3931001 
001898	11 / 11 / 22	PK100	4354090	14	3652353 3715444 3789529 3790244 3818025 3820745 3821254 3821097 3818762 3722926 3785953 
015246	22 / 38 / 22	BYC127	0820103	15	3652353 3817260 3834985 3854723 3953825 4175328 3759127 3905189 3913396 3931202 3797168 3901790 4095472 3818746 4094175 3722926 3898245 4086427 4005905 4079295 3630501 3905861 
004301	16 / 16 / 37	TH110	1165566	14	3675467 3768625 3816722 3821269 3910870 4000229 3913863 3823391 3904324 3930253 3930841 3579645 4086216 3902439 3684090 3910605 
004306	8 / 9 / 37	TH110	1165566	15	3675467 3820885 3821269 3816993 3910595 3583596 3684090 3910605 
012733	5 / 5 / 47	TAYF	0772775	16	3683644 3796254 3612203 3910489 3821088 
002562	47 / 48 / 71	PK338	0564741	16	3620520 3687862 3901254 4001588 4089004 3817507 4175298 3818064 3887326 3914449 4091439 3994733 4002909 3876667 3932941 3932943 3937404 3942061 4038907 4091782 4092335 4125081 4132153 4149852 4153409 4170444 4174776 4174889 4180325 4193341 4254672 4275431 4276023 4276256 4277909 4278350 4279708 4280174 4280524 4281002 4281886 4175962 4093970 4175391 3816174 3969305 3975519 
007127	12 / 15 / 15	DAL10	0316015	17	3687862 3693501 3609553 3768620 3655428 3650225 4096251 3585962 3589576 3821034 3821571 3910753 
009335	3 / 4 / 22	DAL1	0031522	17	3690445 3669069 3816963 
005310	5 / 9 / 28	TH111	0493855	18	3667654 3712286 3669069 3575266 3651486 
001767	7 / 14 / 17	DAL6	3474008	18	3692164 3989696 4040430 3910593 4175338 4175522 4090841 
003454	8 / 11 / 22	DAL1	0599596	19	3790928 3913159 3759337 4037591 4087169 3930220 3914750 3768303 
003500	18 / 18 / 22	DAL1	3194193	20	3692164 3819585 3908300 3928589 3930162 4023381 3561026 3914875 4040430 4093416 3819309 3805981 4092769 4023528 4180508 3824450 3930220 4095985 
003547	7 / 7 / 22	DAL1	3318436	21	3692164 3901484 4086410 3931158 3818770 3930220 4096358 
006050	2 / 8 / 71	PK338	0554585	19	3796906 3816483 
001844	11 / 16 / 22	PK100	3926311	20	3695145 3789573 3931962 4086477 4086279 3691794 3914928 3801768 3914968 3818807 3910530 
001770	9 / 9 / 17	DAL6	3474420	21	3699561 3790928 4090814 3819309 3790863 3768458 3805981 3575266 3678357 
010845	19 / 19 / 22	DAL1	3092941	23	3609407 3699561 3790792 3819196 3914875 4091718 3818274 3819676 3910496 3759337 3805981 3914745 3575266 3910569 4087169 4096769 3887480 3914525 3910613 
001473	5 / 6 / 51	CARP21	3098022	22	3704166 3816832 3819367 3768972 3789315 
007372	14 / 17 / 22	BYC127	0603646	22	3705083 3796964 3901484 3931929 4092290 4094613 4094813 3983482 3910525 4095224 3462565 3823438 3818807 4175373 
002567	21 / 21 / 71	PK338	4177047	23	3710476 4091996 3904645 3910427 4087057 3994843 4002113 4175302 3881597 4093611 4175444 3790857 3910536 4175283 4086380 4086407 4086470 4175528 4175537 4175297 4175494 
004888	18 / 18 / 47	TAYF	0672202	24	3710476 3717144 3790825 3816180 3819585 3820380 3820900 3816860 3821180 3609410 3910713 3910630 3579361 3910609 3910686 3486653 3820958 3821886 
001839	22 / 33 / 22	PK100	0898918	24	3710991 3790244 3821069 3846717 3860357 3863747 3914344 3930544 3930608 4086477 4091996 4095897 3808480 3819304 3913671 3913863 3995730 4086279 3691794 3845742 3818762 3910185 
001840	22 / 30 / 22	PK100	4362783	26	3710991 3821069 3863747 3915711 3921208 3930817 3931962 3957394 3989696 4093136 3913671 3970633 4095930 4095472 3801768 4002075 4086355 3995802 4093066 3821273 4002909 4075429 
002182	10 / 10 / 55	PK179	4090501	25	3710991 3716638 3817962 3821069 3861339 3721962 3816554 3821440 3821166 3821197 
006846	40 / 80 / 50	PK243	4171980	25	3695145 3712888 3789529 3796247 3817969 3819393 3852791 3854723 3861195 3914344 3921208 3929222 3930302 3817487 3883991 3964186 3995730 4095088 3833378 3902905 4174206 4043543 4044087 3930547 3911054 4002075 3844962 3910617 4095053 3821359 3539996 3576379 3816104 4086222 3560236 3821088 3885128 3930054 3914552 4095301 
016851	22 / 25 / 22	BYC127	4354081	26	3717137 3796007 3822778 3852791 3910347 4078277 3902911 3708949 3915036 3694712 3797429 4091039 4175433 3818746 3785953 3816108 3651348 3818807 3851345 4086480 3457459 3910502 
016865	3 / 4 / 47	TAYF	4168993	27	3717144 3821180 3910684 
016881	8 / 8 / 18	TAYC	4362771	28	3717144 4094965 3914676 3905189 3910617 3910650 3910646 4175454 
014534	20 / 21 / 22	BYC127	0031631	27	3722992 3724014 3774943 3816992 3910347 3914515 3818762 4086318 4086394 3785953 4096175 3457459 3668130 3821016 3822148 4175305 4091895 3816104 3910500 3903986 
015113	22 / 28 / 22	BYC127	0820103	28	3724014 3816970 3818029 3821059 4003415 4091899 3817379 4277251 3711406 4050929 3901790 4000336 3818746 3929102 3797576 3915029 3651348 3903861 3905861 3585962 3789055 3789439 
004279	8 / 8 / 37	TH110	0802802	29	3759092 3902667 3768197 3929237 4086309 3844962 3790306 3914251 
008479	22 / 22 / 22	DAL1	0031619	29	3764157 3764207 3817087 3818122 3821269 3929644 3817487 3678350 3910483 3820858 3915044 3913781 4090844 3674492 3833424 3902614 3789136 3851735 4086245 3915243 3823755 3910470 
008500	17 / 18 / 22	DAL1	0031619	31	3764157 3764207 3818122 3818771 3821048 3579092 3817487 3709927 3678350 3910483 3816463 3790492 3929167 3668845 3674492 3817419 3910470 
003508	6 / 7 / 22	DAL1	0024092	30	3764613 3797324 4000249 3871577 3931158 3930220 
001179	17 / 19 / 19	GOB	1083671	32	3767997 3817969 3906818 3930302 3672031 3725997 3797324 3611048 3797168 4012510 3759337 3714653 3910730 3690845 3881015 3792350 3843810 
007391	17 / 17 / 22	BYC127	0031631	33	3767997 3796964 3797206 3902905 3930831 3797168 3630474 3797192 3846234 3904320 3905868 4087169 3592680 3651750 3677885 3691616 3903986 
011035	48 / 50 / 50	PK243	3998660	30	3767997 3819177 3821059 3903896 3931466 3960504 4175328 3888348 4003188 3922150 4003045 4176078 4090730 3851827 3884178 4095046 3905830 3988063 3995802 3883637 3661465 3821554 3846234 4014851 4062047 4175512 4175523 3932089 3941346 3942061 3997576 4092173 4125081 4125799 4175250 4193360 4263456 4277616 4279035 4175962 4001712 4371930 4007805 4156042 4371977 4372244 3973360 3931323 
015851	12 / 14 / 22	BYC127	0162977	31	3767997 3821231 3834985 3819645 3928966 3930891 3797429 3612623 3821766 3910712 3592680 3910848 
002442	4 / 4 / 47	TAYF	3098022	32	3768025 3820010 3818805 3929651 
002472	20 / 20 / 47	TAYF	0493725	33	3768025 3821006 3821162 3931474 3679221 3720506 3716057 3821004 3671929 3820010 3821116 3910529 3910563 3910702 3910741 3792406 3818805 3819380 3910503 3910690 
014100	11 / 11 / 47	TAYF	0431946	35	3773692 3816992 3797324 3612203 3768197 4003485 4088956 4035604 4093989 3910514 3651750 
008820	8 / 8 / 13	CARP13	0031572	34	3561430 3788983 3788990 3790792 3910634 3823438 3807883 3914906 
011341	9 / 23 / 9	TAYSEM	3460456	36	4092823 4094012 4086277 4130250 4158080 4193293 4276195 4277523 4279624 
003440	22 / 27 / 22	DAL1	0031359	34	3764613 3789507 4086513 4091996 3788616 3913671 4000195 4086288 4026411 4002113 4093066 4175422 3871577 3891249 3973168 3994733 3995227 4091773 3935616 3978317 4174840 4278454 
007374	22 / 46 / 22	BYC127	0987494	35	3818676 3852791 4091443 4092801 4096261 3915155 3930891 4037708 3694712 3929704 4175433 3839352 4086318 4086394 3854016 4175465 3883637 3910680 3931449 4086398 4086408 4086445 
001892	8 / 11 / 22	PK100	0409956	36	3818024 3680751 3693712 3995730 3708949 3694712 3666570 3915088 
007010	22 / 33 / 22	DAL1	0162976	37	3789806 3913138 4002166 4089004 4095309 3888468 3930705 3928826 3913396 4090845 4003163 4070957 4091510 3930042 3930168 3878563 4003199 4086336 3930052 3931001 4000862 4092144 
006023	71 / 103 / 71	PK338	0972342	38	3822778 3913138 4000229 4001999 4003642 4091072 4092675 4093612 4050929 4092159 3964713 3822201 3923376 4093119 4003130 4175333 3905830 4095190 4175292 3901936 3910702 4007305 4175354 4175448 4180466 3789439 4001431 4043326 4093324 4095876 3941346 3951018 4003389 4092335 4093409 4096706 4096899 4132527 4134616 4140278 4149852 4152941 4157786 4161057 4165473 4169489 4170444 4174380 4174617 4174776 4174889 4175859 4176781 4176789 4180953 4181031 4181049 4193260 4236548 4254672 4276333 4277616 4278034 4278351 4278394 4278491 4279649 4280050 4280365 4280525 4280526 
008790	4 / 5 / 13	CARP13	3194197	37	3764422 3882118 4092159 3913815 
016834	10 / 11 / 47	TAYF	4170946	38	3790825 4017901 4092823 4094815 3690789 3931836 3716357 3910937 3651486 3930135 
001851	19 / 22 / 22	PK100	0409956	39	3796247 3821069 3822778 3860357 3906818 3929235 3930817 4001588 3764208 3902911 3907037 3721962 3845742 3915040 3801768 3910671 3722926 3816108 3819433 
002166	15 / 18 / 55	PK179	4090501	40	3796247 3929812 3929815 4097018 3680751 3764208 3817487 3852207 3910651 3799474 3994876 3929586 3915029 3930678 3929954 
001465	2 / 6 / 51	CARP21	3098022	39	3959570 3768972 
015508	6 / 9 / 19	GOB	4092864	40	3860357 3914683 3959570 4000336 4086237 4096913 
015865	18 / 20 / 22	BYC127	3476032	41	3796964 3901484 3759552 3910651 3914875 3930891 3983482 3910537 3797168 3797429 3901790 3820858 4086394 3462565 3914745 3612623 3910540 4175517 
009273	3 / 5 / 22	DAL1	3194193	41	4086310 3901481 3910678 
002572	11 / 12 / 71	PK338	3393847	42	3797331 4091996 4086430 3910427 3848104 3910519 3910737 4095234 3678357 3708638 3821554 
011187	4 / 4 / 47	TAYF	3194193	45	3814239 3690789 3789070 3579361 
015882	16 / 19 / 47	TAYF	3436165	42	3483059 3814239 4095243 4175304 3910713 4076454 4175385 3921659 3929810 3973119 3935616 4174272 4174840 4180435 4277607 4278383 
016854	22 / 25 / 28	TH111	4170165	43	3930890 3931910 3888468 4088956 4093119 4002914 3913437 3931449 3974846 3976786 4175422 4086293 4164342 4243051 4278521 4282008 3896719 3430527 3797266 3914822 3930197 3992528 
016614	6 / 6 / 47	TAYF	4170946	43	3816180 3609410 3930676 3486653 3820958 4086393 
015830	6 / 6 / 9	TAYSEM	3646540	44	3816722 3929644 3680751 4000336 4086366 4096913 
004359	4 / 5 / 20	DAL25	0775506	44	3816832 3928826 3822201 4062047 
009322	22 / 23 / 22	DAL1	3083296	45	3816970 3819353 4001999 3858715 4095930 3796906 4174206 3821097 3822201 3923376 4002914 3823473 3930025 4002204 4075429 3905623 4155489 4278034 4280880 4043790 3560236 3922542 
009342	9 / 9 / 22	BYC127	0031522	46	3724014 3816970 3930705 3915036 3929704 3931959 4070957 3774124 3712913 
015004	4 / 4 / 14	TH104	0576472	46	3817048 3667654 3910732 3910422 
013185	6 / 6 / 22	DAL1	0125630	47	3817087 3929644 3851735 4086245 3915243 3823755 
001213	19 / 19 / 19	GOB	0254151	47	3817177 3821059 3821254 3914344 3930162 3931971 3764422 3901722 3910738 3914928 3771747 3913396 3910185 3814776 3914968 3759337 3931970 3910509 3910621 
015444	21 / 21 / 22	DAL2	0162976	48	3464954 3817427 3730202 3793534 3818227 3910744 3797084 3816466 3816549 3715174 3790492 3797576 3689944 3815949 3914354 3797683 3819542 3910766 3910668 3792443 3793612 
002173	7 / 8 / 55	PK179	3926209	48	3817962 3721962 3768197 3816554 3650239 3821440 3584685 
009242	3 / 3 / 14	TH104	3194193	49	3818025 3819309 3910696 
007368	22 / 44 / 22	BYC127	0162977	49	3818676 3820974 4000420 4050929 3915044 3969108 3961853 3913768 3929739 4091439 4176465 3920306 4000253 4093475 4096186 4096749 4096983 4129668 4152983 4164263 4176789 4180434 
003014	21 / 22 / 47	TAYF	4354612	50	3687862 3819177 4011555 4094613 4095309 3928826 4043543 3969108 4093161 4175304 3961853 4175405 4175535 4086336 3930025 3931001 4086499 4092144 3821359 3915043 4095302 
013616	5 / 5 / 22	DAL1	0375562	50	3819230 3821008 3910700 3909951 3653200 
014135	28 / 33 / 28	TH111	0493855	51	3227350 3819353 3957394 4094813 4095243 3931453 4175298 4070957 4175357 3930721 4090730 3816997 4000418 3928949 3699593 3823473 3851345 3910937 3929739 3768555 3910478 3913815 3931001 4180878 4260945 4277607 4278485 4278829 
002951	8 / 8 / 19	TAYB	3555097	51	3820037 3820974 3817379 3716357 3796926 3910632 3910463 3910586 
006026	31 / 32 / 71	PK338	0972342	52	3611135 3820037 3927400 4000812 3808480 3888348 3902911 3907037 4091718 3693891 3931453 4090845 3910655 3816108 3878563 4005905 4079295 4086306 3910617 3910640 3968696 3768555 3819542 3820961 3821166 3871577 3973168 4002806 4062047 4091163 4176086 
009262	12 / 13 / 19	TAYB	3555097	53	3820037 4093015 4175322 3716357 3796926 4002075 3961853 3821393 4175489 4174366 4193360 3819433 
005847	7 / 7 / 9	TAYSEM	3479968	52	3820380 3976786 4175452 4093126 3934527 4281409 4135137 
003031	5 / 5 / 22	DAL1	0375562	53	3820405 3821008 3910700 3817637 3821359 
002568	12 / 12 / 71	PK338	1168490	54	3710476 3820729 3904645 3973885 3910427 3881597 3910563 3678357 3708638 3819143 3821554 3694384 
002151	55 / 158 / 55	PK179	0168378	54	3820885 3901731 3902667 3915099 3915711 3921208 3957394 4001588 4001999 4091072 4093136 3579867 3788616 3883991 3915155 3970633 3816993 4093612 4092159 4095424 3822201 3904324 3923376 4002075 3583596 4003130 3988502 3995802 3968696 4007305 4093806 3891249 3901577 3994652 4075429 4094796 4095053 4095876 3936726 3937160 3951543 3956631 4003168 4003319 4086083 4090749 4096706 4132153 4155489 4157786 4162177 4174380 4174617 4174837 4175771 
004280	17 / 18 / 37	TH110	0949010	55	3820885 3902667 3910870 4003642 3579867 3708949 3816993 3910595 4086309 3579645 3583596 4086216 3684090 3789439 4086397 3790306 3914251 
011865	5 / 5 / 37	TH110	3092832	56	3759092 3820885 3579867 3929237 3583596 
006044	40 / 40 / 71	PK338	0031526	55	3820963 3901254 3930683 4017901 4092290 4092833 3821044 3821179 3824188 3850568 3887957 3928890 3930296 4093423 4095080 3691783 3796906 3973885 3956133 4095086 3716140 3910487 3774021 3915267 3816486 3821958 3769368 3820971 4092769 3817637 4086238 4091936 4095234 3910695 3930301 3816483 3922542 4091806 3816960 3768303 
001753	7 / 7 / 9	PEMSTD	3896859	56	3820970 4092670 3711406 3910677 4175471 4146034 4181152 
007881	4 / 4 / 47	TAYF	3435819	57	3820974 3929289 3994876 4175475 
006059	20 / 20 / 71	PK338	3818520	57	3710476 3788990 3797331 3821077 3610120 3820774 3820965 3821044 3821179 3691783 3818782 3956133 3716140 3774021 3820030 3789283 3789493 3818480 3816483 3821439 
015853	5 / 12 / 22	DAL1	3927894	58	3821687 3910639 3821589 3905885 4086385 
002160	33 / 111 / 55	PK179	3926209	58	3822778 3854723 3869959 3930817 3725997 3902911 3907037 3913671 4000366 4095930 3708949 3845742 3902905 4174206 3823307 3915040 3789288 3823391 3902196 3768515 3910587 3911054 3816108 4175541 3789493 4014851 4015108 4043326 4093315 4086277 4278502 3901413 4280706 
009296	4 / 5 / 47	TAYF	0897706	59	3823338 3819598 3987067 4093165 
006504	22 / 35 / 22	DAL1	4092861	59	3846717 4002166 4003415 4043840 3893220 3995576 4093446 3816997 3821004 3903994 4002094 4002113 3847728 3913768 3917445 4175497 4081695 4127521 4140259 4165491 4174768 4180435 
006518	13 / 18 / 22	DAL1	3083296	60	3722992 3846717 3930674 3931466 3931910 3910639 3661465 4232308 4278829 4280607 4180395 3930864 3975519 
004274	31 / 37 / 37	TH110	3092832	60	3846920 3904254 3915099 4037411 3964186 4090730 3910744 4175375 3879518 3668130 3819542 3834370 3910646 3910766 4055257 4127521 4143476 4146462 4176818 4181243 4277915 4280182 4371919 4371932 4371940 4372246 3885128 3914251 4137449 4371945 4268891 
006863	7 / 7 / 50	PK243	0031347	61	3846920 3610120 3819269 3818773 3905871 4093813 3910659 
002393	1 / 1 / 47	TAYF	4354612	61	3852520 
002394	12 / 13 / 47	TAYF	0020988	62	3820970 3852520 3929241 4091784 4094815 4092675 4176079 3914498 4094175 4086333 3821273 4086349 
002413	28 / 32 / 47	TAYF	4358919	63	3908300 3930683 3964183 4094012 4094815 3822886 4176079 4175295 4095046 4175375 4003130 4086333 4176023 4095190 4095206 4175310 4175374 4175408 3756293 3821273 3911124 3995827 4086349 4086474 4090806 4175386 3995568 3914750 
007378	22 / 51 / 22	BYC127	0851717	62	3818122 3852791 3930674 3953825 4078277 3759127 3788616 3915155 3930831 3711406 3984532 3987067 3930547 3818746 3929102 4086347 4175410 3905871 4086373 3630474 3822995 3788919 
008420	22 / 26 / 22	DAL1	0125630	63	3854723 3915099 4095309 3759552 4094832 3820858 3910671 3930763 4175354 3789136 3915028 3994652 4092771 4093748 3941070 4153480 4159578 4176698 4193293 4277523 4280174 4358230 
004852	7 / 9 / 47	TAYF	3194193	64	4037411 4092833 4093423 4079295 3821554 4045331 3823311 
011826	11 / 12 / 55	PK179	0300112	64	3915054 3929812 3929815 4097018 3852207 3799474 3994876 3915029 3930678 3902440 3929954 
011838	13 / 15 / 47	TAYF	0031619	66	3869959 3579092 3819628 3929167 3928941 3901936 3902614 3910686 3970539 4086474 3915042 3903986 3910471 
002872	17 / 17 / 33	TH224	1084458	65	3880322 4170472 3852806 3920668 3559872 3830308 4000862 4002909 4086294 3934527 4170423 4275431 4277162 4280182 4281005 4275968 4371940 
005845	9 / 10 / 9	TAYSEM	0031582	67	3880322 3832060 3899772 3941346 4055257 4096899 4180953 4181036 4280182 
011305	11 / 11 / 17	DAL6	4362837	65	3901484 3911054 3821958 3699593 3910714 4175459 3911124 4174908 4003839 3847931 4175367 
003001	22 / 29 / 22	DAL1	3473854	66	3903833 3913606 3914754 3929241 3964183 4003131 4092833 4093015 4094012 3890005 3904389 4170471 3930026 3930042 3929776 3930168 4086269 3816756 3931881 4000998 4091672 3797683 
008782	11 / 11 / 13	CARP13	0576472	67	3903833 3913138 3822886 4040430 4175509 3839352 3994843 4175405 3913815 4045331 4175353 
013614	27 / 28 / 47	TAYF	0375562	68	3903833 3913606 3914813 3929241 3964183 4003131 4014292 4093015 4092819 4095086 3671929 4092769 4175405 3910523 3914354 4000998 4091672 4091936 3910491 3910558 3910580 3994733 4093607 3910610 4086369 4086243 3910718 
002697	2 / 2 / 14	TH104	0031478	69	3904254 3910491 
007008	22 / 33 / 22	DAL1	3927894	68	3817427 3904254 3930102 4091899 3930705 3820395 4093416 4175407 4095965 3994726 4070957 4095004 4096251 3823278 3901577 3910509 4175497 4158080 4243051 4276256 4165503 3910725 
002367	44 / 47 / 47	TAYF	0493725	69	3964183 4011555 3720506 3819598 4175295 3969108 4095046 4175304 3929167 4176023 4095206 4175374 3910529 3910702 4175408 4176465 3910503 3911124 4086474 4095425 4175371 4175386 4000253 4174366 4276784 4279995 4280475 4281029 4281294 4281391 4281934 4358230 4277274 3949783 4371959 4372210 4175463 4372052 4086369 4372010 3995568 3932347 4175400 4371966 
004022	9 / 12 / 9	TAYSEM	3197197	70	3908683 3817507 4090845 4091510 3969214 3878563 3871577 4096899 3973360 
005157	9 / 10 / 28	TH111	3555100	70	3910179 4175474 4175377 3910700 3976786 4086362 3951018 4176721 4256760 
005159	7 / 7 / 28	TH111	1084458	71	3910179 4003045 3816466 4003534 4086386 4086461 3667385 
006525	3 / 5 / 22	DAL1	4354084	72	3768620 4093409 3823311 
013216	4 / 9 / 22	DAL1	3318436	73	3910179 3822731 4151426 4164342 
014567	22 / 156 / 22	PK100	0898918	71	3910347 3914813 3927400 4031284 4041708 4091072 3852207 4092159 3929586 3931666 3988502 4007305 4091785 4093806 4094640 4175541 3457459 3891249 3904320 3994652 4002204 4014851 
014992	15 / 17 / 37	TH110	3646542	72	3561430 3620520 3910870 4037411 3922150 4003485 3930841 3818773 3844962 3903861 3834370 3857764 3910646 4175344 4280880 
004013	9 / 16 / 9	TAYSEM	3460456	73	3913138 4095807 4092675 4003163 3969108 3883637 4094498 4125799 4174768 
016884	4 / 9 / 22	DAL1	0031573	74	3879518 3606290 3910615 4175515 
008770	13 / 20 / 13	CARP13	3996107	74	3914515 3960504 3989696 4031284 4093423 4000195 4076454 3995227 4165491 4175771 4181151 4276714 4278485 
001423	17 / 20 / 51	CARP21	1076312	74	3832060 3819628 3801768 4074784 3910713 3913768 4003534 3973168 4002204 3933304 4038907 4158492 4181243 4256760 4371940 4062513 3914552 
002992	15 / 63 / 15	DAL10	3473854	1	3904254 3914683 3930683 4089004 4091899 4094965 4086288 4095965 4091510 4003240 4175513 4093119 3905830 4095206 4175368 
014990	15 / 18 / 63	DAL119	0316015	1	3818024 3915099 4094815 3821440 3819332 4086333 3689328 4176818 4181143 4231518 4277527 4148521 4279885 4372070 3885128 
015831	9 / 10 / 28	TH111	3646540	1	3915711 3930608 3814776 3839352 3789070 3994652 4091895 3937982 4095302 
008763	13 / 40 / 13	CARP13	3554385	1	3927400 3931962 3931971 4078277 4091072 4091784 4092290 3890005 3970633 4003485 4026411 4095086 3923376 
011075	7 / 9 / 22	PK100	3899727	1	3928589 4095897 3694668 3797164 4096262 3918056 3931946 
010314	33 / 66 / 50	PK243	0031347	1	3759092 3929812 4003642 4017901 4094012 4095083 3887957 4176079 4003188 4093973 3774021 3914498 4002094 4077315 4086619 4140259 4152941 4170299 4180953 4193341 4276023 4278351 4278489 4279624 4280375 4280525 4280622 4280653 4280907 4280946 4281163 4281294 3948045 
002162	13 / 14 / 55	PK179	0168378	1	3915054 3929815 4097018 3852207 3994876 3915029 3930678 3821390 3910469 3902440 3910554 3929954 3910575 
010968	3 / 3 / 19	TAYB	3555097	1	3930102 4091805 3910463 
016883	7 / 11 / 19	DAL212A	0031573	1	3930674 3458065 4086468 3929102 4095190 4086357 3915028 
014563	13 / 15 / 19	GOB	0135660	2	3846920 3927400 4092290 3858715 3901722 4003163 4091039 3929586 4074784 3913674 3905885 4093806 4086465 
016842	4 / 8 / 19	GOB	4354080	1	3818274 4000336 4175521 4093126 
014219	6 / 6 / 51	CARP21	0031619	1	3960504 4176023 3819380 4001958 4044003 4086315 
001769	13 / 16 / 17	DAL6	3099830	1	3619216 4086513 3832060 3999899 4176082 3913396 3910744 4086310 3910564 4086252 3910646 4175399 4175418 
004355	12 / 20 / 20	DAL25	0847593	1	3991180 4023381 4096261 3994726 4096186 4276714 4277844 4278447 4280524 4280721 4371024 3905460 
004014	9 / 18 / 9	TAYSEM	0854975	2	4000420 3852806 3928949 4000998 3921659 3965315 4175519 3937160 4143476 
007043	17 / 20 / 17	BYC239	3481299	1	4000420 3693712 3888348 3914676 3930705 3609553 3879518 4003199 4176080 3816708 3821571 4091163 4086321 3930054 3930614 3901004 4175460 
001763	11 / 13 / 16	EHI	0022277	1	4000812 4086283 4175330 3609410 3913437 4086410 4175283 3995227 4176668 4086359 4159999 
004839	1 / 5 / 8	TH102	4358919	1	3910644 
011300	6 / 9 / 25	CARP25	0020093	1	3821180 3822995 4175311 4096631 4174231 3820958 
007026	10 / 13 / 52	DAL300	3198619	1	4031284 4175415 3910589 3893220 4091785 3821034 4086354 4276717 3910596 3910548 
015932	4 / 6 / 9	PEMSTD	3460008	1	3820974 3913159 4175478 3823473 
002463	5 / 7 / 11	DAL20	0031373	1	3768025 3716057 3821016 3821632 4086314 
001151	52 / 104 / 52	DAL315	4092864	1	3929644 3931910 3953819 4003415 4041708 4092670 3888468 4086279 4000195 3910185 3851827 3823228 3931970 4091877 3816756 3821766 3914696 3931449 4000763 3585962 3690845 3886275 3910478 4037591 3899772 3932089 3933304 4003177 4095703 4115871 4157786 4169561 4174660 4252142 4275712 4277525 4278366 4278573 4278990 4279708 4281892 4276567 4282720 4282008 3953233 4067210 4372246 3821088 4001662 4062513 4372039 4095071 
007377	22 / 22 / 22	BYC127	0031522	1	3957394 4092823 4092928 4175281 3799474 4037708 3711406 4095472 4086309 4000483 4086347 3910567 3905868 4001431 4001881 4086499 3997576 4159578 3792443 4175524 4090975 4086319 
012352	2 / 2 / 9	PEMSTD	4091999	2	4092928 3818064 
006854	14 / 16 / 16	PK337	1167884	1	4093778 4010147 4170471 3650239 4092633 3790857 3799529 3931881 4093159 3901577 3995827 4095425 4277951 4278383 
005724	6 / 10 / 18	TAYC	4362771	1	4095133 3905189 4093959 3901936 4086328 4093853 
013212	16 / 16 / 28	TH111	3996564	2	4096914 3693712 4175407 3922150 4050929 4094175 3821958 3910713 4093066 4176080 3989657 4090714 4094498 4161057 4277924 4175349 
015011	10 / 12 / 14	TH104	0138190	1	3817962 3561026 4095243 3969214 3910496 3879197 3974846 3920306 3969851 3691616 
006879	6 / 6 / 50	PK243	1167884	2	3610120 3820965 3818773 3667464 3789493 3792350 
007393	8 / 9 / 37	TH110	0987494	1	3610681 3910493 4086318 4086427 4086287 3904320 3694384 3910848 
008774	15 / 18 / 31	TAYG	0576472	1	3903833 3759127 3808480 3964186 4091718 3691794 3988063 4073784 3902614 4023438 4093748 4086083 4140702 4164263 4074463 
007887	6 / 8 / 12	RCCON	0772775	1	3793534 4003434 4088956 3820212 4175383 4001712 
001549	6 / 6 / 19	GOB	1083671	3	4092928 3819645 3910622 3930831 3820961 3902440 
003005	7 / 10 / 33	TH224	4358918	1	3819177 3821044 3910503 4093026 4093324 4095079 3821886 
005722	10 / 20 / 10	TH118	4170914	1	3953825 3850568 3975962 4175309 4175388 3928941 4003389 4096738 4158492 4174272 
015829	15 / 16 / 22	BYC127	3788277	2	3764207 3823338 4003131 3904389 3904645 3821097 3930042 3797606 3834370 4086253 4086457 4175888 4277607 4278829 4096913 
001562	4 / 5 / 19	GOB	0031756	4	3816860 3910622 3930831 3910741 
007034	10 / 11 / 35	TAYE	4354084	1	3913606 3931929 3913807 4086436 4096266 3935616 4277162 4280138 4280703 4001717 
016864	2 / 3 / 20	TH116	4168993	1	3690789 3910650 
011861	11 / 11 / 31	TAYG	3555097	2	3921208 3930047 3929704 3995576 4095424 4092633 3792406 4175497 4092920 4371930 4086466 
006042	30 / 33 / 71	PK338	0207327	1	3690799 3788990 3861339 3903896 3914754 3930296 3817507 3929679 3910487 3903994 3816486 3909951 3820971 4093989 3833424 4086223 4093293 3818480 3910468 3910629 3910641 3910695 3917445 4093607 4093970 3910654 3915203 4095001 4095047 3222918 
013190	21 / 21 / 28	TH111	1137952	3	3903896 3819304 4000366 3819332 4003163 4091510 3816463 3910484 3878563 3930763 3665300 3930301 4034558 4093475 4277525 4278465 3930260 3821197 3915203 3910479 3910591 
004806	9 / 12 / 9	CARP15	3326005	1	4017526 3833378 3928826 4090845 3928949 3910517 3910724 3929810 4086407 
004739	4 / 7 / 13	CARP13	1084458	2	4170472 3612427 3910475 3910620 
016853	13 / 15 / 33	TH224	3479968	2	4090814 3612203 3789315 3984532 3893220 3818746 3920668 3913437 4175321 4174840 3775417 3818770 3903520 
001547	8 / 9 / 9	PEMSTD	1054236	4	4095088 3691783 3910674 3797192 3910508 4077315 4094796 4095053 
015540	5 / 6 / 6	TH129	4417381	1	4095088 4233573 4278481 4280849 4281868 
006553	4 / 5 / 29	TAYD	0031478	1	3464954 3724014 4175442 3848415 
006040	8 / 11 / 45	PK349	0409737	1	3692862 3691783 3819269 3821958 3769368 3931666 4094640 4143476 
006587	3 / 4 / 19	DAL212A	4092861	2	3768620 3820395 3819676 
011237	1 / 2 / 15	DAL10	3198619	2	3913807 
013059	9 / 9 / 9	TAYSEM	3479968	1	3789315 3910618 3612427 3703938 3910745 4091773 3775417 3797532 3903520 
006559	2 / 4 / 18	TAYC	0031478	2	3915028 4096631 
010942	45 / 45 / 71	PK338	0207327	2	3692862 3788990 3820037 3820963 3821077 3821269 3901254 3914754 3931466 3953819 3991180 4094965 3821179 3824188 3928890 3930296 4003045 4086433 3929679 3994843 4175309 4175388 3816486 3909951 3930168 4073784 4086269 4093611 4175347 3790857 3817637 3910630 3910649 3930301 3994733 4086225 3910628 4095703 3445680 3858245 3930864 4087228 4091806 3910633 4092795 
001749	11 / 15 / 13	ROSTUD	3460008	2	3910634 4040430 4175444 3910501 3589576 3911124 4153748 4281910 4282999 4371958 4059195 
012354	2 / 3 / 9	PEMSTD	0492321	3	3987067 4062513 
006038	6 / 8 / 21	PK336	4177047	1	3910581 4086233 4176087 3970539 4175523 4175527 
002564	7 / 9 / 79	PK278	0564741	1	4044087 3930253 3898245 3910676 4175471 3792350 4092004 
007877	9 / 10 / 31	RCSEM	0031386	1	3973885 4094832 4174480 4372037 4372208 4127367 3712913 3434762 4371973 
014988	8 / 12 / 8	TH102	0576472	2	3521001 3796723 3910568 3816549 3839352 3676165 3823438 4086437 
015888	12 / 14 / 56	PK25	4170297	1	3858715 3823402 3703427 3816336 3910702 4086401 3684090 3910647 4002909 3790306 3858042 3915043 
004803	15 / 16 / 47	TAYF	0031373	2	3929815 3890005 3904102 3819269 3931666 4093989 3910724 4003534 3910512 4181036 3592680 4095001 4175533 4175548 4372200 
015660	7 / 8 / 15	PK227	3926311	1	3695145 4086477 3913863 3914928 3902439 3788897 3910530 
008773	6 / 14 / 6	TH129	4168989	2	3818771 4095930 3915044 4175541 3661465 4014851 
012355	0 / 2 / 9	PEMSTD	0683480	5	
013613	11 / 15 / 20	DAL25	4358918	2	4043543 3902196 3898245 3929776 3961853 3816756 3914814 4023438 4093370 3793612 3910667 
005258	3 / 4 / 25	CARP25	4170165	2	3679221 4180467 3910498 
015115	14 / 17 / 14	BYC106	0820103	1	3705083 3789573 3821008 3930891 4277251 3819613 3931959 4091039 3797192 3661465 3667385 3807883 3467384 3817682 
014987	11 / 11 / 31	TAYG	1020104	3	3699561 3910682 3814776 3820587 3928941 4093159 4023438 4093255 4095053 4175428 3915042 
008484	13 / 16 / 22	DAL2	3420576	1	3816924 3821048 3930721 3884178 3650225 3768458 3668845 3674492 3817419 3668130 3910712 3823755 3910656 
015012	10 / 10 / 17	DAL6	0827051	2	4003240 4000763 3995827 3956631 4132153 4169561 4170444 4278350 3939975 4371918 
001764	8 / 12 / 13	EHIII	4366626	1	4043840 3796723 3856450 4153409 4279329 4278720 4372000 3929651 
015866	2 / 3 / 20	DAL212E	4168989	1	3820397 3820961 
005191	4 / 6 / 14	TH104	1137952	2	3820587 4086336 4373600 3910746 
002569	5 / 8 / 79	PK278	4177047	2	3820378 4002113 4095234 3929468 3910482 
006024	20 / 41 / 20	PK328	0554585	1	4043543 4093161 4175315 3923473 4175465 3914814 3931686 3932941 3935260 3937160 3937404 3942061 3950836 3951543 3956631 4003168 4003319 4084615 4096964 4127014 
013194	11 / 12 / 16	EHI	0058557	2	4000367 3610671 3666995 3781152 3790492 3821589 3823228 4000483 4012510 4090844 4093186 
005271	13 / 13 / 28	TH111	1137952	6	3730202 3793534 3818227 3616206 3715155 3797576 3820732 3854016 3915332 3913674 3819380 3819542 3910582 
015889	1 / 4 / 52	DAL300	4170297	2	3716057 
013658	5 / 7 / 45	PK349	3393847	2	3910505 3821393 3847728 3910527 3910739 
015655	6 / 6 / 19	GOB	4168992	6	4175302 4086238 4180466 4077315 4003319 4146462 
004666	9 / 10 / 19	TAYB	0775640	2	3716638 3887326 4175370 3819143 3995227 4093315 4003177 4129521 4372220 
014231	4 / 4 / 9	PEMSTD	1168214	6	3700270 3797192 4096262 3910707 
006509	8 / 8 / 19	DAL212A	4092861	3	3914515 4043840 4003434 3903994 3816963 4092771 3931946 4093282 
003006	8 / 14 / 22	DAL1	0492580	5	3820405 4003131 4092767 3904389 3930042 3671929 4092769 3910732 
014113	17 / 17 / 17	DAL6	0827051	3	3915711 4092633 3897515 3913437 3910664 4000502 4072230 4090806 4095128 4175437 4175489 4175497 4175510 4175528 4278573 3858245 4086484 
001756	8 / 9 / 13	ROSTUD	0254474	1	3929704 3616206 3852217 3903861 3857764 3915243 3843810 3910422 
004877	3 / 3 / 47	TAYF	0031373	3	3819585 3910630 3820958 
004882	1 / 1 / 20	TH116	4358919	2	3910692 
015881	5 / 6 / 9	CARP17	3436165	1	3910937 3910609 3910686 4086214 3816174 
011986	3 / 3 / 9	CARP15	3764403	2	3683644 3931451 3830308 
002469	4 / 4 / 51	CARP21	4358919	3	3821006 3821116 3756293 3821632 
001559	1 / 1 / 19	GOB	0031756	7	3819372 
005744	2 / 2 / 10	TH118	4362771	2	3910617 3910646 
012353	5 / 5 / 9	PEMSTD	4089714	7	3818064 3910734 4003319 4262071 3824908 
004011	20 / 22 / 63	DAL119	3197197	2	4095243 4093293 3973168 4090749 4092173 4097054 4150362 4151626 4170524 4174231 4176668 4193341 4243051 4269602 4275712 4277951 4279649 4280375 4280622 3560236 
007899	6 / 6 / 12	RCCON	3435819	2	4093778 3793534 4003434 3905830 3711797 4001712 
011862	1 / 1 / 18	TAYC	3555097	3	4175549 
016925	1 / 2 / 35	TAYE	3646540	2	3795999 
005119	6 / 6 / 9	TAYSEM	4273391	3	4002166 3937982 4125081 4146034 4262071 0750570 
001836	2 / 4 / 33	PK229	3452118	1	3539996 3576379 
002855	14 / 298 / 14	PK354	3420576	2	4096262 3875914 3851736 3876667 3899772 3905623 3931686 3932089 3932941 3932943 3933304 3934527 3935260 3935616 
001156	6 / 7 / 52	DAL315	0493725	2	3937982 4176624 4180508 4281628 4044450 4372063 
008764	12 / 14 / 22	DAL2	3554385	2	3822731 3823473 4034558 4093409 4140278 4153409 4174957 4270406 4280947 4174908 3881459 4275968 
016952	26 / 29 / 29	TAYD	4177943	2	3887957 4175299 3883637 3930763 4076454 3820768 4096266 4000795 4092335 4096186 4096206 4096738 4130250 4138433 4143065 4158492 4174392 4174660 4180325 4278383 4280653 4281869 4180395 4181991 3997044 3667676 
016963	18 / 18 / 22	BYC127	3906328	3	4000253 4096206 4130250 4133513 4143065 4159578 4169561 4170524 4174768 4176698 4176721 4180325 4181036 4277844 4278366 4278454 4280174 4280880 
016950	8 / 25 / 8	TH223	0901151	1	3773692 3906818 3929235 3959570 4001999 4000249 4090814 3816993 
008427	8 / 18 / 47	TAYF	4177943	5	3716140 4091936 3851736 4175888 4280642 4090841 3824908 3969305 
016983	19 / 19 / 27	EHII	1024995	1	3818675 3910347 3929289 3930841 3881597 3914449 4007305 3910464 3930190 4002806 4091767 4153748 4282999 4092251 3929468 4003839 4059195 4095445 4096358 
001010	18 / 19 / 19	DAL212A	3402041	4	3712888 3816970 3914683 4041708 3579645 4000980 3913815 3931001 4062047 4091773 4001717 3667385 3816104 3693840 3792443 3915042 3915243 3930260 
015501	10 / 11 / 16	PK259	4378762	1	3908300 3914813 3930731 4093446 3821004 3579645 3708638 4086374 4175528 3930137 
001430	3 / 3 / 8	TH223	0020093	2	3832060 3758075 4263456 
003407	31 / 38 / 31	EHLEC	3478658	1	3716638 4091782 4176699 4176789 4180447 4276195 4277782 4277909 4278491 4279920 4280078 4280140 4280365 4280475 4280648 4280658 4280697 4280864 4280889 4280898 4280913 4280947 4280948 4281005 4281029 4281391 4281869 4281886 4281910 4281934 4282099 
015440	2 / 2 / 15	GOCOM	1054236	1	4005905 3971828 
005247	5 / 5 / 8	TH102	0806046	3	3651465 3808480 3771747 3908314 3797266 
016951	10 / 12 / 47	TAYF	4177943	6	3768356 3816463 3815949 3606290 3665300 3816708 3851735 4090714 3848415 3910660 
009239	1 / 1 / 20	DAL212E	4170914	2	3615055 
016986	8 / 8 / 16	EHI	1024995	3	3620520 3764613 3930544 3561026 3789175 4095004 3843810 3910613 
016858	12 / 12 / 25	CARP25	4392595	3	3687862 3880322 3930162 4174206 3975962 3902439 4279035 4280500 3653200 4175384 4175404 3914166 
002375	6 / 6 / 47	TAYF	4177943	7	3768025 3976786 4091439 3708638 3818805 3970539 
016959	7 / 9 / 17	BYC239	4354440	2	4091899 3805981 3816963 4175344 3889653 3908117 3821552 
003423	2 / 2 / 6	TH129	4170914	3	4095965 3816466 
016833	7 / 9 / 9	CARP17	3995790	2	3818025 3821048 4095807 3796926 4095206 3821359 3975519 
011238	2 / 3 / 33	TH224	3198619	3	3820992 3910753 
014441	3 / 4 / 20	DAL25	4172060	3	3821687 3999899 3930676 
015014	1 / 1 / 19	GOB	4271808	8	3823473 
002464	6 / 6 / 11	DAL20	4362759	2	3929241 3931474 3822886 3910563 4086374 3763675 
001209	2 / 3 / 47	TAYF	4354559	4	4023528 4093970 
016949	1 / 1 / 14	TH104	0901151	3	3796732 
015867	1 / 1 / 27	EHII	4168989	3	3901004 
