Course	Room	Teacher	Time	Students
003442	17 / 23 / 17	CARP15	3818982	1	3375410 3462293 3466014 3559476 3651033 3465181 3483036 3485774 3691983 3692761 3576230 3667385 3559612 3486050 3690346 3560487 3630915 
002367	18 / 35 / 18	DAL25	0493725	2	3397840 3575259 3639772 3693280 3694481 3574519 3575071 3595071 3498974 3606293 3598090 3533093 3692380 3589576 3674492 3768025 3793612 3818675 
002394	13 / 13 / 18	DAL25	0020988	1	3397840 3577741 3512896 3668623 3533093 3576792 3560193 3691514 3458087 3581913 3576566 3668827 3668895 
002412	16 / 16 / 18	DAL25	0031373	3	3397840 3484887 3540190 3639772 3693280 3576753 3476908 3595071 3464327 3505185 3476864 3486838 3631042 3691514 3483003 3668911 
001767	12 / 12 / 23	EHII	3474008	2	3414205 3478964 3568950 3483036 3576230 3689402 3474789 3486571 3560199 3576550 3576565 3797696 
003572	17 / 34 / 17	CARP15	0897399	3	3414205 3443522 3443731 3446645 3447306 3464666 3465591 3467427 3476860 3478964 3481102 3481354 3481520 3483278 3484619 3484845 3487040 
001839	36 / 36 / 36	PK229	0898918	4	3426943 3462817 3463768 3470393 3474620 3481813 3487266 3505157 3521461 3561074 3576260 3580261 3581605 3650578 3480999 3481203 3485550 3486782 3581920 3516634 3470846 3482739 3543742 3581232 3581081 3650277 3457988 3480732 3483467 3457873 3477425 3485169 3557244 3472549 3576475 3576522 
001845	19 / 22 / 36	PK229	0123161	5	3426943 3496673 3501476 3560256 3577167 3580261 3638301 3487090 3559963 3477014 3466364 3478419 3689375 3768458 3823130 3472549 3481862 3576510 3668782 
002153	8 / 16 / 54	PK243	3897776	6	3426943 3638301 3694428 3574519 3666801 3690204 3712888 3820774 
008769	18 / 46 / 18	DAL25	3554385	7	3426943 3516442 3540714 3602816 3689893 3631215 3690800 3691983 3575071 3692514 3620017 3690020 3692915 3694813 3651816 3666207 3693276 3695542 
006587	9 / 9 / 17	CARP15	0031399	4	3430697 3476899 3482198 3650636 3461517 3486844 3480810 3483996 3485053 
008774	16 / 17 / 18	DAL25	0576472	5	3430697 3575259 3559319 3581962 3618222 3537536 3665300 3674492 3709927 3715174 3768972 3790244 3820397 3820961 3797745 3797862 
002472	18 / 29 / 18	DAL25	1051497	6	3433962 3469119 3475298 3479355 3481875 3485054 3483925 3476908 3479085 3486141 3464398 3484750 3486844 3559804 3650956 3478050 3477580 3487093 
005310	13 / 13 / 24	TH224	1020104	7	3437011 3447322 3465050 3482989 3486782 3478309 3465244 3486623 3457873 3486609 3576303 3576324 3576357 
004036	7 / 7 / 11	TH251	3646540	8	3438294 3692440 3485290 3485549 3651750 3669030 3797880 
004065	6 / 6 / 11	TH251	3646540	9	3438294 3485290 3476908 3474598 3561098 3576503 
003520	17 / 18 / 17	CARP15	3393009	8	3443731 3447306 3480382 3481354 3551641 3561001 3440687 3544254 3477014 3484324 3576230 3578488 3581846 3480150 3486050 3485028 3580341 
005847	5 / 13 / 5	TH223	0031582	9	3446645 3606418 3557742 3656490 3693092 
012729	6 / 6 / 17	CARP15	3194193	10	3446645 3484816 3533264 3465181 3477580 3576569 
014119	24 / 24 / 24	TH224	3555100	10	3447306 3557478 3561001 3608602 3667608 3486632 3486623 3655393 3467781 3693789 3560511 3581389 3692536 3601391 3578191 3667311 3692519 3712913 3818025 3679221 3576315 3668910 3668941 3797831 
004355	10 / 16 / 18	DAL1	0847593	11	3479382 3580261 3608602 3691748 3708949 3816860 3821006 3781152 3816203 3821097 
005263	16 / 17 / 24	TH224	0493855	12	3447322 3482989 3544254 3581870 3485537 3433686 3457873 3464306 3484361 3462019 3576417 3576423 3576529 3668825 3668912 3668971 
004304	10 / 14 / 17	CARP15	0316015	11	3451168 3469119 3481798 3485054 3461937 3486141 3487093 3576485 3576494 3576558 
006846	54 / 105 / 54	PK243	3461209	13	3451168 3480714 3481664 3485848 3496673 3521461 3577485 3581456 3591591 3638301 3650578 3651017 3668196 3691416 3691981 3483298 3579864 3631215 3489089 3558796 3575483 3651605 3695368 3470846 3691241 3693789 3650956 3693224 3461197 3481943 3481805 3574137 3591844 3694780 3693813 3430298 3105802 3482323 3482592 3576311 3576367 3576403 3576406 3576421 3576464 3576496 3576536 3668790 3668829 3668846 3668912 3669022 3669050 3797616 
013192	16 / 17 / 36	PK229	3459335	12	3451168 3487055 3521461 3529298 3481203 3483587 3692269 3464327 3470846 3543742 3481702 3481690 3457988 3480732 3477425 3576411 
001248	17 / 27 / 17	CARP15	0135660	13	3451331 3454182 3467983 3475941 3478747 3480935 3481798 3483084 3483557 3484763 3485504 3487321 1160238 3466011 3487090 3475745 3485912 
002164	20 / 20 / 54	PK243	0180723	14	3451724 3471450 3505157 3521265 3559149 3561074 3579723 3580248 3580251 3580269 3581605 3650578 3516634 3559302 3694797 3581996 3471447 3574558 3577187 3576506 
003526	15 / 16 / 17	CARP15	0897706	15	3464666 3474374 3481520 3483278 3581870 3560687 3578177 3484202 3486571 3483546 3580407 3694101 3668955 3797640 3797810 
001213	17 / 29 / 17	CARP15	0031471	14	3454182 3475941 3480935 3483084 3483557 3485504 3521272 3557478 3560858 3576126 3466011 3487090 3559963 3575735 3485756 3475745 3538400 
008824	5 / 6 / 18	DAL25	0031572	15	3483567 3479804 3444536 3447478 3480375 
013059	2 / 2 / 5	TH223	3470325	16	3461975 3481075 
001768	9 / 15 / 23	EHII	3474420	16	3440687 3485550 3544254 3693565 3463199 3482018 3483546 3691616 3797605 
004809	16 / 16 / 17	CARP15	3194193	17	3462293 3533264 3559843 3575908 3692756 3694738 3560487 3692380 3677885 3796974 3818227 3819309 3789464 3576328 3797644 3797690 
006023	61 / 118 / 61	PK349	1141520	18	3443522 3651439 3666520 3689893 3690778 3692849 3557742 3578747 3476908 3485756 3667749 3691834 3695434 3695510 3591436 3689402 3694813 3572330 3580714 3491953 3645720 3568636 3576002 3577146 3619718 3642332 3650239 3651585 3665300 3667464 3690845 3691228 3691783 3708638 3710476 3722992 3725997 3769368 3774943 3775417 3789136 3789573 3796906 3797164 3797532 3797576 3817087 3818024 3818676 3818762 3818770 3818773 3818807 3819177 3820037 3820732 3820961 3821231 3821588 3815902 3816924 
008773	16 / 16 / 18	DAL25	3896858	17	3462565 3475745 3691962 3575971 3631101 3498772 3559903 3629518 3481894 3561430 3714653 3788983 3788990 3818675 3559225 3576571 
011230	5 / 11 / 54	PK243	0564741	18	3521272 3576013 3575916 3452445 3480867 
001898	8 / 9 / 36	PK229	3577231	19	3463768 3475573 3476797 3480217 3462514 3461197 3467093 3481862 
007127	20 / 26 / 33	DAL300	3198619	19	3474207 3475950 3481607 3482194 3483385 3487266 3691361 3464638 3478951 3481562 3485803 3467199 3474598 3452988 3478691 3483085 3486501 3469560 3768686 3576359 
004885	15 / 15 / 17	CARP15	0672202	20	3465036 3480382 3481202 3667749 3482101 3580139 3484272 3484361 3580341 3655749 3482588 3576379 3576578 3668770 3576451 
009299	10 / 10 / 24	TH224	0321808	21	3465036 3478713 3576753 3481518 3458441 3692294 3484272 3558963 3576465 3669045 
014534	24 / 24 / 24	TH224	0031631	20	3465327 3474207 3474620 3487055 3501476 3538202 3559815 3577806 3652276 3694434 3479976 3620017 3581085 3480810 3540124 3552259 3574137 3693084 3661465 3823113 3668884 3668984 3797605 3797613 
003525	9 / 12 / 17	CARP15	3818518	21	3443731 3466014 3484887 3476418 3486382 3486083 3502893 3486050 3477004 
004301	20 / 20 / 20	PK259	1165566	22	3466014 3468070 3477576 3480714 3467040 3578747 3451557 3469520 3581227 3456089 3474140 3581962 3485361 3561229 3579181 3576365 3576425 3576444 3576555 3668891 
001769	14 / 14 / 23	EHII	3099830	22	3467427 3540714 3538400 3693092 3452988 3578177 3439636 3484202 3581389 3508682 3561511 3581207 3669013 3797643 
001151	17 / 43 / 17	CARP15	0031388	23	3467983 3516442 3692766 3580714 3595163 3653119 3692756 3480592 3650256 3619323 3651486 3689328 3691228 3694668 3704166 3709927 3715155 
002469	11 / 14 / 18	DAL25	1051497	23	3469119 3484750 3486844 3483950 3568636 3485170 3468749 3561098 3576390 3576494 3668972 
002162	21 / 22 / 54	PK243	0168378	24	3471450 3505157 3521265 3559149 3561074 3579723 3580248 3580251 3580269 3581605 3516634 3559302 3694797 3667503 3581996 3480375 3471447 3574558 3577187 3485417 3576467 
011826	18 / 20 / 54	PK243	3415849	25	3505157 3521265 3559149 3561074 3580248 3580251 3580269 3581605 3650578 3516634 3559302 3694797 3581996 3480375 3485288 3471447 3574558 3577187 
002867	9 / 9 / 24	TH224	0031582	24	3474207 3577741 3581907 3639603 3609407 3790825 3818675 3819230 3576626 
003454	11 / 16 / 17	CARP15	3393009	25	3474374 3578240 3592325 3629970 3667404 3547282 3581596 3693612 3578488 3653119 3699536 
004807	11 / 12 / 17	CARP15	0672202	26	3475298 3559645 3665045 3650874 3710476 3818805 3815902 3576449 3576499 3797605 3797752 
001840	18 / 30 / 36	PK229	3897774	26	3558739 3560256 3580211 3581220 3591591 3629467 3652276 3558796 3485912 3579143 3560167 3561511 3544945 3694012 3667674 3576314 3797862 3581967 
007125	16 / 17 / 33	DAL300	0162976	27	3475950 3480935 3482194 3484752 3487266 3480836 3476085 3483085 3576306 3576330 3576352 3576362 3576387 3576405 3576519 3576556 
001861	12 / 12 / 36	PK229	0056992	27	3476797 3558739 3575928 3576260 3692440 3694432 3480999 3462514 3433686 3461197 3485169 3576522 
001770	7 / 10 / 23	EHII	0970488	28	3524341 3479804 3438999 3581274 3487310 3576543 3668801 
003469	13 / 15 / 23	EHII	3092941	29	3476860 3551641 3581135 3665045 3692761 3578714 3692519 3676165 3439917 3560234 3581247 3821729 3576579 
006508	14 / 16 / 17	CARP15	0031478	28	3476899 3482198 3478951 3506324 3485361 3579116 3483996 3652569 3612623 3485053 3576455 3668812 3797588 3910472 
006042	46 / 50 / 54	PK243	0409737	30	3462565 3482288 3503382 3577022 3577109 3578252 3581135 3694006 3695373 3469615 3555932 3575916 3578811 3581952 3578804 3692796 3575898 3574873 3628726 3694426 3445680 3581980 3475933 3503587 3692771 3486852 3556970 3581375 3695543 3580584 3580114 3822535 3456653 3460338 3478506 3513947 3645471 3650596 3476082 3576392 3576420 3576424 3576445 3576501 3668782 3797740 
012731	13 / 17 / 17	CARP15	0348369	29	3533264 3575908 3482101 3575969 3580139 3508682 3581149 3561511 3485170 3482588 3576569 3580383 3668770 
003037	5 / 8 / 18	DAL25	3691394	30	3579028 3650636 3484750 3480571 3486569 
005845	5 / 7 / 11	TH251	3212821	31	3694318 3653119 3635012 3651585 3768339 
014983	5 / 5 / 5	TH223	3392421	31	3479382 3576260 3577806 0468326 3484314 
011076	24 / 40 / 24	TH224	0826964	32	3524963 3577806 3582182 3689893 3694434 3620017 3531305 3540124 3578443 3692187 3467452 3480867 3503587 3592208 3629518 3645720 3480592 3661465 3689920 3667676 3767997 3817048 3817682 3635008 
004725	18 / 23 / 18	DAL1	0058557	32	3475941 3581920 3693473 3667821 3484898 3460820 3699536 3768555 3576320 3576334 3576409 3576447 3576486 3668780 3668879 3668915 3797745 3797752 
004666	10 / 10 / 18	DAL1	0775640	33	3480668 3484619 3492361 3691228 3764207 3668840 3797705 3797773 3797839 3910549 
014977	8 / 8 / 54	PK243	1083806	34	3480668 3480710 3481419 3466364 3483467 3574543 3477824 3582040 
008479	24 / 27 / 24	TH224	0031619	33	3480728 3481875 3510665 3559476 3559534 3559537 3574047 3577167 3578861 3581497 3581999 3485550 3485774 3561660 3455908 3474463 3465245 3480067 3483467 3503630 3578781 3486311 3480423 3576037 
013185	7 / 7 / 24	TH224	3420576	34	3480728 3510665 3559537 3574047 3577167 3581497 3561660 
002878	5 / 7 / 24	TH224	3470325	35	3480937 3461020 3468281 3467932 3576504 
011035	32 / 34 / 77	TH110	3898736	35	3480710 3481419 3666175 3432357 3650997 3578804 3651243 3597365 3578177 3693856 3669280 3610287 3655428 3678350 3695784 3699561 3699613 3715444 3775417 3816992 3818746 3818762 3816203 3496439 3476082 3797595 3797662 3797787 3910572 3910579 3910678 3910682 
001763	9 / 13 / 23	EHII	3474420	36	3481520 3600785 3628726 3580714 3561026 3615055 3472140 3576314 3797805 
007368	24 / 77 / 24	TH224	0031611	36	3481557 3487040 3514835 3540190 3581201 3599090 3606418 3666175 3693368 3695529 3693286 3574873 3480810 3693253 3578921 3595163 3693219 3581274 3575266 3630474 3630501 3651465 3669069 3691616 
008500	5 / 14 / 24	TH224	0125630	37	3481557 3481967 3466962 3476930 3576627 
014550	16 / 18 / 16	TAYB	0695890	38	3481557 3520100 3525604 3503630 3487623 3455037 3483546 3580407 3430527 3431257 3463587 3542887 3576473 3576570 3576631 3668800 
003014	15 / 22 / 18	DAL25	3332662	37	3486834 3560770 3480836 3492423 3695510 3486998 3690346 3694415 3578392 3482263 3667606 3668817 3668968 3797604 3797683 
005724	5 / 15 / 5	TH223	3392421	38	3481664 3493764 3559815 3579094 3651033 
012895	18 / 20 / 40	BYC127	3792641	39	3481813 3484243 3524963 3529298 3577806 3484324 3460569 3485549 3486389 3480069 3549272 3460820 3576317 3668774 3668778 3668790 3668798 3668892 
008420	22 / 32 / 24	TH224	0125630	39	3481875 3574047 3578861 3581999 3602816 3652396 3668366 3694791 3503630 3576037 3692786 3574558 3674492 3724014 3764157 3789055 3792406 3819309 3819585 3816466 3823113 3445607 
004279	10 / 12 / 20	PK259	3818521	40	3482144 3581220 3578747 3579181 3694039 3576531 3576623 3627845 3633806 3797728 
010314	38 / 76 / 54	PK243	0031347	41	3482144 3649568 3694006 3512896 3451557 3559302 3690043 3581962 3460343 3561229 3478050 3694738 3579361 3631042 3632720 3589576 3612203 3650239 3667464 3690799 3715155 3716140 3769368 3789055 3789288 3789493 3818480 3818773 3819645 3820588 3820963 3820965 3584557 3610120 3821116 3581913 3633806 3797780 
006564	12 / 12 / 17	CARP15	0777265	40	3482198 3577109 3650636 3506324 3579116 3510971 3558528 3576551 3668812 3668969 3797806 3797879 
011207	7 / 7 / 17	CARP15	0031478	41	3482198 3483084 3577109 3510971 3483996 3648970 3576551 
014994	29 / 29 / 61	PK278	1167884	42	3482198 3510665 3520100 3559537 3579099 3693280 3483925 3456089 3474789 3574563 3479350 3661465 3478343 3788990 3816993 3481532 3574475 3520989 3576306 3576350 3576387 3576391 3576432 3576509 3576535 3668806 3669001 3797641 3797659 
006038	34 / 54 / 54	PK243	0207327	43	3478356 3482288 3559534 3581135 3691416 3694006 3694434 3651499 3578804 3575898 3574873 3564528 3464850 3595641 3462228 3475933 3492361 3629518 3486852 3556970 3578842 3580584 3493704 3574349 3576420 3576564 3668782 3668878 3668964 3669025 3692018 3797808 3797816 3910737 
006044	32 / 33 / 54	PK243	0031526	42	3482288 3503382 3559534 3560770 3577022 3577109 3581135 3469615 3555932 3578811 3581077 3694797 3692796 3561280 3564528 3628726 3464850 3694426 3475933 3486852 3578842 3581375 3483638 3580584 3580114 3822535 3478506 3493704 3513947 3650596 3441310 3669025 
006865	1 / 9 / 54	PK243	1167884	44	3579094 
007093	10 / 12 / 33	DAL300	0028980	43	3481607 3482264 3484334 3478951 3467199 3487623 3796230 3768686 3576359 3668880 
014988	15 / 18 / 18	DAL25	0576472	44	3462817 3475941 3519499 3525604 3540190 3561001 3444536 3464398 3543742 3478419 3483640 3480375 3439917 3458121 3576334 
011063	13 / 15 / 33	DAL300	3195964	45	3483557 3592325 3666520 3691361 3464638 3487261 3546891 3692771 3480571 3576426 3576480 3669036 3797860 
002653	9 / 11 / 17	CARP15	0138190	45	3483567 3577703 3576020 3692536 3483954 3692519 3712286 3728679 3797804 
007391	7 / 9 / 24	TH224	0031631	46	3483567 3484243 3525604 3579099 3479976 3552259 3576457 
006521	13 / 18 / 17	CARP15	0777265	46	3474374 3484752 3581098 3485642 3690800 3481943 3580346 3558528 3667654 3768303 3821034 3822613 3542887 
014980	11 / 11 / 40	BYC127	0851717	47	3484763 3692285 3576792 3579592 3581250 3578910 3690789 3577984 3690482 3694073 3668969 
005195	24 / 30 / 24	TH224	0493855	47	3484816 3493764 3432357 3668538 3570123 3620017 3693092 3618222 3666207 3695542 3652177 3561430 3609407 3611048 3651486 3669069 3789070 3790825 3816181 3816463 3818029 3819232 3821034 3690445 
012730	7 / 7 / 17	CARP15	3194193	48	3484845 3581830 3478309 3581870 3485537 3581851 3462019 
006059	12 / 12 / 54	PK243	0207327	48	3484887 3465103 3482019 3483651 3485228 3467781 3485416 3479718 3486998 3462228 3484990 3576416 
003034	12 / 12 / 18	DAL25	3764395	49	3485800 3461937 3650636 3480836 3481967 3486617 3480571 3456653 3482263 3486133 3576416 3668782 
005119	11 / 11 / 43	DAL119	3400071	49	3478747 3485848 3483929 3693084 3695024 3612623 3708638 3822535 3463189 3797677 3797752 
014970	5 / 5 / 5	TH223	3556752	50	3486858 3555932 3540428 3577682 3797653 
006026	29 / 38 / 54	PK243	0431634	50	3481102 3516442 3591591 3483298 3486782 3691925 3460586 3484894 3667821 3559903 3592208 3455037 3580407 3430298 3630526 3694712 3767997 3819230 3822122 3823130 3694810 3574475 3576357 3576398 3576463 3576536 3668829 3668921 3797710 
007006	19 / 28 / 33	DAL300	0316015	51	3483278 3493931 3592325 3692849 3695529 3619255 3606350 3597215 3635012 3652339 3695022 3695345 3651486 3792406 3816181 3817419 3821016 3820900 3797673 
013183	5 / 7 / 33	DAL300	3198619	52	3483278 3493931 3602816 3557742 3695022 
004359	10 / 13 / 18	DAL1	0847593	51	3496673 3599536 3638301 3667608 3694318 3579116 3561026 3581663 3616872 3638956 
004011	11 / 24 / 11	TH251	3646540	52	3482194 3497993 3540662 3690778 3694980 3695529 3668420 3597215 3610671 3712913 3774943 
007403	23 / 27 / 24	TH224	0031611	53	3497993 3539996 3581609 3667319 3480999 3581920 3483587 3543742 3692628 3651816 3480069 3480867 3503587 3549272 3485169 3560487 3667676 3544945 3580912 3486180 3576383 3576481 3576568 
011206	3 / 6 / 16	TAYB	0129398	53	3503382 3668858 3797838 
008778	4 / 11 / 18	DAL25	0031572	54	3575971 3484990 3466962 3668924 
014225	3 / 5 / 77	TH110	0564741	55	3485848 3514835 3556594 
007372	18 / 27 / 24	TH224	0603646	54	3578240 3693433 3595071 3575969 3692187 3652373 3606350 3693856 3597215 3822613 3458706 3576431 3668800 3668821 3669000 3797616 3797881 3910720 
011834	10 / 23 / 10	RCSEM	0470839	55	3414205 3481520 3521272 3652473 3465442 3651243 3460820 3580407 3724014 3497948 
007043	30 / 30 / 33	DAL300	3481299	56	3533264 3559645 3568950 3599536 3691140 3691361 3581846 3465245 3483954 3577054 3578707 3695539 3487623 3606350 3486501 3652339 3650225 3690445 3460338 3690733 3796230 3821729 3576534 3668763 3668771 3668825 3668927 3669033 3797676 3797779 
002375	2 / 2 / 18	DAL25	0132890	56	3540190 3651573 
005293	9 / 9 / 24	TH224	1020104	57	3540662 3667677 3466011 3478309 3580671 3465244 3533093 3819232 3560649 
012823	4 / 4 / 17	CARP15	0031632	58	3540662 3581903 3580991 3448314 
014990	17 / 36 / 17	CARP15	3448653	57	3480935 3559149 3629467 3693433 3667385 3559464 3595163 3475933 3580217 3668420 3557244 3558528 3579092 3610671 3676165 3705083 3716638 
008427	17 / 17 / 24	TH224	0132890	58	3493931 3559476 3602816 3668366 3691140 3693433 3485537 3518231 3578781 3488858 3580346 3606350 3661465 3689919 3730202 3816970 3668845 
006029	36 / 90 / 54	PK243	0213446	59	3468070 3559534 3578240 3579094 3580248 3691416 3691748 3694236 3694428 3574519 3651499 3492423 3691575 3595641 3694039 3492361 3616918 3629518 3693856 3694289 3695024 3578842 3695554 3479838 3714653 3764208 3768303 3817668 3820405 3820774 3821006 3574349 3577187 3667674 3668754 3668952 
007034	4 / 7 / 33	DAL300	3900086	59	3576013 3667608 3694318 3694791 
004017	11 / 12 / 11	TH251	0031578	60	3481607 3559657 3579028 3629467 3598090 3597365 3561402 3652373 3692536 3477004 3683644 
001161	6 / 6 / 17	CARP15	0031388	60	3557478 3560256 3575735 3537536 3639603 3689931 
014985	15 / 16 / 17	CARP15	0135660	61	3560858 3581830 3484324 3485912 3693473 3486632 3540124 3479054 3484898 3580259 3580341 3694828 3482323 3576410 3668937 
013212	11 / 11 / 32	TAYG	3648217	61	3574546 3575928 3591774 3618222 3655393 3485549 3662757 3797620 3797760 3797791 3797858 
001460	5 / 5 / 17	CARP15	3098022	62	3574967 3581903 3580991 3485361 3448314 
002564	10 / 10 / 54	PK243	3792642	62	3503382 3576013 3651499 3482739 3694384 3693902 3695024 3690719 3645471 3910737 
004280	15 / 15 / 20	PK259	3646542	63	3576013 3581220 3651439 3467040 3578747 3581918 3451557 3474140 3581962 3579181 3491953 3580217 3576425 3576623 3633806 
001179	24 / 25 / 27	DAL2	3814283	64	3483084 3486379 3551641 3576126 3581300 3651033 3469615 3559963 3558796 3475745 3575971 3481702 3579181 3580714 3461197 3483085 3580259 3689375 3430527 3471745 3486596 3668863 3668865 3797687 
013613	18 / 29 / 18	DAL25	0492580	63	3577022 3577703 3691416 3691748 3694006 3694236 3695027 3578811 3691834 3492423 3574873 3629951 3694426 3581980 3694415 3694780 3578392 3821197 
004838	14 / 18 / 17	CARP15	0031373	64	3581907 3692098 3482101 3575969 3597365 3579116 3458441 3579143 3581149 3579361 3667676 3486653 3577682 3695643 
006854	7 / 7 / 61	PK278	3646602	65	3578252 3579094 3693921 3693902 3690719 3479838 3694903 
006867	11 / 11 / 54	PK243	3818519	65	3579291 3467040 3481202 3483929 3576212 3564528 3458087 3460338 3487732 3668814 3668960 
001427	13 / 17 / 17	CARP15	0031632	66	3485054 3574967 3579687 3608602 3666801 3668386 3580139 3652177 3693084 3768972 3820397 3576546 3576623 
001444	14 / 15 / 17	CARP15	0853792	67	3579687 3582182 3608602 3666175 3483306 3650736 3668386 3448314 3446353 3695282 3650256 3606290 3790492 3576546 
004014	11 / 19 / 11	TH251	0031578	69	3579687 3606148 3692187 3460718 3581786 3690719 3694668 3699613 3705083 3712286 3768034 
002413	18 / 22 / 18	DAL25	1051497	68	3580798 3692766 3651487 3606293 3591436 3598090 3668623 3690346 3560193 3650256 3691514 3485170 3651585 3483003 3576474 3668849 3668972 3797645 
014998	9 / 27 / 54	PK243	1167884	66	3581098 3667677 3692807 3580671 3572330 3485416 3694798 3815902 3485053 
014999	13 / 26 / 54	PK243	0402773	67	3581098 3667677 3692807 3580671 3572330 3485416 3694798 3595641 3638956 3695554 3818782 3815902 3485053 
012295	11 / 13 / 54	PK243	0564741	68	3463439 3581171 3575916 3452445 3482739 3484894 3480867 3559591 3480401 3668787 3669042 
013996	8 / 9 / 24	TH224	0125630	71	3574047 3578861 3581999 3455908 3465245 3486311 3574558 3556594 
004832	11 / 14 / 17	CARP15	0053518	70	3519499 3691694 3478050 3581149 3693565 3642332 3816180 1084187 3576458 3580383 3668818 
008770	18 / 46 / 18	DAL25	0899465	69	3597302 3632103 3652396 3667273 3462514 3619255 3690043 3691925 3575898 3689402 3460343 3560511 3578714 3595163 3596492 3693856 3557244 3578191 
015003	12 / 13 / 17	CARP15	0431946	72	3597302 3483925 3480069 3645720 3619718 3655749 3711406 3820958 1084187 3468749 3797822 3910678 
007010	18 / 18 / 33	DAL300	0162976	70	3599536 3666520 3692849 3693501 3694318 3695529 3570123 3467199 3618222 3652273 3631101 3632881 3498772 3692771 3695345 3797084 3576342 3576527 
004013	11 / 27 / 11	TH251	0031578	71	3581903 3606536 3692849 3694434 3581227 3600785 3560687 3667821 3694798 3471190 3642204 
004274	20 / 37 / 20	PK259	0802802	72	3575908 3632103 3651439 3690778 3694741 3651365 3691962 3695434 3575898 3598090 3576020 3498772 3692786 3678357 3699593 3708638 3712286 3768034 3771747 3788897 
013204	5 / 5 / 18	DAL25	3098022	73	3639772 3652339 3689919 3821004 3910528 
014113	12 / 18 / 18	DAL1	0827051	73	3651293 3694741 3576020 3689920 3716357 3796926 3648220 3797667 3797690 3797768 3797815 3910534 
007881	9 / 10 / 18	DAL1	0470839	74	3652473 3492423 3651243 3578392 3497948 3559462 3797679 3797764 3797833 
007899	4 / 4 / 10	RCSEM	0031386	74	3667319 3581081 3577146 3797770 
014103	5 / 8 / 10	RCSEM	0468281	75	3693612 3479718 3635012 3711797 3669033 
002562	54 / 61 / 54	PK243	1168490	75	3451724 3519499 3524341 3579094 3579291 3579687 3667404 3689845 3692766 3440687 3483929 3544254 3581918 3559319 3561516 3591436 3480067 3479885 3629951 3467093 3694417 3487623 3693230 3574543 3581375 3483638 3585962 3774021 3817048 3818770 3819143 3819304 3820257 3821047 3821393 3821554 3821273 3478297 3559462 3690516 3468749 3575581 3576322 3576485 3576504 3576565 3668825 3668972 3669045 3797679 3797826 3797880 3815920 3797628 
002992	18 / 65 / 18	DAL25	3818712	76	3397840 3691140 3691361 3695373 3575071 3498974 3692098 3668623 3467781 3694384 3484202 3695542 3652177 3693084 3694289 3613455 3650225 3653200 
015014	12 / 13 / 13	PEMSTD	0031756	76	3692766 3668538 3716140 3768356 3820745 3821643 3581913 3505134 3576506 3669036 3797604 3910622 
004379	7 / 8 / 18	DAL1	0989327	1	3464666 3524341 3578488 3561026 3789529 3559462 3621523 
012354	5 / 5 / 13	PEMSTD	0492321	1	3432357 3581786 3693891 3797855 3910741 
014139	5 / 6 / 24	TH224	3555100	1	3465036 3606418 3693612 3616872 3771747 
004393	5 / 5 / 18	DAL1	0989327	2	3465591 3465181 3575483 3480150 3619718 
003277	9 / 9 / 16	TAYB	1061861	1	3476418 3461020 3447478 3485288 3431257 3416424 3463587 3576305 3576377 
015002	5 / 7 / 10	RCSEM	0431946	1	3486834 3481202 3476085 3458441 3712913 
001892	3 / 3 / 36	PK229	0123161	1	3481203 3464327 3433686 
006573	9 / 16 / 9	BYC239	0031399	1	3476899 3815898 3485642 3506324 3461517 3558528 3483327 3542887 3431655 
008484	11 / 12 / 33	DAL300	3420576	1	3559645 3575259 3581497 3561660 3455908 3467452 3464306 3574639 3576395 3576627 3668772 
012886	4 / 5 / 14	CARP13	1084458	1	3547282 3468281 3467932 3668848 
014971	4 / 4 / 5	TH223	3556752	1	3486858 3555932 3540428 3797653 
014542	7 / 8 / 27	DAL2	0254151	1	3451331 3486379 3559843 3580991 3538400 3517604 3576435 
007887	4 / 5 / 10	RCSEM	0431946	2	3797770 3692852 3560649 3797631 
008784	7 / 10 / 40	BYC127	0031572	2	3519499 3447478 3692786 3819542 3540428 3668823 3668955 
005722	29 / 33 / 49	TAYD	3648007	1	3465050 3668538 3693921 3694415 3695145 3773692 3789507 3797192 3816708 3819196 3819304 3819542 3821016 3821162 3822122 3559225 3576430 3669023 3910510 3910580 3910588 3910617 3910646 3910653 3910659 3910698 3910718 3870878 3910590 
001549	3 / 4 / 25	GOB	3814283	1	3691694 3576474 3576482 
014627	12 / 23 / 12	DAL212E	3575049	1	3483385 3493931 3694481 3693501 3481562 3474598 3618222 3561402 3518231 3559970 3552259 3580346 
002151	54 / 123 / 54	PK243	1167863	1	3481664 3497993 3539996 3560256 3575928 3578252 3580211 3629467 3652276 3668196 3671851 3579864 3581918 3489089 3558796 3651487 3651605 3695368 3692796 3693789 3693224 3693253 3559464 3689500 3693902 3694754 3695345 3695543 3667676 3105802 3652353 3655428 3687862 3692862 3699567 3710991 3715444 3716638 3721962 3722764 3768339 3768620 3789175 3797331 3816483 3816554 3817427 3818274 3819676 3820588 3821069 3821077 3821197 3821440 
002160	48 / 103 / 61	PK278	0301910	1	3470393 3475573 3496673 3538202 3558739 3581038 3581609 3591591 3591774 3606536 3651017 3692440 3694432 3695373 3483298 3581920 3631215 3656490 3514964 3690043 3667503 3581232 3648550 3460343 3581081 3650956 3693276 3479311 3579143 3574137 3580217 3591844 3668420 3690806 3481894 3557244 3632720 3689375 3693813 3430298 3792350 3820380 3481532 3496439 3591211 3694903 3645471 3668882 
011321	6 / 6 / 33	DAL300	0028980	2	3484334 3518231 3556594 3796230 3463919 3910539 
014981	10 / 11 / 17	CARP25	0168378	1	3484763 3692285 3579592 3581250 3578910 3690789 3577984 3690482 3694073 3668969 
014986	0 / 11 / 33	TAYE	3194524	1	
001547	3 / 5 / 13	PEMSTD	1083671	2	3460343 3576460 3576474 
014567	12 / 168 / 12	PK227	0056992	1	3446645 3501476 3579291 3579723 3581907 3691981 3576212 3651365 3493748 3649880 3693473 3581085 
014569	36 / 154 / 36	PK229	0898918	2	3501476 3579291 3579723 3581907 3691981 3576212 3651365 3493748 3649880 3693473 3581085 3483640 3561229 3596713 3634695 3663306 3693840 3608097 3689500 3693219 3694754 3481894 3630915 3648970 3694101 3579645 3680751 3693712 3694668 3694712 3708949 3710991 3714653 3715174 3717137 3722926 
011861	2 / 4 / 43	DAL119	3555097	1	3581077 3820974 
002572	6 / 6 / 61	PK349	1168490	1	3463439 3581227 3581952 3484894 3576468 3669041 
015012	2 / 3 / 16	DAL10	0827051	2	3818064 3821554 
005271	9 / 11 / 10	CARP17	1137952	1	3561516 3577054 3693840 3486609 3580259 3486569 3485816 3576410 3668937 
005854	3 / 5 / 11	TH251	3212821	1	3480937 3650997 3668910 
008763	20 / 27 / 40	BYC127	0428728	1	3560770 3561280 3476927 3693219 3669069 3693185 3699536 3717137 3764422 3796964 3797206 3815949 3816463 3819433 3819628 3820030 3820257 3821047 3821048 3635008 
002637	9 / 11 / 23	TAYC	3393853	2	3478356 3691834 3485727 3486475 3559612 3485327 3574543 3578842 3581207 
001156	7 / 11 / 16	DAL212A	0493725	1	3692514 3691962 3650736 3479885 3671929 3716140 3774808 
001473	3 / 5 / 30	TH104	0853792	1	3485361 3446353 3576313 
010851	9 / 10 / 12	PK337	3470402	1	3577485 3667273 3469615 3465103 3485727 3483651 3467781 3448314 3668753 
004288	7 / 9 / 20	PK259	0123161	2	3582182 3694433 3456089 3559900 3694810 3576358 3576365 
007031	8 / 9 / 11	BYC106	0777265	1	3487321 3480836 3690020 3631101 3460718 3581207 3692609 3651750 
002567	12 / 12 / 54	PK243	0207327	2	3470393 3486858 3482739 3650277 3694384 3497948 3669016 3669041 3797614 3797626 3797707 3797824 
014629	2 / 5 / 12	DAL212E	3575049	2	3464855 3487261 
013184	4 / 4 / 16	DAL10	3198619	1	3560687 3592208 3576524 3576533 
014982	6 / 7 / 30	TAYF	0899465	1	3606293 3559903 3797666 3797806 3797716 3797817 
003463	14 / 15 / 17	CARP15	3818982	2	3690020 3581846 3692915 3487621 3689920 3619323 3768620 3790792 3816860 3817087 3480734 3620520 3690733 3576532 
012353	4 / 4 / 25	GOB	0031333	2	3690043 3695145 3559731 3910707 
014578	3 / 4 / 9	BYC239	0031399	2	3691962 3694798 3576382 
004817	14 / 17 / 30	CARP21	0321808	1	3692098 3695542 3578921 3481221 3692294 3484361 3638956 3669280 3790825 3456660 3695643 3576324 3668814 3797827 
002671	2 / 2 / 5	TH223	0989327	3	3465442 3481221 
002643	8 / 9 / 23	TAYC	3811928	1	3485504 3474463 3481643 3629951 3505185 3481862 3576545 3668998 
003007	7 / 10 / 27	DAL2	3764395	2	3476864 3486653 3668941 3668961 3669008 3797686 3797702 
013157	5 / 5 / 5	TH223	3648007	2	3691694 3693286 3572330 3690789 3693230 
007877	12 / 14 / 20	RCCON	0031386	1	3474409 3690361 3683644 3711797 3796254 3817177 3820768 3820958 3821088 3576586 3797710 3910489 
012733	2 / 4 / 23	TH111	0910346	1	3480401 3576463 
001562	8 / 10 / 13	PEMSTD	3436970	3	3483557 3479712 3821048 3480734 3559731 3576536 3576557 3668895 
001753	4 / 5 / 4	GOCOM	3896859	1	3479712 3690799 3768034 3467671 
004739	3 / 3 / 14	CARP13	1084458	2	3580671 3481075 3668930 
014233	9 / 10 / 49	TAYD	3555097	2	3469520 3481643 3693276 3487505 3486740 3580796 3576370 3576485 3669047 
011064	12 / 14 / 24	TH224	3195964	2	3471450 3476860 3487321 3486632 3486623 3561402 3578714 3577054 3692609 3668195 3690516 3576303 
003002	11 / 11 / 33	DAL300	0492580	3	3695027 3481562 3580326 3486844 3486617 3463919 3576483 3667606 3668849 3695271 3797653 
014441	3 / 4 / 11	PK328	3786642	1	3475298 3693368 3669013 
006504	13 / 33 / 13	TH121	3451414	1	3597302 3690800 3485548 3632881 3581980 3642204 3694417 3560167 3690204 3694780 3695022 3767997 3789493 
006024	37 / 47 / 106	PK338	0554585	1	3596713 3653200 3678350 3678357 3712888 3712905 3717144 3764207 3768025 3768088 3768625 3774021 3789070 3789283 3789288 3790306 3796247 3797429 3816960 3817487 3817637 3817682 3818480 3819143 3819332 3819645 3820378 3820963 3820965 3820970 3821166 3821359 3821393 3821571 3821589 3821643 3785953 
014231	5 / 5 / 25	GOB	1168214	3	3432357 3651816 3648970 3714653 3774943 
011986	6 / 8 / 14	CARP13	3764403	3	3606418 3668386 3616872 3612427 3771747 3797532 
010844	7 / 9 / 24	TAYSEM	0409737	1	3462565 3476797 3477576 3581282 3483587 3822535 3485417 
011203	2 / 2 / 25	GOB	0129398	4	3559612 3578392 
003445	11 / 12 / 23	EHII	0031359	1	3581171 3463560 3485228 3559900 3650874 3667654 3820992 3690445 3818686 3480734 3620520 
013203	15 / 16 / 30	TH104	3098022	2	3474140 3667503 3580139 3695539 3695282 3460820 3704166 3789507 3796732 3797164 3818676 3820010 3781152 3819372 3910611 
009262	9 / 22 / 9	BYC239	3555097	3	3694428 3694289 3694738 3574543 3576002 3690719 3695554 3764157 3817379 
001761	4 / 4 / 13	ROSTUD	0357848	1	3445680 3471190 3475327 3663306 
001230	0 / 1 / 43	DAL119	0031632	2	
014992	10 / 12 / 20	PK259	3646542	1	3483306 3479054 3689348 3716057 3485931 3610681 3821552 3576371 3576373 3910611 
012665	4 / 4 / 12	DAL212E	3332662	3	3485800 3480836 3486998 3483950 
002386	7 / 9 / 32	TAYG	3839983	1	3447322 3580798 3479085 3487276 3486787 3576370 3669006 
014995	28 / 28 / 51	PK234	0402773	1	3510665 3520100 3559537 3629970 3693280 3483925 3456089 3474789 3574563 3608097 3479350 3478343 3699593 3788990 3789315 3460338 3574475 3520989 3576306 3576350 3576387 3576391 3576432 3576509 3668806 3669001 3797641 3797659 
001857	8 / 8 / 36	PK229	0123161	6	3463768 3480217 3477014 3483640 3579143 3472549 3576365 3576411 
001559	2 / 2 / 13	PEMSTD	0031756	4	3581786 3668895 
014543	13 / 13 / 30	TH104	0031632	3	3608602 3491953 3650256 3615055 3671929 3699593 3789315 3816764 3816832 3819367 3797834 3797839 3684090 
011322	3 / 3 / 24	TH224	0028980	3	3559537 3576037 3478343 
001185	7 / 7 / 27	DAL2	0123161	4	3559843 3581830 3482019 3486475 3695022 3668970 3668982 
002438	3 / 3 / 43	DAL119	0321808	3	3465588 3468749 3576500 
011065	2 / 3 / 11	TH251	3195964	3	3478691 3606290 
012352	3 / 5 / 13	PEMSTD	3577930	5	3474374 3910674 3910707 
002440	1 / 1 / 77	TH110	3764395	1	3476864 
002374	1 / 1 / 24	TH102	0492580	1	3479534 
001771	10 / 12 / 15	EHIII	1061058	1	3479804 3460586 3695292 3560308 3581375 3602435 3768458 3694828 3576310 3576499 
004818	3 / 3 / 18	DAL1	0031399	3	3579361 3576458 3576535 
001836	0 / 2 / 168	PK20	3452118	1	
002855	23 / 300 / 23	EHI	3818518	1	3561430 3575266 3579092 3579645 3585962 3589576 3606290 3609407 3609410 3609553 3610287 3610671 3611048 3611135 3612203 3612427 3612623 3613455 3615055 3630474 3630501 3630526 3650225 
015163	10 / 14 / 14	DAL110	3898276	1	3675467 3699561 3788983 3796237 3816486 3816970 3816992 3817379 3818746 3821269 
004009	43 / 43 / 49	TAYD	3442425	3	3454182 3551641 3667503 3692628 3483306 3693565 3693902 3619718 3609410 3691783 3692862 3693891 3704166 3710476 3717144 3768620 3788897 3789493 3792350 3796237 3796974 3816104 3816554 3816960 3818029 3819177 3820038 3820380 3820395 3820479 3820732 3820971 3820992 3821008 3821195 3821359 3486653 3821273 3591211 3821180 3819372 3797744 3910677 
014120	2 / 15 / 2	GOA	3819183	1	3493764 3695285 
015114	9 / 27 / 9	BYC131	0820103	2	3430697 3465327 3486379 3524963 3559657 3652473 3815898 3691983 3444536 
014548	6 / 7 / 61	PK278	1167863	2	3655749 3665300 3675467 3725997 3821269 3821886 
015016	6 / 7 / 24	TH102	3764403	2	3667311 3668365 3482558 3576399 3576630 3668963 
011837	1 / 1 / 10	RCSEM	0031399	6	3692852 
015134	9 / 9 / 16	DAL212A	3898367	2	3575735 3694791 3666207 3488858 3709927 3816764 3823113 3559870 3690652 
008764	19 / 19 / 30	TAYF	3554385	2	3483651 3651465 3652353 3769368 3789070 3789136 3796906 3816180 3816970 3817427 3819143 3819613 3820729 3821069 3821166 3821254 3821589 3821643 3823130 
005180	10 / 21 / 10	CARP17	3819183	2	3576126 3695027 3482264 3570123 3465244 3581389 3446353 3483954 3578707 3601391 
003407	15 / 23 / 34	EHLEC	0845898	1	3816104 3818782 3819598 3820032 3820038 3820479 3820756 3820971 3821008 3821179 3821195 3821439 3821886 3821116 3694012 
015113	9 / 15 / 9	BYC131	0820103	1	3479355 3579099 3452988 3439636 3467093 3485636 3486617 3680751 3816336 
014991	2 / 11 / 12	PK200	1165566	1	3816993 3910685 
002381	8 / 8 / 18	DAL25	0321808	4	3484887 3577741 3576753 3764208 3818770 3576492 3668827 3669008 
014555	11 / 11 / 22	PK354	3897776	1	3480668 3481419 3466364 3581996 3457873 3471447 3477824 3474395 3576453 3668812 3668999 
015115	17 / 18 / 40	BYC127	0820103	3	3525604 3538202 3559657 3578861 3579099 3651573 3439636 3460569 3485549 3480264 3485931 3486321 3486133 3417819 3464985 3668912 3669028 
015111	13 / 15 / 16	TAYB	3896857	2	3469119 3477576 3485756 3486141 3505185 3487093 3487276 3568636 3439917 3486787 3576558 3576577 3797849 
012320	3 / 5 / 33	TAYE	3421211	2	3694236 3560234 3462240 
015133	11 / 11 / 16	DAL212A	3898367	3	3481557 3482989 3440687 3488858 3464306 3480423 3487621 3486569 3487034 3476930 3668856 
002388	1 / 1 / 32	TAYG	3839981	2	3464398 
015116	3 / 3 / 10	DAL6	3839981	1	3581192 3469560 3565637 
015135	2 / 3 / 37	PK25	3899727	1	3650277 3481943 
015106	6 / 6 / 16	TAYB	3896857	3	3477580 3480166 3457917 3485816 3576343 3668970 
015004	1 / 1 / 5	TH223	0576472	4	3481221 
015132	11 / 11 / 24	TH224	3898367	4	3481798 3487321 3485774 3694791 3692915 3481967 3460569 3559903 3689329 3576627 3668879 
002370	4 / 4 / 43	DAL119	3898367	6	3482019 3485816 3561098 3576417 
015007	1 / 1 / 16	TAYB	0989327	4	3519078 
014234	9 / 9 / 12	DAL212E	3555097	4	3570123 3560193 3576362 3576387 3576450 3576527 3668924 3669016 3797804 
012341	1 / 1 / 18	DAL1	0777265	4	3575483 
015049	2 / 2 / 33	TAYE	3839983	3	3580796 3576444 
012355	3 / 5 / 25	GOB	0683480	5	3652569 3797855 3910741 
002433	4 / 4 / 30	CARP21	0697660	2	3485054 3691514 3482445 3668827 
009232	3 / 3 / 43	DAL119	3896857	4	3476864 3250395 3797744 
008468	3 / 3 / 27	DAL2	3839981	3	3466962 3514920 3576417 
015161	1 / 1 / 23	EHII	3818518	3	3592325 
005252	2 / 2 / 17	CARP15	0321808	7	3561516 3576563 
005257	2 / 2 / 10	CARP17	3819183	3	3560649 3576357 
011325	0 / 2 / 50	PK336	3839982	1	
006560	1 / 2 / 13	TH121	0564741	2	3576413 
002373	0 / 2 / 16	DAL212A	0031632	4	
012890	1 / 1 / 23	TAYC	1084458	3	3576630 
