Students	1000
1	812 746 161 988
2	107 11 998 203
3	701 12 507 272
4	681 521 46 447
5	928 781 733 776
6	488 724 205 549
7	931 68 350 804
8	288 46 194 877
9	389 520 570 325
10	831 905 118 327
11	944 832 413 471
12	959 235 533 487
13	361 897 33 927
14	415 508 506 715
15	72 486 742 388
16	523 874 720 126
17	289 302 442 366
18	835 525 328 189
19	788 439 558 168
20	97 533 477 196
21	261 651 857 767
22	385 257 168 409
23	636 330 983 647
24	75 828 390 79
25	91 788 885 430
26	376 382 275 861
27	586 219 834 223
28	534 490 357 350
29	595 754 142 217
30	426 628 885 637
31	408 111 234 977
32	231 681 530 760
33	775 668 265 269
34	13 162 788 936
35	914 216 36 10
36	593 278 794 236
37	892 270 568 125
38	813 6 309 183
39	166 579 328 664
40	357 68 117 379
41	650 370 765 529
42	628 69 163 843
43	1000 984 515 555
44	780 76 328 208
45	955 735 350 484
46	910 629 861 333
47	457 267 725 597
48	567 472 141 123
49	983 181 537 352
50	205 345 616 606
51	976 440 562 438
52	944 771 490 340
53	521 890 877 44
54	8 133 945 305
55	442 268 439 991
56	514 274 501 280
57	809 219 944 620
58	858 477 389 570
59	440 191 8 970
60	828 970 651 646
61	355 526 696 818
62	671 29 75 889
63	308 744 440 633
64	816 345 944 191
65	440 775 417 350
66	618 561 22 580
67	842 858 549 131
68	494 808 163 393
69	295 946 348 983
70	82 602 416 790
71	747 690 28 152
72	609 697 523 544
73	162 517 395 729
74	466 360 279 113
75	182 887 291 788
76	126 59 278 989
77	725 536 545 678
78	900 734 224 183
79	998 414 677 796
80	726 677 109 488
81	621 58 865 292
82	128 525 243 877
83	520 348 25 674
84	714 41 359 961
85	6 954 205 192
86	110 156 712 968
87	959 279 859 244
88	10 217 423 86
89	408 384 7 753
90	121 499 64 357
91	816 219 716 643
92	118 834 872 504
93	331 426 823 52
94	388 628 811 240
95	865 160 330 926
96	251 632 114 601
97	329 651 432 968
98	550 593 867 824
99	570 666 719 686
100	5 288 666 123
101	538 660 696 496
102	464 536 351 461
103	28 161 395 370
104	256 471 362 106
105	867 838 512 553
106	165 739 325 300
107	789 798 218 229
108	175 335 35 849
109	348 872 500 855
110	989 427 147 839
111	150 51 648 62
112	544 914 527 939
113	337 770 317 643
114	166 421 388 975
115	769 429 386 188
116	755 106 63 543
117	562 428 702 317
118	406 958 499 419
119	699 956 679 327
120	175 230 324 477
121	232 999 648 291
122	264 276 675 592
123	190 310 768 300
124	778 341 768 774
125	681 591 331 590
126	328 778 600 371
127	850 771 257 739
128	201 772 39 750
129	263 55 660 22
130	499 877 23 278
131	29 361 388 226
132	642 606 510 793
133	483 893 594 959
134	917 835 352 999
135	496 830 485 536
136	254 34 278 385
137	581 550 592 22
138	304 190 702 335
139	792 384 76 914
140	945 810 200 71
141	33 609 835 241
142	767 604 99 943
143	822 294 427 561
144	754 254 749 381
145	707 657 90 472
146	335 202 778 494
147	559 774 520 744
148	197 519 792 934
149	637 852 349 129
150	791 749 760 98
151	946 796 706 228
152	255 68 583 216
153	636 444 627 535
154	542 234 154 119
155	344 705 543 931
156	915 576 551 772
157	233 781 536 435
158	613 704 882 736
159	130 810 582 998
160	413 715 689 791
161	640 571 525 479
162	3 421 755 870
163	280 316 94 705
164	599 517 619 335
165	733 413 908 722
166	967 681 100 334
167	54 267 994 881
168	85 293 644 694
169	268 861 66 446
170	5 871 382 324
171	109 377 471 760
172	77 291 355 604
173	799 563 443 841
174	586 604 501 612
175	656 904 76 455
176	59 568 615 314
177	28 217 216 370
178	891 3 722 53
179	495 952 263 466
180	740 778 968 752
181	557 385 784 846
182	119 476 408 275
183	38 856 654 903
184	912 827 821 267
185	263 419 426 534
186	141 556 22 658
187	653 540 513 358
188	149 612 930 684
189	765 32 788 824
190	524 654 67 967
191	944 983 202 576
192	491 291 31 672
193	723 272 50 277
194	228 776 921 260
195	796 211 605 393
196	525 801 676 654
197	911 929 925 100
198	491 573 749 924
199	298 432 785 567
200	535 572 587 746
201	323 628 849 338
202	713 277 940 953
203	889 230 376 473
204	614 650 93 473
205	754 156 14 350
206	348 375 757 842
207	311 949 462 808
208	913 683 478 238
209	595 759 95 354
210	104 83 137 701
211	235 668 947 741
212	432 480 287 793
213	813 451 824 103
214	986 976 847 449
215	651 414 672 191
216	2 98 933 193
217	331 603 776 992
218	958 337 417 210
219	362 499 779 146
220	393 658 139 974
221	291 316 5 137
222	276 58 560 278
223	190 129 83 204
224	683 365 62 547
225	916 371 396 239
226	749 196 7 242
227	738 689 449 773
228	312 415 146 35
229	943 749 879 273
230	499 480 959 163
231	803 331 426 582
232	478 768 25 57
233	855 15 871 319
234	978 392 587 894
235	793 774 653 453
236	784 976 49 184
237	383 75 575 60
238	279 618 282 921
239	742 453 785 490
240	302 540 239 60
241	991 62 26 774
242	49 977 585 329
243	768 418 929 130
244	451 483 743 432
245	338 405 5 856
246	510 139 1 759
247	78 619 877 713
248	361 124 115 565
249	911 308 190 172
250	391 738 128 471
251	868 474 600 507
252	636 223 971 791
253	335 197 201 803
254	801 685 795 877
255	702 876 793 371
256	660 993 843 177
257	47 877 384 970
258	331 789 156 151
259	242 16 445 457
260	870 654 309 548
261	339 435 489 199
262	914 997 926 787
263	399 672 715 657
264	655 510 695 356
265	968 147 610 21
266	234 845 197 212
267	275 874 591 702
268	783 736 932 129
269	824 922 13 762
270	714 956 537 825
271	484 60 109 88
272	526 349 375 499
273	362 33 739 221
274	379 658 300 68
275	696 148 124 270
276	886 58 662 35
277	789 182 108 287
278	114 56 347 389
279	510 149 884 779
280	583 957 903 370
281	209 136 495 801
282	109 146 624 229
283	1000 218 926 210
284	724 267 810 373
285	217 482 22 202
286	533 796 267 367
287	533 295 28 234
288	296 577 529 341
289	650 255 33 771
290	713 682 201 270
291	698 729 237 84
292	912 303 295 456
293	475 461 483 514
294	353 503 416 281
295	457 521 218 163
296	458 312 185 987
297	40 767 624 996
298	584 70 344 772
299	863 85 433 728
300	552 924 555 993
301	149 876 613 655
302	878 81 59 636
303	929 683 899 808
304	979 746 976 494
305	698 359 925 430
306	111 691 220 704
307	515 907 534 781
308	519 44 732 361
309	830 957 693 716
310	304 181 946 978
311	316 872 338 300
312	802 615 197 413
313	847 635 361 982
314	841 329 89 774
315	307 2 927 480
316	138 361 658 454
317	335 885 274 578
318	185 303 562 153
319	237 557 149 526
320	450 26 397 239
321	244 80 90 539
322	385 165 696 236
323	29 303 819 232
324	734 796 111 616
325	874 868 134 444
326	907 316 792 283
327	168 957 792 22
328	710 731 966 320
329	6 891 79 621
330	578 457 326 644
331	440 309 909 454
332	560 224 869 163
333	650 347 585 253
334	668 913 492 936
335	612 164 545 382
336	932 948 766 608
337	117 164 767 188
338	404 387 20 76
339	900 504 782 173
340	604 8 37 972
341	412 802 628 499
342	454 486 472 16
343	330 496 446 687
344	472 233 295 730
345	142 955 833 95
346	156 592 447 308
347	328 272 526 910
348	782 840 170 672
349	442 677 453 941
350	531 924 389 852
351	148 590 712 456
352	749 906 882 899
353	617 693 558 679
354	370 860 943 445
355	979 798 75 322
356	996 373 673 895
357	484 920 788 706
358	927 848 47 995
359	826 732 125 612
360	443 525 422 155
361	639 468 283 4
362	998 514 204 509
363	528 450 769 121
364	587 162 992 128
365	114 634 597 287
366	431 758 616 225
367	487 933 899 975
368	313 912 147 437
369	148 671 473 243
370	342 963 141 490
371	978 165 642 755
372	653 401 86 637
373	55 337 623 942
374	585 614 246 264
375	124 229 507 762
376	153 228 925 986
377	394 505 866 704
378	241 932 400 345
379	884 306 931 368
380	757 961 685 973
381	932 345 281 973
382	188 342 610 694
383	664 735 995 621
384	369 601 604 586
385	104 857 231 6
386	10 867 30 460
387	384 519 302 524
388	503 232 839 565
389	965 761 400 417
390	800 766 839 582
391	105 925 260 676
392	685 805 882 127
393	832 31 218 895
394	634 18 827 67
395	564 73 309 195
396	503 265 240 892
397	109 576 305 619
398	749 462 383 317
399	214 657 800 92
400	488 487 218 13
401	5 849 806 204
402	717 694 825 119
403	620 191 570 534
404	212 710 842 736
405	127 393 757 202
406	145 40 267 148
407	296 433 442 662
408	286 446 275 887
409	160 609 849 465
410	686 196 455 120
411	352 868 162 899
412	147 58 256 18
413	117 250 233 937
414	398 356 273 931
415	525 403 536 911
416	811 466 404 202
417	873 415 224 652
418	740 927 859 417
419	464 674 746 662
420	989 691 439 719
421	967 70 59 3
422	732 142 516 586
423	345 596 131 223
424	238 194 651 115
425	878 358 67 582
426	68 174 868 441
427	186 55 910 278
428	52 216 161 377
429	263 217 886 139
430	219 567 945 755
431	437 901 614 484
432	42 573 815 214
433	875 76 615 454
434	807 73 141 411
435	712 610 235 129
436	644 619 759 673
437	128 663 14 195
438	796 225 243 173
439	749 283 328 747
440	978 326 26 586
441	538 162 144 32
442	262 237 957 997
443	950 864 589 632
444	800 702 681 591
445	510 277 70 581
446	807 41 642 246
447	98 728 657 413
448	691 986 370 701
449	201 944 504 975
450	877 574 175 431
451	95 28 133 123
452	893 338 307 670
453	410 720 526 98
454	533 613 151 326
455	832 445 91 438
456	460 983 43 644
457	751 126 748 810
458	458 773 852 584
459	513 248 560 6
460	628 9 562 828
461	547 452 567 677
462	232 472 686 209
463	64 786 757 52
464	564 279 539 168
465	198 795 367 51
466	159 966 19 499
467	443 836 52 673
468	912 163 810 274
469	971 362 812 505
470	187 772 618 327
471	971 419 929 504
472	781 51 380 85
473	448 286 611 961
474	706 69 119 871
475	18 2 457 690
476	105 852 536 2
477	110 500 369 45
478	249 905 229 152
479	654 229 1 320
480	513 930 873 487
481	758 414 421 460
482	393 294 602 1000
483	98 559 199 764
484	145 193 311 362
485	768 430 758 458
486	390 538 572 309
487	76 471 445 588
488	44 288 407 297
489	388 566 449 675
490	315 342 189 689
491	424 128 395 963
492	62 109 543 222
493	554 692 161 911
494	760 582 253 890
495	551 641 231 757
496	423 75 787 658
497	946 166 678 636
498	369 769 283 601
499	584 326 709 719
500	359 884 515 201
501	260 880 533 283
502	743 583 613 485
503	316 607 225 456
504	478 707 95 646
505	916 987 142 620
506	500 26 54 579
507	297 445 421 93
508	778 14 203 494
509	676 830 58 766
510	525 41 824 406
511	655 461 62 835
512	458 509 594 824
513	888 841 239 633
514	704 681 670 417
515	515 115 220 814
516	947 861 384 773
517	348 427 446 861
518	657 150 394 632
519	97 620 982 927
520	804 204 167 117
521	972 123 150 540
522	284 308 202 587
523	844 458 221 583
524	402 603 529 672
525	782 517 590 266
526	128 468 588 952
527	183 660 152 521
528	552 950 784 531
529	905 726 845 342
530	865 561 679 432
531	768 235 704 151
532	488 989 979 352
533	576 441 58 162
534	440 15 246 819
535	290 393 946 64
536	857 438 513 196
537	351 811 193 91
538	649 915 807 304
539	211 469 74 665
540	641 398 906 653
541	12 678 940 387
542	185 290 527 410
543	28 672 713 80
544	156 532 559 243
545	892 946 670 958
546	445 591 849 168
547	892 70 546 782
548	550 689 559 325
549	574 96 542 18
550	631 718 51 392
551	705 449 505 603
552	451 962 843 14
553	210 108 165 936
554	931 149 165 162
555	18 941 53 54
556	689 360 300 835
557	913 330 425 828
558	807 26 958 896
559	353 562 284 140
560	228 570 613 103
561	958 43 375 695
562	687 265 907 605
563	776 69 872 82
564	745 505 919 271
565	755 758 294 156
566	591 35 372 202
567	825 758 100 640
568	499 603 594 730
569	828 499 314 80
570	471 174 385 979
571	151 115 482 939
572	406 73 738 810
573	252 604 234 662
574	310 388 781 619
575	452 462 742 998
576	477 560 168 947
577	304 811 401 751
578	256 300 580 347
579	561 982 131 367
580	39 923 994 284
581	265 640 792 475
582	335 699 825 89
583	778 781 362 565
584	379 88 90 173
585	614 356 663 468
586	517 552 327 751
587	801 874 640 233
588	747 188 20 318
589	98 15 411 244
590	183 627 987 983
591	846 242 570 183
592	856 433 249 565
593	364 375 520 525
594	269 799 656 43
595	810 349 920 768
596	301 435 696 552
597	171 689 708 573
598	624 378 708 614
599	566 777 507 246
600	555 931 947 723
601	369 646 681 820
602	369 28 789 697
603	753 854 714 67
604	449 121 695 447
605	134 982 96 360
606	292 132 401 949
607	638 438 378 264
608	305 64 226 217
609	179 531 629 82
610	561 661 302 56
611	918 245 65 357
612	114 861 11 175
613	917 737 266 524
614	298 895 878 36
615	546 355 977 466
616	442 556 728 457
617	788 886 207 726
618	783 568 947 554
619	931 810 2 542
620	957 987 274 83
621	235 597 2 632
622	348 278 689 635
623	117 431 663 907
624	746 24 587 391
625	41 323 802 869
626	219 239 627 381
627	782 261 952 511
628	829 913 345 248
629	15 893 856 913
630	865 703 871 550
631	151 273 330 604
632	527 680 857 531
633	226 354 625 981
634	617 644 43 117
635	181 232 371 721
636	602 799 705 608
637	285 648 158 174
638	615 528 605 179
639	609 869 829 188
640	324 584 976 819
641	369 879 588 682
642	349 258 492 814
643	711 751 103 543
644	871 14 119 180
645	989 192 890 106
646	337 610 284 762
647	873 492 383 573
648	738 944 769 818
649	703 548 283 184
650	732 770 325 38
651	316 208 957 881
652	40 906 92 854
653	251 890 488 876
654	778 495 841 577
655	350 455 152 899
656	972 474 740 846
657	490 553 880 103
658	968 575 371 593
659	314 8 565 292
660	365 610 274 578
661	488 917 783 319
662	749 400 425 490
663	475 604 3 55
664	790 322 799 161
665	892 168 572 141
666	290 231 867 406
667	538 121 4 925
668	690 662 300 503
669	563 57 627 639
670	955 46 361 980
671	344 807 622 794
672	879 130 409 805
673	951 86 851 955
674	563 686 960 313
675	540 200 618 581
676	261 51 549 176
677	599 979 716 341
678	806 62 418 538
679	743 752 674 389
680	593 452 699 979
681	691 828 114 409
682	411 833 345 314
683	96 653 532 843
684	503 988 524 385
685	163 537 589 606
686	871 288 567 869
687	370 610 258 783
688	209 744 867 858
689	135 439 731 222
690	837 331 295 413
691	996 589 41 717
692	660 971 817 532
693	704 223 797 451
694	491 798 979 47
695	672 771 203 691
696	40 81 871 725
697	347 548 851 301
698	490 522 952 491
699	449 226 354 491
700	863 455 902 38
701	463 963 977 379
702	315 844 227 243
703	425 61 868 338
704	89 898 943 783
705	833 31 363 842
706	96 520 67 9
707	463 37 92 475
708	1 794 6 696
709	991 764 314 47
710	261 202 187 512
711	549 927 978 324
712	761 274 440 169
713	809 767 487 682
714	573 946 697 12
715	718 101 64 112
716	895 983 559 467
717	786 707 900 424
718	406 433 159 152
719	662 97 966 119
720	122 242 527 656
721	831 993 521 397
722	320 837 364 960
723	430 191 819 981
724	269 678 737 213
725	545 791 484 967
726	296 554 688 124
727	872 207 342 683
728	207 646 188 542
729	286 756 229 667
730	178 203 163 869
731	695 78 450 169
732	24 998 570 870
733	521 116 124 285
734	190 617 589 46
735	310 911 582 721
736	889 22 76 238
737	249 966 370 385
738	574 752 338 276
739	831 558 187 521
740	315 618 151 571
741	502 928 227 824
742	721 701 686 246
743	899 952 29 59
744	782 21 689 41
745	203 539 879 22
746	333 273 802 510
747	202 704 244 280
748	919 645 408 200
749	896 997 482 42
750	489 808 753 383
751	858 718 322 661
752	710 863 381 604
753	120 149 185 749
754	670 180 127 788
755	33 837 445 593
756	420 781 979 897
757	438 849 196 595
758	80 179 165 140
759	455 757 844 759
760	219 334 702 591
761	409 65 176 809
762	859 713 479 626
763	711 725 118 400
764	680 266 646 995
765	999 352 517 26
766	1 512 754 476
767	480 775 680 628
768	643 805 576 30
769	223 597 313 647
770	74 301 20 62
771	78 497 753 211
772	118 110 872 905
773	19 134 56 456
774	59 593 375 947
775	980 604 605 476
776	216 797 804 854
777	635 631 382 288
778	910 589 263 199
779	206 790 935 247
780	288 113 906 441
781	47 365 397 780
782	646 836 674 597
783	708 642 591 973
784	743 579 404 129
785	170 769 394 479
786	74 618 880 563
787	168 607 48 468
788	257 162 975 88
789	894 378 11 868
790	463 238 566 911
791	832 263 322 904
792	312 297 281 485
793	205 558 129 69
794	758 670 475 781
795	294 407 240 985
796	289 322 59 702
797	907 637 59 270
798	165 236 923 334
799	364 704 246 452
800	565 144 727 227
801	733 326 824 162
802	185 273 808 71
803	411 913 170 336
804	320 205 749 169
805	842 556 585 919
806	434 980 963 861
807	840 925 632 609
808	15 60 261 643
809	987 109 505 506
810	829 864 979 46
811	578 143 12 156
812	743 131 679 484
813	867 668 616 348
814	972 516 850 188
815	732 935 153 218
816	917 469 290 5
817	431 178 469 651
818	813 613 67 345
819	804 169 236 720
820	991 565 52 793
821	164 632 644 904
822	928 377 2 934
823	102 99 487 144
824	187 553 109 752
825	609 665 398 350
826	986 907 728 569
827	260 85 657 860
828	416 350 738 859
829	656 598 11 465
830	247 85 600 428
831	990 912 440 68
832	871 561 733 378
833	364 783 634 719
834	166 997 248 40
835	474 715 255 770
836	975 216 459 479
837	336 415 683 167
838	440 61 812 556
839	41 751 84 420
840	669 647 58 503
841	913 148 84 648
842	71 300 556 873
843	15 534 260 183
844	217 81 557 338
845	716 187 921 629
846	290 452 216 191
847	879 89 419 933
848	9 753 856 632
849	292 694 279 974
850	415 865 690 869
851	168 309 9 431
852	62 629 839 809
853	894 675 348 185
854	974 358 941 667
855	705 697 52 325
856	166 19 101 119
857	661 692 71 892
858	687 499 224 719
859	98 971 77 881
860	895 686 10 190
861	720 54 906 621
862	117 980 1000 840
863	641 306 397 620
864	937 233 128 805
865	971 357 481 140
866	103 50 149 24
867	995 202 168 253
868	446 865 183 881
869	590 503 215 909
870	270 169 345 201
871	316 245 889 587
872	370 812 125 862
873	498 566 186 418
874	234 354 712 640
875	715 251 285 311
876	981 10 972 12
877	343 160 817 455
878	310 888 117 562
879	184 559 731 811
880	34 825 453 321
881	736 159 154 579
882	810 340 715 831
883	407 469 664 442
884	291 918 673 1000
885	780 915 822 344
886	274 90 614 810
887	79 85 642 897
888	348 542 302 791
889	156 349 921 57
890	199 796 765 739
891	630 63 979 606
892	980 848 16 555
893	285 547 446 91
894	112 497 453 221
895	516 17 142 299
896	458 24 180 875
897	331 725 13 64
898	62 294 985 675
899	449 587 317 169
900	553 315 13 628
901	73 720 943 394
902	866 795 454 846
903	224 430 843 277
904	165 252 727 771
905	915 351 16 30
906	687 776 684 723
907	35 632 419 114
908	811 666 370 792
909	539 317 432 394
910	781 737 719 462
911	420 288 270 486
912	402 278 368 568
913	996 468 788 805
914	492 303 477 160
915	239 266 699 127
916	39 953 1 579
917	227 626 120 940
918	831 658 422 586
919	318 412 695 694
920	767 926 300 732
921	307 287 310 105
922	211 455 372 196
923	663 674 524 71
924	503 571 110 240
925	912 873 414 351
926	184 895 809 62
927	381 934 490 125
928	598 518 299 287
929	798 385 694 724
930	251 905 303 525
931	713 530 266 331
932	735 201 357 464
933	292 602 437 188
934	81 627 903 708
935	808 717 506 934
936	111 140 872 179
937	78 198 824 990
938	726 639 629 199
939	149 596 625 539
940	135 528 614 796
941	404 431 528 649
942	614 409 534 761
943	242 964 311 73
944	942 235 342 213
945	106 145 979 669
946	348 85 309 611
947	38 722 180 362
948	242 794 390 5
949	489 554 244 134
950	355 343 23 828
951	482 372 714 543
952	971 625 948 395
953	625 102 983 916
954	470 694 997 648
955	959 457 578 30
956	833 265 226 187
957	616 578 784 62
958	149 849 979 228
959	235 956 728 152
960	46 440 351 963
961	189 716 735 169
962	403 128 266 720
963	672 644 758 203
964	664 347 904 442
965	857 978 959 830
966	572 734 447 250
967	435 115 56 433
968	157 716 219 302
969	32 808 876 731
970	366 38 123 700
971	174 407 686 195
972	832 394 908 960
973	721 912 233 215
974	863 211 189 432
975	941 390 139 714
976	909 435 366 92
977	672 366 194 423
978	429 833 530 358
979	361 354 392 165
980	312 947 191 903
981	118 601 15 313
982	715 340 235 983
983	287 463 902 46
984	498 161 768 430
985	481 561 100 170
986	204 413 668 338
987	457 13 471 18
988	890 485 480 384
989	673 600 458 406
990	983 686 997 931
991	913 660 131 697
992	722 514 269 307
993	869 898 867 768
994	686 371 30 117
995	163 43 458 99
996	377 244 518 69
997	887 467 258 249
998	798 679 451 527
999	369 488 981 682
1000	522 973 484 956
Students	1000
1	216 14 266 363
2	607 252 163 765
3	289 916 60 629
4	447 774 487 752
5	602 490 45 448
6	966 57 675 345
7	616 134 426 706
8	609 51 497 782
9	523 836 75 202
10	225 500 410 419
11	995 77 744 415
12	276 849 1 296
13	234 561 781 661
14	149 907 790 357
15	342 636 741 40
16	438 276 153 13
17	36 904 966 796
18	333 986 350 373
19	597 935 116 991
20	989 408 421 597
21	742 170 699 657
22	853 493 279 538
23	789 87 805 934
24	440 635 423 13
25	75 438 635 43
26	980 921 542 820
27	134 909 931 339
28	704 397 733 868
29	486 862 51 71
30	255 4 169 608
31	269 923 309 980
32	863 216 858 284
33	138 33 117 280
34	490 73 532 391
35	978 268 671 119
36	89 188 839 128
37	41 139 163 149
38	480 539 705 559
39	37 341 984 383
40	161 344 200 669
41	567 873 974 153
42	479 46 232 489
43	36 286 535 594
44	237 545 179 969
45	852 333 371 740
46	753 77 881 383
47	282 672 641 51
48	816 806 472 576
49	802 380 604 855
50	751 48 230 532
51	165 954 166 18
52	64 234 921 354
53	709 163 327 889
54	687 180 151 958
55	582 569 206 419
56	928 959 877 477
57	708 812 166 193
58	606 672 530 613
59	290 765 613 6
60	719 752 184 954
61	558 489 163 518
62	214 971 816 595
63	311 506 238 484
64	79 210 988 201
65	496 297 606 19
66	30 177 209 56
67	727 60 36 370
68	521 690 832 518
69	145 753 15 713
70	668 848 588 746
71	509 101 443 567
72	959 384 749 509
73	715 807 310 495
74	284 773 504 398
75	218 446 646 930
76	908 220 300 777
77	989 619 420 111
78	507 463 820 370
79	704 751 668 301
80	272 463 770 454
81	830 581 863 714
82	389 416 828 269
83	170 778 385 799
84	913 217 981 385
85	193 295 63 872
86	183 448 929 461
87	193 82 890 336
88	403 205 423 28
89	888 483 420 167
90	1 594 206 691
91	601 204 842 640
92	656 506 665 395
93	578 53 405 762
94	650 403 476 234
95	278 725 688 270
96	355 150 247 589
97	752 799 199 557
98	189 629 640 278
99	297 782 912 390
100	352 738 521 768
101	658 438 653 827
102	27 629 436 475
103	964 891 704 300
104	464 492 137 582
105	435 986 574 459
106	593 980 900 856
107	666 162 687 971
108	347 396 137 423
109	941 667 615 168
110	894 121 140 549
111	607 282 600 103
112	370 341 856 36
113	1000 851 294 331
114	495 43 240 987
115	814 830 89 453
116	665 429 106 314
117	67 725 899 305
118	743 313 385 564
119	26 803 990 428
120	773 856 326 351
121	550 680 307 369
122	268 968 536 904
123	313 424 745 212
124	579 18 669 48
125	270 642 988 655
126	66 74 232 206
127	566 599 872 920
128	442 766 236 870
129	802 800 702 716
130	728 965 361 354
131	188 613 590 540
132	704 964 899 536
133	683 475 675 590
134	591 466 972 720
135	626 907 41 662
136	9 757 440 736
137	734 92 259 507
138	884 626 471 861
139	600 46 716 246
140	101 213 945 179
141	965 472 357 603
142	161 745 768 562
143	131 219 998 943
144	23 251 666 533
145	825 936 121 277
146	570 741 227 886
147	748 862 962 713
148	909 5 821 92
149	767 924 702 72
150	761 125 478 209
151	475 270 833 746
152	774 55 13 212
153	371 108 69 203
154	484 131 443 404
155	469 271 731 942
156	994 154 251 858
157	525 225 165 114
158	181 791 147 626
159	414 336 614 458
160	392 394 762 803
161	380 104 917 699
162	115 969 150 393
163	47 699 557 59
164	114 951 59 322
165	90 601 881 47
166	838 668 679 894
167	415 351 754 306
168	710 821 977 415
169	557 421 520 865
170	65 117 798 728
171	734 1000 905 799
172	109 210 615 916
173	685 50 414 939
174	226 444 186 501
175	966 340 864 13
176	400 501 416 14
177	865 269 891 271
178	272 961 376 989
179	468 236 707 459
180	607 926 824 26
181	697 964 872 764
182	523 344 508 790
183	339 667 603 178
184	876 387 232 492
185	171 226 937 597
186	615 253 960 677
187	310 522 142 832
188	751 71 178 884
189	803 939 883 649
190	836 162 410 70
191	314 604 9 878
192	469 761 990 522
193	470 341 302 621
194	423 454 187 342
195	77 435 150 601
196	443 22 348 501
197	920 287 934 722
198	594 44 963 883
199	357 710 823 990
200	368 658 464 692
201	200 167 829 51
202	382 85 155 119
203	691 494 185 719
204	612 108 831 141
205	499 729 577 57
206	581 526 584 935
207	758 528 297 743
208	835 679 758 431
209	127 247 133 705
210	322 574 248 177
211	731 204 708 250
212	998 796 147 818
213	639 789 998 217
214	121 326 272 189
215	221 105 994 985
216	189 663 209 214
217	320 533 787 541
218	413 120 387 573
219	687 165 916 191
220	956 998 89 334
221	541 369 443 894
222	901 389 501 608
223	416 821 74 677
224	52 758 600 559
225	707 250 620 37
226	248 46 206 23
227	435 751 213 763
228	783 11 521 356
229	794 23 12 145
230	938 689 302 71
231	987 36 570 107
232	376 360 173 300
233	712 702 631 406
234	324 167 659 81
235	402 854 911 673
236	56 588 226 23
237	985 421 320 729
238	198 279 16 944
239	514 52 149 330
240	732 429 941 657
241	474 520 13 179
242	412 656 541 220
243	951 190 683 854
244	501 629 310 587
245	152 504 513 41
246	352 99 222 803
247	939 900 867 326
248	369 696 800 579
249	147 843 799 616
250	331 918 448 338
251	466 679 239 174
252	874 15 651 596
253	560 827 153 142
254	179 42 338 835
255	936 431 408 386
256	546 231 946 881
257	784 957 604 475
258	606 963 658 163
259	649 387 752 616
260	360 55 901 105
261	316 598 466 387
262	114 763 410 379
263	755 231 308 217
264	631 909 87 663
265	303 856 1000 632
266	529 789 430 68
267	517 534 515 434
268	1000 75 539 424
269	308 909 450 150
270	441 750 559 145
271	10 852 679 270
272	469 241 961 511
273	33 262 991 35
274	109 263 243 807
275	616 70 341 780
276	628 477 908 987
277	653 348 150 630
278	150 620 580 929
279	857 906 792 524
280	87 652 991 344
281	573 107 521 420
282	9 449 647 931
283	317 201 308 834
284	837 712 268 470
285	636 988 874 317
286	843 444 902 560
287	185 846 100 281
288	755 206 919 860
289	259 606 970 841
290	798 858 420 14
291	177 592 239 445
292	367 531 934 481
293	382 477 589 431
294	272 387 288 436
295	324 6 577 429
296	969 53 925 748
297	200 299 312 692
298	948 745 981 807
299	406 159 415 23
300	519 769 936 625
301	126 771 468 965
302	531 466 731 194
303	814 213 891 308
304	221 720 793 596
305	462 477 880 764
306	219 789 578 685
307	457 39 810 884
308	963 613 838 487
309	500 596 296 888
310	202 695 46 654
311	552 274 940 121
312	4 355 94 374
313	17 461 610 245
314	716 428 631 194
315	387 454 25 140
316	595 463 190 76
317	409 241 288 708
318	445 94 548 852
319	426 118 11 425
320	418 547 601 966
321	903 257 589 536
322	298 149 422 7
323	329 36 250 256
324	22 337 29 83
325	604 709 496 174
326	851 880 876 532
327	756 936 673 384
328	658 945 988 796
329	325 829 453 471
330	990 198 192 575
331	34 399 200 626
332	175 333 905 490
333	436 734 317 626
334	535 326 495 596
335	55 799 882 298
336	884 184 315 33
337	199 487 128 416
338	892 219 154 1000
339	978 436 526 675
340	557 638 950 997
341	311 160 597 487
342	995 799 339 8
343	609 269 819 892
344	965 603 802 874
345	636 883 423 782
346	105 320 913 599
347	534 867 192 971
348	614 587 475 785
349	333 186 835 398
350	218 476 130 658
351	368 503 939 886
352	602 272 380 409
353	871 123 970 415
354	149 55 793 686
355	711 516 332 864
356	735 276 608 118
357	638 969 984 507
358	544 235 848 681
359	658 337 752 325
360	336 815 534 577
361	127 494 9 390
362	391 849 580 59
363	963 834 76 145
364	386 224 468 266
365	917 95 346 389
366	780 214 865 732
367	206 860 826 184
368	926 537 931 693
369	924 301 521 699
370	977 331 171 690
371	558 153 849 217
372	866 588 363 265
373	637 413 71 121
374	72 562 237 724
375	987 982 506 741
376	615 345 327 64
377	330 319 213 332
378	761 104 636 128
379	18 184 646 292
380	198 422 538 13
381	448 727 747 995
382	25 847 656 516
383	376 486 861 221
384	765 983 267 181
385	657 360 847 248
386	751 439 187 102
387	125 252 771 105
388	647 497 951 192
389	281 861 595 381
390	586 655 566 61
391	134 65 353 204
392	382 50 64 3
393	85 448 415 750
394	545 389 561 838
395	991 764 559 652
396	362 163 580 523
397	641 574 753 230
398	171 856 937 511
399	690 855 729 310
400	11 336 568 811
401	744 114 666 749
402	278 838 308 579
403	698 424 563 440
404	657 766 774 856
405	592 854 167 724
406	555 50 193 779
407	256 952 634 649
408	512 947 215 153
409	727 298 479 421
410	577 968 495 811
411	999 679 721 759
412	410 115 134 590
413	927 61 569 570
414	5 686 814 59
415	251 412 446 540
416	221 735 865 365
417	549 371 582 761
418	7 654 317 702
419	593 910 984 480
420	100 499 428 927
421	34 443 67 438
422	182 358 82 801
423	542 255 837 7
424	978 530 926 181
425	543 760 119 532
426	535 289 117 241
427	458 850 932 863
428	964 759 47 451
429	956 507 814 43
430	278 778 500 642
431	2 935 554 529
432	548 673 259 918
433	701 567 109 490
434	527 319 587 760
435	758 850 892 794
436	902 489 551 136
437	765 294 375 929
438	922 366 801 882
439	821 925 579 908
440	341 372 745 458
441	591 501 711 527
442	458 769 127 816
443	812 780 625 853
444	774 380 166 361
445	330 691 569 357
446	856 5 422 507
447	149 583 415 921
448	191 394 539 913
449	461 701 541 98
450	708 988 736 637
451	254 51 62 422
452	282 539 366 386
453	883 863 921 291
454	732 166 379 777
455	972 918 654 889
456	783 345 815 992
457	63 112 305 925
458	962 832 751 525
459	766 775 43 482
460	662 561 263 764
461	505 413 551 122
462	465 74 38 996
463	593 750 107 477
464	322 174 242 55
465	64 152 634 977
466	412 68 145 248
467	592 819 651 17
468	306 454 759 357
469	865 354 207 822
470	583 648 474 507
471	992 720 386 525
472	190 101 246 444
473	859 865 905 454
474	640 353 413 271
475	884 748 645 450
476	631 795 619 38
477	276 876 715 117
478	755 375 648 653
479	734 914 781 237
480	781 730 184 472
481	497 419 942 267
482	413 127 662 560
483	806 243 408 709
484	506 934 383 93
485	117 708 577 407
486	489 342 36 547
487	871 198 910 243
488	142 456 610 350
489	216 461 129 531
490	913 918 411 452
491	857 490 915 419
492	724 723 602 809
493	110 578 205 950
494	517 937 224 160
495	329 783 629 45
496	906 648 118 561
497	95 809 403 556
498	893 554 593 85
499	946 39 226 721
500	29 286 917 748
501	968 275 308 789
502	343 701 946 229
503	287 512 720 344
504	35 128 267 172
505	321 999 649 847
506	252 785 271 905
507	698 643 985 229
508	196 325 458 224
509	904 797 918 941
510	473 842 95 480
511	40 365 850 740
512	855 429 90 588
513	560 177 991 600
514	543 815 556 730
515	502 561 456 605
516	649 455 84 461
517	501 113 567 339
518	826 916 180 661
519	852 693 288 314
520	899 336 687 247
521	956 837 468 210
522	903 251 232 884
523	794 842 564 270
524	149 82 948 951
525	449 9 98 23
526	807 158 743 902
527	299 672 906 592
528	44 217 393 758
529	230 911 618 278
530	909 949 591 900
531	83 72 465 742
532	15 307 904 496
533	639 537 633 88
534	571 982 235 886
535	598 475 936 379
536	460 639 33 981
537	398 702 447 625
538	862 283 973 285
539	209 106 127 99
540	408 377 234 445
541	130 563 176 888
542	953 133 844 332
543	424 676 10 981
544	843 763 762 542
545	603 167 292 808
546	993 320 514 854
547	344 259 441 81
548	160 217 624 472
549	912 365 993 574
550	7 790 304 716
551	369 958 305 464
552	34 980 298 557
553	50 87 638 98
554	396 599 129 232
555	482 344 307 654
556	161 22 452 893
557	607 864 392 632
558	628 563 829 977
559	513 881 329 647
560	831 242 103 355
561	515 207 98 621
562	524 304 163 1000
563	461 135 257 570
564	439 756 849 708
565	909 466 854 781
566	633 333 548 997
567	994 462 241 303
568	791 338 379 677
569	557 917 25 774
570	868 282 185 933
571	772 638 801 850
572	943 770 444 254
573	488 199 139 811
574	101 397 386 934
575	735 277 407 748
576	827 816 106 871
577	939 6 931 123
578	61 269 63 380
579	794 220 618 357
580	578 829 202 791
581	672 151 364 582
582	823 324 822 669
583	650 124 522 602
584	646 395 485 578
585	968 91 228 647
586	675 440 467 482
587	784 356 625 492
588	195 256 713 11
589	588 683 876 90
590	482 27 806 15
591	537 120 402 964
592	523 951 205 87
593	268 206 949 174
594	909 176 898 958
595	462 955 956 894
596	495 936 634 976
597	536 940 153 246
598	115 728 145 212
599	371 25 508 312
600	212 124 71 59
601	906 841 437 922
602	785 353 862 605
603	753 866 650 165
604	430 87 560 449
605	753 78 142 308
606	605 983 229 104
607	492 486 600 180
608	439 377 736 585
609	414 495 958 955
610	555 214 770 284
611	51 997 886 634
612	416 714 253 819
613	320 257 775 480
614	624 509 741 48
615	563 169 185 127
616	473 980 53 98
617	207 228 746 51
618	810 300 87 868
619	493 579 271 644
620	892 267 734 125
621	713 876 163 173
622	533 345 857 31
623	799 266 267 488
624	289 448 541 638
625	896 711 963 475
626	797 939 212 666
627	769 42 678 895
628	698 976 749 673
629	500 574 955 421
630	745 811 439 527
631	965 880 896 406
632	801 915 460 952
633	990 290 94 164
634	445 821 598 822
635	936 33 136 300
636	802 389 80 758
637	682 476 386 956
638	37 799 709 559
639	643 794 23 659
640	685 953 998 952
641	499 547 263 825
642	597 120 613 184
643	759 60 268 892
644	839 594 235 979
645	175 193 494 452
646	326 871 915 501
647	271 111 152 762
648	284 328 81 19
649	929 870 980 441
650	946 694 636 145
651	71 258 780 259
652	1000 638 995 650
653	944 85 11 421
654	394 675 487 88
655	445 280 290 861
656	86 199 283 649
657	171 520 805 682
658	187 848 894 959
659	652 796 506 17
660	740 633 324 816
661	278 265 435 269
662	80 184 178 158
663	1 998 706 909
664	299 258 362 952
665	786 710 446 739
666	863 160 533 31
667	126 398 497 814
668	828 55 141 358
669	701 868 775 19
670	424 240 694 612
671	357 490 979 628
672	995 319 896 499
673	181 180 778 54
674	431 883 435 672
675	383 508 666 375
676	221 736 464 700
677	47 66 471 187
678	262 923 312 97
679	627 669 864 757
680	342 832 548 12
681	187 782 292 469
682	23 402 263 835
683	8 575 478 77
684	273 43 400 617
685	157 344 992 324
686	790 234 992 918
687	10 676 436 82
688	415 856 429 409
689	521 570 464 283
690	425 264 254 322
691	247 964 198 562
692	780 756 521 631
693	739 522 608 711
694	579 595 464 660
695	939 295 57 756
696	95 959 83 686
697	652 882 555 719
698	757 272 243 961
699	978 9 185 887
700	350 129 81 515
701	861 39 838 722
702	542 664 821 46
703	511 755 631 400
704	543 574 586 159
705	557 942 335 300
706	358 151 430 254
707	211 680 735 702
708	609 644 613 390
709	595 983 75 343
710	367 966 84 509
711	673 399 659 490
712	760 280 252 542
713	872 457 231 636
714	385 271 384 5
715	597 389 984 970
716	740 966 380 915
717	300 383 886 350
718	905 842 263 990
719	690 743 604 535
720	726 538 457 383
721	937 717 405 121
722	614 940 783 415
723	470 419 347 723
724	853 576 191 87
725	57 247 487 651
726	6 217 411 457
727	378 409 48 526
728	627 360 77 340
729	237 703 250 43
730	949 771 396 150
731	899 487 23 345
732	683 601 86 125
733	738 862 895 285
734	329 676 153 650
735	599 435 155 187
736	656 427 34 809
737	740 696 823 599
738	135 603 798 880
739	260 930 43 897
740	127 341 374 962
741	233 836 254 580
742	589 366 218 545
743	541 468 931 501
744	904 138 463 397
745	618 893 695 323
746	188 499 334 799
747	835 26 365 978
748	109 977 543 826
749	307 413 841 979
750	780 209 447 41
751	254 333 788 22
752	825 112 984 743
753	881 522 729 426
754	21 302 805 610
755	918 941 531 615
756	275 977 530 428
757	613 518 242 14
758	841 930 797 374
759	961 484 906 474
760	790 621 595 190
761	389 968 283 542
762	778 262 408 478
763	953 803 363 694
764	29 693 854 239
765	346 79 208 951
766	286 409 833 744
767	639 830 901 139
768	220 473 670 801
769	766 394 344 386
770	388 231 402 474
771	186 407 219 422
772	386 649 111 371
773	36 84 685 591
774	289 839 200 680
775	366 441 284 518
776	801 831 581 223
777	711 375 82 824
778	806 920 26 969
779	334 52 294 331
780	173 16 339 553
781	996 905 522 727
782	728 210 597 609
783	946 637 232 793
784	279 474 421 900
785	193 28 328 851
786	478 727 136 516
787	778 998 473 303
788	52 786 734 701
789	904 369 348 769
790	681 603 727 167
791	289 950 151 563
792	344 2 349 133
793	56 151 487 978
794	504 624 101 702
795	775 64 238 149
796	877 134 245 595
797	37 86 137 23
798	886 803 739 713
799	76 468 547 366
800	87 480 49 488
801	504 865 369 535
802	11 619 424 468
803	185 844 119 207
804	885 467 517 144
805	648 530 935 134
806	652 727 665 585
807	186 58 690 493
808	545 24 792 52
809	989 260 446 375
810	233 280 604 404
811	224 58 206 487
812	219 672 705 754
813	982 371 274 187
814	733 173 333 561
815	389 967 586 580
816	826 831 626 34
817	992 541 40 496
818	795 829 738 519
819	733 529 199 839
820	280 50 656 293
821	445 569 752 968
822	649 375 280 57
823	816 303 746 490
824	319 143 165 219
825	195 184 930 71
826	710 291 360 981
827	467 292 522 669
828	412 445 943 152
829	414 710 301 888
830	978 890 146 540
831	693 892 254 976
832	479 664 500 761
833	553 592 893 384
834	579 227 22 330
835	900 331 976 682
836	423 59 268 907
837	185 107 616 61
838	92 284 55 662
839	852 18 643 630
840	702 905 726 836
841	756 755 659 185
842	495 521 105 666
843	59 441 452 162
844	434 468 732 71
845	579 150 275 51
846	861 151 496 625
847	499 541 63 625
848	776 982 568 630
849	589 418 808 945
850	162 735 378 304
851	866 722 189 288
852	559 318 463 455
853	682 408 20 773
854	801 934 177 260
855	763 889 254 726
856	420 350 637 183
857	681 244 74 528
858	716 533 786 409
859	511 205 84 984
860	922 219 106 619
861	229 991 727 52
862	195 70 375 334
863	512 438 824 103
864	397 977 791 577
865	159 494 593 770
866	750 673 985 98
867	332 101 557 806
868	501 331 685 920
869	144 657 540 350
870	658 955 278 574
871	932 760 317 421
872	718 463 107 975
873	683 698 562 471
874	54 61 110 518
875	725 185 459 360
876	307 140 314 662
877	709 181 694 148
878	664 215 805 925
879	383 260 592 711
880	421 599 974 1000
881	388 837 832 296
882	558 371 281 394
883	570 799 536 764
884	394 921 290 840
885	890 477 500 487
886	531 801 425 517
887	25 685 1000 538
888	434 867 788 974
889	209 527 928 80
890	977 738 352 551
891	675 997 947 630
892	202 402 29 987
893	300 967 12 172
894	362 400 456 862
895	703 18 856 941
896	25 381 777 492
897	113 710 985 57
898	672 11 389 911
899	741 310 322 102
900	729 111 383 611
901	310 712 877 139
902	440 658 359 773
903	619 241 722 670
904	324 771 419 850
905	716 341 121 485
906	214 76 401 457
907	346 642 883 406
908	40 914 808 733
909	807 792 846 470
910	589 725 512 507
911	252 490 980 198
912	438 508 992 825
913	794 589 731 188
914	153 740 791 675
915	450 795 106 455
916	603 256 899 30
917	87 445 472 587
918	977 612 982 626
919	70 77 218 27
920	638 166 723 290
921	201 35 206 510
922	495 691 64 968
923	916 123 441 978
924	962 578 795 59
925	405 450 479 87
926	896 866 780 84
927	492 900 901 771
928	138 137 61 190
929	662 375 577 172
930	392 14 257 536
931	556 817 578 685
932	235 433 935 98
933	659 276 310 752
934	976 63 101 36
935	636 724 859 530
936	944 270 554 357
937	980 129 588 547
938	527 781 619 241
939	190 314 767 974
940	952 797 687 69
941	725 477 348 209
942	378 616 60 874
943	321 847 64 49
944	301 970 846 678
945	123 853 695 841
946	718 205 22 932
947	233 340 685 662
948	723 66 335 67
949	935 844 311 756
950	428 394 411 974
951	851 645 215 157
952	204 225 287 104
953	714 353 485 683
954	225 857 614 750
955	288 78 359 264
956	231 242 934 984
957	198 810 329 847
958	218 672 755 678
959	64 490 620 995
960	505 78 650 17
961	413 406 28 630
962	257 454 210 907
963	277 968 635 296
964	66 818 521 733
965	265 606 193 737
966	657 879 739 993
967	145 550 878 533
968	98 44 470 432
969	690 484 652 76
970	198 713 920 427
971	575 634 697 121
972	887 850 201 564
973	643 678 275 782
974	482 679 739 514
975	721 973 867 863
976	680 966 489 559
977	500 978 639 77
978	32 770 515 377
979	671 440 147 823
980	417 720 579 988
981	649 853 638 911
982	730 854 533 67
983	714 942 525 784
984	602 808 717 201
985	346 434 357 580
986	476 663 34 52
987	849 176 120 624
988	768 91 76 785
989	111 757 801 746
990	160 517 466 577
991	469 112 940 169
992	302 898 609 511
993	239 283 305 571
994	325 386 126 648
995	387 374 963 332
996	601 555 589 620
997	210 993 703 889
998	135 129 598 660
999	648 929 235 621
1000	811 108 852 588
Students	1000
1	991 722 394 578
2	460 23 990 756
3	146 372 916 657
4	481 829 210 328
5	985 50 209 821
6	993 908 475 712
7	104 586 312 668
8	859 795 977 837
9	763 780 542 477
10	624 657 866 629
11	516 776 980 674
12	440 84 76 959
13	84 21 74 198
14	432 369 639 335
15	292 751 711 790
16	948 378 874 366
17	46 60 563 429
18	690 923 675 629
19	381 404 51 294
20	537 656 686 633
21	606 49 51 907
22	249 908 309 196
23	435 372 291 322
24	883 567 354 699
25	788 97 496 554
26	934 30 616 372
27	632 547 490 743
28	653 521 836 971
29	836 720 845 896
30	12 559 293 934
31	520 531 171 464
32	35 180 763 416
33	780 896 819 381
34	18 583 685 369
35	1000 398 576 676
36	258 235 158 186
37	173 180 934 236
38	503 107 824 313
39	805 347 639 786
40	262 649 798 595
41	971 606 520 734
42	495 291 531 90
43	94 97 61 49
44	966 774 906 524
45	801 352 764 998
46	730 354 937 558
47	21 128 135 145
48	787 986 135 568
49	112 391 39 730
50	952 925 990 692
51	395 106 217 211
52	356 769 57 478
53	933 588 52 485
54	831 896 785 599
55	787 92 982 78
56	591 392 610 733
57	239 991 565 369
58	301 32 800 907
59	710 394 868 722
60	564 604 204 296
61	152 259 714 303
62	373 902 370 722
63	725 141 345 171
64	828 987 455 877
65	481 474 205 213
66	713 901 979 586
67	584 941 908 392
68	141 903 747 268
69	319 795 891 788
70	549 395 205 138
71	788 216 937 892
72	755 170 77 557
73	705 680 511 681
74	697 289 393 409
75	159 58 817 46
76	690 895 896 307
77	572 659 602 277
78	764 537 403 954
79	293 712 963 408
80	691 113 896 996
81	488 856 868 423
82	825 391 992 250
83	7 23 652 504
84	761 152 962 302
85	904 766 501 724
86	121 419 688 61
87	156 456 793 864
88	484 875 728 30
89	927 980 252 307
90	597 573 219 706
91	404 530 38 293
92	523 214 460 769
93	825 844 251 168
94	297 856 835 426
95	846 760 882 642
96	6 654 219 580
97	779 282 849 490
98	956 353 107 284
99	570 464 638 575
100	702 584 504 281
101	602 234 14 548
102	313 683 34 299
103	534 29 431 89
104	166 660 837 164
105	427 455 32 98
106	946 139 537 747
107	365 480 619 799
108	292 611 6 181
109	586 631 547 361
110	706 61 678 827
111	952 450 272 220
112	936 124 902 945
113	188 48 206 997
114	11 222 180 125
115	936 910 603 580
116	533 746 180 86
117	116 269 419 678
118	589 273 83 581
119	467 234 508 890
120	906 931 180 806
121	446 566 20 164
122	443 515 616 881
123	834 477 601 294
124	657 678 839 671
125	511 49 835 992
126	104 545 626 490
127	850 930 381 943
128	854 383 520 975
129	119 750 433 157
130	470 559 125 739
131	72 331 447 900
132	907 851 999 241
133	638 101 578 431
134	775 350 815 687
135	260 307 880 830
136	834 593 41 667
137	961 553 150 178
138	496 272 651 673
139	651 902 210 482
140	324 855 281 590
141	567 295 562 806
142	252 729 782 767
143	936 299 591 205
144	287 3 376 279
145	188 303 923 237
146	978 953 453 556
147	41 63 99 19
148	804 204 613 638
149	802 189 498 11
150	952 114 701 950
151	86 521 280 984
152	667 539 461 606
153	948 566 203 916
154	450 50 918 966
155	116 354 869 922
156	983 737 361 603
157	921 175 270 93
158	149 632 658 495
159	842 717 387 94
160	886 379 600 109
161	192 675 225 191
162	167 60 659 48
163	93 629 484 29
164	884 9 502 881
165	543 853 736 619
166	21 296 4 335
167	540 241 449 516
168	397 750 161 893
169	54 137 61 42
170	837 190 195 660
171	871 357 843 120
172	113 9 570 180
173	291 268 930 528
174	792 267 684 680
175	504 559 499 903
176	133 177 467 832
177	985 254 759 860
178	540 261 226 731
179	605 612 107 962
180	678 448 617 239
181	300 754 533 88
182	237 95 787 230
183	21 281 119 948
184	522 237 333 557
185	394 672 248 124
186	484 394 950 765
187	977 950 1 5
188	559 871 313 640
189	265 973 25 446
190	684 856 12 744
191	617 703 69 797
192	162 533 109 929
193	89 994 296 179
194	632 74 214 708
195	763 745 416 551
196	254 666 790 32
197	536 766 669 141
198	356 625 792 677
199	468 320 693 293
200	237 279 615 986
201	776 122 363 628
202	488 525 790 133
203	216 511 732 700
204	204 876 788 439
205	156 608 345 1000
206	725 373 834 523
207	880 576 287 244
208	77 958 607 236
209	762 461 538 369
210	132 761 300 370
211	761 709 367 561
212	599 306 573 154
213	345 184 733 935
214	358 797 567 373
215	331 363 948 205
216	330 510 279 774
217	339 482 90 776
218	14 809 307 104
219	511 551 43 236
220	58 434 144 713
221	920 573 341 136
222	778 567 994 166
223	585 745 394 287
224	284 589 304 735
225	368 158 101 523
226	998 612 68 923
227	102 283 287 70
228	696 620 232 444
229	159 550 879 153
230	823 505 466 164
231	363 428 252 474
232	794 353 904 577
233	551 753 709 554
234	165 107 439 325
235	335 460 638 676
236	61 121 572 111
237	606 495 488 374
238	8 188 857 117
239	94 467 327 974
240	361 321 462 696
241	891 484 440 696
242	862 978 449 684
243	146 710 89 221
244	457 403 969 129
245	317 423 305 405
246	394 473 652 650
247	219 715 333 79
248	821 768 160 876
249	848 535 144 421
250	513 584 31 669
251	381 488 248 140
252	253 649 868 48
253	622 891 833 462
254	458 444 345 569
255	497 608 46 176
256	183 166 65 687
257	944 24 246 678
258	563 409 625 896
259	310 720 210 899
260	192 389 531 885
261	404 990 889 485
262	355 345 41 310
263	40 293 504 46
264	263 841 989 512
265	850 263 281 870
266	616 653 406 473
267	989 212 163 513
268	696 937 126 815
269	473 151 509 912
270	799 802 829 947
271	131 487 871 254
272	973 488 97 498
273	602 754 423 622
274	956 887 167 41
275	344 866 541 582
276	705 220 9 734
277	401 682 285 247
278	81 326 265 905
279	512 877 296 39
280	144 143 334 810
281	233 420 692 312
282	950 661 616 734
283	911 303 90 247
284	942 826 515 406
285	726 470 808 940
286	802 631 285 168
287	518 333 625 397
288	132 887 249 711
289	795 640 212 239
290	418 983 221 243
291	131 905 519 282
292	532 285 169 854
293	152 129 915 778
294	459 684 324 486
295	453 988 873 50
296	22 204 938 372
297	61 261 338 454
298	121 509 867 2
299	533 807 677 64
300	419 625 977 697
301	371 14 319 276
302	453 162 150 653
303	202 275 732 549
304	882 871 314 862
305	86 722 424 846
306	919 398 486 678
307	406 117 1000 928
308	82 719 306 928
309	995 568 143 583
310	24 822 898 346
311	581 454 583 1000
312	570 880 208 832
313	136 763 741 976
314	106 317 126 490
315	454 856 726 393
316	61 913 837 635
317	102 525 843 382
318	608 281 815 32
319	929 95 544 920
320	596 901 811 398
321	475 242 34 178
322	422 121 992 828
323	943 128 385 777
324	772 441 108 156
325	892 458 30 292
326	130 704 207 444
327	434 46 17 726
328	523 776 935 705
329	520 540 228 396
330	238 680 932 706
331	834 2 50 679
332	129 128 133 187
333	962 176 677 290
334	712 905 101 121
335	700 368 278 347
336	435 550 621 689
337	856 70 775 290
338	421 370 891 518
339	411 625 868 850
340	470 872 607 322
341	691 467 237 615
342	309 356 110 511
343	50 743 565 471
344	938 536 562 525
345	616 385 147 92
346	370 732 813 617
347	883 51 349 938
348	273 416 189 537
349	240 688 135 693
350	777 608 998 149
351	69 855 201 916
352	226 913 876 278
353	724 375 976 707
354	730 776 504 209
355	494 302 934 610
356	186 905 375 117
357	658 707 177 558
358	860 621 467 394
359	887 248 228 632
360	693 366 695 228
361	502 71 334 582
362	282 462 956 62
363	599 138 329 560
364	850 723 441 526
365	615 685 330 277
366	605 501 639 237
367	696 145 63 832
368	592 257 97 401
369	137 544 657 819
370	510 826 615 534
371	252 67 106 891
372	19 125 980 712
373	237 217 420 882
374	704 156 747 669
375	7 756 676 750
376	249 825 865 783
377	515 397 824 44
378	343 277 126 418
379	759 59 79 371
380	495 142 511 357
381	555 308 202 307
382	260 351 537 124
383	149 543 782 532
384	330 934 580 734
385	918 363 865 534
386	567 548 14 94
387	737 498 942 82
388	345 281 681 575
389	76 704 345 820
390	479 684 875 483
391	500 971 559 752
392	650 848 542 81
393	81 489 824 91
394	425 812 836 516
395	155 848 687 931
396	936 506 534 536
397	957 71 796 470
398	792 962 62 146
399	958 218 378 59
400	44 539 33 413
401	117 433 267 178
402	879 453 288 493
403	857 543 280 556
404	259 2 380 547
405	298 520 46 32
406	892 495 351 666
407	158 371 64 449
408	778 37 398 64
409	801 343 924 799
410	60 999 763 806
411	87 606 116 95
412	60 231 731 67
413	47 977 790 956
414	211 798 178 461
415	912 587 160 674
416	21 312 470 285
417	719 846 991 642
418	385 720 871 629
419	489 479 738 351
420	271 767 825 162
421	18 906 480 823
422	312 199 596 77
423	406 727 728 273
424	860 188 818 111
425	783 626 562 974
426	854 376 419 771
427	103 584 326 817
428	236 416 904 523
429	874 274 799 712
430	863 417 530 616
431	963 158 731 367
432	799 338 418 601
433	106 717 783 22
434	636 335 235 845
435	110 460 99 246
436	127 56 214 116
437	471 877 602 627
438	723 564 208 478
439	865 497 275 222
440	73 663 671 224
441	724 745 685 146
442	650 69 592 981
443	508 644 204 873
444	183 170 642 952
445	68 779 461 147
446	822 120 842 287
447	444 807 790 380
448	758 915 864 740
449	306 18 73 11
450	285 932 670 83
451	227 111 212 597
452	176 106 587 257
453	932 388 593 334
454	565 597 40 840
455	688 31 367 293
456	476 285 149 245
457	40 9 32 924
458	517 903 64 978
459	158 387 826 247
460	273 968 466 415
461	181 553 670 747
462	381 907 893 812
463	53 886 985 182
464	318 943 662 670
465	544 949 498 393
466	487 390 957 178
467	309 130 304 727
468	265 954 316 163
469	94 989 800 893
470	295 533 141 873
471	440 270 812 861
472	472 786 36 972
473	538 637 175 977
474	717 449 761 311
475	200 735 266 561
476	894 953 345 403
477	262 90 508 100
478	911 419 412 44
479	133 697 646 604
480	384 513 103 192
481	603 889 707 814
482	984 957 73 28
483	479 218 880 722
484	977 723 917 129
485	91 639 217 324
486	304 58 21 793
487	221 240 973 578
488	960 534 295 871
489	547 129 603 317
490	354 247 449 904
491	263 853 931 270
492	808 158 483 961
493	150 912 745 372
494	323 293 841 360
495	986 504 165 309
496	295 209 231 332
497	867 633 414 561
498	879 695 491 825
499	703 94 262 291
500	345 129 953 799
501	868 677 289 57
502	806 318 734 833
503	759 113 300 713
504	445 924 996 328
505	804 910 666 831
506	454 768 754 368
507	268 260 103 638
508	684 410 9 86
509	80 590 429 779
510	198 395 58 455
511	765 215 113 173
512	730 491 612 548
513	501 731 45 853
514	329 24 968 663
515	253 487 770 964
516	320 185 858 184
517	917 480 625 28
518	90 772 730 667
519	420 515 578 161
520	72 391 198 487
521	754 302 340 198
522	785 578 76 249
523	10 455 250 566
524	689 643 928 368
525	548 31 722 315
526	158 305 361 400
527	617 317 611 920
528	870 335 331 186
529	868 80 636 368
530	475 514 588 410
531	402 383 156 527
532	496 147 6 929
533	263 363 961 29
534	19 298 958 89
535	478 90 417 692
536	906 673 82 326
537	98 736 261 47
538	914 763 753 512
539	981 789 575 654
540	332 486 315 891
541	415 999 987 720
542	494 40 689 942
543	75 60 946 996
544	797 119 261 192
545	204 763 988 38
546	639 931 48 815
547	384 525 279 721
548	71 716 34 842
549	698 735 370 307
550	783 553 219 937
551	632 307 998 460
552	466 323 338 997
553	589 222 992 369
554	525 593 477 283
555	457 582 827 516
556	559 76 762 377
557	277 897 123 711
558	45 46 105 56
559	694 895 439 702
560	161 762 566 70
561	543 142 59 80
562	758 532 199 876
563	597 158 41 180
564	77 490 415 656
565	268 501 725 414
566	898 576 768 270
567	771 517 62 759
568	504 473 793 406
569	82 60 551 179
570	979 445 958 836
571	820 503 356 355
572	102 145 75 577
573	64 796 154 447
574	319 420 520 745
575	952 154 564 573
576	78 111 461 84
577	885 200 621 284
578	73 604 841 454
579	54 27 564 626
580	841 661 273 55
581	7 715 412 301
582	460 646 167 798
583	993 266 159 23
584	42 844 303 43
585	830 808 185 427
586	132 969 842 834
587	143 184 417 771
588	65 334 218 922
589	909 709 66 260
590	872 398 671 92
591	382 988 317 9
592	293 578 223 723
593	624 125 152 549
594	67 265 755 136
595	90 621 625 308
596	710 967 462 940
597	923 484 288 671
598	641 387 386 557
599	869 856 136 86
600	651 13 879 71
601	34 501 395 158
602	392 509 871 816
603	12 97 724 838
604	778 513 418 256
605	126 893 625 932
606	84 351 565 972
607	548 833 151 587
608	32 446 407 217
609	161 992 669 656
610	502 999 349 318
611	675 330 699 18
612	893 883 956 234
613	122 896 577 445
614	127 159 833 960
615	148 881 682 984
616	922 77 656 640
617	111 208 922 41
618	769 302 941 615
619	677 261 413 887
620	923 83 788 217
621	784 55 383 279
622	431 884 566 800
623	424 254 18 431
624	929 553 442 109
625	690 738 368 624
626	467 447 728 829
627	915 51 436 307
628	118 55 254 852
629	551 929 268 707
630	503 582 342 584
631	630 319 204 557
632	641 627 547 385
633	266 703 439 790
634	736 573 971 60
635	689 332 709 697
636	607 549 870 186
637	703 941 218 364
638	472 852 232 928
639	326 846 878 896
640	707 553 230 905
641	577 896 587 313
642	22 577 726 646
643	54 604 511 797
644	219 938 520 119
645	957 937 293 341
646	316 968 657 836
647	719 653 708 785
648	383 317 914 97
649	216 786 507 596
650	845 214 516 962
651	855 872 109 771
652	383 977 261 701
653	462 754 376 693
654	804 75 489 547
655	20 372 886 808
656	419 50 730 793
657	761 777 23 565
658	532 512 479 433
659	38 678 715 104
660	618 3 239 791
661	691 291 841 849
662	640 950 883 848
663	325 857 167 260
664	765 133 430 242
665	48 214 165 729
666	402 13 518 272
667	722 998 236 774
668	94 74 217 548
669	724 587 645 446
670	317 837 353 362
671	513 706 960 158
672	624 503 161 217
673	93 652 910 903
674	910 312 923 443
675	548 521 332 214
676	785 554 219 278
677	425 397 350 62
678	176 834 583 310
679	661 421 974 284
680	321 635 602 723
681	151 869 103 80
682	249 434 995 349
683	790 816 269 563
684	698 635 790 127
685	17 772 571 360
686	176 365 480 239
687	486 699 910 758
688	521 733 964 800
689	430 145 57 975
690	908 510 153 729
691	742 863 78 695
692	687 301 361 123
693	551 153 346 148
694	863 199 959 236
695	299 341 702 655
696	265 595 354 926
697	936 282 322 725
698	685 280 27 296
699	875 478 510 538
700	345 237 234 61
701	765 456 937 846
702	54 553 972 95
703	981 304 819 147
704	342 684 5 516
705	975 887 136 243
706	663 906 44 589
707	255 104 295 175
708	486 176 679 741
709	841 668 550 861
710	727 750 274 980
711	482 366 104 693
712	501 879 862 20
713	795 408 48 743
714	635 607 998 539
715	741 489 201 233
716	700 189 642 53
717	559 445 486 374
718	611 945 424 38
719	333 938 675 750
720	984 429 40 114
721	867 416 217 917
722	493 606 111 279
723	444 740 393 56
724	494 412 569 405
725	342 217 218 41
726	994 424 530 503
727	684 488 370 528
728	893 584 637 500
729	322 652 891 276
730	69 892 81 652
731	964 257 594 162
732	518 724 843 3
733	694 289 891 94
734	228 958 227 760
735	357 104 247 282
736	898 431 418 790
737	22 320 554 148
738	936 309 622 962
739	887 45 544 487
740	368 856 333 479
741	537 456 749 366
742	445 738 397 889
743	419 685 632 630
744	767 415 855 994
745	779 140 257 842
746	668 444 983 437
747	60 904 266 914
748	472 449 554 362
749	941 616 986 712
750	984 360 123 179
751	779 257 218 413
752	232 52 39 110
753	223 645 619 463
754	50 851 967 915
755	130 2 623 583
756	563 547 947 904
757	744 885 526 353
758	18 394 388 113
759	298 919 718 589
760	685 329 944 302
761	807 245 9 899
762	750 73 928 256
763	854 321 687 496
764	226 39 766 746
765	577 724 230 618
766	894 1 3 331
767	924 923 563 664
768	211 308 565 183
769	464 537 394 456
770	950 995 267 979
771	682 485 399 893
772	34 534 82 935
773	770 559 19 608
774	672 132 285 57
775	344 374 158 151
776	447 408 413 696
777	398 365 377 661
778	430 3 903 609
779	101 469 38 929
780	761 184 396 793
781	665 414 438 260
782	385 785 960 509
783	652 67 181 573
784	779 885 876 85
785	536 146 899 725
786	608 467 243 267
787	262 685 981 122
788	182 946 374 124
789	815 46 131 328
790	488 831 818 773
791	545 949 438 497
792	363 1 939 472
793	106 940 122 159
794	45 36 140 961
795	362 943 276 94
796	949 786 182 279
797	581 79 753 771
798	30 904 591 657
799	535 711 771 100
800	488 389 777 528
801	873 775 986 61
802	895 250 328 117
803	302 797 506 98
804	56 319 947 558
805	625 646 799 52
806	25 862 588 7
807	672 6 506 778
808	760 103 697 743
809	514 733 943 553
810	823 970 861 120
811	769 456 824 379
812	403 824 472 792
813	39 867 847 529
814	310 549 11 300
815	802 966 283 631
816	863 959 790 639
817	277 369 886 873
818	123 29 296 685
819	946 85 996 805
820	160 179 341 894
821	850 840 662 931
822	692 251 960 328
823	358 524 897 746
824	991 945 490 953
825	350 144 700 797
826	262 266 80 161
827	465 294 250 434
828	949 385 747 884
829	130 498 868 940
830	446 344 991 511
831	332 712 144 634
832	538 204 878 70
833	707 915 944 341
834	449 547 454 749
835	369 994 803 375
836	774 728 332 921
837	47 53 632 795
838	733 934 304 267
839	517 877 536 223
840	106 854 858 463
841	19 537 963 981
842	944 770 573 187
843	345 985 397 612
844	637 933 444 842
845	541 111 277 161
846	221 394 341 499
847	704 895 851 692
848	851 846 961 65
849	219 177 235 628
850	219 634 826 531
851	845 117 41 461
852	331 798 130 510
853	494 564 533 256
854	448 922 453 948
855	181 425 448 151
856	190 596 703 11
857	609 611 278 781
858	785 495 923 693
859	76 273 26 105
860	176 440 979 576
861	898 895 209 661
862	240 330 523 553
863	350 225 120 656
864	693 476 35 27
865	217 180 207 638
866	337 715 192 264
867	379 635 736 709
868	192 661 308 123
869	523 427 778 358
870	703 579 77 347
871	982 9 979 56
872	666 672 394 960
873	908 938 464 670
874	712 5 614 89
875	481 766 732 623
876	219 921 203 704
877	603 981 361 461
878	280 545 356 352
879	600 362 876 171
880	927 902 850 954
881	754 460 193 144
882	166 245 73 127
883	127 975 636 162
884	475 427 900 286
885	5 472 630 159
886	369 527 868 16
887	481 204 857 800
888	275 498 856 777
889	149 838 790 107
890	469 302 323 69
891	596 504 285 469
892	57 837 17 573
893	422 922 120 368
894	17 994 910 648
895	801 301 157 66
896	143 355 83 779
897	184 346 100 330
898	312 330 192 237
899	583 996 683 963
900	881 69 135 240
901	57 405 448 584
902	172 70 559 391
903	403 329 222 588
904	956 237 871 8
905	778 286 786 701
906	536 61 495 238
907	977 778 228 864
908	566 736 226 544
909	319 413 943 452
910	6 252 645 202
911	686 994 275 989
912	666 950 758 961
913	56 501 347 586
914	670 585 176 901
915	4 435 732 304
916	761 685 424 846
917	14 153 190 532
918	801 876 187 356
919	138 694 908 232
920	985 881 624 486
921	485 76 307 634
922	292 116 174 978
923	255 194 720 521
924	406 150 652 516
925	547 264 977 781
926	906 810 806 971
927	986 238 219 294
928	815 392 921 325
929	266 704 55 553
930	707 251 508 111
931	94 598 520 629
932	443 25 592 738
933	629 465 162 235
934	256 897 613 48
935	481 112 975 665
936	354 587 503 802
937	475 232 849 329
938	432 209 84 575
939	940 992 632 475
940	463 740 499 707
941	980 626 938 403
942	959 627 62 536
943	307 800 316 183
944	414 934 562 156
945	460 887 482 416
946	9 563 733 289
947	933 302 887 78
948	796 261 369 724
949	545 762 22 863
950	452 552 286 916
951	625 651 493 702
952	408 257 145 18
953	994 668 106 369
954	628 967 956 591
955	477 616 890 151
956	546 692 953 680
957	704 463 239 573
958	717 937 398 795
959	241 800 137 89
960	549 586 789 536
961	678 423 715 447
962	67 357 911 289
963	160 69 244 196
964	58 4 119 442
965	999 235 29 380
966	72 150 264 35
967	406 638 572 54
968	725 373 734 636
969	101 99 792 665
970	450 152 107 481
971	555 526 69 696
972	337 362 54 625
973	851 278 360 240
974	19 293 256 890
975	740 337 653 315
976	577 572 250 937
977	254 662 609 802
978	318 939 325 640
979	400 568 295 875
980	902 578 829 264
981	791 189 545 650
982	668 567 473 665
983	792 916 646 591
984	256 79 549 808
985	695 203 697 876
986	525 145 269 471
987	658 272 244 549
988	583 171 797 882
989	689 82 480 774
990	220 877 931 397
991	727 372 641 926
992	384 38 805 63
993	971 713 970 562
994	436 200 429 43
995	950 305 3 557
996	762 540 346 446
997	490 648 784 794
998	17 176 232 55
999	633 346 3 852
1000	701 512 763 809
