Students	50
1	5 4 7 10
2	20 11 4 14
3	3 1 9 5
4	7 18 4 5
5	15 3 5 11
6	7 16 14 18
7	7 4 10 18
8	20 1 2 11
9	10 2 20 18
10	1 3 5 4
11	5 18 1 13
12	18 7 1 6
13	14 20 7 3
14	1 7 10 16
15	19 3 1 6
16	19 15 9 14
17	18 16 19 3
18	14 1 18 9
19	9 14 2 20
20	4 15 7 10
21	8 11 14 9
22	20 7 17 12
23	13 17 2 16
24	18 1 3 19
25	2 19 18 1
26	19 18 15 14
27	8 9 18 5
28	16 8 18 5
29	10 17 6 20
30	14 1 11 4
31	9 18 20 13
32	3 12 4 5
33	19 2 6 3
34	16 17 11 1
35	13 3 12 19
36	20 16 3 10
37	19 1 10 12
38	13 4 5 8
39	12 18 11 8
40	5 7 2 13
41	2 9 6 20
42	14 11 10 1
43	18 8 15 3
44	14 1 15 2
45	10 12 1 16
46	2 8 17 14
47	13 1 14 12
48	9 11 1 7
49	17 3 1 15
50	2 11 15 17
Students	50
1	9 13 6 12
2	19 13 17 1
3	5 12 13 16
4	20 10 16 15
5	17 12 2 1
6	11 5 13 17
7	11 1 6 16
8	6 14 16 20
9	15 2 11 1
10	12 17 5 14
11	19 10 17 9
12	4 13 19 6
13	15 9 18 13
14	8 16 3 15
15	3 12 16 1
16	5 17 3 19
17	3 7 14 17
18	1 20 16 2
19	13 16 17 18
20	19 20 9 13
21	4 1 13 9
22	6 7 15 9
23	12 19 3 11
24	7 5 20 8
25	5 11 19 13
26	9 17 14 13
27	6 13 7 9
28	16 6 4 8
29	15 11 7 12
30	9 19 10 17
31	2 4 18 9
32	4 1 14 20
33	12 13 10 3
34	20 16 5 9
35	15 13 9 1
36	15 1 17 8
37	7 18 1 11
38	6 3 1 11
39	12 17 19 1
40	6 3 12 13
41	17 10 13 15
42	14 18 11 8
43	3 10 15 14
44	7 13 1 14
45	2 3 5 6
46	2 5 4 11
47	18 2 6 19
48	10 20 3 2
49	3 19 20 16
50	18 1 10 20
Students	50
1	20 12 9 13
2	14 15 10 17
3	7 12 8 10
4	11 3 14 10
5	14 15 6 16
6	14 4 1 16
7	3 15 14 13
8	15 9 4 8
9	11 18 7 17
10	4 11 19 20
11	3 20 18 17
12	19 10 15 9
13	20 1 11 17
14	20 9 8 17
15	13 18 6 3
16	2 16 7 19
17	15 10 11 2
18	9 10 16 2
19	18 13 20 14
20	8 19 11 13
21	19 12 17 11
22	13 15 6 1
23	5 3 9 6
24	17 8 2 3
25	18 16 12 20
26	7 12 13 8
27	6 16 7 12
28	7 3 6 1
29	12 10 1 11
30	11 14 18 1
31	8 3 4 12
32	3 2 17 6
33	17 9 1 3
34	11 7 20 5
35	20 9 13 14
36	11 1 20 15
37	10 1 15 18
38	2 7 8 6
39	2 7 8 3
40	10 7 11 20
41	11 10 20 19
42	1 2 3 20
43	10 16 20 2
44	10 13 1 12
45	7 5 19 9
46	2 7 11 9
47	14 11 15 6
48	13 20 11 10
49	3 10 5 15
50	13 6 3 14
Students	50
1	11 6 1 16
2	10 4 11 2
3	20 4 13 3
4	3 2 20 1
5	8 13 16 19
6	1 8 12 10
7	14 15 18 1
8	15 11 6 9
9	20 7 13 2
10	17 15 2 19
11	15 19 18 3
12	8 13 10 5
13	18 3 17 19
14	14 18 5 8
15	15 2 7 14
16	1 14 7 6
17	2 17 14 6
18	18 14 12 20
19	2 11 13 4
20	6 19 8 18
21	10 9 1 12
22	17 3 10 1
23	6 13 7 20
24	15 1 4 3
25	6 2 3 13
26	2 16 3 19
27	19 20 13 7
28	8 4 6 15
29	16 9 5 14
30	17 7 1 9
31	8 3 5 14
32	16 5 4 6
33	7 11 8 3
34	3 2 12 7
35	9 10 2 11
36	17 11 18 5
37	11 19 13 7
38	5 19 7 16
39	19 20 11 14
40	18 14 6 7
41	17 10 19 14
42	8 17 13 11
43	3 10 11 15
44	4 8 11 13
45	13 18 9 19
46	16 11 4 10
47	20 8 6 11
48	10 16 12 17
49	1 2 7 8
50	5 1 10 13
Students	50
1	17 2 12 16
2	7 2 6 20
3	11 4 20 14
4	1 3 8 4
5	16 11 7 12
6	7 11 14 16
7	2 20 8 3
8	8 12 7 19
9	20 4 12 11
10	10 11 18 2
11	9 14 19 4
12	8 18 7 6
13	9 11 4 15
14	2 9 5 17
15	18 3 14 7
16	12 1 18 10
17	5 8 20 6
18	6 13 18 17
19	15 10 11 2
20	3 14 7 5
21	11 2 19 3
22	5 15 1 7
23	14 15 2 8
24	3 5 16 2
25	20 15 10 3
26	9 14 8 4
27	5 8 1 15
28	3 4 5 15
29	7 13 2 5
30	14 7 12 8
31	19 14 20 13
32	10 15 7 19
33	8 9 5 19
34	17 16 8 15
35	16 4 13 8
36	15 12 18 14
37	5 10 17 9
38	9 10 6 16
39	2 10 3 15
40	12 15 14 13
41	13 20 1 2
42	1 9 12 5
43	2 13 6 12
44	1 14 18 2
45	19 20 12 9
46	19 20 12 9
47	11 17 10 12
48	4 16 6 3
49	4 1 5 12
50	6 16 10 17
Students	50
1	7 4 16 20
2	3 9 18 10
3	3 18 8 1
4	6 5 16 7
5	5 16 17 12
6	9 14 5 19
7	7 18 1 17
8	15 5 10 12
9	8 11 19 3
10	11 7 17 20
11	7 8 4 6
12	14 5 17 8
13	10 18 11 15
14	5 10 2 16
15	12 14 1 13
16	2 16 6 15
17	20 9 7 15
18	1 5 16 3
19	15 1 2 13
20	3 13 1 11
21	3 9 19 12
22	20 11 4 17
23	9 17 14 20
24	20 14 8 18
25	6 15 4 8
26	14 15 16 11
27	15 14 18 12
28	17 20 10 13
29	18 8 20 7
30	3 2 9 10
31	7 3 9 16
32	4 6 10 3
33	10 14 9 12
34	12 5 15 4
35	2 18 15 10
36	4 16 7 3
37	12 8 9 7
38	17 12 4 6
39	11 19 17 10
40	19 17 18 2
41	17 11 13 3
42	10 20 5 4
43	9 7 6 20
44	3 13 17 20
45	15 7 18 6
46	3 12 17 4
47	20 19 3 13
48	9 18 1 16
49	13 12 7 18
50	13 15 5 8
Students	50
1	10 4 5 18
2	16 2 6 11
3	10 7 14 8
4	15 11 14 4
5	17 10 4 6
6	4 11 17 18
7	11 17 1 2
8	17 2 1 6
9	11 1 16 14
10	5 17 19 12
11	5 20 7 16
12	2 7 8 20
13	7 3 14 9
14	5 13 7 8
15	1 20 11 15
16	18 8 14 13
17	8 5 1 3
18	12 8 20 5
19	16 17 7 11
20	12 2 9 20
21	12 7 11 9
22	11 9 7 16
23	17 12 7 18
24	18 7 16 14
25	10 3 11 7
26	6 11 18 5
27	7 18 12 8
28	13 20 15 16
29	19 6 10 14
30	20 8 3 11
31	10 12 3 15
32	19 14 9 12
33	5 15 9 14
34	14 3 10 12
35	5 20 15 11
36	8 2 6 11
37	15 10 1 12
38	9 15 5 8
39	8 9 4 3
40	11 19 12 4
41	7 4 18 1
42	11 19 3 6
43	11 8 5 15
44	19 13 4 1
45	7 10 18 16
46	12 15 5 1
47	19 14 2 17
48	9 12 2 3
49	2 11 15 6
50	2 9 5 19
Students	50
1	7 1 19 17
2	17 19 10 14
3	14 5 9 15
4	16 15 10 4
5	18 10 3 20
6	15 6 14 5
7	5 13 7 10
8	8 20 12 19
9	10 12 13 14
10	17 15 11 1
11	13 5 10 2
12	4 13 1 16
13	1 10 9 12
14	14 4 13 6
15	7 12 5 4
16	9 2 13 4
17	6 2 9 16
18	19 16 2 15
19	7 18 17 9
20	12 17 8 10
21	1 18 17 16
22	9 11 2 16
23	1 4 16 11
24	12 2 11 18
25	6 13 10 11
26	10 16 8 11
27	4 11 1 6
28	9 10 18 4
29	3 16 14 1
30	7 12 9 11
31	3 17 6 18
32	16 14 12 3
33	6 18 4 1
34	5 16 17 4
35	16 19 13 2
36	3 11 1 2
37	11 19 18 16
38	11 14 15 10
39	19 6 12 10
40	19 12 15 13
41	3 6 16 8
42	15 19 4 1
43	12 14 5 10
44	13 5 3 2
45	5 9 3 14
46	5 6 11 2
47	6 15 16 12
48	6 14 13 2
49	7 5 16 6
50	9 4 18 7
Students	50
1	4 3 17 11
2	11 7 19 20
3	14 12 7 19
4	16 1 2 18
5	13 10 1 20
6	18 1 20 5
7	20 3 10 15
8	6 1 19 15
9	6 2 15 1
10	5 6 12 11
11	20 11 12 10
12	6 11 19 5
13	7 6 16 10
14	18 1 4 13
15	11 4 7 5
16	11 1 14 12
17	11 9 2 15
18	20 2 4 5
19	12 9 6 20
20	20 15 13 11
21	10 3 5 18
22	6 1 16 18
23	11 3 9 5
24	13 15 14 19
25	14 16 7 19
26	17 10 6 2
27	8 9 4 7
28	2 1 17 10
29	9 5 14 1
30	8 18 19 20
31	12 15 8 5
32	13 10 11 20
33	19 8 6 4
34	13 4 18 3
35	17 18 9 12
36	15 14 1 2
37	8 13 1 2
38	4 7 11 20
39	18 12 3 17
40	19 7 11 20
41	19 18 5 4
42	15 19 7 14
43	13 9 1 17
44	10 4 1 19
45	20 19 13 15
46	14 16 11 18
47	10 7 9 19
48	9 11 6 5
49	1 14 7 15
50	8 7 9 16
Students	50
1	19 13 5 20
2	4 9 15 10
3	4 17 3 10
4	6 8 9 16
5	18 3 20 1
6	6 7 3 13
7	6 15 19 16
8	3 8 2 20
9	14 9 1 3
10	14 17 5 1
11	16 20 17 14
12	6 1 19 7
13	9 6 5 15
14	8 5 16 12
15	14 19 20 15
16	13 7 16 3
17	3 15 19 14
18	10 9 5 3
19	14 16 7 20
20	6 10 16 20
21	8 4 14 5
22	14 3 1 12
23	18 9 11 16
24	19 9 6 4
25	12 3 15 19
26	1 9 10 4
27	1 15 12 13
28	3 13 15 8
29	11 18 19 1
30	2 12 20 4
31	11 7 14 16
32	7 14 9 15
33	18 19 6 3
34	15 7 10 14
35	15 9 14 1
36	13 12 1 8
37	2 1 10 15
38	11 20 4 19
39	11 18 2 8
40	9 7 4 2
41	11 2 14 16
42	3 9 6 14
43	9 2 12 16
44	9 3 2 17
45	6 2 20 14
46	7 17 10 12
47	9 12 2 1
48	11 10 2 8
49	12 3 9 6
50	17 12 1 20
Students	50
1	14 2 20 9
2	2 15 13 7
3	8 14 3 6
4	19 15 11 8
5	13 15 18 20
6	11 7 13 6
7	15 14 2 3
8	17 16 6 18
9	11 8 5 16
10	15 4 16 18
11	10 7 16 13
12	9 5 7 16
13	4 15 9 3
14	9 7 15 19
15	10 15 17 6
16	8 4 6 9
17	6 10 13 16
18	2 5 8 14
19	11 1 16 9
20	15 12 1 16
21	18 16 14 8
22	5 2 7 9
23	6 20 13 17
24	15 7 1 20
25	15 17 13 14
26	9 6 12 13
27	10 12 20 19
28	10 2 13 15
29	14 19 18 16
30	4 2 1 15
31	6 10 4 1
32	2 8 6 12
33	16 11 6 2
34	12 17 13 6
35	19 17 4 1
36	17 3 16 11
37	1 16 5 4
38	17 4 15 12
39	8 7 14 5
40	16 8 7 4
41	7 10 14 4
42	9 2 6 3
43	8 16 7 20
44	8 5 15 20
45	18 8 19 14
46	15 11 4 13
47	11 16 17 14
48	10 5 8 15
49	16 10 20 11
50	9 16 10 14
Students	50
1	19 14 11 7
2	3 15 19 5
3	10 9 14 15
4	15 5 2 6
5	6 12 20 3
6	4 11 18 20
7	3 10 15 19
8	15 12 4 5
9	4 3 19 2
10	12 11 10 4
11	11 6 14 9
12	2 15 20 19
13	12 2 4 10
14	13 17 11 6
15	20 17 5 1
16	15 4 10 7
17	17 11 16 20
18	6 14 10 8
19	5 2 19 14
20	14 1 4 20
21	20 6 13 12
22	12 16 11 8
23	6 19 15 13
24	11 18 15 20
25	2 13 7 19
26	14 3 10 1
27	8 9 11 2
28	5 8 18 2
29	9 2 6 14
30	10 3 17 5
31	13 4 12 2
32	20 19 7 5
33	1 15 9 6
34	8 13 11 3
35	4 9 12 6
36	19 14 1 5
37	7 19 17 3
38	15 6 14 16
39	7 18 4 17
40	17 5 20 11
41	18 6 2 15
42	2 11 4 6
43	17 18 10 20
44	1 20 13 4
45	1 14 7 2
46	4 2 19 16
47	17 12 1 8
48	4 1 3 20
49	20 15 13 2
50	11 1 3 6
Students	50
1	6 18 19 3
2	4 20 17 5
3	17 3 8 9
4	13 19 18 12
5	2 8 15 14
6	16 2 12 4
7	20 5 16 12
8	7 4 17 16
9	4 15 14 16
10	17 9 15 12
11	17 4 13 14
12	18 10 8 6
13	19 9 8 12
14	3 9 10 7
15	17 7 18 9
16	6 15 20 18
17	18 9 20 14
18	4 10 6 13
19	14 3 20 11
20	2 14 18 11
21	4 12 9 15
22	9 5 8 2
23	12 8 17 3
24	18 17 12 14
25	18 14 6 9
26	11 7 16 12
27	10 5 2 8
28	6 14 9 1
29	1 19 4 8
30	13 3 16 10
31	18 20 9 15
32	7 5 11 14
33	4 11 15 10
34	18 19 15 10
35	3 18 19 9
36	9 19 15 11
37	17 10 14 4
38	16 6 13 4
39	15 1 19 14
40	6 8 15 2
41	1 15 8 9
42	10 17 6 15
43	19 5 2 3
44	14 1 7 15
45	11 5 10 19
46	4 2 12 9
47	3 19 11 8
48	18 16 1 6
49	14 19 13 17
50	3 6 15 7
Students	50
1	16 12 20 3
2	9 11 8 16
3	5 1 18 16
4	2 3 6 4
5	17 1 18 13
6	16 3 10 5
7	3 2 19 1
8	19 6 15 16
9	2 15 19 5
10	15 11 16 18
11	2 19 17 16
12	11 6 19 2
13	9 10 14 15
14	20 2 13 11
15	1 12 6 4
16	4 19 14 18
17	8 13 16 9
18	6 16 5 14
19	14 9 4 16
20	5 18 10 6
21	9 19 15 17
22	1 4 15 6
23	5 10 2 9
24	6 10 20 13
25	18 6 11 8
26	20 4 16 14
27	12 8 19 18
28	6 15 19 2
29	12 16 19 8
30	17 3 6 14
31	19 2 8 13
32	20 11 13 19
33	19 8 15 1
34	2 1 7 12
35	13 4 11 20
36	1 7 20 14
37	19 7 18 8
38	15 4 5 10
39	10 14 8 15
40	13 15 1 14
41	15 20 6 4
42	8 15 16 4
43	2 16 18 13
44	13 5 12 10
45	12 8 9 15
46	17 2 12 6
47	2 7 14 19
48	15 18 11 14
49	7 18 13 8
50	8 18 10 17
