Students	1000
1	97 68 20 87
2	47 58 80 93
3	38 25 90 91
4	78 89 60 2
5	27 48 18 49
6	92 16 70 94
7	93 35 1 92
8	7 10 35 99
9	93 91 57 51
10	32 45 21 27
11	56 49 98 39
12	59 10 24 18
13	41 66 75 9
14	69 10 79 12
15	77 92 25 85
16	18 57 9 39
17	63 23 43 41
18	72 6 22 18
19	43 72 17 53
20	22 59 41 6
21	36 30 80 71
22	93 43 77 38
23	95 2 60 81
24	62 41 47 15
25	73 62 95 7
26	3 51 12 89
27	65 56 17 26
28	10 33 8 76
29	68 1 47 33
30	12 87 78 29
31	3 75 55 11
32	97 1 68 99
33	86 33 78 10
34	7 27 48 67
35	41 10 47 85
36	87 96 67 23
37	74 97 86 22
38	33 67 86 5
39	66 29 86 36
40	98 53 48 86
41	52 90 47 12
42	79 37 65 33
43	18 53 88 84
44	100 48 41 27
45	73 99 18 98
46	66 41 36 47
47	41 81 99 42
48	81 69 89 38
49	63 18 32 99
50	82 85 58 63
51	3 13 14 62
52	2 50 66 7
53	16 87 27 19
54	4 92 77 95
55	47 41 18 71
56	79 67 39 84
57	62 59 79 13
58	54 95 48 80
59	70 55 32 27
60	20 5 11 9
61	95 56 41 68
62	99 100 25 73
63	31 84 76 45
64	11 100 82 92
65	61 70 92 90
66	72 75 95 41
67	34 45 67 44
68	93 29 90 6
69	46 34 50 82
70	29 31 55 98
71	90 93 26 88
72	69 19 77 16
73	93 58 15 91
74	81 48 40 32
75	66 54 98 94
76	71 47 6 32
77	81 51 69 45
78	35 39 46 16
79	80 1 2 37
80	5 52 47 14
81	94 78 38 48
82	40 65 4 88
83	26 55 38 4
84	47 40 73 84
85	58 31 93 44
86	9 100 66 92
87	29 18 68 44
88	73 66 56 50
89	71 43 14 18
90	77 88 50 14
91	51 12 54 25
92	58 79 84 90
93	78 56 77 98
94	90 51 96 94
95	19 40 79 84
96	19 46 41 90
97	85 30 17 2
98	27 67 97 3
99	20 14 23 66
100	22 61 89 25
101	10 19 16 76
102	25 1 22 28
103	91 93 89 71
104	89 97 9 15
105	69 33 72 65
106	94 31 64 58
107	4 93 5 75
108	98 78 34 80
109	17 47 63 71
110	56 18 59 14
111	45 29 30 31
112	28 80 74 4
113	66 1 14 13
114	5 78 84 27
115	78 5 81 15
116	83 94 50 48
117	85 27 56 62
118	15 78 50 72
119	46 80 61 45
120	51 40 65 84
121	80 29 33 15
122	20 16 26 32
123	25 30 56 11
124	97 61 37 31
125	19 57 88 92
126	26 59 60 42
127	70 33 59 69
128	57 75 31 15
129	41 61 65 32
130	34 94 56 18
131	43 72 53 80
132	77 84 11 83
133	58 20 11 15
134	53 24 5 41
135	82 92 36 23
136	97 44 18 11
137	63 90 73 89
138	10 69 56 92
139	7 24 19 61
140	17 80 65 32
141	19 9 10 26
142	98 9 40 75
143	40 100 36 13
144	89 61 12 16
145	13 37 61 75
146	95 32 75 24
147	20 91 76 48
148	24 67 99 15
149	33 99 36 52
150	37 74 57 95
151	41 31 56 25
152	78 94 75 84
153	53 12 95 36
154	20 5 24 6
155	13 31 91 64
156	2 53 14 19
157	24 30 17 86
158	13 57 14 21
159	27 1 86 4
160	25 53 82 72
161	13 94 7 16
162	48 24 2 62
163	37 78 64 57
164	34 71 75 40
165	87 90 89 2
166	64 35 72 51
167	10 97 58 36
168	68 15 13 10
169	45 12 37 81
170	26 77 93 89
171	23 92 47 8
172	57 43 84 87
173	69 6 30 42
174	66 40 42 29
175	35 44 89 47
176	27 41 90 89
177	74 73 47 88
178	52 58 98 93
179	61 60 3 64
180	23 66 86 64
181	34 99 95 100
182	100 41 28 3
183	36 72 61 47
184	97 21 24 31
185	23 74 47 97
186	99 93 31 73
187	54 13 89 27
188	97 7 5 59
189	42 10 70 44
190	83 50 2 97
191	94 69 38 24
192	92 11 95 46
193	24 59 60 91
194	63 96 99 81
195	28 86 60 44
196	9 22 16 21
197	7 11 70 96
198	27 4 48 37
199	16 40 79 59
200	75 25 24 56
201	85 2 74 98
202	94 6 17 62
203	28 45 46 14
204	8 97 22 20
205	38 69 3 90
206	15 62 80 66
207	51 67 21 76
208	29 14 42 41
209	4 1 56 13
210	44 7 25 75
211	88 15 98 4
212	29 33 48 38
213	15 63 68 67
214	39 23 15 54
215	1 88 67 31
216	3 97 4 62
217	7 90 73 65
218	58 65 66 59
219	60 94 64 89
220	19 26 70 64
221	90 68 96 58
222	43 84 87 94
223	42 60 46 40
224	93 83 66 16
225	23 68 3 22
226	47 48 41 63
227	7 31 1 100
228	63 31 99 96
229	36 22 92 13
230	40 66 59 6
231	56 49 98 40
232	26 98 10 76
233	1 40 16 57
234	65 40 44 24
235	13 47 32 31
236	59 3 33 66
237	49 43 47 31
238	29 1 94 84
239	96 89 47 79
240	55 90 82 83
241	35 57 32 13
242	28 90 29 61
243	51 61 49 67
244	44 65 98 57
245	13 77 23 18
246	23 97 29 56
247	51 90 36 13
248	67 36 29 91
249	78 93 51 30
250	33 64 4 10
251	2 42 10 78
252	38 94 32 23
253	62 52 89 14
254	89 16 53 90
255	92 30 50 14
256	11 4 1 75
257	15 84 41 72
258	80 73 77 21
259	86 36 56 31
260	25 75 76 82
261	10 20 24 44
262	95 57 68 92
263	51 29 93 4
264	5 29 83 26
265	25 84 40 13
266	12 11 78 61
267	56 18 99 73
268	38 2 7 33
269	21 34 65 39
270	18 72 42 33
271	94 90 42 89
272	56 36 100 97
273	6 80 97 22
274	45 74 18 83
275	10 19 20 22
276	83 48 75 43
277	47 15 23 100
278	57 84 41 63
279	34 30 58 28
280	50 79 42 47
281	94 23 29 2
282	32 84 42 98
283	64 79 41 33
284	61 73 83 60
285	95 59 36 29
286	8 48 56 62
287	30 63 81 98
288	72 28 68 42
289	18 36 32 7
290	95 11 8 45
291	78 14 67 35
292	14 71 89 27
293	96 97 42 3
294	2 68 27 90
295	70 96 86 69
296	29 78 93 32
297	7 69 67 12
298	69 57 39 87
299	71 40 100 48
300	4 52 75 18
301	80 46 70 28
302	53 86 26 36
303	34 42 58 69
304	50 11 60 95
305	42 29 78 54
306	29 64 95 3
307	84 82 60 21
308	21 35 75 72
309	36 69 47 81
310	66 53 45 14
311	77 50 83 48
312	46 9 7 92
313	9 28 82 89
314	64 98 72 95
315	63 52 50 73
316	97 11 70 61
317	50 30 41 89
318	31 17 58 38
319	64 79 37 96
320	33 32 57 15
321	95 39 13 33
322	32 88 85 22
323	71 72 40 5
324	17 67 15 29
325	2 99 12 11
326	5 43 85 24
327	57 43 36 47
328	5 50 1 69
329	84 94 19 74
330	78 93 94 42
331	19 40 23 15
332	70 36 87 18
333	97 35 21 93
334	89 74 30 92
335	79 95 30 65
336	26 25 18 91
337	37 84 64 82
338	65 57 17 95
339	2 95 4 51
340	52 38 67 86
341	78 8 16 79
342	13 27 96 63
343	50 74 90 98
344	56 25 99 33
345	90 54 19 49
346	23 50 28 81
347	12 9 62 34
348	57 69 93 94
349	41 19 57 69
350	91 74 70 63
351	95 46 33 18
352	30 24 8 58
353	72 56 10 3
354	5 67 2 58
355	36 34 96 53
356	67 12 18 1
357	56 33 43 26
358	24 81 44 27
359	13 36 99 11
360	51 13 54 63
361	96 12 93 9
362	47 42 45 5
363	62 83 10 26
364	86 64 9 75
365	89 23 67 32
366	85 91 68 86
367	98 89 25 47
368	40 62 30 5
369	84 95 49 21
370	43 41 23 38
371	50 15 22 66
372	52 69 32 76
373	73 45 29 79
374	68 32 64 40
375	17 37 44 33
376	37 40 39 13
377	88 45 53 48
378	45 66 77 23
379	36 79 71 99
380	25 81 76 63
381	94 87 90 97
382	81 61 93 8
383	47 89 74 54
384	60 52 63 47
385	50 46 45 23
386	29 94 79 50
387	96 69 12 72
388	32 18 1 34
389	69 63 42 36
390	85 25 60 84
391	17 60 61 37
392	97 66 85 31
393	32 89 83 69
394	93 61 73 78
395	13 45 85 2
396	81 41 56 35
397	65 29 28 1
398	72 67 10 43
399	4 3 1 46
400	31 10 29 69
401	87 90 30 42
402	40 49 38 12
403	81 18 98 77
404	58 52 2 66
405	36 86 22 20
406	77 9 21 56
407	4 87 53 17
408	59 92 74 73
409	91 73 3 89
410	13 24 35 48
411	10 60 4 63
412	47 36 31 66
413	31 17 37 87
414	23 91 22 44
415	86 16 26 11
416	54 97 34 20
417	3 34 77 26
418	41 18 50 36
419	41 21 55 87
420	75 55 57 34
421	58 55 53 40
422	61 55 46 34
423	69 10 50 55
424	7 33 19 36
425	52 13 92 48
426	72 47 63 46
427	67 16 63 75
428	38 44 16 74
429	94 42 79 55
430	19 69 34 22
431	80 25 26 87
432	26 52 35 83
433	35 34 53 55
434	11 97 95 32
435	7 85 54 8
436	94 29 41 74
437	48 2 28 45
438	8 14 80 63
439	21 73 56 60
440	66 43 97 57
441	66 22 98 56
442	18 20 47 15
443	3 27 49 39
444	94 32 61 69
445	93 28 94 41
446	69 73 99 27
447	3 6 24 91
448	41 18 59 77
449	98 70 75 81
450	32 100 7 59
451	70 33 99 39
452	24 100 38 66
453	68 72 83 93
454	12 33 61 16
455	11 27 63 5
456	33 12 52 34
457	83 43 9 58
458	35 67 98 87
459	86 45 97 84
460	35 24 65 17
461	29 22 90 100
462	60 75 35 29
463	65 25 62 60
464	14 88 42 10
465	8 81 34 74
466	98 4 66 68
467	4 22 35 61
468	92 14 18 33
469	67 19 46 41
470	3 58 55 78
471	47 4 16 65
472	90 63 67 66
473	20 73 96 38
474	74 10 18 85
475	17 54 76 52
476	82 24 76 51
477	42 6 13 43
478	61 68 40 17
479	33 66 56 80
480	37 31 55 77
481	35 28 36 96
482	33 22 18 59
483	16 24 21 75
484	42 64 72 43
485	60 32 65 83
486	18 68 62 54
487	29 83 3 22
488	82 38 67 85
489	81 11 85 76
490	7 9 34 44
491	88 25 14 37
492	5 62 37 96
493	39 42 53 7
494	56 96 45 66
495	47 69 78 48
496	97 72 48 63
497	66 100 89 73
498	72 58 52 29
499	87 28 48 91
500	87 77 93 82
501	26 9 93 69
502	8 44 41 6
503	13 5 93 34
504	33 84 47 8
505	79 41 52 93
506	75 49 40 43
507	23 61 29 20
508	33 35 77 6
509	31 56 42 72
510	76 94 12 79
511	58 83 15 20
512	29 87 52 81
513	69 94 92 36
514	89 25 80 22
515	28 99 69 61
516	49 60 33 81
517	57 59 19 84
518	89 99 27 63
519	53 58 28 39
520	78 66 87 10
521	22 18 99 52
522	21 4 25 72
523	99 83 18 38
524	100 54 1 99
525	65 75 37 49
526	34 7 48 50
527	97 18 5 43
528	34 93 38 54
529	6 63 66 71
530	13 73 30 2
531	57 77 66 45
532	48 19 38 56
533	47 56 87 96
534	28 49 5 41
535	46 35 34 74
536	70 23 69 3
537	57 70 78 30
538	85 79 63 78
539	85 81 88 45
540	19 57 69 3
541	86 27 74 58
542	9 16 2 49
543	33 12 3 30
544	13 87 3 63
545	14 44 28 54
546	85 67 51 68
547	2 40 93 55
548	19 8 43 4
549	85 59 58 24
550	63 15 16 66
551	56 61 86 50
552	56 45 74 93
553	46 25 82 35
554	84 34 39 86
555	100 51 49 84
556	76 14 33 86
557	86 62 65 61
558	76 27 98 92
559	7 60 36 35
560	98 28 11 25
561	34 13 50 97
562	30 88 41 34
563	62 25 54 89
564	79 76 39 34
565	26 19 97 21
566	18 28 60 21
567	51 58 19 79
568	96 33 11 86
569	71 100 98 30
570	43 77 86 63
571	54 22 96 42
572	89 34 57 38
573	48 19 97 74
574	94 29 44 98
575	60 6 88 63
576	26 96 36 99
577	38 82 30 10
578	82 2 76 44
579	25 13 49 74
580	4 79 43 28
581	66 33 19 69
582	71 36 81 80
583	1 78 99 100
584	70 13 59 80
585	14 81 77 97
586	93 25 80 51
587	11 17 79 19
588	24 92 59 20
589	86 45 26 91
590	21 33 92 82
591	66 39 54 88
592	80 78 72 10
593	75 18 62 50
594	20 94 72 99
595	85 84 3 40
596	57 32 10 95
597	14 28 50 33
598	12 93 3 83
599	28 80 96 94
600	97 18 75 64
601	38 37 16 8
602	32 68 20 19
603	63 61 100 43
604	23 33 41 47
605	75 7 95 36
606	65 98 81 41
607	36 67 37 81
608	11 96 42 35
609	76 71 24 89
610	84 73 18 99
611	72 94 95 48
612	4 85 35 14
613	22 45 2 32
614	29 87 57 11
615	43 15 27 63
616	22 94 32 33
617	46 63 75 23
618	89 90 10 88
619	78 2 7 38
620	40 4 51 78
621	32 2 100 71
622	4 69 20 8
623	22 16 82 15
624	50 22 36 97
625	32 15 73 69
626	93 41 84 61
627	77 74 27 49
628	19 77 9 31
629	7 87 18 83
630	9 34 10 61
631	9 54 47 43
632	1 82 58 65
633	19 53 70 28
634	94 56 100 82
635	10 34 16 75
636	68 64 29 69
637	60 40 47 97
638	94 3 81 91
639	72 55 91 19
640	27 7 86 15
641	52 6 18 15
642	2 80 91 90
643	20 65 16 54
644	43 60 35 11
645	89 68 8 97
646	85 23 52 57
647	96 80 65 66
648	25 69 99 73
649	74 41 34 54
650	83 100 27 14
651	2 40 94 9
652	55 98 78 47
653	43 56 8 68
654	85 47 16 88
655	36 44 41 32
656	74 71 66 10
657	14 68 99 90
658	14 24 60 78
659	43 25 17 96
660	39 67 64 40
661	3 29 71 85
662	17 12 75 14
663	51 89 28 75
664	77 74 76 93
665	81 76 16 39
666	17 83 8 67
667	60 48 7 50
668	96 68 77 99
669	53 36 70 15
670	77 72 5 30
671	36 12 56 87
672	19 44 72 95
673	77 32 41 64
674	14 79 45 60
675	35 100 72 17
676	49 23 34 3
677	90 24 40 53
678	82 8 92 91
679	60 66 4 22
680	40 7 69 39
681	89 69 13 58
682	41 32 13 17
683	94 45 26 2
684	43 15 66 56
685	54 13 71 31
686	8 99 48 69
687	80 84 9 20
688	11 61 59 15
689	5 60 39 61
690	82 13 69 95
691	54 72 32 71
692	14 97 37 88
693	36 22 100 26
694	2 51 85 93
695	14 91 77 50
696	86 69 59 88
697	64 67 21 30
698	100 77 91 69
699	25 33 87 17
700	34 59 56 82
701	87 75 65 97
702	86 33 13 21
703	26 2 24 58
704	5 8 9 25
705	45 83 30 57
706	64 27 6 73
707	84 76 43 81
708	82 45 41 33
709	24 69 65 61
710	94 41 4 9
711	2 25 100 92
712	63 66 71 74
713	49 95 52 94
714	24 22 89 98
715	86 34 42 38
716	37 8 54 51
717	32 54 84 62
718	48 70 38 92
719	52 97 55 79
720	24 84 18 16
721	29 79 22 72
722	73 4 38 64
723	33 26 50 97
724	56 58 99 38
725	89 93 39 7
726	80 72 78 94
727	79 82 39 32
728	92 36 79 38
729	67 91 10 15
730	89 20 83 88
731	100 64 82 37
732	93 49 26 19
733	18 79 54 75
734	43 13 5 28
735	12 84 99 33
736	90 91 9 48
737	78 20 94 69
738	63 42 57 53
739	58 50 79 20
740	21 98 85 29
741	86 82 59 78
742	50 95 2 82
743	17 55 35 32
744	20 61 25 58
745	92 1 77 86
746	4 18 46 77
747	77 56 10 100
748	6 95 2 28
749	97 81 12 58
750	68 99 88 46
751	22 80 71 67
752	61 46 24 39
753	80 63 26 55
754	79 72 7 63
755	66 21 57 60
756	61 85 78 72
757	77 41 83 46
758	10 30 12 76
759	83 21 10 40
760	74 99 54 67
761	79 23 42 30
762	33 89 61 71
763	44 57 6 72
764	98 90 2 88
765	7 38 68 16
766	59 17 30 97
767	60 68 22 5
768	1 51 11 22
769	80 61 89 90
770	54 100 2 21
771	56 95 66 94
772	30 74 3 100
773	16 48 34 55
774	46 49 66 53
775	44 85 17 24
776	23 37 8 38
777	42 15 66 22
778	38 28 74 69
779	69 43 61 40
780	64 47 6 90
781	83 33 94 12
782	55 100 49 35
783	46 94 80 99
784	59 84 77 58
785	37 17 89 74
786	90 2 9 45
787	99 2 55 78
788	46 15 78 65
789	32 40 18 43
790	94 98 33 8
791	40 21 3 34
792	59 17 90 55
793	56 17 18 93
794	63 3 66 90
795	14 22 85 55
796	76 22 56 62
797	69 77 23 26
798	45 94 68 14
799	23 45 38 30
800	19 53 59 77
801	90 53 37 61
802	63 42 14 79
803	31 48 2 61
804	22 61 80 85
805	7 32 94 8
806	10 55 14 61
807	41 48 84 1
808	22 56 95 92
809	47 20 22 48
810	29 70 36 84
811	80 58 64 29
812	2 79 20 98
813	63 12 29 68
814	99 73 14 41
815	8 42 47 55
816	26 63 87 66
817	82 63 5 84
818	66 78 95 91
819	40 21 44 35
820	33 26 21 55
821	42 27 17 13
822	26 31 88 82
823	37 13 32 76
824	81 37 69 54
825	57 33 17 7
826	25 24 30 66
827	43 70 93 89
828	38 67 28 10
829	24 94 95 100
830	26 11 77 19
831	65 42 11 16
832	59 39 68 55
833	88 65 16 60
834	71 86 68 22
835	10 76 20 4
836	16 56 94 19
837	49 48 46 60
838	75 42 91 31
839	28 43 58 86
840	9 21 33 98
841	45 98 10 43
842	24 43 46 81
843	89 23 26 48
844	82 14 63 15
845	47 93 20 100
846	81 66 39 19
847	9 23 78 11
848	91 60 87 86
849	21 69 52 87
850	22 58 46 64
851	74 44 57 49
852	86 9 84 79
853	68 86 75 49
854	62 23 40 3
855	14 23 60 68
856	52 14 67 19
857	29 47 87 15
858	37 12 91 49
859	89 60 73 5
860	88 12 4 50
861	6 74 33 52
862	42 41 60 100
863	74 5 81 32
864	84 26 37 70
865	39 76 48 24
866	72 76 41 65
867	93 26 53 85
868	8 45 92 76
869	69 41 33 76
870	43 34 95 20
871	36 95 66 99
872	42 54 33 69
873	58 89 35 70
874	46 37 87 41
875	81 14 3 24
876	97 84 33 93
877	16 86 74 71
878	27 25 82 7
879	59 67 34 93
880	25 93 8 91
881	20 95 7 68
882	40 91 90 48
883	68 52 76 91
884	66 78 28 30
885	25 7 96 60
886	70 39 21 87
887	93 11 66 84
888	8 11 24 54
889	13 18 70 30
890	54 89 8 99
891	36 52 96 30
892	17 87 95 84
893	13 10 18 64
894	89 42 93 20
895	70 56 11 25
896	70 53 40 3
897	80 11 9 8
898	28 24 39 78
899	33 62 86 21
900	53 64 2 75
901	8 48 85 61
902	28 20 76 74
903	100 86 41 40
904	8 49 46 10
905	87 86 58 79
906	41 76 35 58
907	43 97 69 52
908	20 35 44 25
909	82 49 59 22
910	50 51 75 55
911	80 3 26 27
912	93 97 36 73
913	24 68 44 79
914	98 91 37 1
915	47 76 28 4
916	22 27 72 99
917	50 90 44 88
918	39 83 36 68
919	83 25 87 34
920	94 36 92 88
921	84 80 34 8
922	41 73 13 29
923	46 53 73 93
924	98 92 7 94
925	71 64 58 81
926	87 89 51 40
927	43 8 41 38
928	9 76 65 33
929	29 47 20 16
930	36 44 83 80
931	25 78 94 41
932	86 50 63 14
933	1 76 19 37
934	73 64 67 41
935	24 13 80 91
936	50 74 100 69
937	51 9 36 58
938	74 77 51 95
939	31 83 85 57
940	90 45 92 4
941	84 29 60 1
942	90 35 84 71
943	72 46 99 90
944	33 57 91 87
945	77 97 57 20
946	52 10 90 3
947	1 74 93 66
948	99 93 55 91
949	51 42 28 1
950	74 56 32 20
951	97 8 56 37
952	21 19 13 57
953	82 81 78 74
954	23 68 94 89
955	88 44 77 11
956	64 92 52 2
957	43 45 30 18
958	49 59 41 36
959	38 90 62 87
960	88 95 28 87
961	1 84 50 33
962	72 93 52 91
963	28 11 9 98
964	25 44 69 30
965	48 41 57 31
966	74 19 34 32
967	19 55 80 50
968	73 57 45 13
969	48 30 50 60
970	8 69 43 51
971	17 50 60 38
972	54 98 5 89
973	73 44 99 55
974	84 44 49 1
975	23 30 57 34
976	67 98 90 16
977	98 92 75 6
978	57 52 18 68
979	39 2 81 72
980	66 3 92 44
981	8 31 84 40
982	23 86 61 91
983	12 88 35 92
984	68 5 53 100
985	89 29 17 21
986	6 33 39 59
987	78 76 47 36
988	30 39 96 38
989	38 4 42 2
990	54 92 68 89
991	39 41 19 60
992	17 3 65 99
993	79 84 37 15
994	79 18 43 36
995	28 9 52 84
996	93 62 87 73
997	61 30 47 55
998	13 58 64 81
999	73 15 1 2
1000	47 59 96 1
Students	1000
1	46 60 90 31
2	63 20 6 92
3	97 34 84 57
4	72 18 71 43
5	9 74 79 37
6	6 24 21 50
7	22 49 23 18
8	48 12 62 20
9	87 2 29 78
10	69 64 78 83
11	12 5 33 74
12	37 12 39 89
13	27 81 98 87
14	58 47 13 84
15	10 99 17 21
16	41 82 52 80
17	79 87 35 32
18	13 25 26 62
19	10 16 78 90
20	31 68 12 78
21	27 20 45 84
22	8 49 68 46
23	13 38 7 39
24	35 55 66 32
25	49 42 82 51
26	67 27 84 73
27	5 16 13 51
28	49 2 91 55
29	22 4 99 81
30	72 89 56 97
31	98 65 72 82
32	19 62 76 12
33	46 70 62 98
34	59 99 32 95
35	23 63 25 21
36	32 13 72 40
37	29 77 85 35
38	86 37 98 75
39	63 71 27 96
40	93 8 94 12
41	4 18 55 33
42	96 21 55 30
43	72 3 12 52
44	53 52 87 16
45	42 50 28 30
46	18 81 47 82
47	41 16 97 1
48	46 59 32 82
49	18 23 9 72
50	8 56 10 96
51	99 82 36 50
52	22 30 62 83
53	49 4 75 38
54	20 49 42 64
55	61 60 85 35
56	15 48 16 85
57	13 31 81 55
58	42 97 13 87
59	60 93 65 29
60	74 6 45 24
61	13 11 65 36
62	70 12 68 4
63	36 88 1 96
64	28 94 51 35
65	53 73 48 80
66	66 4 88 56
67	49 46 97 1
68	87 14 25 66
69	26 21 86 7
70	50 8 13 68
71	51 76 82 26
72	91 5 2 45
73	48 44 26 29
74	22 62 43 95
75	41 87 100 17
76	54 92 76 90
77	81 91 70 66
78	92 12 69 72
79	72 45 85 70
80	93 19 65 14
81	23 51 63 89
82	36 8 46 92
83	48 29 34 78
84	48 93 44 26
85	74 75 73 61
86	24 27 3 44
87	52 94 72 5
88	58 80 26 22
89	9 78 7 93
90	49 97 99 48
91	49 74 51 28
92	33 41 1 29
93	49 9 66 7
94	11 59 32 76
95	77 29 25 4
96	85 78 98 1
97	37 4 20 50
98	39 25 15 21
99	78 54 16 46
100	10 18 26 20
101	37 88 60 56
102	20 40 29 37
103	84 3 97 8
104	57 33 25 81
105	7 64 91 11
106	22 3 40 91
107	84 43 36 49
108	77 40 80 46
109	26 30 86 65
110	96 59 18 8
111	85 70 30 1
112	91 82 50 48
113	76 33 8 17
114	71 50 82 53
115	57 23 17 71
116	8 23 44 86
117	62 89 90 99
118	12 6 68 35
119	2 55 77 69
120	95 91 65 52
121	17 3 34 9
122	74 99 79 12
123	87 73 88 53
124	14 12 23 35
125	94 75 97 24
126	60 97 43 6
127	94 3 80 45
128	4 28 48 21
129	21 3 8 41
130	80 6 72 93
131	83 59 88 52
132	63 91 65 13
133	59 53 6 65
134	51 81 8 45
135	21 29 52 50
136	88 79 32 55
137	51 73 70 55
138	43 70 82 90
139	55 78 46 22
140	5 97 37 56
141	41 66 77 49
142	76 27 71 91
143	74 15 81 47
144	63 39 47 45
145	91 68 96 53
146	70 21 42 59
147	16 77 82 30
148	4 34 70 56
149	11 37 14 9
150	2 30 24 82
151	36 21 40 45
152	28 54 86 11
153	11 20 39 16
154	69 72 58 19
155	9 50 38 13
156	89 63 22 41
157	66 26 39 99
158	41 22 37 28
159	29 19 42 46
160	94 51 98 100
161	95 96 18 34
162	60 16 91 22
163	100 13 94 55
164	10 2 96 65
165	48 20 67 50
166	76 30 97 88
167	69 12 49 30
168	42 53 87 98
169	24 23 22 54
170	86 1 35 23
171	58 74 45 71
172	25 41 63 18
173	72 13 34 84
174	86 21 2 3
175	81 84 35 83
176	93 9 92 62
177	38 69 43 28
178	52 58 55 35
179	83 61 85 98
180	88 67 30 46
181	61 24 60 95
182	46 79 21 9
183	87 92 48 49
184	6 28 26 36
185	89 3 77 49
186	72 6 31 60
187	50 51 5 52
188	35 54 31 12
189	61 65 56 41
190	81 88 50 10
191	95 43 3 7
192	98 5 6 64
193	47 78 27 79
194	60 94 97 54
195	22 96 76 20
196	92 46 50 71
197	94 37 20 86
198	99 5 27 42
199	55 2 7 51
200	68 76 23 8
201	73 89 40 9
202	21 50 22 34
203	48 76 2 39
204	58 28 75 19
205	58 24 86 97
206	74 88 95 31
207	14 94 50 60
208	73 25 80 79
209	100 10 66 20
210	89 85 80 29
211	70 40 37 36
212	41 76 34 85
213	13 57 12 44
214	43 66 17 41
215	68 37 36 77
216	79 14 20 25
217	98 21 40 7
218	47 58 45 44
219	94 35 86 81
220	36 74 18 65
221	14 63 61 5
222	83 43 74 28
223	84 39 7 71
224	73 75 87 95
225	48 30 99 55
226	22 9 87 17
227	71 90 6 43
228	34 57 61 48
229	68 79 26 5
230	85 48 7 100
231	88 12 49 65
232	68 32 73 75
233	59 52 22 20
234	62 70 21 16
235	1 16 73 5
236	30 66 21 15
237	27 37 8 7
238	48 54 66 83
239	96 56 24 47
240	89 19 53 27
241	31 40 90 87
242	44 70 21 15
243	58 36 94 1
244	18 47 96 93
245	40 90 64 65
246	6 23 3 15
247	48 7 23 15
248	69 7 57 91
249	34 35 90 31
250	9 41 34 15
251	92 7 6 50
252	88 36 42 14
253	59 98 70 50
254	61 5 11 94
255	23 21 37 87
256	55 76 86 91
257	34 74 7 32
258	93 8 19 10
259	57 78 93 61
260	47 74 86 41
261	3 6 84 1
262	79 47 5 92
263	11 17 39 46
264	87 83 63 52
265	48 83 13 3
266	15 92 53 28
267	64 4 55 54
268	26 87 48 85
269	72 32 12 45
270	10 15 30 96
271	23 1 85 24
272	24 89 6 1
273	8 77 47 41
274	88 47 69 24
275	25 55 24 57
276	70 37 85 74
277	75 1 94 10
278	12 76 32 92
279	97 77 21 30
280	75 46 57 30
281	32 27 66 28
282	98 79 30 69
283	25 100 19 16
284	70 44 35 36
285	32 91 68 25
286	13 93 79 16
287	32 36 26 18
288	53 36 90 87
289	30 68 64 39
290	48 31 50 69
291	98 25 31 74
292	86 33 17 46
293	60 92 13 46
294	6 15 39 60
295	20 78 80 66
296	43 100 81 76
297	88 37 17 64
298	46 96 84 75
299	50 58 68 46
300	97 32 64 4
301	38 64 51 4
302	35 78 41 38
303	19 97 64 54
304	81 59 26 63
305	47 60 41 40
306	2 43 7 90
307	64 41 2 46
308	79 16 94 42
309	53 39 45 19
310	35 32 26 51
311	69 59 58 3
312	50 47 45 46
313	20 12 24 22
314	3 51 16 60
315	98 23 54 35
316	10 100 55 36
317	16 24 55 4
318	16 60 33 45
319	29 72 66 87
320	97 36 25 5
321	78 62 43 31
322	64 57 90 58
323	71 44 49 79
324	24 58 99 98
325	15 88 76 57
326	4 2 85 80
327	81 19 62 61
328	89 85 53 1
329	4 14 35 40
330	54 5 38 91
331	98 66 63 97
332	56 90 1 3
333	5 96 80 59
334	46 19 28 64
335	18 2 37 46
336	38 68 49 37
337	7 24 60 65
338	37 81 57 77
339	34 58 23 7
340	36 55 2 90
341	50 6 16 94
342	82 4 2 5
343	68 62 57 20
344	58 84 66 91
345	40 75 38 54
346	59 26 64 65
347	40 25 82 54
348	47 18 20 74
349	41 23 33 67
350	23 67 85 66
351	78 89 56 15
352	69 45 93 81
353	59 88 46 74
354	95 89 5 50
355	72 66 95 46
356	50 86 64 51
357	33 37 48 78
358	57 80 70 94
359	2 72 18 55
360	4 100 63 8
361	55 96 99 62
362	55 30 47 10
363	2 57 66 4
364	32 73 59 46
365	14 65 75 61
366	55 100 37 25
367	48 46 23 68
368	80 56 40 30
369	83 54 84 85
370	23 72 52 76
371	19 4 31 21
372	90 31 35 42
373	35 21 78 69
374	73 18 77 99
375	61 87 24 70
376	76 3 11 23
377	16 82 48 86
378	42 37 88 12
379	14 11 21 64
380	95 74 73 88
381	85 4 84 75
382	89 41 9 3
383	22 27 59 56
384	7 41 87 15
385	80 71 17 66
386	92 81 34 90
387	49 36 17 62
388	11 94 92 19
389	73 13 39 48
390	43 49 51 79
391	39 25 70 56
392	89 44 3 92
393	57 19 96 17
394	14 45 92 54
395	82 99 22 63
396	74 76 69 92
397	46 28 80 33
398	64 78 74 37
399	14 91 2 89
400	23 40 73 100
401	83 91 38 1
402	71 18 83 82
403	96 58 78 19
404	42 58 20 35
405	67 15 21 50
406	2 62 33 74
407	47 93 28 74
408	60 65 76 68
409	40 53 10 35
410	79 64 93 58
411	27 53 99 8
412	80 73 40 35
413	31 20 99 43
414	43 10 53 89
415	77 100 53 79
416	35 34 29 41
417	64 2 60 66
418	4 91 66 42
419	60 53 42 51
420	1 67 73 45
421	98 11 21 99
422	19 64 2 28
423	67 48 2 62
424	45 26 96 9
425	44 31 59 82
426	51 15 29 66
427	17 51 73 92
428	45 8 78 89
429	26 80 63 47
430	22 5 11 42
431	55 69 24 91
432	5 90 73 75
433	65 40 33 63
434	96 95 82 42
435	97 64 8 80
436	44 89 96 72
437	26 95 6 100
438	39 6 78 69
439	43 4 41 64
440	85 93 81 18
441	1 49 90 96
442	36 69 71 98
443	86 3 6 40
444	18 29 4 52
445	29 67 75 80
446	21 52 76 81
447	59 24 36 30
448	86 54 10 68
449	61 71 53 58
450	18 37 95 12
451	73 40 24 76
452	27 19 64 57
453	94 45 78 54
454	72 44 7 50
455	83 57 34 38
456	5 37 95 3
457	35 77 89 51
458	42 11 16 51
459	45 58 54 1
460	77 36 7 87
461	85 19 28 45
462	19 57 86 7
463	63 24 66 25
464	96 73 85 24
465	99 21 78 92
466	89 91 20 61
467	3 88 76 65
468	68 56 24 50
469	95 80 52 63
470	79 55 11 77
471	62 75 66 68
472	19 22 48 17
473	35 90 16 41
474	33 24 47 6
475	1 48 31 11
476	37 33 7 79
477	78 15 33 16
478	20 89 78 71
479	93 52 28 30
480	89 17 59 71
481	80 96 40 79
482	63 98 56 43
483	43 37 58 72
484	32 60 92 10
485	14 70 23 9
486	50 45 11 80
487	84 36 58 73
488	11 21 83 13
489	71 35 100 57
490	11 35 48 31
491	88 40 41 74
492	74 78 53 29
493	67 92 94 2
494	69 27 16 56
495	31 98 77 92
496	70 3 59 96
497	88 76 68 62
498	21 50 36 24
499	96 85 53 44
500	19 73 74 59
501	93 6 1 21
502	75 84 46 14
503	47 60 83 11
504	22 68 31 24
505	33 39 66 22
506	48 17 21 71
507	80 31 91 46
508	12 27 77 22
509	68 26 47 15
510	86 57 53 83
511	98 76 60 94
512	78 77 53 32
513	39 80 18 9
514	35 88 74 34
515	95 4 2 10
516	79 2 83 37
517	57 55 53 63
518	2 87 20 48
519	44 17 77 68
520	55 79 81 51
521	21 6 1 56
522	49 83 70 43
523	87 76 54 64
524	7 79 48 2
525	87 74 77 33
526	17 43 50 7
527	100 34 47 10
528	79 71 16 35
529	100 1 8 63
530	45 56 3 54
531	62 39 23 31
532	96 31 45 62
533	99 64 94 21
534	8 93 2 38
535	75 23 69 41
536	29 82 26 53
537	57 22 10 61
538	44 10 91 79
539	65 75 19 20
540	90 34 53 82
541	33 3 85 14
542	81 13 3 28
543	1 59 12 95
544	96 66 49 97
545	23 67 7 74
546	77 34 12 36
547	13 70 23 99
548	66 44 31 64
549	14 93 76 15
550	24 58 50 88
551	70 55 26 83
552	59 13 33 29
553	43 49 76 74
554	44 26 1 35
555	8 51 1 55
556	72 95 12 71
557	5 55 85 46
558	8 3 84 88
559	53 18 29 96
560	55 29 16 95
561	92 86 72 4
562	34 4 82 47
563	21 26 8 2
564	2 17 39 18
565	19 33 74 91
566	31 52 72 25
567	52 80 69 5
568	54 51 68 5
569	54 99 79 58
570	63 31 67 50
571	10 99 82 84
572	87 72 90 98
573	6 98 76 45
574	24 21 58 42
575	97 8 59 34
576	94 68 82 48
577	18 44 10 11
578	80 79 92 100
579	64 32 2 26
580	43 63 8 57
581	49 57 83 68
582	54 46 22 89
583	20 8 97 77
584	58 36 62 41
585	27 51 86 42
586	79 5 65 43
587	34 2 73 37
588	34 82 38 53
589	22 4 56 28
590	41 56 4 38
591	46 82 42 34
592	54 48 60 53
593	81 35 55 70
594	27 32 85 14
595	77 17 99 57
596	57 89 87 34
597	88 41 14 90
598	80 70 46 39
599	21 81 62 76
600	12 31 46 83
601	23 65 93 78
602	43 38 98 81
603	16 37 45 44
604	72 18 12 19
605	91 4 63 22
606	4 41 72 36
607	18 86 33 53
608	94 50 89 56
609	83 10 69 26
610	70 34 8 85
611	41 74 37 75
612	69 54 14 57
613	20 95 48 14
614	56 89 49 50
615	80 79 57 69
616	41 36 7 77
617	24 79 59 95
618	19 73 87 50
619	27 48 89 43
620	46 66 24 16
621	76 40 30 43
622	62 24 94 61
623	49 98 91 31
624	10 33 17 68
625	89 88 51 33
626	92 79 17 66
627	89 73 65 68
628	35 79 25 56
629	91 17 31 86
630	98 94 10 44
631	69 94 61 72
632	84 32 41 20
633	68 84 25 60
634	67 82 95 49
635	30 16 56 35
636	16 14 94 53
637	65 11 81 28
638	60 6 37 62
639	70 19 80 28
640	19 78 47 34
641	29 73 64 4
642	22 75 65 36
643	19 15 85 48
644	28 85 1 59
645	91 84 82 72
646	96 30 92 37
647	26 30 39 84
648	36 47 60 74
649	59 16 94 69
650	99 44 41 2
651	32 87 6 28
652	43 83 19 3
653	23 38 66 26
654	9 65 15 80
655	80 23 100 26
656	88 90 71 61
657	3 95 61 1
658	68 75 29 98
659	23 80 100 39
660	47 46 3 1
661	96 95 62 87
662	11 91 56 52
663	38 35 85 99
664	50 64 9 18
665	58 92 91 96
666	57 37 59 11
667	53 82 89 74
668	47 61 35 95
669	24 68 67 39
670	50 73 91 84
671	65 70 16 83
672	37 5 23 66
673	76 47 8 64
674	17 51 3 85
675	87 67 56 12
676	21 67 38 46
677	86 9 84 5
678	83 25 93 5
679	56 94 83 40
680	54 77 82 31
681	8 85 58 74
682	70 56 68 65
683	2 53 37 62
684	13 65 30 78
685	92 41 90 89
686	56 78 18 19
687	39 53 11 67
688	94 46 48 24
689	45 85 79 14
690	83 8 21 24
691	52 89 11 33
692	12 67 71 98
693	62 65 72 70
694	34 28 92 66
695	52 46 5 62
696	29 58 1 28
697	68 25 17 70
698	93 14 43 46
699	62 1 73 56
700	48 68 78 65
701	89 90 32 80
702	43 85 33 65
703	46 61 57 69
704	81 62 98 69
705	100 60 2 39
706	18 1 67 48
707	47 3 29 91
708	63 59 68 6
709	94 99 68 21
710	95 86 3 96
711	92 70 87 90
712	45 91 7 13
713	92 58 44 25
714	35 95 24 12
715	36 16 55 74
716	6 17 61 62
717	4 77 70 50
718	58 7 9 95
719	48 56 1 92
720	68 33 69 48
721	69 80 38 84
722	38 95 60 15
723	14 13 99 62
724	97 88 90 78
725	35 92 5 6
726	73 58 72 50
727	29 39 38 81
728	17 30 91 56
729	22 72 80 40
730	12 31 33 65
731	41 72 51 65
732	83 72 45 18
733	49 93 94 4
734	78 22 99 27
735	12 13 58 86
736	88 60 90 21
737	9 86 81 84
738	87 1 66 55
739	8 91 33 44
740	32 20 23 12
741	72 78 21 73
742	98 16 72 55
743	24 77 16 86
744	4 22 49 56
745	40 13 76 69
746	51 7 85 41
747	83 32 14 65
748	95 11 86 67
749	5 65 26 4
750	64 82 40 94
751	29 20 61 26
752	62 12 21 49
753	1 92 32 29
754	65 28 16 53
755	81 70 87 71
756	40 78 80 15
757	99 71 100 48
758	69 14 50 28
759	4 59 32 28
760	45 65 52 63
761	7 19 23 80
762	2 88 83 91
763	40 79 29 6
764	14 55 86 94
765	75 53 35 34
766	46 65 69 4
767	96 38 95 78
768	65 69 62 29
769	28 36 20 29
770	55 11 93 49
771	38 95 76 58
772	19 30 61 36
773	35 51 17 12
774	26 88 72 97
775	23 31 24 34
776	13 83 80 4
777	100 56 30 4
778	93 59 80 85
779	17 93 14 35
780	10 77 74 89
781	46 76 64 56
782	91 24 85 80
783	64 17 90 70
784	54 1 78 63
785	48 65 25 41
786	16 47 77 4
787	66 51 94 33
788	7 37 58 56
789	26 40 70 44
790	48 77 59 9
791	10 20 61 37
792	88 25 74 90
793	93 22 84 37
794	21 95 50 86
795	17 96 38 21
796	69 43 49 75
797	27 30 32 82
798	85 23 66 92
799	87 28 71 19
800	64 8 22 25
801	71 5 24 41
802	46 92 47 84
803	58 25 21 97
804	24 91 8 84
805	63 57 51 22
806	60 94 82 44
807	14 64 13 96
808	9 31 98 39
809	15 31 82 10
810	10 30 37 18
811	22 69 21 43
812	31 5 47 71
813	30 69 59 20
814	99 77 76 65
815	2 56 31 98
816	83 26 37 66
817	5 57 10 6
818	28 84 6 40
819	84 70 89 77
820	69 37 89 23
821	18 82 66 65
822	39 50 13 51
823	24 66 46 68
824	75 46 1 39
825	4 12 93 43
826	40 65 10 76
827	80 78 64 59
828	80 52 16 56
829	35 59 87 56
830	82 68 39 78
831	7 55 20 97
832	29 59 13 93
833	90 37 14 22
834	2 60 38 27
835	70 59 68 89
836	12 31 91 15
837	99 5 33 19
838	84 42 80 38
839	100 54 59 90
840	24 57 37 46
841	90 17 65 45
842	97 2 92 93
843	47 46 88 79
844	88 97 46 86
845	47 49 79 19
846	29 16 96 28
847	31 3 57 52
848	55 25 76 95
849	64 92 34 73
850	11 26 56 37
851	100 85 24 70
852	64 66 76 80
853	91 1 38 57
854	14 73 72 71
855	92 87 73 74
856	96 83 45 89
857	60 23 13 71
858	64 1 7 34
859	60 21 78 28
860	68 46 11 98
861	51 66 98 2
862	13 82 66 63
863	17 65 28 58
864	54 80 84 53
865	1 99 62 92
866	61 15 4 82
867	77 34 7 51
868	98 84 1 20
869	6 43 62 97
870	68 12 14 37
871	52 4 17 82
872	88 9 93 69
873	73 62 78 56
874	34 8 43 57
875	31 81 9 80
876	52 56 6 90
877	80 42 18 59
878	33 16 99 82
879	35 21 51 23
880	85 26 16 32
881	96 61 29 85
882	65 18 28 90
883	31 87 61 7
884	100 15 12 7
885	76 21 98 84
886	58 85 33 52
887	44 88 96 64
888	47 80 92 22
889	38 45 58 17
890	35 50 96 73
891	84 69 35 20
892	51 19 95 35
893	63 8 87 76
894	87 15 80 19
895	91 13 92 97
896	94 22 87 68
897	13 21 23 49
898	11 63 66 93
899	19 5 23 6
900	68 67 47 34
901	59 25 58 62
902	22 10 43 37
903	35 34 40 93
904	81 21 13 91
905	59 41 31 44
906	51 92 1 7
907	94 70 60 61
908	30 60 86 49
909	79 89 54 92
910	100 89 34 20
911	58 52 61 15
912	47 27 56 22
913	21 82 97 45
914	66 56 68 18
915	75 96 67 85
916	24 20 12 54
917	41 74 47 28
918	8 30 96 64
919	92 7 66 56
920	67 87 12 4
921	21 98 9 37
922	90 38 17 31
923	13 1 92 23
924	56 19 34 5
925	21 53 73 1
926	41 26 45 78
927	13 20 1 83
928	23 13 65 28
929	37 19 97 51
930	19 23 34 3
931	4 44 15 17
932	80 23 38 16
933	17 12 22 46
934	29 57 84 14
935	80 48 1 47
936	4 11 95 13
937	53 94 78 19
938	55 14 78 95
939	7 22 3 79
940	12 90 56 3
941	61 86 80 100
942	73 22 89 4
943	19 15 61 56
944	30 52 94 79
945	24 95 38 79
946	43 91 79 67
947	64 51 3 88
948	34 86 47 99
949	69 81 84 7
950	18 92 90 30
951	35 18 8 29
952	73 27 65 96
953	85 5 27 89
954	70 63 67 75
955	96 83 78 3
956	59 36 30 16
957	27 22 88 98
958	29 32 86 21
959	92 46 44 82
960	94 95 46 24
961	21 63 22 60
962	48 63 94 59
963	9 25 29 26
964	85 97 100 42
965	34 56 68 49
966	40 45 99 16
967	19 82 88 71
968	65 92 76 21
969	42 90 76 69
970	10 48 73 74
971	68 42 81 41
972	9 55 31 14
973	60 92 69 9
974	13 43 28 83
975	38 15 49 80
976	67 23 26 69
977	99 74 30 34
978	32 74 64 27
979	94 54 97 71
980	65 73 97 40
981	42 66 40 11
982	54 34 12 29
983	4 16 6 96
984	25 27 88 77
985	62 78 23 19
986	90 6 8 84
987	22 32 24 9
988	17 34 30 10
989	15 80 99 32
990	42 64 23 12
991	23 50 66 88
992	51 24 40 59
993	86 7 66 78
994	38 66 62 10
995	14 70 98 47
996	25 32 98 15
997	71 3 1 56
998	49 78 97 61
999	19 51 20 35
1000	17 60 100 74
Students	1000
1	98 93 95 29
2	30 26 90 14
3	12 38 58 4
4	98 14 58 69
5	88 24 95 76
6	18 9 70 11
7	50 83 35 37
8	1 62 40 99
9	64 50 36 32
10	58 79 88 93
11	79 62 53 22
12	71 83 1 4
13	62 91 14 45
14	24 40 9 33
15	56 67 41 76
16	6 30 72 46
17	14 39 92 65
18	70 4 42 75
19	64 17 76 80
20	27 36 44 73
21	36 32 73 40
22	95 1 92 78
23	45 61 58 22
24	42 34 90 37
25	67 60 13 36
26	5 42 36 84
27	3 47 17 33
28	55 42 53 58
29	67 20 2 44
30	32 55 33 44
31	26 64 41 11
32	1 80 52 39
33	98 50 18 49
34	49 34 71 28
35	35 36 79 83
36	36 49 79 10
37	34 6 27 56
38	71 73 85 78
39	54 10 77 56
40	31 63 80 38
41	86 80 4 19
42	49 75 12 89
43	65 71 64 83
44	24 45 50 31
45	43 55 74 11
46	94 61 62 32
47	87 84 56 7
48	50 9 92 35
49	43 52 16 17
50	85 19 30 46
51	84 30 90 50
52	93 8 49 21
53	68 61 39 67
54	67 66 20 96
55	84 91 12 20
56	23 11 82 63
57	31 85 70 13
58	90 71 80 41
59	77 67 15 97
60	67 61 33 9
61	63 43 45 99
62	57 48 37 13
63	51 77 76 67
64	11 69 75 4
65	79 11 88 34
66	70 5 61 65
67	7 8 46 15
68	54 90 70 73
69	4 86 95 80
70	70 91 94 10
71	54 44 30 15
72	94 13 44 36
73	89 73 13 93
74	35 34 6 36
75	2 86 38 97
76	82 78 32 30
77	72 54 48 34
78	55 57 33 12
79	78 68 18 11
80	41 65 99 80
81	8 67 11 84
82	84 61 88 37
83	86 70 90 28
84	3 45 50 16
85	4 70 75 73
86	60 78 61 67
87	1 67 35 39
88	13 68 79 61
89	37 14 11 54
90	28 25 72 38
91	84 87 97 21
92	6 42 4 27
93	59 40 94 19
94	22 83 86 9
95	17 47 31 84
96	91 58 71 82
97	21 85 2 98
98	70 36 78 28
99	60 1 29 31
100	4 22 50 25
101	22 38 57 74
102	6 100 94 68
103	23 6 48 61
104	74 86 57 55
105	91 37 16 29
106	7 36 6 76
107	5 35 78 26
108	33 91 62 9
109	30 22 78 91
110	37 62 9 51
111	25 18 9 87
112	27 18 23 66
113	91 69 94 36
114	79 62 37 43
115	37 16 24 83
116	76 69 20 57
117	66 43 23 95
118	64 48 4 60
119	94 34 41 66
120	43 56 90 94
121	49 59 55 24
122	76 62 13 91
123	23 1 24 75
124	33 2 93 85
125	20 30 97 15
126	4 19 43 97
127	22 54 94 84
128	29 99 10 33
129	19 2 22 5
130	7 87 20 44
131	78 97 52 87
132	56 84 14 15
133	16 25 86 60
134	17 9 93 27
135	18 55 38 6
136	17 48 78 21
137	42 54 90 52
138	27 2 30 21
139	92 15 26 20
140	31 49 50 89
141	79 5 17 42
142	86 33 85 35
143	90 60 79 5
144	40 95 41 99
145	11 97 55 78
146	80 89 49 12
147	56 28 5 88
148	98 44 26 68
149	76 59 57 50
150	36 85 16 42
151	80 71 36 63
152	84 60 49 93
153	10 27 9 3
154	69 32 5 44
155	8 80 81 53
156	97 10 24 96
157	80 35 58 23
158	95 4 31 5
159	1 65 67 68
160	23 47 54 96
161	18 36 58 92
162	95 78 7 71
163	46 34 15 99
164	14 4 11 46
165	76 27 14 80
166	57 20 85 59
167	40 96 49 97
168	40 2 10 9
169	49 36 61 73
170	54 1 44 38
171	12 42 38 1
172	69 93 15 16
173	65 85 56 44
174	50 28 48 97
175	9 2 68 29
176	82 6 11 76
177	18 5 31 48
178	19 92 82 73
179	39 34 10 60
180	2 73 25 65
181	88 60 86 45
182	94 29 25 75
183	36 68 34 66
184	33 16 55 38
185	94 13 3 33
186	36 66 29 73
187	100 91 12 61
188	86 66 71 25
189	91 9 67 80
190	12 64 91 7
191	12 32 45 34
192	94 60 19 70
193	82 70 55 1
194	9 59 29 53
195	4 60 16 37
196	53 71 25 99
197	32 93 63 49
198	94 77 59 44
199	50 7 49 1
200	59 61 54 18
201	60 15 23 38
202	21 53 48 77
203	78 38 34 6
204	57 80 58 39
205	95 18 51 53
206	54 19 49 48
207	35 76 9 80
208	97 67 30 35
209	15 10 67 20
210	20 50 87 45
211	42 92 70 98
212	56 52 69 5
213	28 96 3 78
214	24 56 58 11
215	84 28 63 31
216	21 60 70 51
217	81 37 70 47
218	47 51 62 100
219	91 73 9 18
220	38 19 68 24
221	11 74 77 87
222	76 36 28 35
223	69 63 67 79
224	72 94 37 53
225	76 87 88 55
226	68 58 20 77
227	35 25 68 95
228	84 43 86 30
229	40 26 19 16
230	37 24 51 35
231	5 94 52 61
232	7 50 57 9
233	17 65 46 4
234	12 40 8 10
235	51 91 81 63
236	54 5 89 53
237	76 71 16 51
238	35 52 83 20
239	37 65 13 77
240	36 98 49 21
241	33 32 28 41
242	41 54 49 31
243	16 58 4 86
244	23 88 29 19
245	57 37 10 50
246	1 47 77 8
247	100 1 68 72
248	73 55 77 45
249	77 12 74 78
250	32 72 86 49
251	29 45 14 17
252	3 69 10 2
253	89 39 44 90
254	95 36 73 76
255	5 86 39 25
256	79 100 7 69
257	61 21 89 14
258	39 16 52 85
259	70 37 36 38
260	55 73 8 40
261	4 69 91 75
262	65 11 14 90
263	38 58 76 30
264	89 59 48 82
265	77 23 56 49
266	14 67 83 6
267	10 52 31 86
268	9 100 67 4
269	35 18 73 99
270	4 18 57 36
271	70 82 98 3
272	20 23 78 51
273	68 12 46 45
274	15 8 4 7
275	12 48 71 63
276	29 2 80 4
277	26 10 5 22
278	68 51 66 67
279	79 47 60 14
280	9 47 74 51
281	25 84 51 95
282	29 1 31 23
283	29 57 47 85
284	88 57 19 98
285	37 97 83 90
286	63 72 87 27
287	75 19 76 18
288	10 7 59 58
289	35 55 87 48
290	78 48 31 14
291	74 49 40 21
292	47 4 80 95
293	49 14 33 58
294	91 70 20 24
295	67 88 70 33
296	7 22 85 35
297	1 59 15 84
298	55 94 74 30
299	57 20 77 52
300	80 54 64 85
301	36 17 46 13
302	57 2 86 49
303	53 85 45 84
304	31 57 68 38
305	7 37 83 61
306	55 59 32 77
307	1 49 100 65
308	51 7 46 22
309	22 21 34 52
310	32 63 70 55
311	76 20 63 89
312	14 24 9 13
313	73 3 67 61
314	68 19 88 90
315	11 17 94 34
316	98 2 12 40
317	96 91 45 69
318	64 39 37 60
319	78 23 74 58
320	73 64 82 46
321	34 21 24 98
322	71 46 40 89
323	63 91 75 41
324	68 40 43 66
325	6 8 17 95
326	5 39 85 72
327	86 75 37 53
328	60 15 89 55
329	9 68 2 7
330	52 43 42 80
331	60 11 14 1
332	55 16 19 84
333	86 57 15 52
334	98 50 47 79
335	100 67 99 81
336	49 21 52 51
337	51 54 72 75
338	28 33 49 44
339	12 35 22 27
340	93 16 59 13
341	67 78 6 66
342	86 72 24 51
343	32 41 66 50
344	96 29 90 25
345	86 23 8 49
346	98 47 91 72
347	90 88 74 95
348	44 22 87 27
349	22 39 18 90
350	80 69 16 29
351	64 24 58 21
352	19 13 28 18
353	7 90 81 94
354	61 50 85 91
355	73 93 59 46
356	88 32 86 96
357	77 41 86 39
358	8 52 41 81
359	57 43 80 28
360	11 62 46 72
361	59 64 58 38
362	76 98 82 80
363	67 60 58 18
364	51 15 62 65
365	10 16 23 36
366	91 44 3 23
367	60 49 11 58
368	59 33 5 92
369	95 22 12 91
370	79 66 61 33
371	83 55 18 97
372	93 68 33 20
373	98 55 90 81
374	94 50 72 15
375	37 94 85 11
376	90 85 2 29
377	24 20 82 46
378	38 8 6 93
379	11 33 57 93
380	90 14 25 39
381	61 43 9 56
382	79 24 66 84
383	40 66 14 28
384	46 88 89 21
385	42 88 50 59
386	19 93 79 94
387	30 57 83 65
388	9 12 14 48
389	73 30 12 36
390	23 89 74 49
391	20 75 85 71
392	54 51 31 48
393	11 61 6 28
394	51 55 40 23
395	17 65 78 84
396	79 42 67 69
397	90 86 48 76
398	95 11 65 80
399	82 16 37 66
400	27 93 50 60
401	53 96 95 48
402	99 19 77 20
403	33 91 23 78
404	14 24 25 41
405	58 94 46 84
406	9 17 89 12
407	82 59 71 81
408	93 3 80 95
409	28 60 90 4
410	59 73 93 42
411	63 75 19 36
412	11 76 41 8
413	37 41 96 17
414	74 85 61 1
415	31 9 40 51
416	54 12 3 60
417	24 25 9 93
418	93 5 88 64
419	36 58 42 46
420	10 58 41 56
421	88 61 76 64
422	24 42 55 79
423	41 99 59 92
424	6 87 70 56
425	60 14 96 59
426	28 49 85 65
427	28 10 48 20
428	2 21 51 67
429	87 98 30 61
430	76 56 53 29
431	33 43 48 65
432	46 79 19 20
433	6 68 10 35
434	9 73 7 90
435	13 5 84 6
436	1 94 83 98
437	47 61 14 53
438	44 83 53 68
439	18 69 65 5
440	28 10 39 32
441	90 23 18 19
442	53 11 54 31
443	91 66 39 43
444	59 77 64 86
445	95 69 85 71
446	57 58 64 25
447	86 23 81 28
448	80 73 45 29
449	52 3 13 12
450	35 44 32 86
451	40 60 30 51
452	83 19 28 36
453	46 18 45 69
454	48 34 78 92
455	14 99 72 53
456	40 84 28 34
457	12 51 2 43
458	10 30 27 67
459	82 94 28 85
460	42 28 84 41
461	39 24 56 3
462	59 23 34 45
463	17 36 26 50
464	63 83 60 66
465	81 39 47 35
466	54 33 69 39
467	63 86 45 87
468	19 64 32 68
469	11 16 34 97
470	42 47 99 33
471	85 13 25 52
472	62 49 84 2
473	91 55 58 90
474	11 17 67 32
475	25 100 4 98
476	98 57 78 85
477	53 40 32 15
478	51 71 89 57
479	44 69 17 49
480	33 69 58 23
481	29 22 5 51
482	33 84 18 78
483	47 88 78 99
484	39 54 78 17
485	38 32 30 17
486	69 29 85 70
487	86 77 6 42
488	65 80 61 32
489	57 86 14 24
490	29 55 37 33
491	10 35 70 16
492	26 33 32 8
493	21 73 30 27
494	28 74 21 26
495	85 48 51 30
496	54 64 68 26
497	28 49 17 30
498	5 45 84 77
499	8 55 61 89
500	91 46 67 74
501	52 80 3 11
502	69 87 82 97
503	7 79 60 43
504	53 9 35 82
505	92 93 17 64
506	61 69 29 100
507	65 50 26 7
508	69 34 96 99
509	37 85 77 45
510	31 97 50 84
511	35 66 19 98
512	40 29 60 68
513	21 100 88 40
514	69 31 10 81
515	77 67 95 83
516	4 17 49 99
517	56 58 91 2
518	42 65 73 69
519	20 9 93 64
520	28 37 52 80
521	77 17 20 85
522	77 41 69 6
523	33 13 97 67
524	80 94 34 16
525	54 26 68 17
526	70 65 54 98
527	98 62 77 63
528	17 79 8 19
529	83 65 92 62
530	13 97 9 31
531	55 79 66 20
532	1 37 23 48
533	83 88 41 4
534	20 44 38 90
535	88 2 49 24
536	7 20 80 4
537	44 47 93 58
538	88 96 28 15
539	10 20 93 74
540	2 39 90 56
541	4 38 32 52
542	99 15 16 93
543	85 73 15 45
544	80 84 85 51
545	36 52 97 11
546	1 12 64 75
547	18 16 61 88
548	90 50 91 24
549	96 65 32 93
550	13 90 26 47
551	87 44 84 4
552	17 42 6 75
553	43 58 40 17
554	71 81 96 59
555	82 86 87 61
556	79 81 84 45
557	78 76 69 80
558	94 78 76 15
559	31 30 16 8
560	90 76 79 24
561	78 79 48 74
562	57 80 91 69
563	89 35 63 71
564	97 8 43 70
565	59 15 7 78
566	92 83 58 50
567	62 71 38 96
568	20 13 64 3
569	37 18 8 15
570	47 65 25 34
571	85 80 10 44
572	100 45 3 84
573	7 48 62 78
574	49 1 47 92
575	88 39 33 47
576	55 86 35 60
577	61 4 15 90
578	89 74 12 80
579	50 16 54 36
580	38 47 1 77
581	41 7 39 92
582	87 81 100 15
583	42 91 78 80
584	6 49 61 4
585	23 30 59 15
586	49 98 2 81
587	39 24 95 35
588	43 53 21 81
589	16 65 34 40
590	37 18 25 20
591	51 67 59 97
592	73 88 45 16
593	33 26 23 12
594	60 21 83 61
595	94 19 92 24
596	68 97 14 77
597	9 94 45 35
598	55 67 23 91
599	39 91 18 89
600	37 91 56 31
601	87 27 85 30
602	74 22 100 27
603	71 2 66 83
604	45 94 8 28
605	82 10 96 81
606	59 15 37 54
607	96 42 62 34
608	68 17 73 2
609	27 36 96 7
610	64 71 17 81
611	86 43 30 7
612	29 51 56 73
613	56 98 81 74
614	12 99 93 91
615	77 49 53 27
616	94 67 89 17
617	58 80 48 21
618	35 8 33 41
619	86 43 83 28
620	39 75 34 18
621	74 6 58 16
622	94 75 86 21
623	7 71 95 15
624	97 55 99 78
625	11 67 59 52
626	23 72 10 15
627	24 32 21 99
628	29 91 38 84
629	52 47 24 6
630	12 89 34 13
631	98 46 32 81
632	42 99 71 2
633	4 40 38 10
634	47 13 38 56
635	68 50 100 52
636	57 31 99 71
637	79 66 26 24
638	30 93 64 12
639	2 51 67 15
640	98 4 67 37
641	62 81 77 64
642	19 31 20 79
643	19 88 87 59
644	69 50 92 52
645	4 85 41 34
646	70 83 68 29
647	68 60 62 88
648	31 9 17 13
649	58 43 46 56
650	4 93 78 6
651	44 83 9 45
652	78 38 16 47
653	89 22 20 40
654	52 17 67 87
655	64 86 85 30
656	9 7 100 87
657	83 42 41 30
658	27 92 83 18
659	4 35 45 75
660	65 62 94 81
661	6 7 92 83
662	89 49 67 13
663	57 60 84 35
664	7 84 31 18
665	29 80 73 78
666	5 43 37 7
667	33 92 51 19
668	3 10 80 63
669	18 51 10 75
670	77 2 14 32
671	69 97 6 54
672	6 79 31 80
673	44 45 63 49
674	59 49 25 70
675	60 38 26 67
676	50 21 81 13
677	70 72 30 80
678	55 63 47 78
679	50 3 71 21
680	82 10 13 49
681	31 11 92 75
682	83 68 95 26
683	24 92 67 58
684	9 40 64 73
685	87 49 48 56
686	64 56 63 2
687	40 71 19 45
688	10 18 5 55
689	82 37 89 86
690	60 17 11 23
691	17 57 64 6
692	62 60 7 76
693	43 85 51 53
694	59 61 62 40
695	78 45 99 34
696	1 97 20 32
697	33 97 50 62
698	87 3 37 85
699	58 61 35 27
700	14 9 57 74
701	87 43 30 42
702	37 80 86 35
703	2 47 80 70
704	35 62 93 21
705	48 67 34 10
706	25 84 50 99
707	47 67 41 88
708	85 44 88 3
709	55 76 8 91
710	60 38 57 83
711	16 71 68 41
712	4 32 27 48
713	100 40 33 83
714	52 82 9 50
715	63 45 56 18
716	95 20 86 73
717	66 39 94 48
718	1 38 3 89
719	37 53 21 32
720	82 23 80 6
721	97 57 80 5
722	40 85 28 26
723	33 75 73 77
724	89 84 49 17
725	94 56 83 45
726	67 34 39 60
727	12 7 34 65
728	15 66 90 58
729	88 60 86 97
730	100 95 53 57
731	66 53 11 83
732	64 8 50 99
733	54 48 76 60
734	42 86 98 92
735	35 8 55 58
736	22 37 31 72
737	78 36 59 96
738	15 51 36 88
739	6 42 1 20
740	59 56 65 2
741	70 89 79 77
742	96 94 97 53
743	69 42 21 60
744	75 39 25 63
745	3 43 82 67
746	39 67 26 8
747	18 78 49 35
748	94 11 69 64
749	60 2 81 25
750	23 52 49 11
751	31 73 77 3
752	8 50 7 99
753	32 78 18 70
754	53 75 34 58
755	83 40 48 69
756	52 81 39 41
757	34 79 69 11
758	49 26 18 55
759	22 86 51 75
760	39 87 71 24
761	58 40 98 18
762	15 89 25 65
763	32 28 5 37
764	32 23 46 44
765	62 36 94 79
766	55 51 44 39
767	94 56 62 49
768	26 68 27 72
769	13 10 6 77
770	79 78 65 18
771	55 85 31 34
772	9 3 33 14
773	46 37 35 96
774	96 78 30 74
775	22 27 55 87
776	75 62 4 57
777	56 34 95 68
778	25 93 28 40
779	19 51 9 96
780	40 42 56 64
781	4 14 98 58
782	40 42 72 39
783	46 65 81 67
784	71 82 51 49
785	29 70 40 28
786	34 22 61 88
787	62 51 66 8
788	27 2 8 39
789	80 93 47 90
790	44 69 89 36
791	91 13 28 32
792	78 8 53 72
793	99 54 2 64
794	99 42 86 52
795	97 71 92 4
796	88 17 61 27
797	49 34 26 75
798	96 35 84 99
799	60 28 26 84
800	45 26 6 41
801	32 60 42 71
802	55 2 25 70
803	37 60 42 94
804	21 51 47 67
805	83 12 13 47
806	22 76 33 44
807	77 11 72 68
808	22 1 78 7
809	88 76 96 78
810	67 100 97 13
811	34 70 60 3
812	47 87 64 71
813	26 45 58 23
814	81 45 54 99
815	90 39 78 92
816	72 89 43 29
817	87 50 89 15
818	10 68 88 32
819	3 95 84 29
820	50 93 90 92
821	76 24 73 15
822	75 23 81 64
823	56 80 84 24
824	32 93 88 5
825	67 18 96 82
826	61 59 76 96
827	48 91 20 8
828	8 71 26 9
829	16 60 50 62
830	30 92 87 17
831	77 58 17 27
832	28 97 18 4
833	46 39 98 86
834	49 68 60 23
835	5 61 57 60
836	16 19 18 68
837	90 22 2 5
838	19 13 31 43
839	86 74 81 5
840	74 59 88 71
841	36 54 88 51
842	63 79 37 48
843	3 74 20 36
844	37 25 30 62
845	71 12 28 9
846	27 96 42 12
847	83 32 92 58
848	29 77 70 28
849	18 50 82 30
850	59 67 28 71
851	90 22 94 88
852	46 3 25 2
853	56 87 92 39
854	22 14 52 27
855	68 53 92 13
856	42 14 32 49
857	63 69 62 47
858	46 58 94 25
859	70 48 52 38
860	53 5 78 89
861	37 77 41 50
862	49 33 9 36
863	39 88 21 34
864	26 43 8 7
865	45 1 58 29
866	84 49 9 27
867	84 30 32 41
868	75 83 17 79
869	79 35 16 28
870	35 27 92 72
871	21 51 50 34
872	90 83 89 21
873	99 91 88 9
874	37 74 56 25
875	54 45 40 58
876	86 53 46 82
877	40 55 57 5
878	67 94 97 71
879	59 88 16 54
880	74 44 53 49
881	52 85 84 71
882	89 14 28 97
883	96 97 100 30
884	14 1 27 26
885	32 34 60 93
886	88 11 47 87
887	22 15 99 44
888	91 44 2 41
889	86 2 4 10
890	24 85 44 7
891	2 27 63 65
892	29 41 27 63
893	13 29 33 45
894	66 77 12 97
895	86 54 72 36
896	70 67 3 60
897	9 2 30 80
898	94 34 14 71
899	100 92 71 58
900	55 82 72 19
901	22 44 69 91
902	79 51 93 97
903	56 73 57 55
904	88 61 32 1
905	16 92 76 41
906	83 65 49 27
907	88 91 70 11
908	80 62 34 14
909	22 90 45 3
910	32 68 13 64
911	68 5 62 66
912	2 20 76 14
913	81 51 30 43
914	53 66 90 11
915	61 2 32 20
916	84 93 13 87
917	10 70 79 13
918	85 98 55 41
919	15 13 51 97
920	48 11 46 49
921	46 89 93 1
922	2 98 17 63
923	100 79 30 47
924	61 86 47 81
925	44 39 9 60
926	11 69 97 95
927	51 37 86 94
928	44 3 51 88
929	44 19 60 12
930	98 82 73 48
931	58 64 19 62
932	71 89 9 38
933	27 88 42 89
934	60 39 96 1
935	25 86 8 45
936	51 30 86 22
937	17 72 99 64
938	30 54 72 12
939	96 66 76 79
940	72 94 49 55
941	15 10 80 70
942	40 74 91 89
943	8 95 48 43
944	56 78 95 65
945	14 59 86 32
946	15 23 41 27
947	46 34 45 87
948	66 7 48 82
949	82 29 31 64
950	52 49 31 30
951	7 48 40 36
952	78 48 99 95
953	16 88 84 32
954	46 31 67 8
955	67 85 43 60
956	40 82 77 1
957	28 97 67 99
958	68 66 85 40
959	56 69 23 27
960	24 45 1 22
961	78 28 58 30
962	23 68 32 62
963	77 33 36 37
964	66 80 94 9
965	61 4 15 82
966	80 98 82 63
967	100 35 70 14
968	81 72 38 67
969	10 19 81 47
970	19 77 55 76
971	11 30 46 33
972	67 92 81 24
973	42 18 59 32
974	11 52 51 26
975	66 18 64 29
976	36 31 97 47
977	3 21 24 91
978	39 55 7 18
979	12 27 33 2
980	25 57 89 58
981	14 71 45 78
982	52 75 65 54
983	69 44 6 17
984	43 81 36 6
985	78 68 53 82
986	84 8 14 36
987	19 65 8 41
988	80 28 26 16
989	55 23 49 15
990	60 98 8 65
991	7 31 40 2
992	58 3 61 82
993	36 87 51 2
994	37 17 23 76
995	29 54 26 58
996	70 19 23 36
997	35 61 60 24
998	86 11 22 63
999	93 65 21 52
1000	58 18 66 1
