Students	1000
1	77 29 70 8
2	76 6 4 100
3	53 42 72 75
4	15 96 19 95
5	23 39 84 72
6	93 1 40 45
7	21 74 69 4
8	13 28 24 22
9	62 58 76 82
10	71 58 38 5
11	81 4 84 22
12	11 88 61 45
13	87 43 25 88
14	9 67 87 65
15	52 66 30 90
16	24 36 19 22
17	31 67 44 6
18	72 50 75 76
19	85 10 63 67
20	84 15 71 85
21	18 24 48 47
22	97 3 15 40
23	10 53 41 14
24	97 4 38 27
25	46 94 21 7
26	37 6 66 60
27	98 50 49 3
28	68 90 81 44
29	99 3 1 73
30	34 45 16 13
31	10 25 100 57
32	67 87 43 33
33	16 82 69 53
34	55 48 69 46
35	13 47 39 53
36	58 84 45 17
37	26 1 77 22
38	9 94 8 13
39	95 61 67 71
40	2 99 16 100
41	23 54 71 49
42	90 40 70 78
43	14 64 45 16
44	62 21 40 80
45	66 62 23 36
46	61 55 84 25
47	15 92 74 44
48	93 90 30 71
49	11 61 12 27
50	85 65 24 13
51	96 38 11 24
52	45 22 88 8
53	44 73 19 70
54	9 34 22 64
55	39 38 97 36
56	87 82 4 78
57	4 8 60 2
58	23 10 54 96
59	99 61 91 69
60	39 67 65 94
61	100 60 65 98
62	23 75 5 70
63	59 22 40 55
64	9 31 96 10
65	72 83 31 7
66	11 67 47 12
67	4 94 70 81
68	4 86 58 13
69	87 69 7 83
70	65 92 53 84
71	95 33 72 57
72	63 96 99 79
73	11 22 44 45
74	55 78 74 64
75	12 51 40 63
76	4 58 13 21
77	52 56 18 92
78	23 48 94 61
79	19 54 97 55
80	43 15 53 32
81	63 40 19 91
82	34 37 38 26
83	37 63 33 89
84	60 67 42 74
85	52 71 31 4
86	74 25 94 84
87	10 32 51 60
88	31 13 2 34
89	21 12 60 55
90	94 42 26 64
91	82 7 6 94
92	34 12 26 41
93	59 53 48 77
94	95 68 90 40
95	89 8 20 68
96	24 1 36 11
97	65 99 67 76
98	75 89 30 18
99	80 99 79 95
100	98 40 97 27
101	47 57 3 18
102	57 76 4 7
103	10 76 45 71
104	14 75 74 69
105	53 74 92 98
106	83 14 74 90
107	76 90 59 14
108	22 38 45 37
109	18 47 72 65
110	39 82 62 74
111	96 85 90 6
112	22 26 24 40
113	18 3 48 13
114	48 72 43 66
115	35 26 71 27
116	63 26 42 51
117	90 29 99 51
118	45 95 44 33
119	43 27 39 59
120	46 77 88 44
121	45 89 64 16
122	16 6 59 28
123	52 30 38 77
124	95 29 54 81
125	66 90 6 82
126	59 2 84 43
127	74 82 66 95
128	91 38 45 82
129	19 29 20 28
130	58 60 19 98
131	58 74 27 43
132	57 12 65 52
133	24 22 52 49
134	76 12 6 71
135	9 27 64 31
136	17 50 26 24
137	72 89 78 29
138	63 32 89 62
139	71 36 70 64
140	43 30 31 47
141	4 33 20 85
142	43 94 53 82
143	8 97 38 94
144	5 9 51 29
145	38 27 76 64
146	94 35 92 25
147	79 73 77 15
148	96 23 15 97
149	4 19 68 28
150	51 59 11 89
151	11 52 17 42
152	47 64 55 10
153	89 99 28 14
154	79 82 72 34
155	6 41 9 83
156	29 73 49 15
157	68 4 29 28
158	1 38 72 40
159	39 3 75 69
160	3 62 15 55
161	64 54 37 9
162	80 23 92 15
163	30 21 57 2
164	74 55 85 52
165	66 36 39 81
166	90 27 81 73
167	15 49 70 41
168	46 26 45 30
169	6 4 67 78
170	37 75 52 70
171	36 92 56 22
172	90 50 8 57
173	57 39 18 8
174	95 9 98 79
175	22 1 94 4
176	84 18 83 9
177	15 87 72 73
178	47 61 27 44
179	13 22 70 66
180	69 42 90 84
181	95 17 61 42
182	12 23 41 56
183	33 62 22 18
184	41 95 74 54
185	74 48 8 73
186	30 85 70 57
187	63 67 83 47
188	28 31 60 92
189	17 72 74 26
190	50 76 35 19
191	3 74 66 28
192	70 59 61 67
193	29 76 14 72
194	52 16 83 11
195	35 76 39 91
196	54 72 91 10
197	23 90 60 73
198	54 93 97 2
199	86 20 68 38
200	59 29 46 11
201	76 71 14 43
202	82 70 78 36
203	52 44 93 73
204	97 87 57 10
205	72 1 62 26
206	29 23 41 27
207	80 26 70 74
208	79 9 25 20
209	79 20 25 93
210	20 27 73 8
211	65 18 67 91
212	73 21 59 87
213	39 76 74 32
214	20 44 83 33
215	11 89 9 31
216	9 54 30 57
217	72 63 79 80
218	18 44 32 5
219	65 33 4 83
220	17 99 66 44
221	97 65 39 89
222	62 65 95 81
223	12 83 32 34
224	57 61 66 62
225	3 68 18 33
226	52 25 55 86
227	19 49 24 70
228	35 28 31 19
229	67 78 97 93
230	39 18 82 25
231	97 41 84 99
232	92 84 18 26
233	4 60 44 10
234	73 26 6 31
235	51 53 75 18
236	99 13 17 89
237	18 51 45 28
238	23 84 55 77
239	56 90 47 59
240	22 72 77 48
241	7 28 47 32
242	87 59 34 96
243	37 30 9 28
244	8 25 6 79
245	43 85 91 97
246	19 72 81 10
247	5 87 97 13
248	19 42 6 69
249	79 53 94 93
250	17 90 15 34
251	43 53 22 28
252	5 51 67 30
253	5 34 28 24
254	26 67 72 39
255	4 30 45 62
256	34 77 73 89
257	80 12 77 60
258	66 9 93 64
259	48 62 92 74
260	22 62 31 65
261	53 83 66 62
262	56 37 68 20
263	16 87 29 38
264	30 77 53 54
265	90 2 82 5
266	1 99 48 39
267	37 6 90 66
268	28 91 84 24
269	44 56 86 48
270	49 20 98 61
271	61 62 53 86
272	3 19 89 49
273	23 63 95 40
274	91 21 77 15
275	13 93 39 87
276	15 84 5 1
277	56 12 76 45
278	83 57 30 99
279	68 10 12 77
280	32 29 11 77
281	24 4 44 57
282	62 44 9 86
283	49 23 8 46
284	3 60 30 33
285	25 89 90 46
286	6 3 33 61
287	73 87 1 72
288	90 100 25 76
289	71 47 10 57
290	76 68 45 85
291	2 97 78 38
292	92 58 40 54
293	39 100 66 80
294	18 40 62 84
295	63 17 100 62
296	39 87 79 89
297	79 21 49 74
298	47 39 41 63
299	17 99 15 82
300	17 44 3 82
301	51 74 63 2
302	40 53 37 30
303	21 70 100 66
304	58 54 6 13
305	46 37 80 24
306	60 21 61 4
307	54 79 1 22
308	25 95 1 21
309	23 2 62 87
310	81 87 15 84
311	76 70 51 90
312	18 28 38 2
313	75 23 38 51
314	55 84 70 58
315	4 52 17 32
316	35 66 85 67
317	13 92 87 86
318	97 27 70 59
319	61 47 63 29
320	37 7 6 82
321	87 19 48 32
322	87 41 80 53
323	36 37 71 89
324	61 62 44 25
325	94 48 21 4
326	2 62 6 29
327	39 22 94 51
328	13 59 89 69
329	96 22 53 33
330	68 50 61 53
331	27 10 91 4
332	38 83 95 33
333	61 37 45 8
334	69 75 94 44
335	1 28 83 29
336	92 20 58 35
337	33 81 49 72
338	39 90 12 68
339	49 13 36 50
340	18 15 37 9
341	63 2 71 97
342	12 73 51 2
343	63 88 72 76
344	95 89 61 79
345	91 82 8 13
346	60 18 67 26
347	5 50 18 31
348	73 76 99 2
349	82 2 98 27
350	35 6 96 71
351	83 58 59 9
352	54 37 77 6
353	79 41 38 49
354	45 56 43 69
355	74 69 67 1
356	23 42 77 94
357	43 41 97 6
358	12 42 74 65
359	2 79 54 58
360	34 52 67 77
361	13 21 19 100
362	19 23 100 64
363	46 14 7 24
364	35 14 60 89
365	15 64 21 3
366	52 68 64 19
367	85 66 88 77
368	32 55 36 43
369	45 30 79 10
370	4 73 95 15
371	87 82 78 31
372	32 40 54 90
373	58 88 59 92
374	60 67 68 84
375	31 60 98 54
376	4 51 22 60
377	17 58 96 89
378	79 63 97 38
379	96 3 38 72
380	96 37 28 64
381	45 19 74 70
382	75 43 88 58
383	95 66 41 44
384	70 19 49 99
385	10 77 71 37
386	42 57 89 52
387	97 78 79 19
388	16 37 96 97
389	4 69 9 31
390	54 50 25 42
391	98 70 56 93
392	66 96 86 19
393	17 43 41 53
394	70 8 4 89
395	52 40 65 23
396	47 17 98 72
397	83 47 16 60
398	99 56 82 90
399	29 70 75 82
400	54 87 68 12
401	32 67 38 20
402	86 83 93 2
403	18 75 2 21
404	85 77 98 78
405	73 52 5 58
406	98 2 40 19
407	82 35 96 41
408	11 26 45 27
409	2 9 53 13
410	41 58 59 69
411	49 58 18 64
412	2 11 16 90
413	78 97 21 92
414	26 78 89 62
415	5 45 51 28
416	49 21 74 77
417	54 35 97 25
418	27 84 54 50
419	17 71 41 30
420	44 77 52 31
421	5 66 77 32
422	87 59 1 57
423	58 78 13 18
424	15 5 31 90
425	92 4 64 63
426	4 34 75 1
427	25 90 74 37
428	82 91 5 54
429	91 20 54 1
430	65 92 86 50
431	74 58 38 54
432	94 69 83 53
433	1 47 46 8
434	24 18 12 99
435	28 18 40 24
436	71 30 91 72
437	12 42 60 29
438	28 24 18 46
439	15 6 30 80
440	55 69 58 76
441	95 19 49 11
442	41 37 4 19
443	47 53 46 34
444	49 87 37 35
445	44 35 55 82
446	39 37 15 77
447	54 85 24 45
448	8 12 63 52
449	93 9 31 10
450	43 64 59 71
451	25 67 87 88
452	79 33 57 34
453	73 93 25 33
454	39 44 27 66
455	23 81 21 14
456	45 40 35 66
457	87 35 16 23
458	88 8 14 40
459	79 43 32 6
460	93 10 72 74
461	20 92 38 40
462	33 84 73 15
463	79 64 39 52
464	7 99 43 92
465	24 96 25 72
466	60 8 65 92
467	97 35 49 8
468	89 20 21 64
469	14 65 68 79
470	47 72 80 84
471	42 91 20 12
472	18 15 22 45
473	91 25 82 34
474	5 34 84 23
475	71 8 63 27
476	59 16 87 78
477	88 99 69 89
478	58 83 98 48
479	92 48 99 52
480	44 56 22 14
481	83 46 5 55
482	43 3 34 100
483	86 25 20 74
484	42 80 79 68
485	52 85 62 84
486	38 19 37 79
487	96 27 40 74
488	35 93 91 47
489	57 5 25 27
490	58 90 94 88
491	3 88 81 53
492	68 37 88 22
493	50 6 23 12
494	71 83 63 1
495	42 68 20 6
496	61 10 77 92
497	8 6 89 27
498	85 92 90 45
499	32 18 67 37
500	82 81 52 60
501	42 71 69 13
502	52 81 27 83
503	21 37 36 63
504	73 12 92 97
505	14 44 10 7
506	55 63 61 87
507	26 15 22 46
508	77 98 40 100
509	42 16 9 7
510	86 41 11 23
511	14 12 13 28
512	13 78 61 93
513	62 81 3 42
514	17 71 64 1
515	56 36 97 89
516	71 27 18 81
517	51 32 73 27
518	26 51 55 58
519	97 32 84 53
520	42 91 4 43
521	37 97 57 43
522	76 83 53 37
523	65 94 54 32
524	25 26 28 92
525	8 4 44 6
526	98 97 66 2
527	53 29 87 94
528	22 45 95 94
529	1 70 98 59
530	96 95 30 71
531	10 73 21 34
532	73 51 8 69
533	29 11 60 32
534	90 52 86 2
535	82 1 10 88
536	78 49 97 33
537	14 65 87 63
538	98 48 88 55
539	88 26 44 3
540	90 45 38 50
541	55 3 42 84
542	30 45 1 93
543	21 80 4 27
544	31 4 68 53
545	78 32 18 64
546	63 97 40 91
547	48 15 61 99
548	88 34 93 76
549	64 99 20 67
550	64 92 23 10
551	1 24 47 48
552	98 40 33 8
553	30 46 38 7
554	86 43 31 65
555	69 71 50 36
556	26 43 47 67
557	4 81 82 67
558	42 84 95 85
559	14 70 11 2
560	94 66 55 48
561	46 53 69 32
562	51 37 71 36
563	5 66 31 87
564	16 39 22 84
565	74 54 78 64
566	96 59 54 83
567	31 95 7 51
568	49 66 89 55
569	16 91 13 99
570	37 85 50 81
571	9 34 64 23
572	65 49 59 100
573	100 92 43 52
574	83 13 32 46
575	58 50 21 93
576	91 72 30 34
577	40 4 60 99
578	20 2 59 86
579	80 1 52 10
580	88 35 57 61
581	53 83 9 21
582	87 23 74 64
583	35 9 79 54
584	98 82 72 71
585	51 33 100 80
586	76 65 32 44
587	24 39 97 98
588	62 87 41 16
589	83 66 78 85
590	92 40 18 11
591	40 77 79 22
592	80 45 11 61
593	95 31 11 100
594	18 81 98 64
595	41 19 66 48
596	98 1 32 65
597	76 88 97 10
598	13 71 21 94
599	42 13 19 37
600	48 7 41 65
601	97 18 44 78
602	91 92 83 72
603	34 28 62 65
604	37 98 76 23
605	40 38 32 51
606	34 54 78 60
607	14 71 29 1
608	55 96 89 7
609	1 24 11 83
610	50 31 1 55
611	96 35 47 81
612	36 35 9 42
613	4 54 47 93
614	8 18 62 63
615	28 87 53 4
616	29 71 50 89
617	91 68 81 12
618	67 24 41 40
619	31 68 15 89
620	60 79 58 5
621	20 47 35 3
622	91 5 39 2
623	16 86 43 24
624	43 100 62 54
625	29 63 55 92
626	80 72 46 77
627	22 28 51 8
628	30 37 76 23
629	91 65 82 33
630	46 66 85 75
631	26 34 99 50
632	10 26 50 4
633	10 18 9 64
634	57 39 36 21
635	4 6 69 83
636	27 40 31 9
637	62 11 4 75
638	83 43 2 13
639	84 97 16 52
640	5 46 3 12
641	7 81 10 39
642	65 84 41 99
643	77 79 96 78
644	27 2 10 94
645	81 58 69 30
646	12 60 78 13
647	12 35 10 84
648	11 5 68 51
649	86 76 70 66
650	39 80 52 17
651	2 72 50 100
652	14 69 11 4
653	57 1 21 52
654	60 65 78 3
655	18 61 59 36
656	13 86 25 99
657	64 17 51 39
658	5 93 34 61
659	63 6 39 27
660	82 77 27 81
661	81 6 3 25
662	63 13 99 64
663	61 24 47 57
664	47 68 86 92
665	61 65 5 77
666	28 65 32 61
667	57 72 23 54
668	52 59 65 53
669	1 57 58 96
670	66 31 62 70
671	7 64 46 15
672	74 52 29 16
673	33 94 4 25
674	7 68 51 50
675	88 81 78 43
676	29 95 78 33
677	3 26 84 44
678	59 5 37 40
679	34 25 73 1
680	83 6 39 26
681	62 91 25 60
682	17 10 91 75
683	15 69 53 36
684	78 22 62 61
685	34 76 35 78
686	99 55 16 7
687	26 95 55 18
688	58 47 11 46
689	7 93 89 27
690	3 89 47 26
691	72 89 12 4
692	39 63 92 64
693	92 81 61 12
694	35 100 82 58
695	67 3 12 92
696	3 85 32 97
697	6 49 53 45
698	64 44 6 54
699	17 7 74 63
700	17 58 53 32
701	4 92 59 79
702	19 86 8 59
703	92 74 10 56
704	31 78 60 41
705	35 71 90 11
706	82 14 5 72
707	48 88 59 36
708	30 6 61 82
709	42 30 40 29
710	74 42 21 39
711	62 84 38 74
712	45 6 90 57
713	25 82 47 15
714	43 6 75 57
715	66 42 43 36
716	43 26 97 25
717	44 8 2 43
718	2 30 92 60
719	27 3 75 52
720	57 7 22 48
721	17 33 1 29
722	65 14 30 19
723	86 80 1 15
724	26 81 71 59
725	70 36 15 97
726	59 90 89 56
727	73 59 33 56
728	99 68 51 55
729	71 85 4 56
730	48 59 74 57
731	22 70 30 9
732	4 36 76 56
733	94 32 72 10
734	31 79 98 8
735	56 18 54 1
736	28 48 92 71
737	96 36 23 43
738	2 78 93 39
739	9 81 63 90
740	29 45 51 12
741	31 71 1 48
742	77 60 71 23
743	16 77 69 12
744	27 49 21 57
745	15 58 21 71
746	50 79 65 85
747	73 78 96 66
748	64 100 95 73
749	37 55 53 50
750	74 44 7 43
751	80 11 13 43
752	59 1 35 40
753	91 84 19 95
754	42 49 66 41
755	30 69 3 59
756	73 15 57 88
757	67 82 31 83
758	85 89 96 25
759	31 74 95 67
760	31 15 80 3
761	30 71 88 75
762	18 83 67 5
763	53 72 81 94
764	4 41 23 86
765	83 79 45 73
766	40 19 99 88
767	16 37 63 100
768	34 24 94 97
769	96 61 66 77
770	71 18 23 75
771	20 24 32 55
772	10 93 55 83
773	37 8 29 62
774	43 28 54 1
775	8 76 96 92
776	44 6 5 89
777	66 100 64 50
778	23 40 39 72
779	25 58 32 80
780	75 60 72 47
781	59 71 61 46
782	44 58 93 91
783	22 46 81 14
784	54 8 25 31
785	99 55 22 56
786	36 25 49 46
787	71 62 25 5
788	21 19 70 14
789	65 75 45 19
790	76 89 37 65
791	7 93 88 100
792	69 46 62 86
793	84 18 80 24
794	17 37 55 18
795	69 81 19 99
796	10 73 100 97
797	33 56 40 50
798	1 61 26 46
799	39 55 19 37
800	11 53 67 13
801	33 75 58 80
802	17 70 50 98
803	7 69 93 65
804	31 33 29 60
805	19 24 50 11
806	39 29 66 85
807	83 84 73 62
808	50 69 58 87
809	47 52 85 78
810	93 57 36 11
811	75 77 64 12
812	91 66 74 89
813	37 18 80 51
814	18 29 22 14
815	99 85 3 25
816	76 8 17 65
817	100 72 98 36
818	51 16 32 89
819	7 32 82 80
820	59 92 78 44
821	29 28 6 39
822	11 33 87 25
823	23 21 45 67
824	38 37 25 78
825	31 94 96 48
826	23 91 36 98
827	5 47 18 21
828	33 35 52 55
829	11 99 16 15
830	33 50 46 90
831	100 62 91 8
832	32 100 5 10
833	24 57 86 29
834	70 3 53 78
835	36 23 64 58
836	82 64 15 49
837	77 66 4 38
838	36 96 4 67
839	8 24 70 90
840	78 17 58 68
841	74 99 58 94
842	90 37 50 52
843	29 45 3 90
844	55 64 48 7
845	34 51 2 55
846	29 57 97 40
847	49 64 65 78
848	25 29 65 73
849	88 91 81 72
850	54 40 52 58
851	63 62 91 36
852	92 9 17 32
853	74 44 53 22
854	34 80 18 11
855	32 25 41 83
856	32 1 100 14
857	49 9 92 16
858	62 4 73 49
859	81 1 92 48
860	97 41 60 53
861	15 89 10 30
862	72 34 83 68
863	46 71 36 99
864	82 44 55 49
865	27 8 29 24
866	84 53 36 54
867	99 37 63 9
868	81 40 83 17
869	31 18 3 54
870	94 11 97 44
871	64 37 18 66
872	8 30 22 67
873	46 40 51 99
874	10 98 9 61
875	86 39 28 74
876	51 14 86 27
877	6 73 72 42
878	22 48 13 40
879	53 77 52 91
880	7 69 21 9
881	97 83 39 86
882	41 60 44 76
883	52 28 4 92
884	98 68 60 67
885	75 47 1 100
886	51 28 35 17
887	47 40 79 70
888	79 35 9 56
889	14 32 16 65
890	87 93 13 12
891	2 22 52 35
892	83 15 60 88
893	10 15 23 63
894	35 67 54 36
895	81 86 19 87
896	96 88 68 94
897	44 33 71 47
898	26 45 63 70
899	92 20 31 80
900	89 24 59 58
901	83 17 100 65
902	10 39 46 7
903	24 76 92 68
904	70 19 2 16
905	29 50 17 27
906	100 37 69 63
907	1 100 96 73
908	51 42 48 79
909	68 53 22 8
910	59 19 58 71
911	37 87 34 86
912	56 79 73 52
913	54 24 43 90
914	15 53 77 33
915	86 82 41 23
916	89 90 55 54
917	3 9 55 32
918	34 70 18 57
919	70 27 41 3
920	12 39 90 83
921	42 78 1 93
922	26 62 6 46
923	30 73 69 98
924	55 40 6 63
925	93 5 74 25
926	100 75 64 60
927	38 65 90 73
928	21 10 81 22
929	10 9 27 74
930	29 85 3 48
931	9 64 29 30
932	86 53 100 60
933	57 20 75 77
934	16 44 28 11
935	51 18 52 45
936	22 68 48 74
937	75 43 84 67
938	37 25 15 12
939	32 42 6 68
940	13 94 15 85
941	72 97 91 32
942	55 10 48 17
943	69 44 53 84
944	18 69 30 77
945	58 42 95 56
946	21 94 25 27
947	93 20 8 60
948	40 14 97 5
949	44 39 89 97
950	50 67 77 2
951	46 60 40 49
952	28 63 24 70
953	65 11 86 93
954	7 95 98 59
955	68 82 24 58
956	40 7 84 13
957	9 44 96 33
958	44 99 51 29
959	93 43 84 18
960	35 28 6 90
961	15 30 4 5
962	7 36 98 25
963	57 58 40 77
964	7 96 65 5
965	62 26 3 100
966	21 52 90 18
967	6 30 90 34
968	8 57 37 16
969	12 87 56 33
970	61 34 57 6
971	11 47 91 52
972	7 42 31 78
973	70 43 32 44
974	84 91 12 46
975	35 93 92 71
976	44 72 86 1
977	89 51 93 97
978	22 14 61 27
979	10 48 86 81
980	21 70 2 35
981	59 72 25 78
982	76 21 1 44
983	39 65 28 72
984	45 22 67 35
985	19 69 2 15
986	98 23 71 100
987	47 79 14 81
988	63 43 44 4
989	91 19 30 83
990	9 49 64 24
991	51 18 31 12
992	1 13 69 46
993	76 49 11 29
994	63 99 6 53
995	64 44 89 39
996	67 31 82 11
997	53 64 69 52
998	2 14 68 83
999	23 17 79 11
1000	40 93 60 27
Students	1000
1	80 24 6 43
2	35 94 74 83
3	98 77 75 84
4	26 36 50 20
5	56 40 78 93
6	41 73 46 48
7	93 64 10 82
8	13 6 34 42
9	78 53 30 3
10	55 62 97 1
11	9 76 61 13
12	85 27 54 31
13	8 10 33 51
14	54 71 38 20
15	70 16 47 55
16	76 26 60 54
17	54 60 40 83
18	33 76 47 24
19	37 80 100 24
20	89 74 72 18
21	49 3 58 94
22	68 18 15 83
23	32 61 65 96
24	95 53 14 6
25	22 32 5 78
26	73 46 67 81
27	70 68 3 69
28	68 91 19 53
29	43 1 97 50
30	100 53 56 88
31	9 97 53 55
32	85 46 55 36
33	83 15 53 12
34	61 53 48 27
35	65 75 87 72
36	52 26 16 43
37	51 98 5 44
38	36 82 96 1
39	81 34 56 94
40	64 59 50 6
41	84 17 12 19
42	89 83 6 1
43	34 87 58 36
44	20 58 83 69
45	70 87 32 12
46	63 39 45 20
47	57 100 85 1
48	49 48 66 59
49	89 25 24 96
50	79 88 9 55
51	30 20 64 48
52	85 77 50 7
53	80 92 61 14
54	27 71 40 99
55	92 34 89 23
56	34 90 60 4
57	21 35 31 1
58	100 90 3 71
59	54 5 98 67
60	15 36 51 98
61	42 64 62 73
62	76 60 19 13
63	6 22 71 88
64	66 65 1 83
65	71 83 67 40
66	58 3 5 63
67	72 49 83 51
68	54 98 53 32
69	30 81 89 86
70	99 43 65 42
71	28 97 84 88
72	14 35 81 99
73	83 17 96 33
74	100 68 24 82
75	57 23 93 79
76	89 15 50 30
77	42 80 100 81
78	93 58 95 66
79	93 74 98 46
80	100 9 18 3
81	57 51 90 80
82	8 3 29 87
83	16 6 62 32
84	37 64 66 22
85	49 43 65 50
86	62 58 19 47
87	65 44 82 52
88	47 84 59 21
89	100 90 91 5
90	84 42 51 59
91	12 79 88 24
92	21 81 69 90
93	7 52 82 79
94	60 43 79 18
95	63 73 69 88
96	77 88 8 99
97	11 97 80 86
98	88 77 25 92
99	46 74 2 48
100	85 51 72 17
101	15 69 10 92
102	90 24 17 70
103	56 82 23 70
104	6 63 5 53
105	90 64 7 50
106	52 67 94 57
107	29 93 33 56
108	7 76 54 13
109	16 82 22 73
110	37 72 84 89
111	76 9 55 100
112	22 80 45 92
113	38 54 97 68
114	17 63 43 56
115	78 24 26 31
116	47 85 37 75
117	69 70 34 19
118	88 99 91 8
119	94 54 83 74
120	85 39 96 19
121	91 92 95 23
122	38 51 87 82
123	35 16 55 32
124	2 43 80 24
125	85 24 36 66
126	65 73 81 15
127	78 96 11 56
128	90 96 14 50
129	64 38 3 83
130	22 3 97 43
131	5 86 67 18
132	46 33 91 7
133	85 55 10 66
134	19 84 62 39
135	6 86 67 25
136	46 67 86 92
137	31 46 91 81
138	60 36 72 94
139	16 76 36 2
140	67 57 54 98
141	49 80 35 11
142	66 73 95 83
143	65 7 31 47
144	97 80 55 66
145	11 68 44 95
146	27 74 69 19
147	64 62 86 37
148	100 81 36 75
149	46 63 43 13
150	79 76 3 63
151	22 64 86 46
152	18 65 9 57
153	64 61 54 83
154	98 51 8 35
155	6 78 5 89
156	97 76 4 45
157	54 68 31 16
158	42 8 45 7
159	17 66 21 32
160	40 30 31 86
161	45 12 5 30
162	11 33 12 1
163	71 84 19 61
164	94 81 83 91
165	7 95 85 25
166	63 41 19 21
167	53 74 51 79
168	50 48 29 6
169	67 11 63 74
170	52 1 86 21
171	97 96 60 79
172	28 59 58 63
173	96 95 91 7
174	73 25 86 44
175	84 96 70 10
176	82 95 1 73
177	65 95 64 18
178	43 7 64 69
179	98 35 21 58
180	88 99 18 87
181	14 37 38 84
182	60 59 33 1
183	63 40 52 47
184	93 20 10 41
185	94 98 25 58
186	85 18 84 51
187	77 40 51 72
188	78 65 30 17
189	52 73 55 81
190	66 85 44 39
191	79 60 26 83
192	37 44 79 81
193	53 80 95 61
194	87 37 81 31
195	95 86 43 53
196	2 64 62 8
197	56 99 80 92
198	86 96 23 43
199	77 14 7 11
200	78 66 13 28
201	10 45 31 61
202	48 27 3 45
203	2 76 58 28
204	96 84 51 68
205	58 20 85 1
206	80 6 66 53
207	98 79 76 10
208	9 17 63 46
209	78 63 59 49
210	75 5 60 55
211	73 49 68 20
212	69 68 67 2
213	99 93 43 88
214	61 41 8 19
215	7 33 32 50
216	63 54 48 51
217	89 98 16 4
218	90 38 43 11
219	66 61 79 68
220	48 75 22 56
221	56 50 66 12
222	4 87 51 20
223	37 23 83 58
224	60 46 44 97
225	45 55 47 39
226	11 76 15 3
227	55 33 39 52
228	75 59 73 63
229	95 73 86 9
230	75 66 22 5
231	83 10 9 39
232	85 75 33 87
233	2 95 69 42
234	55 95 85 6
235	7 83 91 22
236	63 89 27 53
237	15 24 49 53
238	31 10 53 49
239	27 35 49 16
240	22 34 57 59
241	51 89 23 46
242	67 18 37 93
243	86 61 60 34
244	18 47 44 1
245	35 61 31 80
246	2 22 33 63
247	41 69 87 46
248	50 68 82 65
249	11 96 66 49
250	33 89 54 91
251	93 98 80 96
252	57 51 90 24
253	90 78 40 39
254	40 85 71 19
255	30 87 94 43
256	9 63 48 54
257	71 12 40 50
258	8 46 47 45
259	81 12 13 83
260	13 59 94 83
261	75 65 71 39
262	31 96 30 60
263	74 75 87 28
264	62 40 87 47
265	57 43 5 41
266	87 15 27 49
267	6 19 71 22
268	69 3 70 66
269	94 37 27 89
270	29 61 81 97
271	57 58 30 9
272	95 37 1 24
273	11 28 95 39
274	33 29 17 48
275	2 86 82 100
276	9 46 52 25
277	48 13 96 69
278	4 94 12 65
279	47 89 71 82
280	13 75 35 25
281	87 65 100 32
282	52 74 67 41
283	63 38 53 46
284	80 79 99 56
285	70 80 11 8
286	20 61 71 32
287	30 7 60 76
288	6 41 99 67
289	47 44 57 28
290	1 50 80 55
291	88 17 3 2
292	11 77 69 78
293	32 24 15 36
294	67 96 87 77
295	91 78 19 60
296	93 68 38 98
297	29 27 87 55
298	74 61 15 38
299	71 81 96 79
300	6 29 34 80
301	25 42 64 84
302	41 18 16 72
303	12 81 35 26
304	53 59 45 88
305	36 22 91 42
306	49 88 64 32
307	96 26 81 46
308	31 30 41 100
309	74 85 79 15
310	47 64 78 7
311	61 8 96 34
312	93 12 83 92
313	96 6 90 64
314	26 25 83 95
315	100 43 51 96
316	90 11 63 95
317	55 71 99 13
318	88 39 76 29
319	39 58 41 47
320	40 85 26 52
321	24 57 100 10
322	64 90 16 7
323	72 79 25 18
324	10 90 72 96
325	1 62 70 30
326	69 75 60 87
327	7 80 37 99
328	84 94 100 22
329	81 80 97 93
330	42 10 97 64
331	17 63 45 55
332	18 75 70 40
333	68 36 81 56
334	77 60 28 12
335	57 37 96 53
336	16 13 40 50
337	30 83 4 23
338	34 5 29 52
339	47 61 86 66
340	84 54 66 100
341	36 49 79 39
342	52 38 36 29
343	89 6 46 39
344	37 87 59 30
345	52 89 16 80
346	6 58 20 2
347	66 39 38 31
348	73 87 59 19
349	52 87 82 58
350	74 9 54 82
351	60 58 89 74
352	29 93 46 75
353	83 7 20 92
354	5 52 85 66
355	67 13 12 1
356	92 41 13 38
357	5 77 71 26
358	11 8 70 63
359	6 97 2 48
360	35 67 76 1
361	79 87 15 88
362	21 87 27 8
363	49 94 92 26
364	76 33 71 50
365	68 96 5 11
366	64 85 15 94
367	10 19 15 14
368	11 67 94 82
369	94 7 86 83
370	80 41 51 89
371	88 79 8 25
372	57 12 62 64
373	58 46 5 84
374	67 54 24 10
375	39 46 38 42
376	89 5 12 21
377	96 42 64 20
378	12 21 53 67
379	16 31 68 32
380	84 57 56 95
381	69 26 66 79
382	80 49 18 1
383	24 75 61 77
384	98 1 75 82
385	74 60 52 48
386	40 45 85 58
387	14 3 85 22
388	10 3 55 30
389	75 45 92 52
390	53 33 54 23
391	91 1 65 14
392	23 44 41 100
393	5 34 61 100
394	54 84 76 5
395	69 92 95 21
396	21 78 23 5
397	66 82 64 29
398	55 46 10 15
399	26 80 58 43
400	48 6 81 13
401	41 67 37 94
402	56 91 79 69
403	61 42 20 35
404	76 40 31 100
405	7 17 43 20
406	11 48 54 100
407	28 19 24 71
408	52 48 60 99
409	18 28 72 11
410	86 45 27 14
411	98 88 76 87
412	99 19 57 22
413	2 17 64 61
414	64 76 29 66
415	67 97 57 19
416	94 2 9 93
417	33 19 68 84
418	88 9 98 1
419	75 64 40 7
420	47 54 72 26
421	43 14 53 69
422	45 7 88 63
423	15 55 30 37
424	80 67 38 88
425	61 54 39 13
426	100 15 24 53
427	48 11 27 50
428	98 38 53 95
429	89 50 21 84
430	87 15 70 24
431	36 45 94 54
432	83 35 80 78
433	86 15 97 78
434	88 53 96 58
435	48 68 78 10
436	1 48 16 18
437	8 72 46 98
438	52 84 59 9
439	35 62 53 93
440	65 59 24 38
441	53 40 72 15
442	10 42 84 87
443	56 80 41 61
444	7 45 83 63
445	54 46 75 48
446	61 45 75 25
447	67 33 25 97
448	35 38 33 58
449	68 11 3 33
450	19 34 9 42
451	5 64 12 88
452	12 46 28 97
453	2 10 80 49
454	37 65 51 28
455	35 16 18 87
456	21 95 41 9
457	6 66 94 39
458	27 16 55 89
459	91 90 35 82
460	96 11 47 75
461	1 50 55 72
462	94 49 95 78
463	27 30 26 62
464	28 33 78 60
465	30 99 11 45
466	50 74 57 47
467	36 27 44 31
468	68 15 7 32
469	1 10 97 26
470	55 18 88 63
471	10 45 94 39
472	29 56 72 71
473	70 66 72 2
474	42 52 34 35
475	51 63 60 38
476	18 11 90 23
477	89 48 79 90
478	30 7 25 54
479	88 9 89 94
480	44 60 35 67
481	73 63 30 99
482	23 12 33 94
483	5 54 8 98
484	99 85 76 27
485	16 57 18 49
486	93 68 24 44
487	86 25 92 53
488	15 10 40 93
489	14 39 22 59
490	86 5 18 83
491	95 69 30 77
492	85 23 58 15
493	60 38 39 42
494	97 74 66 76
495	89 91 86 16
496	20 15 74 48
497	50 13 28 43
498	26 4 77 25
499	46 23 98 54
500	65 89 25 27
501	56 77 22 34
502	70 74 19 64
503	5 61 48 99
504	56 41 71 79
505	27 11 59 31
506	25 1 62 44
507	44 6 28 82
508	13 21 29 8
509	31 81 8 18
510	96 71 56 33
511	82 13 84 97
512	67 76 70 15
513	31 50 45 48
514	52 81 70 84
515	3 21 88 86
516	65 88 35 7
517	14 59 51 100
518	8 40 77 20
519	20 85 62 63
520	18 41 76 70
521	16 63 2 82
522	55 38 100 57
523	8 85 80 77
524	66 49 41 89
525	41 25 19 73
526	92 81 90 76
527	98 47 48 65
528	76 63 70 33
529	12 18 67 14
530	45 100 20 54
531	2 82 19 28
532	15 8 33 26
533	64 40 44 12
534	81 25 71 32
535	90 4 17 38
536	46 5 63 98
537	92 33 25 88
538	2 71 98 29
539	89 76 21 46
540	15 27 35 8
541	57 93 39 44
542	19 57 80 69
543	53 32 71 17
544	34 6 1 74
545	45 9 20 25
546	13 83 72 6
547	14 38 85 40
548	73 39 37 66
549	20 58 22 74
550	44 26 55 45
551	78 26 10 48
552	93 33 46 26
553	47 53 10 44
554	97 46 53 60
555	73 3 96 45
556	56 36 68 53
557	83 96 89 15
558	72 64 65 99
559	63 81 98 18
560	57 90 95 85
561	95 38 88 68
562	25 34 83 99
563	31 26 50 30
564	41 82 14 74
565	10 28 72 99
566	93 71 49 14
567	7 9 96 3
568	26 41 53 49
569	21 37 15 20
570	78 71 96 82
571	72 89 67 8
572	84 44 97 22
573	54 10 89 70
574	18 26 73 82
575	66 42 29 45
576	52 54 82 93
577	83 65 54 12
578	66 29 78 54
579	92 38 43 62
580	73 69 84 33
581	41 68 55 18
582	41 23 11 84
583	71 16 10 50
584	87 84 75 78
585	54 25 70 50
586	52 25 47 80
587	8 22 2 25
588	25 80 91 50
589	23 78 49 82
590	83 45 85 88
591	73 92 90 63
592	80 97 52 87
593	100 13 41 43
594	93 76 10 24
595	2 7 17 66
596	53 47 20 51
597	50 98 11 63
598	89 19 99 24
599	67 61 98 72
600	89 90 97 50
601	98 15 89 47
602	50 70 36 31
603	82 93 21 28
604	76 67 79 84
605	95 49 93 16
606	23 99 25 79
607	39 94 99 46
608	56 30 5 47
609	61 26 97 25
610	76 15 46 85
611	95 83 63 11
612	20 47 59 6
613	49 43 40 4
614	34 83 65 94
615	73 43 82 33
616	39 21 35 10
617	72 28 88 63
618	78 29 43 88
619	49 85 34 92
620	48 16 54 13
621	92 39 51 37
622	69 76 9 11
623	66 37 16 17
624	39 26 55 66
625	3 38 78 56
626	2 92 68 62
627	55 8 81 88
628	76 82 55 88
629	59 94 23 18
630	12 70 82 1
631	27 90 5 82
632	67 29 57 10
633	99 46 76 80
634	23 61 89 8
635	11 3 42 83
636	61 67 35 3
637	19 89 100 14
638	40 9 73 47
639	83 69 80 11
640	64 22 9 61
641	55 24 37 70
642	47 83 67 34
643	77 72 5 63
644	52 88 70 40
645	93 95 85 41
646	73 62 18 53
647	28 8 30 87
648	8 78 87 72
649	64 36 21 19
650	61 40 67 99
651	66 47 16 5
652	99 27 32 26
653	78 65 70 71
654	90 17 46 47
655	73 57 24 18
656	52 81 65 1
657	88 79 9 53
658	12 1 97 100
659	66 71 75 89
660	34 45 18 28
661	56 89 59 98
662	18 56 49 90
663	37 46 11 80
664	35 96 21 36
665	67 3 94 50
666	49 66 34 20
667	65 41 86 98
668	93 3 50 29
669	3 54 4 17
670	5 17 27 76
671	57 8 30 73
672	29 88 1 67
673	80 11 52 83
674	28 89 9 44
675	17 69 60 72
676	82 27 25 42
677	14 45 33 92
678	65 39 30 18
679	24 30 28 31
680	49 86 65 7
681	52 24 27 86
682	15 1 77 68
683	64 45 41 69
684	29 87 92 4
685	48 95 80 30
686	31 65 3 43
687	8 44 21 38
688	96 5 50 77
689	63 91 30 87
690	10 16 78 12
691	20 1 18 51
692	78 22 12 90
693	95 55 82 13
694	89 92 81 37
695	84 49 12 97
696	6 97 15 78
697	49 100 93 65
698	21 32 2 74
699	11 70 46 71
700	9 57 77 79
701	62 73 29 98
702	48 30 90 22
703	72 19 16 7
704	88 53 95 86
705	19 16 20 53
706	99 74 79 76
707	89 35 19 14
708	93 32 94 92
709	48 27 33 28
710	69 61 2 76
711	26 7 22 74
712	69 9 71 57
713	10 8 13 4
714	40 43 44 7
715	99 52 63 19
716	54 61 64 29
717	62 41 79 52
718	93 59 11 24
719	6 40 15 43
720	45 12 80 63
721	52 74 9 65
722	13 14 79 1
723	62 32 10 98
724	58 74 94 24
725	87 99 67 57
726	94 39 50 88
727	96 27 30 23
728	12 89 85 18
729	78 90 22 52
730	16 40 28 55
731	66 67 65 43
732	60 44 91 27
733	49 36 73 50
734	21 87 83 60
735	65 54 18 48
736	51 46 14 17
737	63 69 91 37
738	20 85 27 65
739	63 11 21 10
740	65 31 62 90
741	26 84 47 3
742	90 52 13 29
743	81 18 41 37
744	69 49 86 16
745	12 24 16 51
746	51 10 5 92
747	47 46 73 23
748	27 85 20 74
749	49 2 78 32
750	7 55 77 23
751	62 23 91 56
752	1 40 10 46
753	73 60 78 75
754	90 93 21 52
755	33 78 85 19
756	87 51 70 69
757	12 56 4 11
758	95 44 36 87
759	81 1 13 39
760	56 95 73 91
761	19 58 8 20
762	6 40 37 98
763	74 19 2 22
764	88 7 69 39
765	48 35 91 19
766	70 13 35 26
767	100 9 34 21
768	27 85 63 44
769	46 60 17 18
770	92 53 40 89
771	91 90 29 35
772	59 37 62 57
773	15 96 19 68
774	3 47 72 48
775	24 52 49 100
776	32 5 45 20
777	92 54 13 62
778	32 6 42 60
779	15 76 61 10
780	41 95 83 54
781	51 82 48 26
782	56 37 82 66
783	32 39 82 47
784	92 98 55 66
785	1 11 69 86
786	47 26 92 38
787	66 84 40 5
788	16 59 94 97
789	27 80 35 19
790	98 74 44 60
791	5 100 96 26
792	85 32 8 84
793	75 48 91 34
794	97 19 88 92
795	34 47 91 67
796	45 57 31 54
797	82 53 23 10
798	70 91 18 42
799	63 18 86 41
800	45 12 56 58
801	12 97 92 78
802	14 70 6 33
803	38 16 40 4
804	24 28 34 25
805	24 49 64 100
806	38 12 95 33
807	54 79 84 89
808	82 31 94 40
809	18 96 42 34
810	17 33 80 67
811	45 29 47 80
812	29 84 63 97
813	86 21 13 57
814	24 16 96 72
815	45 80 69 49
816	39 69 81 71
817	95 38 37 83
818	42 19 44 66
819	11 36 5 39
820	41 20 17 65
821	89 60 40 12
822	9 51 90 97
823	47 91 27 76
824	63 76 54 27
825	18 53 19 62
826	18 52 39 41
827	73 29 74 76
828	8 48 68 82
829	41 13 19 40
830	21 69 19 97
831	58 86 85 1
832	12 48 17 46
833	68 13 96 61
834	90 69 53 8
835	56 34 79 39
836	80 55 48 35
837	97 90 44 33
838	14 89 78 31
839	88 47 8 52
840	12 20 64 35
841	71 50 41 85
842	43 48 38 73
843	36 10 37 18
844	17 95 67 85
845	52 85 40 4
846	62 38 58 71
847	15 34 84 32
848	13 56 7 71
849	25 64 90 42
850	91 7 27 48
851	26 58 30 13
852	44 70 91 34
853	51 95 23 32
854	3 45 84 19
855	55 26 63 61
856	34 95 23 75
857	42 32 96 79
858	31 81 57 88
859	71 82 78 80
860	93 58 18 41
861	81 49 62 64
862	88 37 21 19
863	68 53 44 20
864	38 56 45 33
865	66 38 100 76
866	95 58 47 69
867	77 27 91 59
868	77 3 54 13
869	63 20 40 10
870	38 9 27 88
871	27 49 69 3
872	78 46 4 55
873	16 40 95 38
874	15 97 93 29
875	32 86 89 84
876	20 12 97 79
877	46 70 51 29
878	59 92 52 14
879	29 34 49 91
880	89 67 92 27
881	31 46 20 56
882	46 21 15 60
883	97 73 95 49
884	78 86 39 4
885	59 23 30 52
886	14 79 95 55
887	29 91 87 37
888	94 80 71 83
889	94 1 7 82
890	60 79 90 32
891	46 23 53 20
892	86 26 34 36
893	83 80 86 40
894	93 29 84 98
895	56 95 57 14
896	52 77 54 10
897	33 48 97 52
898	18 35 98 14
899	56 24 33 81
900	77 62 58 78
901	10 68 56 23
902	28 23 40 36
903	80 72 29 96
904	24 26 52 10
905	28 91 16 31
906	86 33 79 74
907	13 29 64 42
908	60 75 24 82
909	23 75 74 27
910	64 47 25 92
911	59 68 4 49
912	36 76 55 53
913	68 21 40 13
914	24 57 52 22
915	68 81 34 23
916	64 100 25 78
917	89 1 29 47
918	7 98 97 8
919	99 95 55 18
920	91 68 38 1
921	68 83 91 77
922	18 74 6 53
923	57 51 98 87
924	23 45 87 38
925	88 67 62 89
926	95 53 38 99
927	36 44 69 27
928	84 25 78 56
929	76 26 59 31
930	69 92 18 47
931	13 34 80 48
932	68 26 40 52
933	24 17 80 4
934	31 50 45 57
935	55 47 43 79
936	7 56 89 15
937	21 99 90 42
938	89 5 4 98
939	69 88 85 28
940	11 31 90 89
941	83 10 7 35
942	2 21 45 87
943	11 78 55 19
944	12 33 67 2
945	54 43 72 39
946	65 74 41 45
947	99 12 58 47
948	89 54 95 33
949	78 7 94 13
950	3 21 18 35
951	7 63 74 85
952	24 7 48 95
953	26 75 96 89
954	18 92 30 93
955	54 16 71 73
956	39 66 82 53
957	96 48 38 77
958	38 8 48 29
959	98 54 83 39
960	29 18 5 1
961	36 93 60 48
962	55 82 38 71
963	17 41 93 13
964	1 61 98 78
965	61 13 84 42
966	80 94 1 63
967	57 30 80 23
968	5 34 84 62
969	63 95 75 48
970	77 70 94 37
971	63 17 92 46
972	85 43 42 48
973	66 41 85 87
974	42 63 61 35
975	86 74 96 71
976	67 44 89 95
977	29 63 89 18
978	44 99 11 27
979	60 59 18 98
980	82 6 90 92
981	13 27 47 41
982	43 6 32 91
983	56 96 75 65
984	81 74 94 54
985	43 89 17 30
986	74 52 64 14
987	34 78 49 94
988	26 58 10 16
989	56 98 5 96
990	8 14 44 88
991	7 57 90 54
992	68 5 52 19
993	82 89 56 69
994	79 82 47 53
995	24 21 98 45
996	10 75 90 47
997	95 74 17 15
998	80 76 89 68
999	45 59 23 64
1000	16 47 45 6
Students	1000
1	62 76 45 58
2	6 20 22 3
3	100 45 16 95
4	83 82 9 5
5	5 72 68 29
6	95 99 67 94
7	49 20 57 17
8	23 28 80 94
9	73 77 24 42
10	10 54 34 43
11	78 84 79 55
12	9 22 71 50
13	58 68 32 55
14	78 100 34 73
15	80 38 90 94
16	73 57 29 82
17	67 26 34 25
18	89 27 60 26
19	11 3 23 78
20	35 90 15 32
21	24 27 45 99
22	100 66 78 45
23	48 72 66 2
24	3 68 70 85
25	17 52 55 31
26	99 50 52 43
27	11 61 92 19
28	25 64 76 27
29	15 40 57 30
30	58 42 46 10
31	68 18 97 43
32	43 52 69 41
33	97 35 77 93
34	76 34 87 15
35	91 22 2 42
36	26 10 67 66
37	97 6 25 50
38	20 81 12 84
39	78 24 70 57
40	54 73 97 64
41	27 24 97 60
42	66 9 91 19
43	19 17 72 5
44	75 52 100 89
45	47 28 50 40
46	37 46 4 5
47	37 89 23 77
48	92 75 79 46
49	19 9 91 94
50	29 13 69 76
51	86 61 96 48
52	35 54 32 33
53	90 47 54 44
54	95 80 49 82
55	8 32 22 37
56	17 7 59 67
57	4 40 35 31
58	67 88 32 98
59	84 79 83 37
60	20 31 72 14
61	55 21 98 3
62	46 90 11 10
63	34 31 58 33
64	100 79 93 81
65	87 80 24 14
66	41 83 29 28
67	97 90 78 27
68	41 17 38 67
69	58 91 51 45
70	22 39 3 26
71	21 5 86 51
72	49 4 77 35
73	28 7 58 20
74	30 1 84 8
75	89 8 75 4
76	52 66 69 92
77	74 6 26 60
78	46 43 13 38
79	82 56 90 10
80	75 44 22 83
81	94 8 91 93
82	66 18 78 34
83	91 93 100 14
84	94 65 56 75
85	87 14 65 75
86	30 20 96 32
87	29 55 17 68
88	66 98 31 43
89	24 49 7 17
90	80 73 94 61
91	88 68 1 48
92	28 18 69 60
93	30 96 55 24
94	47 48 16 56
95	67 81 31 78
96	78 57 48 75
97	37 81 83 69
98	70 59 78 74
99	41 27 91 90
100	91 6 65 12
101	78 100 56 2
102	21 59 47 91
103	48 91 79 61
104	29 95 96 21
105	19 97 98 71
106	2 20 14 96
107	36 29 80 53
108	54 89 76 74
109	30 87 19 49
110	80 87 20 72
111	81 28 55 50
112	43 85 32 94
113	51 67 45 92
114	30 44 15 46
115	53 56 22 5
116	49 83 87 81
117	26 14 32 92
118	12 90 2 32
119	65 51 13 75
120	32 96 80 2
121	4 99 69 91
122	62 93 17 2
123	24 95 58 47
124	37 100 52 90
125	74 7 85 48
126	22 93 10 60
127	31 62 92 85
128	30 33 95 65
129	33 21 80 52
130	1 8 64 5
131	31 43 41 24
132	24 51 42 35
133	13 54 15 39
134	37 34 53 32
135	86 3 87 37
136	28 76 92 95
137	91 51 93 2
138	32 21 28 65
139	70 52 7 91
140	14 85 94 58
141	96 4 79 97
142	47 82 24 69
143	6 70 90 14
144	22 43 52 10
145	27 26 34 64
146	48 82 55 12
147	83 80 10 46
148	86 68 47 97
149	86 27 63 78
150	46 28 36 61
151	71 80 10 77
152	11 51 53 62
153	3 89 30 87
154	93 50 98 44
155	1 80 100 66
156	22 23 41 31
157	31 15 16 48
158	70 66 53 73
159	27 55 53 3
160	41 16 50 99
161	23 13 64 98
162	45 37 83 43
163	76 49 55 34
164	56 4 97 2
165	14 51 16 29
166	60 57 56 45
167	22 33 47 89
168	6 45 73 59
169	91 61 38 74
170	47 85 77 60
171	20 83 98 75
172	10 77 17 9
173	71 37 78 92
174	27 93 62 61
175	16 100 34 63
176	31 24 53 36
177	45 98 51 40
178	12 17 21 88
179	31 5 62 96
180	33 34 5 86
181	62 89 3 46
182	41 70 50 4
183	21 35 47 88
184	53 94 38 44
185	53 16 57 88
186	85 74 61 21
187	84 87 83 17
188	71 95 85 42
189	54 83 40 42
190	99 12 67 88
191	67 18 54 38
192	75 59 67 50
193	38 77 81 78
194	47 12 32 70
195	82 6 81 99
196	47 9 25 66
197	45 42 13 50
198	38 90 7 59
199	86 59 62 81
200	11 91 54 14
201	82 52 12 5
202	70 42 5 84
203	93 13 72 1
204	89 93 15 21
205	21 90 52 6
206	79 62 42 51
207	45 5 80 86
208	62 36 77 2
209	20 98 97 84
210	55 41 83 11
211	34 86 56 42
212	30 48 33 66
213	98 15 77 68
214	82 79 88 23
215	74 7 77 76
216	9 14 90 34
217	34 13 7 44
218	10 22 20 63
219	47 96 62 50
220	28 70 42 15
221	72 91 50 47
222	68 97 85 5
223	80 11 93 62
224	2 91 55 90
225	60 97 43 78
226	9 11 55 20
227	33 95 92 81
228	35 95 48 81
229	10 19 20 23
230	71 39 25 34
231	91 68 99 81
232	57 15 19 6
233	58 16 70 57
234	25 57 83 42
235	53 18 97 28
236	73 16 36 59
237	27 80 8 32
238	27 62 18 74
239	4 23 87 51
240	32 85 25 51
241	19 72 56 85
242	19 21 55 20
243	62 96 73 91
244	71 43 33 97
245	47 86 8 20
246	22 79 62 100
247	15 38 60 56
248	71 77 15 98
249	77 94 58 59
250	81 19 63 18
251	70 57 16 69
252	79 81 60 88
253	48 33 35 30
254	24 91 18 86
255	27 42 73 71
256	41 1 50 12
257	90 79 99 77
258	59 63 5 9
259	55 30 80 70
260	5 53 100 31
261	85 22 68 10
262	7 6 30 24
263	78 16 51 62
264	78 27 47 100
265	41 28 61 8
266	29 28 96 63
267	3 87 46 70
268	45 7 73 40
269	56 67 99 50
270	31 100 56 70
271	39 77 87 52
272	1 82 77 4
273	16 32 89 38
274	31 60 58 81
275	95 79 9 98
276	41 5 30 28
277	44 82 67 40
278	19 73 65 77
279	55 63 78 19
280	99 46 93 84
281	82 80 10 61
282	56 91 83 38
283	63 83 37 71
284	54 40 71 10
285	93 17 14 19
286	96 43 46 70
287	74 69 63 95
288	31 8 26 56
289	10 31 3 89
290	6 31 43 91
291	54 38 41 56
292	65 39 86 84
293	53 75 29 42
294	39 41 76 89
295	19 81 93 2
296	7 24 13 21
297	10 87 69 95
298	84 72 85 88
299	67 93 14 97
300	88 98 26 54
301	64 20 31 79
302	48 97 84 39
303	63 3 77 81
304	36 88 47 14
305	44 66 78 80
306	70 57 46 97
307	41 92 51 13
308	93 87 63 61
309	48 62 50 18
310	23 64 85 18
311	44 18 38 21
312	97 6 44 55
313	44 43 72 79
314	38 25 34 47
315	73 77 2 60
316	30 68 54 23
317	82 65 99 80
318	89 7 51 53
319	60 47 97 54
320	39 87 10 100
321	28 57 54 13
322	26 13 56 11
323	78 76 63 71
324	9 23 80 91
325	16 27 85 56
326	63 47 79 59
327	91 8 35 29
328	89 38 33 22
329	24 31 96 40
330	3 94 84 58
331	27 37 66 94
332	46 12 38 65
333	7 36 2 22
334	74 6 3 56
335	50 57 4 71
336	87 16 49 18
337	59 80 27 24
338	86 46 25 39
339	2 88 51 35
340	3 77 40 67
341	67 32 79 93
342	1 2 38 51
343	38 93 59 1
344	2 57 43 100
345	44 3 40 8
346	45 22 67 48
347	25 44 68 59
348	4 3 96 59
349	88 65 57 78
350	4 18 59 3
351	84 5 18 25
352	37 33 6 54
353	80 40 29 8
354	94 41 84 87
355	75 19 12 18
356	53 74 80 67
357	19 96 3 24
358	91 29 86 66
359	70 30 97 42
360	38 59 82 27
361	74 53 51 82
362	71 77 78 21
363	68 76 92 34
364	7 49 19 38
365	77 73 9 83
366	74 61 68 30
367	15 80 20 85
368	48 63 74 10
369	13 69 52 59
370	17 44 13 55
371	2 49 70 41
372	11 61 90 42
373	39 14 21 47
374	99 56 11 8
375	6 45 70 1
376	71 92 13 26
377	41 27 61 94
378	16 98 80 90
379	38 65 26 68
380	41 71 95 74
381	11 62 90 42
382	49 79 5 97
383	38 20 83 36
384	54 13 56 43
385	45 13 86 3
386	21 17 28 12
387	32 24 23 51
388	60 1 52 22
389	100 25 6 20
390	32 17 10 28
391	64 9 69 80
392	81 26 36 1
393	21 53 78 39
394	6 45 12 96
395	58 64 15 73
396	98 90 100 49
397	98 69 90 45
398	31 67 26 46
399	73 37 54 43
400	35 92 14 49
401	48 85 71 41
402	57 15 68 22
403	46 75 81 93
404	31 39 13 49
405	100 36 48 67
406	87 8 33 47
407	63 85 61 48
408	42 82 44 47
409	71 3 89 76
410	32 78 11 82
411	97 57 67 42
412	12 41 87 100
413	11 81 13 26
414	61 97 23 18
415	17 91 80 87
416	36 45 98 32
417	91 15 92 41
418	73 100 80 26
419	58 38 50 53
420	19 33 20 21
421	100 79 37 70
422	89 76 53 55
423	11 49 54 45
424	23 4 37 22
425	67 66 58 75
426	49 33 62 89
427	9 19 63 84
428	20 98 54 21
429	71 68 78 76
430	89 53 20 49
431	62 9 31 75
432	59 7 10 57
433	73 11 10 78
434	89 49 44 35
435	12 19 51 80
436	8 56 71 22
437	95 43 87 72
438	18 55 64 37
439	93 25 47 21
440	18 12 9 60
441	82 10 80 67
442	75 59 78 40
443	9 27 84 56
444	20 27 95 30
445	51 57 11 14
446	52 60 15 54
447	40 9 4 62
448	14 35 13 86
449	96 45 74 4
450	47 100 72 54
451	45 73 27 26
452	9 34 69 38
453	64 21 28 54
454	2 38 99 6
455	83 89 90 10
456	82 78 76 57
457	68 40 53 9
458	36 23 40 25
459	47 18 46 41
460	87 52 6 42
461	100 57 19 41
462	6 67 39 16
463	100 25 61 64
464	47 20 94 46
465	23 57 94 18
466	50 52 94 29
467	65 27 16 40
468	20 95 16 37
469	56 8 86 82
470	13 49 95 93
471	47 14 96 8
472	3 91 59 11
473	7 33 28 46
474	40 84 90 8
475	77 58 78 5
476	8 17 68 2
477	49 98 54 99
478	5 41 81 27
479	61 47 86 74
480	59 3 84 38
481	89 72 35 12
482	78 88 92 13
483	23 69 26 86
484	45 54 11 19
485	85 53 94 50
486	2 61 66 4
487	92 99 2 33
488	32 19 28 45
489	91 100 60 50
490	17 39 63 94
491	42 9 48 77
492	53 20 83 31
493	68 34 11 56
494	94 27 46 57
495	64 15 46 25
496	8 20 85 90
497	27 38 68 45
498	52 86 16 26
499	14 69 62 91
500	49 44 18 50
501	82 4 72 15
502	19 54 67 58
503	94 91 13 82
504	91 51 87 20
505	4 58 49 83
506	86 7 94 92
507	37 93 77 51
508	74 91 36 27
509	14 75 38 72
510	3 50 62 58
511	13 93 74 3
512	70 16 11 48
513	18 14 7 55
514	60 2 87 49
515	8 73 14 54
516	70 44 67 30
517	71 7 72 16
518	53 93 84 77
519	33 36 83 82
520	81 98 59 37
521	97 11 91 29
522	41 11 76 57
523	56 66 11 20
524	23 70 46 2
525	49 1 4 54
526	31 42 73 8
527	88 91 47 73
528	19 74 9 47
529	47 44 42 38
530	53 17 76 65
531	45 3 23 73
532	100 94 69 10
533	34 5 27 25
534	5 43 42 16
535	72 99 4 94
536	78 47 42 94
537	67 66 16 41
538	98 78 33 38
539	11 27 39 90
540	55 4 70 23
541	91 55 98 8
542	11 96 37 83
543	30 58 57 39
544	77 47 19 68
545	88 25 14 87
546	36 37 14 38
547	69 27 91 89
548	38 57 43 80
549	100 23 72 71
550	97 34 28 56
551	49 8 51 14
552	52 29 54 59
553	38 86 61 45
554	74 51 42 55
555	7 84 87 61
556	30 92 87 73
557	22 35 11 78
558	44 63 36 5
559	97 53 81 12
560	79 85 24 60
561	27 52 28 37
562	29 77 22 39
563	39 13 92 75
564	61 32 3 18
565	96 72 33 68
566	12 54 67 42
567	79 23 89 3
568	31 78 93 91
569	60 67 62 15
570	54 66 63 3
571	73 7 37 1
572	62 85 77 38
573	21 31 13 33
574	75 15 65 14
575	33 16 69 12
576	63 91 52 44
577	69 90 91 72
578	95 72 64 36
579	55 98 73 43
580	74 60 31 63
581	51 100 11 31
582	98 95 39 90
583	10 8 26 61
584	11 25 87 8
585	7 71 68 84
586	37 96 2 97
587	9 41 90 67
588	40 56 51 94
589	21 17 38 69
590	23 94 50 85
591	99 58 49 96
592	18 8 24 90
593	63 41 75 15
594	99 89 37 95
595	24 89 14 8
596	52 89 28 60
597	64 50 76 91
598	10 39 70 53
599	47 31 55 97
600	53 80 43 68
601	39 13 99 34
602	10 94 82 66
603	25 100 85 66
604	62 51 72 37
605	59 62 54 68
606	16 45 28 24
607	44 95 54 6
608	11 91 42 36
609	67 4 56 18
610	33 58 59 56
611	96 52 22 98
612	95 60 57 43
613	21 61 41 87
614	78 40 92 69
615	69 54 3 20
616	14 78 99 53
617	98 18 9 42
618	78 38 95 97
619	5 29 12 85
620	51 83 27 62
621	80 77 22 42
622	52 18 40 68
623	100 17 48 82
624	47 9 16 57
625	94 56 11 27
626	77 19 17 83
627	81 56 95 87
628	14 77 59 92
629	92 63 61 97
630	69 8 82 65
631	47 81 75 4
632	3 72 79 64
633	100 5 61 97
634	9 93 12 90
635	85 82 99 63
636	4 96 51 9
637	51 87 96 22
638	31 12 72 89
639	68 70 29 35
640	43 75 73 19
641	9 85 55 31
642	85 15 45 32
643	17 18 73 21
644	34 94 60 55
645	95 14 20 36
646	74 24 82 4
647	2 12 5 21
648	37 48 36 22
649	55 71 86 92
650	74 15 60 73
651	5 3 92 100
652	25 32 49 34
653	50 63 33 77
654	72 34 10 73
655	93 45 3 54
656	3 11 49 17
657	79 30 85 23
658	5 88 79 26
659	73 100 9 54
660	89 81 1 52
661	10 27 51 65
662	60 47 29 73
663	78 75 35 55
664	19 53 55 27
665	30 74 44 14
666	87 79 34 68
667	38 77 25 28
668	8 15 82 34
669	99 55 57 14
670	14 9 64 13
671	33 41 88 16
672	16 79 10 12
673	32 53 69 79
674	66 27 3 77
675	97 41 67 62
676	62 16 1 23
677	63 54 3 80
678	21 57 23 95
679	5 94 54 81
680	74 36 73 60
681	95 73 28 53
682	77 23 90 66
683	54 44 85 17
684	92 97 54 8
685	99 69 18 94
686	1 22 65 62
687	25 8 83 93
688	59 38 37 94
689	29 53 64 25
690	62 100 23 19
691	69 11 19 42
692	75 64 87 10
693	44 34 26 79
694	68 81 100 72
695	77 51 26 64
696	90 32 1 65
697	65 50 59 27
698	74 7 40 48
699	7 63 81 75
700	62 13 31 25
701	7 58 40 32
702	24 70 12 45
703	87 76 25 16
704	9 33 21 43
705	62 16 9 26
706	33 69 7 45
707	25 88 11 48
708	35 15 24 72
709	15 55 76 28
710	42 3 73 84
711	87 61 98 77
712	84 43 42 28
713	58 54 90 85
714	28 93 52 1
715	46 52 51 54
716	7 11 99 91
717	64 92 84 55
718	85 12 18 92
719	17 65 94 55
720	66 40 5 49
721	33 34 66 4
722	97 70 21 45
723	67 2 94 65
724	100 64 97 74
725	84 93 7 54
726	56 69 12 77
727	40 34 61 62
728	8 24 77 67
729	50 51 84 45
730	33 6 77 81
731	61 71 14 8
732	45 11 10 49
733	89 3 2 32
734	65 43 7 28
735	68 91 46 21
736	77 33 30 64
737	13 12 81 92
738	62 43 41 21
739	58 15 82 55
740	46 91 56 74
741	23 86 60 56
742	39 73 64 81
743	97 32 50 40
744	41 58 84 59
745	16 34 83 40
746	62 52 87 69
747	22 11 56 67
748	89 76 26 92
749	51 98 83 73
750	76 11 57 72
751	86 74 11 28
752	83 55 71 49
753	78 76 82 10
754	1 2 37 64
755	38 79 4 16
756	45 75 41 65
757	92 84 22 41
758	96 3 7 56
759	14 41 77 6
760	25 7 100 40
761	65 89 30 51
762	75 27 6 13
763	70 60 55 12
764	90 92 48 49
765	82 31 3 54
766	68 27 9 74
767	80 4 48 27
768	20 24 29 46
769	31 86 27 14
770	64 70 5 95
771	50 51 41 21
772	82 42 80 87
773	51 8 39 27
774	22 36 79 10
775	58 86 85 30
776	100 60 16 34
777	20 82 53 47
778	45 5 75 36
779	6 39 65 16
780	60 98 41 76
781	15 38 73 14
782	18 45 6 32
783	77 95 27 79
784	23 34 59 15
785	56 29 97 41
786	88 74 62 75
787	51 84 2 12
788	5 67 54 40
789	46 47 6 92
790	23 17 22 99
791	62 56 27 87
792	38 37 77 28
793	91 73 17 67
794	66 36 13 34
795	57 87 13 96
796	42 73 25 58
797	56 59 81 32
798	69 31 10 15
799	100 1 31 80
800	68 18 94 83
801	21 52 51 78
802	98 78 96 16
803	47 76 27 3
804	68 82 13 54
805	57 85 68 55
806	68 14 58 10
807	89 6 66 59
808	27 67 99 10
809	92 87 88 59
810	50 26 18 27
811	94 23 91 16
812	15 97 2 80
813	63 39 45 55
814	87 72 34 61
815	98 69 53 28
816	92 76 3 29
817	59 78 20 92
818	55 30 36 70
819	91 18 69 43
820	41 35 68 47
821	25 20 97 35
822	5 6 61 48
823	7 86 59 23
824	77 12 33 19
825	93 54 52 18
826	63 38 94 100
827	96 22 52 44
828	66 26 57 11
829	59 60 47 70
830	20 16 13 14
831	35 19 26 75
832	88 32 90 57
833	16 89 2 22
834	97 33 81 76
835	3 60 80 51
836	95 11 78 44
837	24 5 49 4
838	51 97 95 24
839	1 18 22 94
840	68 2 56 53
841	68 40 16 42
842	19 33 72 39
843	15 12 73 89
844	72 94 57 24
845	75 50 11 61
846	81 11 26 8
847	16 95 76 61
848	77 88 56 4
849	39 29 51 74
850	92 64 17 52
851	100 38 98 53
852	50 60 51 11
853	92 12 43 28
854	67 48 52 74
855	26 10 31 61
856	96 15 72 97
857	50 89 80 86
858	6 27 99 29
859	27 83 90 30
860	82 87 73 100
861	69 59 1 44
862	83 51 19 4
863	8 47 33 31
864	23 65 14 86
865	11 34 25 66
866	90 45 50 36
867	59 51 67 22
868	58 83 29 27
869	93 22 3 11
870	31 64 23 48
871	28 33 46 96
872	65 90 17 96
873	29 61 41 65
874	38 31 8 78
875	73 63 51 83
876	54 9 19 46
877	88 48 75 76
878	25 18 24 28
879	22 73 9 30
880	26 27 45 6
881	90 64 61 91
882	48 28 79 50
883	72 75 69 62
884	40 97 60 58
885	79 68 1 65
886	31 66 26 65
887	47 92 97 8
888	45 88 93 9
889	21 70 36 11
890	23 91 40 85
891	85 40 32 37
892	11 52 14 90
893	93 2 86 12
894	5 4 82 23
895	77 11 19 90
896	38 87 24 78
897	65 88 57 93
898	21 15 88 70
899	62 19 65 32
900	81 5 86 22
901	39 88 29 62
902	91 31 14 22
903	96 40 55 15
904	97 53 82 21
905	69 39 6 84
906	38 98 79 33
907	13 53 85 3
908	6 86 28 67
909	25 9 54 75
910	89 15 30 23
911	85 59 88 79
912	6 3 40 49
913	73 41 42 97
914	85 9 11 5
915	79 53 22 50
916	96 50 55 91
917	13 83 43 37
918	1 48 93 83
919	87 41 72 77
920	33 18 67 69
921	45 12 66 14
922	19 50 42 22
923	11 9 7 69
924	46 6 29 60
925	27 46 5 73
926	99 63 100 66
927	51 61 10 23
928	29 47 7 58
929	25 90 97 79
930	20 26 10 5
931	19 13 77 30
932	45 22 6 73
933	64 51 40 91
934	5 12 2 77
935	99 100 48 3
936	23 94 58 26
937	22 51 4 62
938	24 2 65 39
939	23 67 19 40
940	32 45 27 1
941	66 37 27 84
942	3 62 99 2
943	7 37 42 69
944	25 46 42 34
945	39 96 2 6
946	94 32 100 46
947	63 72 55 32
948	16 38 62 84
949	88 40 92 94
950	97 55 12 94
951	80 33 97 93
952	58 70 5 57
953	4 58 82 31
954	59 62 54 23
955	25 89 27 20
956	17 7 14 15
957	40 1 56 7
958	70 23 95 10
959	16 57 97 92
960	85 74 54 31
961	23 18 50 66
962	81 88 99 19
963	60 82 61 48
964	28 76 16 17
965	98 49 44 100
966	43 36 21 30
967	3 18 75 67
968	63 65 73 46
969	4 27 64 65
970	68 98 34 26
971	13 9 28 49
972	38 14 21 3
973	72 47 44 11
974	63 21 87 53
975	64 13 55 81
976	80 5 88 25
977	90 2 94 95
978	84 29 54 62
979	74 62 57 91
980	30 98 37 72
981	1 64 15 28
982	10 94 43 87
983	33 28 16 87
984	23 95 46 65
985	59 57 39 96
986	68 25 28 55
987	59 83 22 82
988	88 72 33 12
989	69 45 2 91
990	37 33 67 18
991	6 24 42 92
992	39 80 55 99
993	70 87 18 43
994	26 44 7 52
995	74 56 77 32
996	45 96 28 55
997	65 55 70 90
998	87 92 98 12
999	52 60 30 97
1000	26 44 4 12
