Students	4500
1	17 10 15 6
2	17 9 8 7
3	7 11 12 10
4	6 10 2 4
5	11 16 5 12
6	3 11 10 5
7	13 8 20 7
8	17 10 18 11
9	19 18 4 5
10	20 1 14 8
11	5 20 19 12
12	20 5 17 15
13	8 17 6 20
14	1 13 3 6
15	6 1 9 11
16	18 10 19 15
17	12 6 15 10
18	12 4 10 7
19	17 4 18 20
20	9 14 10 5
21	14 19 17 3
22	18 15 9 3
23	1 8 2 10
24	8 16 12 20
25	8 9 1 17
26	17 16 4 12
27	13 11 7 3
28	17 6 9 11
29	11 4 2 9
30	1 13 6 4
31	12 10 8 16
32	3 20 19 6
33	16 17 14 20
34	2 7 15 9
35	15 2 19 7
36	20 12 10 17
37	14 15 11 13
38	7 15 2 17
39	20 5 16 7
40	19 13 4 3
41	1 5 4 17
42	19 20 11 6
43	13 15 12 9
44	2 3 10 19
45	9 7 11 3
46	18 19 4 14
47	17 1 5 20
48	7 1 19 15
49	15 3 13 2
50	16 12 1 3
51	5 1 15 12
52	9 5 2 11
53	16 1 14 18
54	15 2 18 17
55	19 15 2 6
56	4 3 17 1
57	15 7 14 5
58	3 15 7 17
59	3 10 16 4
60	13 6 16 17
61	9 3 13 7
62	2 7 6 17
63	4 2 3 7
64	7 1 20 11
65	9 20 18 4
66	12 3 13 15
67	6 3 14 2
68	8 6 20 1
69	17 20 12 19
70	3 20 13 6
71	8 4 13 10
72	13 9 16 12
73	19 20 3 18
74	7 3 17 19
75	7 13 5 12
76	18 8 10 5
77	7 13 6 9
78	4 8 14 12
79	19 18 11 20
80	12 14 9 20
81	4 20 5 10
82	12 7 9 10
83	3 5 4 7
84	2 11 12 13
85	1 7 3 8
86	20 8 9 6
87	4 12 18 8
88	7 10 13 9
89	16 20 7 4
90	1 13 4 7
91	7 6 19 8
92	19 3 12 1
93	10 12 7 14
94	5 18 4 17
95	15 1 19 12
96	5 15 17 16
97	11 12 14 5
98	12 16 9 4
99	3 11 15 4
100	18 15 20 12
101	1 18 15 3
102	1 10 13 20
103	14 7 8 17
104	1 13 19 12
105	16 19 10 9
106	15 13 18 6
107	18 12 15 3
108	13 1 10 20
109	16 7 19 11
110	1 12 5 11
111	15 18 6 10
112	10 13 12 17
113	12 6 9 13
114	19 10 1 5
115	18 19 20 13
116	7 1 12 5
117	1 13 18 6
118	5 2 4 6
119	6 5 16 7
120	10 12 13 7
121	18 9 1 4
122	6 20 11 10
123	2 20 13 8
124	1 9 11 6
125	7 3 13 8
126	3 16 10 9
127	16 14 5 6
128	12 19 3 7
129	12 13 20 7
130	1 13 12 2
131	9 18 2 16
132	14 6 16 2
133	8 6 19 5
134	18 17 2 5
135	11 16 7 20
136	9 19 5 20
137	2 5 4 1
138	18 20 15 13
139	6 1 7 20
140	20 15 6 12
141	2 15 6 12
142	14 4 12 3
143	15 19 5 18
144	16 3 19 6
145	10 20 12 8
146	16 10 9 19
147	18 20 6 10
148	11 17 6 2
149	13 10 18 17
150	8 1 17 20
151	15 12 6 3
152	10 12 11 14
153	4 18 5 20
154	18 17 13 20
155	16 12 4 17
156	4 2 16 9
157	16 5 12 8
158	19 10 5 18
159	9 10 12 18
160	18 17 8 14
161	11 7 3 2
162	12 16 9 2
163	20 16 2 1
164	3 15 13 20
165	1 2 13 5
166	14 11 1 5
167	6 14 20 2
168	11 13 16 18
169	4 17 8 2
170	4 17 19 3
171	20 14 18 12
172	9 5 16 10
173	13 7 6 4
174	15 10 12 7
175	13 16 9 2
176	6 5 9 1
177	15 3 17 19
178	7 3 10 15
179	14 9 3 8
180	8 1 6 20
181	14 20 2 15
182	4 2 10 19
183	16 8 7 17
184	14 13 8 16
185	17 12 3 14
186	3 11 18 15
187	17 1 5 18
188	9 14 13 7
189	7 9 13 1
190	17 16 19 10
191	4 2 6 9
192	20 2 10 15
193	8 1 12 17
194	15 8 11 4
195	20 3 17 6
196	15 19 17 10
197	13 17 4 2
198	13 17 18 7
199	10 12 5 19
200	2 5 16 19
201	1 5 7 4
202	19 10 13 4
203	5 9 4 11
204	9 7 1 15
205	9 10 18 19
206	4 18 1 14
207	9 10 3 1
208	10 15 13 11
209	17 19 7 20
210	6 7 15 17
211	11 2 15 17
212	14 17 11 1
213	8 12 16 15
214	7 18 4 14
215	6 19 13 4
216	12 4 7 5
217	8 12 2 16
218	16 8 10 19
219	5 11 19 7
220	13 4 16 12
221	5 6 9 11
222	17 15 5 12
223	12 17 8 1
224	7 15 17 11
225	5 18 3 2
226	9 15 18 8
227	10 1 18 15
228	18 19 1 9
229	14 20 17 7
230	20 8 12 3
231	7 8 14 19
232	16 12 15 19
233	15 2 8 12
234	1 2 17 8
235	11 15 18 10
236	17 3 14 5
237	14 7 8 3
238	20 14 15 5
239	2 8 18 17
240	2 18 9 10
241	11 2 16 1
242	11 6 5 14
243	7 6 11 20
244	8 19 2 17
245	3 17 4 11
246	17 18 12 4
247	9 17 6 11
248	13 2 7 11
249	1 18 17 8
250	17 5 19 7
251	5 6 2 7
252	6 11 8 9
253	17 19 8 1
254	5 1 18 4
255	10 8 12 4
256	5 11 3 16
257	20 5 4 18
258	18 15 3 10
259	13 17 9 18
260	12 15 6 1
261	18 5 8 6
262	19 18 8 1
263	5 19 9 13
264	14 4 11 17
265	14 8 6 5
266	3 7 6 1
267	2 6 18 10
268	20 5 3 17
269	12 7 18 5
270	15 17 20 7
271	15 1 12 18
272	7 11 15 9
273	8 13 16 3
274	12 3 18 10
275	12 10 4 6
276	15 14 18 13
277	20 6 16 9
278	19 18 2 13
279	10 20 5 2
280	7 20 4 17
281	7 10 16 12
282	11 18 12 10
283	9 16 7 2
284	15 12 20 3
285	5 11 20 2
286	11 5 18 9
287	9 16 4 10
288	12 14 17 6
289	7 14 15 10
290	5 7 13 18
291	20 18 13 17
292	5 13 7 6
293	14 5 1 12
294	16 9 10 14
295	8 14 13 10
296	19 10 5 8
297	5 12 15 1
298	12 1 18 17
299	20 16 5 17
300	6 7 16 19
301	17 1 16 8
302	5 3 17 16
303	18 3 9 17
304	18 15 14 7
305	12 3 13 9
306	1 14 11 8
307	14 2 11 6
308	14 19 9 16
309	7 9 16 3
310	13 12 11 4
311	5 1 4 10
312	13 8 20 6
313	14 6 13 16
314	6 2 4 9
315	19 9 18 1
316	15 6 17 11
317	13 10 6 14
318	17 18 11 15
319	3 19 20 1
320	1 8 10 5
321	17 8 11 9
322	20 3 4 1
323	4 6 5 18
324	20 14 8 11
325	14 20 7 4
326	2 15 5 1
327	13 17 2 4
328	2 9 6 7
329	2 19 14 7
330	19 3 5 7
331	20 14 3 4
332	5 7 4 6
333	16 15 3 12
334	5 7 16 1
335	2 13 19 20
336	10 3 11 9
337	18 19 11 5
338	15 19 9 10
339	4 10 19 2
340	12 9 4 7
341	7 13 16 5
342	18 2 10 16
343	20 19 4 17
344	10 1 13 20
345	3 7 11 19
346	15 6 8 4
347	3 16 4 18
348	3 14 15 6
349	10 3 19 18
350	2 9 6 7
351	10 15 4 8
352	14 4 12 7
353	11 9 5 19
354	20 8 1 6
355	10 13 17 6
356	14 10 12 15
357	14 6 8 13
358	8 4 10 17
359	16 10 2 8
360	19 15 8 7
361	7 6 3 4
362	17 12 6 16
363	9 4 18 19
364	5 14 15 16
365	13 5 11 14
366	2 8 20 7
367	3 12 9 15
368	14 16 5 10
369	19 10 5 8
370	4 12 16 11
371	10 17 19 20
372	8 4 2 11
373	8 9 2 17
374	3 11 1 4
375	10 16 8 18
376	8 5 12 10
377	12 1 6 18
378	12 17 10 13
379	9 17 7 4
380	4 10 20 8
381	1 12 20 13
382	13 19 4 15
383	4 7 15 5
384	3 8 4 15
385	20 15 11 14
386	13 8 9 15
387	15 6 17 9
388	8 10 14 7
389	16 4 19 18
390	14 18 16 11
391	7 20 12 11
392	4 18 7 17
393	11 1 3 7
394	2 9 16 5
395	11 17 2 6
396	14 20 11 6
397	4 9 7 16
398	6 3 1 18
399	6 20 17 15
400	15 13 12 10
401	7 10 17 1
402	6 20 1 17
403	16 2 8 17
404	18 12 1 9
405	7 8 10 4
406	3 20 12 16
407	7 19 12 4
408	4 15 8 9
409	6 8 1 3
410	8 10 18 3
411	18 2 15 1
412	14 12 11 8
413	11 16 4 18
414	3 5 17 8
415	12 3 11 7
416	12 11 2 3
417	3 15 11 6
418	10 19 12 6
419	13 15 7 19
420	18 3 2 6
421	11 3 6 17
422	16 13 17 4
423	1 6 2 18
424	17 2 8 15
425	6 1 11 19
426	16 20 17 5
427	2 15 1 4
428	18 17 5 13
429	15 20 12 13
430	18 15 14 7
431	19 6 13 18
432	16 17 11 2
433	20 12 8 4
434	7 14 6 12
435	7 3 1 20
436	2 9 20 8
437	7 4 14 3
438	2 6 18 7
439	15 16 20 13
440	7 20 6 15
441	4 13 2 8
442	1 6 5 3
443	17 13 10 8
444	19 3 13 5
445	8 16 14 13
446	8 5 6 20
447	2 1 14 11
448	18 2 5 12
449	12 18 2 6
450	20 3 17 13
451	4 18 20 17
452	18 19 6 7
453	11 5 18 14
454	3 19 10 1
455	4 10 6 16
456	17 11 16 5
457	9 6 17 8
458	11 14 17 8
459	18 12 15 20
460	5 12 2 17
461	18 12 2 9
462	11 5 1 6
463	19 2 18 8
464	10 7 8 16
465	1 15 4 10
466	15 5 4 12
467	10 6 7 17
468	2 12 3 8
469	18 17 7 19
470	7 11 10 12
471	6 7 8 17
472	15 5 17 1
473	9 14 10 11
474	6 20 4 1
475	2 16 20 5
476	6 18 11 9
477	9 14 12 5
478	7 18 10 5
479	4 19 13 17
480	7 18 10 3
481	17 15 14 12
482	13 1 2 8
483	1 12 10 7
484	18 14 15 12
485	14 1 12 19
486	13 19 20 1
487	4 10 5 7
488	9 16 5 7
489	2 15 16 18
490	7 19 11 4
491	12 5 3 9
492	7 8 19 17
493	9 12 19 6
494	17 3 14 6
495	15 8 7 19
496	14 3 8 9
497	17 9 7 18
498	16 4 20 5
499	4 18 7 13
500	17 7 20 3
501	2 13 7 17
502	17 20 3 12
503	10 18 1 13
504	1 20 3 9
505	15 5 1 14
506	14 1 19 2
507	1 18 2 8
508	15 2 3 18
509	11 16 10 1
510	14 3 1 2
511	6 16 8 18
512	2 18 11 5
513	2 4 13 10
514	12 7 15 9
515	8 12 15 1
516	14 3 8 4
517	20 7 9 8
518	6 4 5 3
519	6 3 1 12
520	4 17 6 16
521	16 15 17 8
522	15 4 12 14
523	13 4 15 2
524	17 9 3 19
525	9 19 2 6
526	2 20 11 5
527	12 17 20 10
528	18 14 16 5
529	4 12 18 6
530	13 7 3 15
531	11 20 18 17
532	5 1 14 15
533	15 17 9 16
534	19 20 4 8
535	7 4 8 11
536	8 1 2 18
537	9 4 8 2
538	1 8 6 13
539	2 11 8 1
540	7 15 8 3
541	10 9 7 19
542	19 4 13 3
543	15 14 10 1
544	7 10 12 3
545	5 14 8 15
546	12 4 1 2
547	6 11 8 19
548	20 18 15 14
549	19 1 11 9
550	15 16 8 5
551	15 20 6 9
552	4 15 14 10
553	3 4 10 5
554	3 10 5 1
555	8 10 14 19
556	13 10 20 6
557	6 2 20 16
558	7 11 3 16
559	1 19 6 18
560	1 11 3 10
561	4 20 9 2
562	19 10 15 17
563	3 2 14 7
564	11 6 1 16
565	8 16 18 9
566	17 5 3 19
567	19 10 6 1
568	10 20 4 13
569	18 2 4 11
570	18 14 17 9
571	6 9 14 3
572	17 7 20 13
573	1 8 9 17
574	12 6 11 16
575	16 9 12 14
576	15 6 11 7
577	14 8 4 11
578	17 16 19 15
579	13 20 17 19
580	4 11 10 17
581	2 8 18 1
582	15 1 18 16
583	1 7 2 18
584	3 6 1 15
585	17 18 10 14
586	16 20 13 8
587	12 5 11 3
588	13 2 10 19
589	1 20 8 18
590	1 5 11 16
591	8 1 14 19
592	7 18 14 19
593	17 6 5 1
594	1 15 17 18
595	10 12 11 1
596	6 2 9 8
597	1 3 12 5
598	5 2 13 10
599	16 2 20 10
600	6 10 1 11
601	19 12 2 11
602	3 18 12 20
603	6 15 2 5
604	7 20 8 9
605	5 9 2 10
606	20 9 8 1
607	17 9 16 18
608	17 19 1 4
609	14 10 19 1
610	17 18 6 16
611	18 1 14 7
612	6 11 16 2
613	12 8 1 11
614	3 4 14 9
615	11 18 7 4
616	8 13 1 7
617	5 18 19 16
618	12 1 2 16
619	4 6 13 9
620	1 13 4 17
621	4 19 13 15
622	1 9 2 11
623	15 11 9 19
624	19 11 6 15
625	1 8 19 6
626	15 9 14 17
627	10 6 19 5
628	6 12 20 8
629	9 14 5 19
630	3 8 15 1
631	2 17 14 11
632	18 6 8 12
633	15 1 14 8
634	11 4 19 5
635	5 3 2 13
636	1 4 19 15
637	1 10 16 5
638	12 9 10 14
639	9 1 7 14
640	19 13 12 11
641	9 14 3 20
642	17 1 19 11
643	4 14 16 5
644	14 13 3 7
645	20 17 8 1
646	3 2 20 18
647	17 7 12 19
648	4 16 14 3
649	17 9 15 10
650	20 11 4 16
651	15 2 14 16
652	9 14 13 11
653	2 13 8 7
654	14 8 13 12
655	18 16 7 8
656	17 10 13 1
657	12 11 8 13
658	7 17 18 19
659	16 11 9 18
660	20 4 3 8
661	15 11 13 1
662	10 1 13 8
663	7 10 17 20
664	7 12 13 20
665	3 7 16 4
666	11 20 10 3
667	12 13 1 19
668	20 19 11 18
669	13 2 11 16
670	10 5 19 18
671	15 12 14 19
672	12 6 1 14
673	7 3 17 2
674	13 7 12 11
675	6 14 18 5
676	20 4 8 6
677	7 1 18 8
678	18 6 11 9
679	16 18 10 12
680	19 6 2 10
681	17 4 9 11
682	11 15 18 4
683	10 1 9 11
684	17 19 2 9
685	5 7 10 3
686	11 3 13 5
687	16 5 3 7
688	18 20 14 10
689	2 13 14 20
690	10 18 2 16
691	20 15 8 13
692	16 1 11 12
693	16 12 4 13
694	9 11 2 17
695	3 8 1 10
696	20 8 13 15
697	16 10 1 15
698	3 15 4 13
699	20 7 15 18
700	7 14 13 10
701	1 7 10 5
702	15 4 6 8
703	7 14 2 9
704	4 10 11 6
705	20 19 9 4
706	15 2 14 5
707	5 8 1 11
708	6 9 2 16
709	3 12 5 16
710	17 11 19 6
711	3 8 4 12
712	4 13 15 20
713	2 10 19 8
714	10 12 4 11
715	3 10 4 1
716	12 4 11 14
717	3 15 20 18
718	20 5 10 9
719	19 4 14 7
720	17 10 12 15
721	17 14 9 18
722	4 1 13 19
723	20 15 8 18
724	17 5 18 15
725	17 4 18 5
726	14 9 2 10
727	6 12 16 18
728	19 10 15 5
729	10 1 15 11
730	1 10 3 17
731	13 15 14 10
732	15 17 18 13
733	4 20 18 9
734	15 19 10 1
735	13 12 15 17
736	10 9 16 17
737	15 1 18 6
738	11 12 1 18
739	7 15 19 2
740	18 8 4 2
741	5 14 15 6
742	9 5 15 14
743	20 6 1 10
744	3 4 7 10
745	3 10 6 16
746	9 4 15 20
747	6 19 2 5
748	6 16 10 18
749	10 20 2 1
750	8 17 2 3
751	13 20 15 8
752	6 9 5 2
753	3 17 5 13
754	18 15 20 14
755	19 7 16 8
756	20 1 5 17
757	7 19 4 5
758	6 18 5 10
759	13 10 15 3
760	16 13 11 2
761	16 13 2 5
762	8 20 7 10
763	3 4 16 15
764	11 9 12 2
765	20 5 6 19
766	16 8 4 19
767	6 12 3 11
768	17 19 3 2
769	8 6 10 7
770	15 7 14 5
771	2 4 19 6
772	1 19 2 3
773	11 16 6 7
774	19 12 13 8
775	8 9 1 10
776	18 20 15 3
777	15 14 19 5
778	2 9 1 19
779	4 12 11 15
780	5 8 15 2
781	14 18 7 5
782	10 20 11 7
783	1 7 9 8
784	14 10 4 7
785	11 4 6 17
786	20 5 18 1
787	1 12 11 14
788	3 9 4 10
789	16 14 12 10
790	12 6 7 10
791	11 13 16 6
792	9 18 4 7
793	2 15 8 13
794	5 12 20 15
795	9 12 15 7
796	18 10 1 12
797	7 20 13 12
798	18 8 9 2
799	5 16 15 1
800	8 19 7 10
801	1 14 13 18
802	4 15 3 16
803	4 16 15 3
804	20 19 9 12
805	4 14 11 6
806	6 13 7 16
807	14 18 10 20
808	12 8 9 19
809	6 4 18 7
810	19 11 3 20
811	13 7 18 3
812	3 16 9 7
813	19 8 16 9
814	20 15 4 7
815	19 9 3 12
816	7 12 9 20
817	18 3 9 17
818	6 20 18 9
819	10 14 6 13
820	15 13 11 7
821	7 5 11 18
822	16 15 14 6
823	4 5 8 16
824	6 19 4 20
825	3 19 20 15
826	2 7 14 15
827	1 9 2 11
828	15 10 16 4
829	18 9 13 3
830	8 13 19 6
831	18 2 11 3
832	11 14 7 19
833	13 5 20 10
834	11 15 2 8
835	18 3 11 16
836	7 12 14 8
837	18 2 14 15
838	18 13 4 1
839	6 4 14 3
840	5 12 1 8
841	6 10 11 9
842	18 14 2 6
843	6 11 4 8
844	3 19 13 6
845	4 3 17 19
846	15 6 13 3
847	7 10 1 13
848	16 15 10 8
849	11 19 18 6
850	3 7 14 6
851	11 20 13 8
852	7 10 2 4
853	1 4 8 19
854	11 20 14 12
855	17 9 15 6
856	3 10 20 2
857	3 10 5 11
858	3 8 14 13
859	16 10 3 8
860	17 9 5 12
861	3 11 2 9
862	4 16 9 7
863	8 12 7 9
864	9 13 19 6
865	10 5 8 11
866	11 5 12 15
867	13 9 5 6
868	7 2 8 3
869	4 10 15 9
870	12 20 7 11
871	9 17 3 14
872	8 15 11 17
873	10 3 20 14
874	6 5 7 16
875	9 1 6 4
876	17 5 10 8
877	3 9 12 17
878	5 6 7 2
879	7 13 5 6
880	8 13 11 16
881	13 8 12 17
882	3 19 2 15
883	16 15 18 19
884	1 16 9 2
885	5 16 1 20
886	18 20 11 16
887	15 12 11 14
888	13 14 11 4
889	1 10 7 2
890	18 19 14 13
891	12 7 9 10
892	19 5 17 6
893	11 18 3 20
894	10 19 9 3
895	19 1 6 13
896	16 11 14 6
897	18 15 7 6
898	19 18 20 1
899	2 5 17 19
900	7 9 18 5
901	3 5 8 7
902	8 18 19 5
903	2 4 19 14
904	1 2 8 3
905	1 19 12 6
906	14 9 5 15
907	11 4 17 20
908	16 20 6 14
909	20 11 2 7
910	5 20 18 11
911	19 20 4 18
912	16 5 17 18
913	14 17 6 4
914	8 4 19 14
915	1 15 11 3
916	7 8 16 13
917	16 6 9 15
918	7 12 6 10
919	1 13 5 7
920	2 12 4 7
921	3 18 6 10
922	9 17 3 6
923	12 16 6 17
924	19 17 12 5
925	2 6 20 5
926	5 1 19 3
927	9 10 14 20
928	7 4 19 11
929	17 7 4 10
930	13 7 9 17
931	20 15 8 2
932	14 17 13 15
933	13 20 3 19
934	4 6 20 3
935	10 17 11 1
936	3 5 10 4
937	2 20 11 5
938	7 13 15 20
939	14 17 13 5
940	5 17 7 13
941	15 16 5 11
942	11 19 10 1
943	14 11 5 19
944	9 8 14 18
945	14 18 15 16
946	1 18 3 20
947	11 8 2 19
948	14 18 11 1
949	18 1 12 20
950	11 20 14 12
951	12 1 11 14
952	9 11 6 4
953	8 20 4 16
954	6 12 7 15
955	20 9 16 12
956	15 4 10 13
957	19 11 8 3
958	16 3 9 2
959	18 10 16 12
960	19 14 4 1
961	13 3 6 12
962	8 3 11 13
963	10 12 11 5
964	19 18 11 3
965	10 8 17 4
966	13 1 15 18
967	2 6 8 5
968	5 4 17 20
969	1 13 11 8
970	13 8 18 14
971	1 15 16 9
972	16 3 9 17
973	9 11 18 6
974	8 3 17 6
975	3 17 6 1
976	14 15 2 8
977	14 3 13 17
978	20 10 16 18
979	7 9 8 3
980	17 12 6 7
981	19 10 1 14
982	17 19 12 3
983	5 16 1 9
984	11 4 6 3
985	15 14 4 11
986	16 9 8 2
987	6 9 19 12
988	14 11 12 6
989	1 8 9 20
990	19 2 17 5
991	6 13 3 17
992	15 9 3 13
993	14 16 6 3
994	12 3 20 10
995	14 1 4 16
996	5 7 4 13
997	12 7 16 3
998	16 12 11 14
999	1 4 14 19
1000	18 17 9 16
1001	7 13 10 5
1002	11 19 12 3
1003	19 3 13 18
1004	18 20 10 11
1005	15 3 17 9
1006	14 5 6 1
1007	19 17 8 12
1008	7 20 2 15
1009	1 18 3 2
1010	8 16 9 15
1011	10 6 12 4
1012	4 3 19 15
1013	16 3 12 19
1014	10 4 12 17
1015	16 20 3 18
1016	8 12 16 6
1017	17 14 18 10
1018	5 1 3 9
1019	5 1 8 6
1020	9 20 1 8
1021	5 11 15 16
1022	15 10 2 14
1023	1 4 17 11
1024	12 16 18 2
1025	4 6 20 10
1026	7 8 18 20
1027	1 20 18 13
1028	10 1 4 20
1029	4 7 3 12
1030	11 3 13 10
1031	5 19 3 17
1032	5 6 1 2
1033	8 1 19 3
1034	14 7 1 8
1035	11 8 13 19
1036	2 9 8 14
1037	6 5 17 16
1038	17 14 6 9
1039	18 8 4 12
1040	19 14 11 2
1041	7 6 5 17
1042	20 9 17 12
1043	13 12 17 14
1044	5 7 18 17
1045	6 2 10 9
1046	6 12 15 10
1047	15 13 14 2
1048	16 20 9 7
1049	15 2 1 12
1050	17 2 11 12
1051	18 10 9 19
1052	12 4 9 6
1053	15 2 11 18
1054	16 5 15 19
1055	2 4 6 10
1056	5 20 1 12
1057	7 20 13 16
1058	1 2 5 10
1059	19 4 9 2
1060	10 8 1 9
1061	5 4 10 18
1062	10 4 20 19
1063	7 18 20 9
1064	5 4 14 20
1065	17 15 11 18
1066	7 3 12 9
1067	9 19 4 10
1068	20 13 10 8
1069	9 19 15 6
1070	9 11 16 3
1071	17 19 9 1
1072	2 11 20 1
1073	14 11 4 17
1074	14 7 11 8
1075	12 8 3 7
1076	13 8 20 18
1077	10 3 15 14
1078	5 10 3 16
1079	15 12 2 18
1080	16 18 14 4
1081	5 7 12 2
1082	8 13 5 12
1083	7 8 18 10
1084	17 5 10 4
1085	20 10 13 3
1086	8 5 16 9
1087	17 9 16 5
1088	11 16 6 12
1089	13 16 18 2
1090	10 1 13 20
1091	19 20 2 10
1092	1 19 11 16
1093	2 13 10 18
1094	13 3 12 2
1095	6 5 19 4
1096	3 16 19 5
1097	15 5 10 18
1098	9 7 10 16
1099	2 15 6 5
1100	6 18 7 5
1101	5 16 15 8
1102	3 13 1 14
1103	7 20 6 12
1104	10 15 7 13
1105	7 11 3 13
1106	4 6 9 5
1107	11 13 2 3
1108	19 14 8 1
1109	20 14 2 19
1110	5 20 8 7
1111	15 4 12 2
1112	4 18 11 20
1113	10 18 12 13
1114	8 14 1 11
1115	6 3 7 15
1116	14 19 13 16
1117	16 2 13 4
1118	19 17 20 6
1119	6 16 5 7
1120	1 12 15 17
1121	10 1 4 14
1122	13 4 17 3
1123	11 14 8 13
1124	14 10 19 13
1125	18 10 20 4
1126	7 16 1 9
1127	3 15 16 6
1128	13 2 5 10
1129	7 5 13 19
1130	3 19 4 18
1131	16 6 8 12
1132	18 8 11 1
1133	17 18 14 7
1134	10 8 12 19
1135	1 6 18 20
1136	14 6 1 19
1137	11 8 1 6
1138	5 11 19 10
1139	9 20 18 17
1140	13 20 8 4
1141	16 12 5 1
1142	10 9 4 6
1143	6 7 11 5
1144	3 14 12 20
1145	13 5 11 3
1146	8 16 7 1
1147	1 18 8 19
1148	18 4 5 14
1149	9 1 4 11
1150	1 5 4 9
1151	18 15 2 12
1152	12 9 14 4
1153	14 19 20 17
1154	18 10 14 7
1155	6 17 11 4
1156	1 10 17 9
1157	5 8 3 17
1158	5 19 11 13
1159	14 3 4 6
1160	1 13 9 14
1161	18 3 11 13
1162	9 15 11 12
1163	17 8 9 19
1164	7 10 14 2
1165	5 16 20 17
1166	6 16 5 19
1167	12 18 17 8
1168	18 11 13 19
1169	11 17 4 2
1170	17 10 15 20
1171	6 20 10 3
1172	2 10 18 7
1173	19 8 10 9
1174	16 7 18 13
1175	19 7 10 2
1176	12 9 3 14
1177	16 17 12 6
1178	19 6 2 8
1179	11 16 19 3
1180	11 9 19 3
1181	20 17 2 3
1182	5 19 7 20
1183	2 15 7 10
1184	5 4 14 17
1185	16 13 9 15
1186	1 8 4 19
1187	13 15 20 4
1188	17 16 13 14
1189	6 7 15 10
1190	7 10 1 3
1191	13 12 17 20
1192	2 9 8 5
1193	15 12 4 16
1194	4 11 8 17
1195	10 16 3 5
1196	15 1 14 18
1197	9 10 14 7
1198	10 5 20 9
1199	18 16 6 5
1200	5 18 7 3
1201	5 3 13 10
1202	19 6 20 11
1203	18 2 9 10
1204	13 5 20 15
1205	8 16 14 9
1206	11 1 4 17
1207	16 2 17 5
1208	7 13 3 16
1209	13 7 4 9
1210	17 1 8 5
1211	17 14 13 5
1212	15 16 18 4
1213	10 18 1 5
1214	9 15 4 14
1215	2 15 11 17
1216	17 12 5 15
1217	7 12 3 18
1218	3 10 20 7
1219	7 5 4 11
1220	1 5 13 14
1221	15 17 8 9
1222	18 12 1 14
1223	4 18 17 15
1224	17 5 10 1
1225	16 5 18 4
1226	18 13 19 11
1227	15 4 12 14
1228	19 12 1 5
1229	11 17 2 20
1230	17 4 2 13
1231	11 3 9 2
1232	12 16 3 2
1233	20 2 8 18
1234	20 17 13 12
1235	17 18 5 11
1236	2 8 1 15
1237	15 18 20 9
1238	8 12 7 1
1239	7 16 12 10
1240	5 1 19 18
1241	12 17 18 11
1242	19 12 16 8
1243	1 17 5 18
1244	11 1 13 15
1245	17 8 2 13
1246	5 10 16 15
1247	1 6 20 4
1248	18 10 2 13
1249	10 3 12 1
1250	3 6 10 15
1251	10 19 7 12
1252	7 18 17 12
1253	16 15 3 11
1254	20 9 16 8
1255	6 12 17 14
1256	17 16 9 20
1257	14 12 6 20
1258	14 20 16 17
1259	7 20 4 19
1260	15 17 5 12
1261	20 1 15 11
1262	8 13 4 14
1263	10 5 9 19
1264	9 6 8 1
1265	12 20 13 19
1266	5 18 6 2
1267	8 12 10 4
1268	14 20 3 1
1269	11 9 16 4
1270	4 20 9 13
1271	16 14 6 2
1272	17 6 12 1
1273	3 7 2 16
1274	19 7 6 8
1275	16 4 18 14
1276	14 20 19 8
1277	5 3 9 14
1278	4 12 14 15
1279	17 15 2 14
1280	6 19 16 4
1281	2 12 13 5
1282	19 15 5 18
1283	2 18 12 5
1284	6 16 10 17
1285	18 12 19 17
1286	1 11 8 9
1287	10 2 12 19
1288	4 13 5 12
1289	5 4 3 6
1290	19 20 16 3
1291	1 14 11 9
1292	16 1 15 18
1293	3 2 14 18
1294	15 12 13 18
1295	15 19 3 12
1296	10 9 6 12
1297	18 10 1 20
1298	11 1 8 19
1299	3 2 8 4
1300	15 11 7 12
1301	20 14 9 18
1302	11 18 12 19
1303	11 15 1 16
1304	17 8 5 10
1305	4 11 2 5
1306	15 3 10 16
1307	11 5 12 16
1308	13 19 4 20
1309	10 13 12 19
1310	9 11 17 14
1311	15 16 2 20
1312	13 20 1 10
1313	2 8 17 5
1314	17 11 5 10
1315	20 18 12 13
1316	8 14 1 17
1317	4 3 17 13
1318	12 2 16 14
1319	1 12 19 5
1320	12 3 16 2
1321	11 12 5 15
1322	19 13 2 10
1323	12 6 19 8
1324	2 16 1 12
1325	19 11 1 14
1326	18 19 2 11
1327	10 3 15 5
1328	13 14 19 9
1329	8 9 4 19
1330	19 8 18 7
1331	15 18 3 6
1332	20 2 8 12
1333	18 4 19 12
1334	11 10 18 15
1335	12 19 5 6
1336	2 3 13 16
1337	2 15 14 1
1338	13 4 18 6
1339	16 17 11 5
1340	17 11 5 6
1341	8 19 1 15
1342	4 14 7 5
1343	19 9 11 10
1344	12 1 6 7
1345	10 5 6 4
1346	20 13 4 11
1347	15 9 17 12
1348	11 2 15 16
1349	11 17 7 1
1350	14 6 10 4
1351	17 11 8 20
1352	7 19 16 10
1353	8 18 13 14
1354	18 6 12 14
1355	17 11 1 13
1356	12 15 13 11
1357	12 16 1 11
1358	3 19 14 15
1359	4 6 10 9
1360	8 4 9 7
1361	20 15 19 9
1362	20 15 17 16
1363	18 1 15 6
1364	19 6 16 7
1365	12 4 9 17
1366	12 9 10 19
1367	12 2 20 10
1368	3 6 16 12
1369	1 14 20 18
1370	12 3 16 9
1371	5 14 15 2
1372	19 2 11 18
1373	10 14 8 7
1374	5 13 7 15
1375	1 8 2 6
1376	8 13 1 14
1377	16 19 18 7
1378	6 16 8 9
1379	14 3 19 15
1380	7 1 17 13
1381	5 3 6 7
1382	2 10 3 6
1383	11 12 19 13
1384	3 19 15 14
1385	17 10 4 20
1386	20 6 14 11
1387	2 16 11 8
1388	5 4 15 10
1389	4 1 12 11
1390	18 14 4 3
1391	10 3 16 13
1392	3 1 13 6
1393	8 12 10 7
1394	3 15 4 20
1395	4 11 13 7
1396	6 12 14 8
1397	13 1 12 8
1398	7 19 16 6
1399	10 17 7 2
1400	10 5 19 6
1401	16 12 20 4
1402	13 11 4 9
1403	5 13 7 16
1404	1 12 16 11
1405	16 1 11 8
1406	10 17 5 19
1407	19 18 15 6
1408	8 16 13 9
1409	19 2 11 20
1410	14 4 2 5
1411	3 15 14 11
1412	1 8 9 17
1413	15 13 16 10
1414	9 20 7 18
1415	12 19 13 11
1416	5 17 11 7
1417	6 4 19 16
1418	4 1 3 19
1419	6 10 20 2
1420	20 13 7 19
1421	17 16 13 10
1422	1 11 19 13
1423	7 14 13 1
1424	11 12 3 20
1425	18 20 7 4
1426	16 14 1 8
1427	13 7 20 15
1428	12 3 16 11
1429	5 18 12 14
1430	19 11 13 4
1431	16 2 15 5
1432	14 12 7 1
1433	16 10 1 14
1434	15 5 16 13
1435	8 18 13 11
1436	14 4 13 7
1437	19 14 7 15
1438	3 12 7 6
1439	8 20 10 16
1440	2 10 12 13
1441	16 17 18 8
1442	19 4 6 9
1443	5 8 18 10
1444	1 3 9 17
1445	4 8 16 12
1446	3 16 4 19
1447	12 3 18 1
1448	3 11 12 1
1449	14 3 17 15
1450	8 18 19 11
1451	20 3 2 9
1452	19 14 13 1
1453	3 5 11 4
1454	3 12 7 18
1455	14 12 10 20
1456	17 8 20 1
1457	19 2 1 14
1458	2 12 1 3
1459	10 16 11 13
1460	2 13 1 15
1461	13 12 5 6
1462	17 3 9 6
1463	20 8 14 16
1464	19 15 18 14
1465	15 1 17 19
1466	12 19 18 6
1467	17 15 14 4
1468	10 11 5 7
1469	16 15 6 4
1470	2 13 20 9
1471	16 3 17 18
1472	2 14 4 19
1473	8 15 6 10
1474	20 12 1 14
1475	1 19 8 14
1476	12 1 20 8
1477	13 17 14 12
1478	9 4 6 13
1479	9 2 16 4
1480	19 20 13 16
1481	14 15 3 11
1482	8 9 13 20
1483	3 20 13 16
1484	11 16 4 18
1485	2 10 11 14
1486	14 1 11 7
1487	18 3 17 11
1488	6 19 15 11
1489	20 19 6 5
1490	18 1 11 4
1491	16 13 19 12
1492	17 9 4 2
1493	2 9 4 1
1494	1 8 19 20
1495	6 11 5 2
1496	9 19 15 2
1497	3 16 14 10
1498	17 12 16 14
1499	6 8 19 13
1500	4 9 12 20
1501	10 13 9 17
1502	4 18 7 13
1503	5 12 14 15
1504	2 10 9 19
1505	10 2 6 18
1506	10 19 14 4
1507	19 2 15 8
1508	20 3 1 10
1509	3 7 15 13
1510	12 9 7 15
1511	8 16 17 10
1512	5 11 6 2
1513	9 7 11 16
1514	20 13 10 11
1515	2 11 4 9
1516	2 11 20 14
1517	18 16 3 15
1518	18 6 2 17
1519	16 4 19 20
1520	17 16 14 1
1521	15 14 13 6
1522	13 10 17 19
1523	18 10 1 8
1524	19 11 12 7
1525	18 1 9 3
1526	3 7 5 4
1527	14 11 9 7
1528	8 15 20 9
1529	4 10 18 6
1530	2 10 5 14
1531	20 19 12 6
1532	5 10 2 13
1533	12 14 2 9
1534	10 8 9 19
1535	2 13 14 18
1536	5 15 19 16
1537	6 16 11 14
1538	14 9 3 12
1539	3 15 16 19
1540	16 13 10 20
1541	17 7 20 6
1542	16 18 13 7
1543	12 17 8 14
1544	8 14 19 5
1545	1 11 7 4
1546	7 17 4 15
1547	9 5 4 10
1548	18 16 11 1
1549	12 6 1 16
1550	11 2 12 13
1551	1 9 14 20
1552	17 18 10 13
1553	4 1 11 9
1554	8 3 16 6
1555	13 3 9 6
1556	5 8 15 20
1557	4 1 6 5
1558	20 6 1 11
1559	1 2 20 17
1560	8 10 14 19
1561	1 3 9 18
1562	3 4 5 18
1563	14 7 5 3
1564	7 13 11 14
1565	5 10 6 19
1566	16 11 2 4
1567	9 1 8 13
1568	12 8 18 16
1569	8 7 14 10
1570	3 15 20 11
1571	4 3 8 14
1572	5 9 4 15
1573	13 15 2 7
1574	11 12 14 3
1575	11 5 10 1
1576	20 10 11 15
1577	8 4 1 15
1578	11 3 18 8
1579	5 3 17 7
1580	14 16 20 12
1581	1 19 8 3
1582	4 19 7 2
1583	13 15 16 12
1584	20 4 7 11
1585	20 13 4 7
1586	12 15 17 1
1587	4 6 19 17
1588	20 9 14 17
1589	18 11 16 3
1590	9 1 12 5
1591	18 9 17 2
1592	10 11 18 3
1593	20 10 4 6
1594	5 4 20 14
1595	12 15 10 14
1596	7 14 15 19
1597	9 3 8 18
1598	17 7 3 12
1599	12 11 19 4
1600	11 13 6 3
1601	6 11 16 3
1602	20 8 5 1
1603	8 2 13 4
1604	13 20 7 6
1605	19 4 11 13
1606	20 2 18 6
1607	13 18 5 17
1608	11 1 14 13
1609	11 8 18 15
1610	18 3 20 4
1611	12 16 9 3
1612	18 3 10 4
1613	7 6 14 13
1614	11 14 20 13
1615	16 12 19 18
1616	5 12 4 13
1617	3 6 1 19
1618	11 17 19 1
1619	4 10 15 3
1620	1 9 6 18
1621	20 17 14 4
1622	12 7 10 11
1623	12 9 2 4
1624	18 3 17 11
1625	3 6 8 14
1626	8 11 4 3
1627	3 4 6 8
1628	13 18 11 16
1629	7 20 18 9
1630	1 16 6 3
1631	14 20 18 3
1632	1 8 2 11
1633	11 18 19 6
1634	11 19 16 3
1635	16 15 7 17
1636	7 9 5 20
1637	4 18 7 14
1638	15 10 4 18
1639	7 2 10 17
1640	16 2 17 8
1641	6 1 17 16
1642	4 14 1 19
1643	6 1 15 20
1644	11 3 5 14
1645	7 4 15 13
1646	1 7 5 4
1647	16 15 18 8
1648	9 3 6 12
1649	13 10 11 5
1650	17 5 15 12
1651	18 3 16 20
1652	13 15 10 19
1653	16 19 3 7
1654	1 15 16 18
1655	13 2 10 14
1656	19 15 5 14
1657	9 5 16 1
1658	14 2 11 15
1659	17 9 15 14
1660	9 16 5 1
1661	5 10 17 7
1662	7 16 14 3
1663	11 10 9 16
1664	10 9 6 1
1665	5 1 2 8
1666	1 13 11 9
1667	14 8 11 5
1668	19 6 17 14
1669	10 16 20 9
1670	12 16 13 1
1671	8 7 15 17
1672	2 13 1 17
1673	7 19 12 14
1674	10 8 6 9
1675	14 12 16 7
1676	11 18 20 15
1677	8 1 2 15
1678	20 11 16 10
1679	16 8 4 7
1680	9 6 7 5
1681	14 16 18 1
1682	14 17 4 13
1683	4 18 13 10
1684	3 20 19 4
1685	2 9 7 16
1686	16 18 7 6
1687	1 11 12 19
1688	6 7 19 16
1689	19 3 10 5
1690	5 17 14 11
1691	10 9 16 4
1692	20 15 9 3
1693	19 7 9 15
1694	9 6 5 14
1695	7 10 1 11
1696	9 8 4 13
1697	20 7 8 15
1698	1 15 12 19
1699	20 12 14 9
1700	10 7 8 15
1701	15 16 20 18
1702	14 16 10 6
1703	12 4 20 14
1704	3 1 20 16
1705	20 6 9 2
1706	9 12 2 19
1707	4 8 10 5
1708	16 4 1 11
1709	8 3 1 12
1710	2 19 3 12
1711	20 4 19 2
1712	17 5 4 14
1713	3 4 7 10
1714	12 3 19 1
1715	19 11 16 9
1716	13 11 12 19
1717	7 12 3 5
1718	6 20 5 14
1719	6 4 15 8
1720	11 13 3 19
1721	11 3 4 15
1722	2 7 1 11
1723	4 16 2 7
1724	16 12 4 7
1725	2 20 16 9
1726	6 13 3 12
1727	18 9 15 8
1728	1 8 19 12
1729	19 12 4 2
1730	17 6 19 4
1731	19 3 6 20
1732	16 12 1 4
1733	5 11 3 16
1734	10 2 18 11
1735	6 15 4 8
1736	19 1 12 2
1737	9 18 12 20
1738	13 4 11 7
1739	6 13 1 3
1740	7 14 5 17
1741	18 14 5 7
1742	18 14 15 20
1743	15 5 16 7
1744	19 17 11 10
1745	4 10 9 5
1746	7 3 15 9
1747	16 3 14 7
1748	4 11 16 14
1749	1 19 2 17
1750	6 10 5 15
1751	9 13 11 4
1752	13 20 1 6
1753	12 15 2 9
1754	18 7 15 8
1755	15 6 12 19
1756	3 15 18 13
1757	19 9 5 16
1758	15 6 3 18
1759	12 16 5 6
1760	12 5 1 20
1761	4 16 19 7
1762	11 17 12 9
1763	1 12 9 13
1764	7 17 2 13
1765	10 5 17 12
1766	18 8 2 20
1767	1 3 18 11
1768	1 5 14 7
1769	5 19 2 13
1770	14 11 1 12
1771	18 19 14 12
1772	1 6 15 2
1773	18 10 9 6
1774	4 18 13 7
1775	1 4 9 18
1776	20 7 9 14
1777	20 12 6 16
1778	15 7 4 14
1779	16 6 19 11
1780	8 12 3 16
1781	8 12 3 15
1782	2 18 8 9
1783	13 3 9 17
1784	11 17 15 5
1785	17 12 8 18
1786	8 20 10 17
1787	12 11 13 5
1788	10 16 12 15
1789	9 1 5 14
1790	16 9 1 3
1791	17 3 2 19
1792	13 14 3 10
1793	1 4 5 12
1794	9 3 17 1
1795	15 18 14 17
1796	2 11 10 13
1797	13 1 18 14
1798	11 10 8 1
1799	17 4 15 3
1800	15 17 13 12
1801	14 12 15 3
1802	20 12 4 8
1803	4 10 20 18
1804	5 17 13 12
1805	10 18 13 11
1806	16 6 20 19
1807	15 11 6 17
1808	16 9 3 4
1809	9 18 14 15
1810	20 18 12 14
1811	16 4 11 20
1812	19 20 8 11
1813	15 2 7 13
1814	6 2 20 10
1815	10 8 19 12
1816	11 17 5 8
1817	12 10 19 4
1818	2 14 13 15
1819	12 5 15 19
1820	14 13 5 9
1821	11 6 17 13
1822	13 5 3 14
1823	13 16 18 6
1824	9 14 16 18
1825	6 11 4 9
1826	11 5 8 1
1827	12 20 18 11
1828	5 6 3 13
1829	4 8 14 7
1830	1 10 15 5
1831	15 4 19 11
1832	19 7 9 4
1833	17 2 1 12
1834	1 16 7 3
1835	5 9 19 2
1836	8 6 14 3
1837	13 16 14 18
1838	8 5 18 16
1839	3 18 7 4
1840	15 16 6 12
1841	10 3 18 2
1842	2 9 7 1
1843	15 12 13 1
1844	1 17 20 16
1845	5 1 4 11
1846	11 8 6 20
1847	7 20 17 12
1848	15 9 14 2
1849	16 19 10 15
1850	18 20 1 4
1851	13 12 8 15
1852	11 13 9 20
1853	10 1 6 4
1854	7 1 16 13
1855	9 19 1 4
1856	11 16 8 17
1857	8 14 2 12
1858	17 10 15 16
1859	2 20 1 10
1860	14 9 5 20
1861	13 6 12 4
1862	14 7 2 1
1863	20 16 1 7
1864	16 2 11 19
1865	17 11 8 6
1866	2 1 17 20
1867	20 19 7 12
1868	4 18 5 1
1869	1 10 16 9
1870	1 12 13 11
1871	20 9 10 15
1872	13 3 6 4
1873	12 13 18 1
1874	11 12 2 9
1875	13 1 16 4
1876	1 5 15 13
1877	17 3 8 19
1878	16 3 12 18
1879	1 13 2 8
1880	5 19 11 15
1881	16 15 6 10
1882	19 9 4 12
1883	2 7 19 5
1884	4 1 8 15
1885	6 12 14 5
1886	7 15 11 9
1887	19 9 18 14
1888	20 5 6 19
1889	3 11 10 1
1890	4 18 1 9
1891	12 8 19 15
1892	12 11 8 1
1893	6 8 11 18
1894	4 19 10 20
1895	12 15 9 2
1896	20 15 12 2
1897	11 5 17 19
1898	14 20 8 7
1899	5 18 16 7
1900	13 2 20 15
1901	10 18 14 5
1902	19 14 7 6
1903	10 19 3 8
1904	6 17 9 13
1905	13 9 2 6
1906	19 6 10 4
1907	9 1 12 14
1908	15 16 12 1
1909	6 12 5 17
1910	16 9 5 11
1911	13 5 7 3
1912	3 7 10 12
1913	3 7 14 13
1914	4 14 11 6
1915	5 11 14 10
1916	4 16 13 10
1917	7 13 15 1
1918	6 1 13 16
1919	4 20 7 18
1920	13 9 6 5
1921	16 1 20 5
1922	16 7 4 10
1923	18 17 6 1
1924	14 9 18 1
1925	10 8 6 17
1926	12 18 19 2
1927	18 20 5 3
1928	4 19 11 15
1929	17 12 8 1
1930	7 18 12 17
1931	20 4 9 13
1932	2 8 17 16
1933	9 20 4 8
1934	20 3 19 16
1935	7 2 15 1
1936	15 19 13 12
1937	11 1 10 3
1938	7 19 2 4
1939	17 5 8 13
1940	4 6 3 10
1941	17 9 6 7
1942	15 4 7 11
1943	19 3 11 1
1944	13 1 6 9
1945	16 17 20 9
1946	19 11 17 14
1947	6 9 20 15
1948	15 1 10 9
1949	13 9 20 10
1950	20 2 13 11
1951	20 10 18 4
1952	17 15 6 14
1953	8 4 1 5
1954	7 1 12 10
1955	14 4 8 12
1956	7 17 15 18
1957	6 18 1 7
1958	7 12 3 11
1959	4 9 6 18
1960	7 2 1 20
1961	10 15 16 6
1962	1 11 18 9
1963	17 7 4 6
1964	12 2 4 8
1965	10 14 5 18
1966	3 18 13 17
1967	14 1 6 4
1968	1 13 9 16
1969	18 5 8 19
1970	13 15 3 11
1971	10 18 2 5
1972	7 15 19 12
1973	17 20 7 13
1974	3 4 13 5
1975	4 2 13 15
1976	9 19 14 3
1977	16 1 18 4
1978	10 19 9 17
1979	7 14 8 13
1980	13 4 5 14
1981	16 10 4 12
1982	20 2 6 11
1983	3 14 12 1
1984	4 3 18 6
1985	5 18 20 6
1986	19 13 11 5
1987	20 19 6 12
1988	18 17 20 11
1989	15 20 2 6
1990	14 20 7 10
1991	10 13 5 20
1992	9 13 19 8
1993	12 11 14 1
1994	9 20 16 19
1995	3 6 11 12
1996	17 20 15 7
1997	5 4 11 19
1998	7 10 8 5
1999	13 16 2 3
2000	9 13 10 16
2001	11 3 8 14
2002	5 3 13 16
2003	15 11 1 3
2004	1 14 5 3
2005	1 6 13 3
2006	6 4 14 18
2007	5 7 14 15
2008	9 13 8 5
2009	11 5 6 8
2010	20 3 7 14
2011	8 18 12 1
2012	18 7 16 8
2013	4 13 15 3
2014	9 15 4 16
2015	13 17 4 6
2016	14 6 11 18
2017	4 9 14 1
2018	5 6 14 7
2019	6 19 2 5
2020	12 19 17 10
2021	12 16 9 3
2022	3 16 2 17
2023	15 17 6 16
2024	1 12 6 11
2025	15 11 16 12
2026	4 15 2 5
2027	12 14 3 18
2028	11 13 14 2
2029	1 2 15 20
2030	3 4 8 16
2031	16 14 11 2
2032	7 1 18 12
2033	11 9 8 4
2034	7 12 4 19
2035	13 6 10 15
2036	13 12 18 11
2037	6 2 15 18
2038	13 12 17 3
2039	5 12 13 20
2040	17 19 12 8
2041	1 8 3 2
2042	3 10 16 4
2043	7 13 8 18
2044	12 18 9 4
2045	14 2 15 20
2046	3 9 6 18
2047	12 7 6 10
2048	3 13 18 4
2049	19 12 5 4
2050	17 6 10 20
2051	18 4 17 9
2052	6 20 4 19
2053	11 7 16 20
2054	14 1 6 20
2055	17 14 5 6
2056	16 4 14 19
2057	8 17 1 5
2058	18 12 8 4
2059	8 1 13 10
2060	13 16 8 7
2061	4 5 13 2
2062	5 14 18 13
2063	14 17 3 5
2064	14 4 7 17
2065	1 13 11 15
2066	15 13 14 17
2067	10 19 18 2
2068	18 1 3 16
2069	3 15 7 19
2070	2 1 9 19
2071	18 2 11 17
2072	14 19 13 1
2073	8 3 15 1
2074	4 14 17 16
2075	10 12 11 8
2076	20 11 6 5
2077	18 10 12 19
2078	3 10 6 4
2079	8 19 5 9
2080	14 7 8 1
2081	8 16 6 15
2082	9 20 19 4
2083	8 9 1 14
2084	17 3 4 20
2085	20 15 7 5
2086	14 15 20 3
2087	14 10 19 6
2088	18 16 14 11
2089	13 19 6 15
2090	19 9 17 8
2091	3 13 4 8
2092	17 12 4 6
2093	4 5 15 7
2094	6 18 14 10
2095	4 19 14 16
2096	2 20 12 5
2097	20 7 12 16
2098	7 10 13 4
2099	8 14 19 10
2100	14 2 18 10
2101	16 3 10 8
2102	5 12 8 11
2103	19 20 10 13
2104	20 9 6 5
2105	6 17 7 16
2106	3 1 12 13
2107	16 20 11 1
2108	10 6 4 5
2109	18 13 15 1
2110	3 1 6 7
2111	16 8 1 7
2112	16 2 12 7
2113	5 2 7 20
2114	15 1 4 16
2115	20 13 16 3
2116	12 1 5 16
2117	7 3 19 9
2118	8 6 10 3
2119	15 5 14 6
2120	4 16 8 3
2121	11 7 9 3
2122	5 18 19 16
2123	4 20 1 8
2124	9 3 20 6
2125	10 7 1 3
2126	15 2 13 3
2127	2 9 10 17
2128	17 16 18 10
2129	17 7 19 8
2130	16 1 8 5
2131	6 15 8 12
2132	17 3 4 16
2133	4 7 13 6
2134	19 14 11 17
2135	7 15 4 6
2136	17 15 14 9
2137	19 16 14 11
2138	2 3 10 8
2139	4 20 2 18
2140	14 15 20 2
2141	4 10 12 14
2142	15 1 20 13
2143	10 3 17 7
2144	12 7 15 6
2145	19 6 12 3
2146	20 4 2 8
2147	6 7 16 20
2148	17 3 13 19
2149	7 3 2 19
2150	9 2 12 4
2151	8 12 1 7
2152	3 4 12 10
2153	8 12 4 6
2154	19 14 15 20
2155	8 17 9 14
2156	12 13 4 20
2157	4 11 14 20
2158	2 18 9 16
2159	7 19 4 9
2160	7 13 1 8
2161	19 1 15 12
2162	3 2 15 6
2163	3 7 17 6
2164	9 4 15 6
2165	2 1 9 3
2166	1 3 2 14
2167	4 10 17 6
2168	14 20 9 11
2169	15 20 9 6
2170	20 15 10 5
2171	4 12 8 14
2172	19 18 8 2
2173	3 6 11 16
2174	19 4 10 20
2175	11 7 6 8
2176	16 19 10 20
2177	12 20 2 6
2178	4 18 2 3
2179	15 13 6 3
2180	13 17 18 4
2181	6 19 7 16
2182	16 2 17 7
2183	16 20 13 5
2184	12 14 13 4
2185	20 13 17 1
2186	3 17 20 1
2187	9 16 19 8
2188	19 1 20 9
2189	17 15 16 7
2190	16 10 7 6
2191	14 18 1 2
2192	5 10 9 6
2193	19 2 15 7
2194	19 12 3 10
2195	7 16 19 20
2196	16 15 10 4
2197	6 1 18 8
2198	2 19 8 12
2199	8 1 6 20
2200	1 16 6 10
2201	5 1 17 4
2202	12 9 10 16
2203	13 12 16 4
2204	7 17 9 4
2205	5 9 1 11
2206	8 1 20 19
2207	1 3 12 2
2208	5 6 19 17
2209	6 13 5 12
2210	19 4 7 14
2211	2 19 13 9
2212	2 6 13 9
2213	11 3 20 12
2214	5 14 20 12
2215	7 1 2 3
2216	14 4 12 20
2217	12 13 6 7
2218	6 13 10 2
2219	4 3 17 8
2220	3 13 16 2
2221	20 1 3 8
2222	3 20 12 15
2223	3 6 19 2
2224	18 13 12 20
2225	16 18 19 14
2226	10 16 13 7
2227	12 10 3 20
2228	18 17 8 12
2229	6 15 9 3
2230	19 8 20 11
2231	5 19 7 1
2232	16 13 10 4
2233	2 15 19 17
2234	5 10 15 3
2235	9 17 19 6
2236	9 19 16 18
2237	7 18 9 15
2238	3 14 18 10
2239	14 17 20 8
2240	8 15 12 13
2241	8 9 10 3
2242	15 12 6 17
2243	17 2 4 10
2244	11 15 10 3
2245	3 7 14 11
2246	12 20 11 9
2247	12 20 14 11
2248	14 8 15 13
2249	4 19 7 10
2250	14 10 20 3
2251	4 17 19 10
2252	12 20 8 16
2253	8 12 17 4
2254	1 17 8 10
2255	10 7 8 5
2256	11 18 5 15
2257	17 12 6 9
2258	16 14 8 20
2259	20 18 13 15
2260	12 11 5 6
2261	10 16 13 17
2262	1 20 18 3
2263	3 10 2 17
2264	12 18 4 19
2265	15 4 14 8
2266	2 11 8 13
2267	7 11 10 12
2268	12 16 2 4
2269	13 6 7 14
2270	19 3 10 15
2271	19 20 8 14
2272	7 8 4 9
2273	7 17 16 1
2274	2 14 9 11
2275	3 20 11 17
2276	7 19 14 1
2277	4 9 20 3
2278	12 16 5 4
2279	13 19 20 2
2280	15 9 11 3
2281	2 14 20 12
2282	5 20 11 19
2283	1 20 8 16
2284	17 19 15 10
2285	15 5 2 18
2286	1 12 4 6
2287	2 20 16 9
2288	11 16 19 18
2289	20 13 4 8
2290	18 13 19 1
2291	14 12 7 17
2292	12 3 16 18
2293	3 14 2 7
2294	10 4 19 11
2295	18 20 11 12
2296	14 5 8 3
2297	20 11 16 6
2298	3 5 10 18
2299	11 2 4 9
2300	6 10 14 15
2301	6 2 16 7
2302	9 16 14 11
2303	7 17 3 11
2304	11 14 16 10
2305	11 16 19 18
2306	5 12 19 4
2307	10 7 4 2
2308	6 12 9 17
2309	2 15 13 16
2310	10 15 9 17
2311	12 19 1 9
2312	1 3 5 20
2313	9 4 11 17
2314	10 20 16 5
2315	7 11 9 6
2316	1 8 4 11
2317	15 8 1 7
2318	11 10 15 16
2319	8 3 1 12
2320	12 9 10 6
2321	6 1 17 4
2322	1 14 8 16
2323	17 20 8 4
2324	18 5 2 4
2325	4 14 6 17
2326	15 7 8 5
2327	1 12 19 18
2328	20 5 19 4
2329	6 13 15 4
2330	4 6 10 16
2331	10 6 7 14
2332	11 7 1 8
2333	3 2 19 6
2334	8 13 5 11
2335	11 18 10 7
2336	17 12 13 19
2337	2 6 1 19
2338	15 19 1 11
2339	19 8 10 16
2340	7 16 14 20
2341	7 11 14 15
2342	16 8 9 17
2343	9 12 8 10
2344	19 15 16 1
2345	7 11 15 1
2346	14 15 19 17
2347	12 4 18 20
2348	12 19 9 16
2349	3 20 5 1
2350	12 19 14 5
2351	2 1 18 19
2352	10 18 19 12
2353	12 13 2 3
2354	6 2 14 9
2355	10 11 14 17
2356	19 12 4 15
2357	9 11 7 13
2358	15 5 10 2
2359	10 14 8 19
2360	8 19 10 13
2361	11 9 12 16
2362	15 2 7 11
2363	13 10 8 12
2364	12 7 11 8
2365	9 17 5 14
2366	8 1 13 14
2367	10 20 9 18
2368	2 7 16 19
2369	1 11 12 15
2370	7 3 4 15
2371	13 10 2 5
2372	15 9 6 12
2373	7 14 15 3
2374	7 2 10 8
2375	17 11 10 7
2376	13 18 2 16
2377	14 10 7 12
2378	14 2 3 15
2379	1 8 6 15
2380	4 20 2 5
2381	10 12 11 8
2382	9 6 1 10
2383	19 11 8 20
2384	14 17 11 19
2385	17 7 14 4
2386	14 1 5 20
2387	13 14 7 9
2388	10 2 17 16
2389	16 18 6 13
2390	6 9 13 12
2391	12 7 4 5
2392	10 12 4 16
2393	17 4 20 5
2394	4 9 19 6
2395	16 8 6 14
2396	17 10 4 1
2397	3 6 18 5
2398	4 5 10 3
2399	20 7 11 9
2400	15 14 1 2
2401	20 13 6 8
2402	3 4 20 13
2403	12 8 5 15
2404	8 12 2 1
2405	9 15 4 1
2406	7 17 14 1
2407	5 1 16 15
2408	7 3 12 19
2409	7 11 1 10
2410	7 20 4 6
2411	15 19 17 13
2412	11 14 7 5
2413	19 6 13 1
2414	15 6 1 4
2415	8 20 10 12
2416	20 2 10 8
2417	11 1 19 10
2418	2 6 9 10
2419	4 10 7 16
2420	6 16 17 18
2421	19 13 1 8
2422	12 10 16 5
2423	5 19 6 16
2424	1 20 10 19
2425	5 11 14 18
2426	16 1 13 9
2427	19 8 18 10
2428	6 12 19 9
2429	1 3 15 11
2430	6 10 16 7
2431	12 19 20 13
2432	10 15 11 6
2433	5 10 13 8
2434	2 6 13 12
2435	16 5 13 8
2436	5 7 20 2
2437	12 3 7 20
2438	12 6 13 9
2439	17 12 5 18
2440	12 7 8 6
2441	2 20 14 18
2442	9 1 6 10
2443	11 10 3 17
2444	16 5 11 17
2445	13 3 9 4
2446	20 19 16 15
2447	3 13 1 14
2448	10 20 8 6
2449	18 11 20 8
2450	15 11 19 6
2451	13 15 4 2
2452	12 1 3 15
2453	1 5 10 18
2454	19 20 12 8
2455	8 5 16 17
2456	12 6 9 8
2457	15 13 19 18
2458	12 13 8 19
2459	13 18 4 9
2460	15 6 20 1
2461	9 10 6 15
2462	20 9 2 8
2463	5 4 18 14
2464	20 15 9 12
2465	2 13 10 7
2466	16 3 17 9
2467	2 10 4 13
2468	5 10 12 3
2469	7 20 1 3
2470	8 12 5 1
2471	10 20 17 2
2472	19 9 10 12
2473	5 20 12 10
2474	10 19 7 13
2475	10 9 5 6
2476	1 12 8 18
2477	9 18 12 3
2478	1 16 6 8
2479	8 11 7 6
2480	3 11 20 15
2481	11 14 2 5
2482	16 19 8 7
2483	14 6 10 3
2484	19 10 5 16
2485	9 17 2 10
2486	20 9 11 18
2487	12 2 17 20
2488	18 15 16 10
2489	12 20 7 4
2490	20 14 11 5
2491	2 6 4 1
2492	8 15 5 9
2493	9 5 13 19
2494	14 9 11 15
2495	11 17 14 19
2496	2 20 7 4
2497	5 13 18 14
2498	1 7 16 13
2499	6 12 5 3
2500	19 4 11 17
2501	18 1 6 20
2502	8 2 5 17
2503	7 19 1 13
2504	16 8 2 17
2505	8 19 11 17
2506	16 18 20 2
2507	20 19 18 16
2508	11 15 17 2
2509	19 10 11 14
2510	12 3 8 19
2511	8 14 18 20
2512	11 6 3 16
2513	3 19 8 11
2514	8 1 15 5
2515	11 4 13 9
2516	20 7 17 11
2517	17 11 1 15
2518	20 11 12 3
2519	2 1 3 19
2520	2 13 11 9
2521	18 3 7 4
2522	10 9 18 4
2523	11 5 8 18
2524	3 17 14 9
2525	9 19 7 11
2526	5 10 4 3
2527	4 1 6 16
2528	18 17 20 6
2529	19 13 17 7
2530	14 18 12 19
2531	13 15 1 19
2532	12 13 6 2
2533	20 19 8 18
2534	2 5 6 16
2535	10 3 2 13
2536	11 10 6 15
2537	20 3 18 9
2538	18 4 11 12
2539	5 18 12 9
2540	12 7 11 19
2541	11 10 14 8
2542	9 7 14 17
2543	12 17 4 13
2544	7 6 11 8
2545	2 4 3 8
2546	19 1 2 4
2547	13 8 16 20
2548	8 7 6 5
2549	5 11 9 16
2550	16 2 4 9
2551	8 10 2 9
2552	16 14 20 8
2553	17 3 7 10
2554	8 12 20 16
2555	5 10 11 12
2556	13 19 12 7
2557	12 18 1 19
2558	1 5 9 8
2559	5 12 13 20
2560	2 16 5 17
2561	11 4 1 5
2562	4 14 19 2
2563	10 5 2 20
2564	14 11 3 2
2565	4 12 20 13
2566	6 4 14 2
2567	13 1 14 20
2568	14 3 16 20
2569	17 11 6 9
2570	4 9 16 6
2571	5 18 20 9
2572	18 8 19 12
2573	1 5 20 12
2574	4 5 7 14
2575	4 1 5 3
2576	8 12 18 4
2577	15 4 8 14
2578	20 19 11 6
2579	3 10 7 2
2580	5 10 19 11
2581	19 10 20 17
2582	11 9 18 4
2583	8 15 3 11
2584	11 3 14 6
2585	2 20 19 14
2586	14 16 18 6
2587	16 5 15 10
2588	12 5 9 16
2589	13 14 15 11
2590	16 1 4 10
2591	15 20 13 19
2592	18 14 9 3
2593	5 7 3 6
2594	9 16 19 1
2595	20 1 6 2
2596	16 15 14 4
2597	17 14 18 16
2598	4 6 16 11
2599	3 17 7 13
2600	8 4 18 15
2601	1 18 20 2
2602	11 4 3 10
2603	18 19 10 3
2604	8 19 3 14
2605	15 9 14 16
2606	11 19 7 5
2607	1 19 17 10
2608	3 6 8 19
2609	12 18 2 10
2610	5 14 13 11
2611	18 17 13 15
2612	7 15 2 18
2613	20 18 3 1
2614	5 8 13 20
2615	4 17 13 6
2616	8 2 11 19
2617	9 5 20 1
2618	10 13 16 4
2619	4 6 3 10
2620	14 11 8 6
2621	1 8 4 9
2622	3 19 14 8
2623	16 12 18 13
2624	19 18 9 7
2625	19 4 1 14
2626	4 18 20 11
2627	14 13 7 3
2628	13 8 10 5
2629	4 19 14 10
2630	18 9 5 4
2631	18 14 10 5
2632	16 11 13 4
2633	15 2 5 1
2634	10 7 9 12
2635	7 8 16 9
2636	7 15 5 16
2637	5 13 3 15
2638	3 15 20 7
2639	18 1 9 16
2640	12 11 16 18
2641	1 4 15 12
2642	8 12 11 19
2643	18 19 3 10
2644	17 9 19 7
2645	13 19 18 2
2646	15 18 1 5
2647	3 6 13 11
2648	11 1 7 19
2649	8 7 17 15
2650	2 8 4 19
2651	4 12 14 11
2652	14 8 19 5
2653	12 19 2 18
2654	11 13 9 7
2655	2 8 9 19
2656	4 14 7 16
2657	19 6 7 4
2658	14 10 7 15
2659	9 14 10 15
2660	7 11 1 2
2661	2 8 17 11
2662	16 9 18 17
2663	16 20 18 8
2664	8 17 2 19
2665	12 19 9 16
2666	7 16 3 13
2667	12 20 9 4
2668	14 12 2 15
2669	13 1 18 3
2670	7 14 18 3
2671	8 15 10 16
2672	15 14 16 8
2673	6 3 4 8
2674	18 14 17 11
2675	3 7 17 16
2676	9 8 7 2
2677	13 1 14 6
2678	9 2 10 18
2679	19 3 20 9
2680	8 1 17 6
2681	1 12 2 3
2682	7 18 15 14
2683	6 18 11 16
2684	3 8 4 6
2685	3 1 10 12
2686	18 12 16 7
2687	14 6 7 3
2688	17 12 10 6
2689	7 10 16 14
2690	3 18 14 10
2691	20 19 7 2
2692	8 13 15 2
2693	7 4 12 13
2694	4 5 8 1
2695	4 12 1 6
2696	20 14 8 15
2697	13 18 10 20
2698	6 3 12 10
2699	19 1 15 4
2700	3 15 19 4
2701	17 1 7 2
2702	4 16 12 2
2703	10 8 1 19
2704	17 10 18 14
2705	1 19 10 7
2706	11 13 6 16
2707	1 3 7 9
2708	7 10 3 15
2709	11 15 1 12
2710	3 1 4 14
2711	12 1 11 19
2712	14 10 4 2
2713	10 16 1 9
2714	10 15 9 7
2715	7 20 17 19
2716	16 8 7 11
2717	1 8 12 19
2718	19 13 12 8
2719	8 15 9 5
2720	12 15 13 10
2721	5 16 2 19
2722	15 2 7 10
2723	9 8 5 19
2724	16 14 11 18
2725	16 7 10 2
2726	12 17 10 14
2727	19 15 6 3
2728	15 5 2 8
2729	8 12 13 15
2730	6 19 10 11
2731	10 6 13 14
2732	19 5 18 16
2733	10 6 5 13
2734	8 15 6 7
2735	19 3 12 8
2736	10 6 1 3
2737	4 10 1 6
2738	6 18 20 3
2739	11 3 13 2
2740	7 14 15 5
2741	4 9 18 6
2742	13 15 19 6
2743	19 6 17 14
2744	8 13 20 1
2745	16 2 9 12
2746	18 17 3 2
2747	6 20 4 15
2748	3 11 19 9
2749	20 9 11 1
2750	3 16 9 11
2751	12 7 20 6
2752	19 18 3 2
2753	10 2 16 11
2754	7 9 2 3
2755	7 3 10 4
2756	14 20 1 10
2757	15 8 1 11
2758	20 8 6 4
2759	20 2 9 3
2760	20 2 10 5
2761	3 2 5 7
2762	18 9 7 19
2763	10 5 18 6
2764	11 7 14 4
2765	4 3 12 6
2766	19 5 16 9
2767	1 7 19 2
2768	15 8 9 17
2769	9 19 7 13
2770	1 18 19 12
2771	8 18 17 6
2772	11 20 12 6
2773	12 10 1 14
2774	2 11 5 7
2775	12 19 2 16
2776	4 20 10 9
2777	9 3 19 10
2778	8 7 2 11
2779	11 10 4 15
2780	17 20 16 7
2781	17 13 16 18
2782	9 17 2 6
2783	4 11 13 18
2784	10 9 15 17
2785	13 14 5 2
2786	20 19 16 11
2787	7 15 11 4
2788	20 9 7 10
2789	2 14 1 3
2790	2 13 7 9
2791	2 9 6 14
2792	11 9 13 1
2793	18 8 17 10
2794	11 10 13 12
2795	11 10 7 9
2796	10 7 9 6
2797	15 2 9 13
2798	13 14 19 20
2799	8 4 6 2
2800	20 12 10 2
2801	14 1 20 5
2802	20 7 13 11
2803	5 8 9 10
2804	4 17 7 1
2805	6 13 12 18
2806	9 7 6 14
2807	13 9 19 4
2808	14 19 20 10
2809	3 13 12 17
2810	18 8 13 19
2811	16 17 13 6
2812	3 14 4 9
2813	8 20 11 7
2814	15 16 7 14
2815	2 9 18 16
2816	19 7 16 20
2817	7 2 14 13
2818	2 4 14 15
2819	2 12 17 13
2820	20 8 6 4
2821	7 8 14 6
2822	7 19 13 2
2823	20 10 8 14
2824	17 14 18 10
2825	19 20 7 5
2826	12 16 13 5
2827	5 7 18 17
2828	19 20 3 11
2829	12 2 3 14
2830	1 5 20 10
2831	6 19 11 4
2832	12 10 6 5
2833	11 16 13 3
2834	8 10 7 5
2835	19 18 2 6
2836	19 5 7 9
2837	4 7 17 3
2838	7 2 14 9
2839	14 8 11 16
2840	19 20 1 2
2841	20 8 15 7
2842	7 11 19 5
2843	16 10 12 2
2844	17 8 2 19
2845	7 11 16 5
2846	6 11 2 20
2847	18 7 1 15
2848	1 6 3 5
2849	4 6 8 10
2850	20 5 19 18
2851	12 15 20 17
2852	8 5 17 6
2853	3 10 4 11
2854	14 1 7 18
2855	3 19 10 6
2856	20 3 19 7
2857	3 16 13 18
2858	3 5 2 6
2859	3 2 6 11
2860	1 6 7 12
2861	8 18 15 17
2862	8 10 7 20
2863	1 10 13 20
2864	1 8 5 12
2865	19 3 7 13
2866	4 18 17 20
2867	9 10 14 18
2868	15 18 6 5
2869	9 15 16 13
2870	2 18 14 7
2871	6 19 5 4
2872	3 12 6 19
2873	20 16 18 17
2874	20 9 4 2
2875	16 11 1 19
2876	15 9 1 8
2877	17 4 6 8
2878	9 8 10 20
2879	17 13 2 15
2880	6 2 14 16
2881	8 10 17 6
2882	6 11 4 20
2883	17 20 14 15
2884	19 7 18 17
2885	11 10 13 20
2886	8 10 15 17
2887	4 5 12 20
2888	11 13 17 4
2889	18 6 11 14
2890	8 6 1 9
2891	19 11 2 20
2892	8 7 20 19
2893	20 18 3 7
2894	1 8 16 9
2895	2 8 12 7
2896	5 9 14 8
2897	1 14 19 3
2898	5 6 12 10
2899	2 9 13 5
2900	15 14 18 7
2901	14 5 8 6
2902	20 14 3 19
2903	10 20 16 4
2904	20 3 19 14
2905	13 20 14 7
2906	18 11 13 17
2907	13 16 3 12
2908	19 20 2 5
2909	17 12 8 15
2910	20 3 8 10
2911	1 6 4 5
2912	16 17 13 2
2913	5 2 16 4
2914	2 3 13 6
2915	20 12 10 16
2916	2 4 13 10
2917	14 16 15 3
2918	6 12 14 10
2919	3 1 11 14
2920	8 20 15 5
2921	20 19 16 13
2922	8 13 12 11
2923	2 17 13 7
2924	8 19 5 18
2925	20 12 6 2
2926	2 19 16 13
2927	5 13 12 10
2928	6 16 2 9
2929	14 8 17 13
2930	20 16 8 1
2931	20 7 8 5
2932	6 20 5 13
2933	5 1 16 7
2934	2 14 4 1
2935	5 17 12 2
2936	12 18 3 16
2937	17 10 18 8
2938	12 8 14 9
2939	20 8 16 11
2940	8 16 20 10
2941	9 8 12 18
2942	7 12 15 1
2943	4 8 17 5
2944	8 16 14 4
2945	10 7 14 16
2946	16 11 6 20
2947	4 20 5 10
2948	10 3 9 19
2949	5 20 3 18
2950	10 15 1 13
2951	4 8 15 17
2952	7 16 5 17
2953	16 7 13 6
2954	20 14 15 2
2955	11 6 14 9
2956	20 12 9 3
2957	2 16 15 6
2958	1 14 8 5
2959	9 17 5 15
2960	20 19 1 9
2961	17 6 18 12
2962	12 6 10 7
2963	17 3 11 12
2964	12 4 17 15
2965	17 19 13 1
2966	11 8 9 2
2967	16 12 13 7
2968	4 16 1 12
2969	14 4 18 1
2970	19 8 5 17
2971	1 17 4 12
2972	6 13 2 14
2973	11 7 15 1
2974	17 18 13 2
2975	17 2 16 15
2976	18 16 9 15
2977	16 8 9 5
2978	10 15 9 4
2979	14 4 13 7
2980	20 9 18 14
2981	8 9 2 1
2982	12 17 1 19
2983	1 8 3 14
2984	15 20 19 1
2985	19 11 18 7
2986	18 11 8 15
2987	13 8 9 19
2988	6 14 10 9
2989	7 14 13 1
2990	8 16 4 18
2991	2 17 9 15
2992	6 4 1 10
2993	6 16 17 20
2994	1 6 17 4
2995	3 2 16 11
2996	10 5 17 6
2997	15 20 11 3
2998	8 6 14 3
2999	2 13 11 12
3000	2 9 14 20
3001	16 1 4 15
3002	6 15 13 1
3003	16 19 7 15
3004	18 13 6 20
3005	7 5 13 15
3006	4 2 17 8
3007	2 14 10 12
3008	18 3 5 13
3009	5 15 18 19
3010	13 10 7 20
3011	13 9 12 14
3012	3 17 4 8
3013	10 13 19 6
3014	4 3 5 16
3015	17 19 3 9
3016	9 16 19 13
3017	14 9 4 16
3018	6 3 15 10
3019	5 14 3 12
3020	2 9 5 13
3021	10 5 11 15
3022	7 14 11 20
3023	17 10 20 4
3024	12 20 7 13
3025	4 17 6 14
3026	5 8 1 11
3027	19 17 9 6
3028	14 4 17 7
3029	7 2 10 19
3030	12 10 16 1
3031	14 3 2 7
3032	12 10 19 7
3033	10 18 15 3
3034	18 8 11 13
3035	11 8 2 17
3036	1 2 6 14
3037	12 1 18 20
3038	15 6 17 3
3039	12 1 13 10
3040	13 9 6 14
3041	5 15 9 7
3042	6 15 5 3
3043	5 18 3 6
3044	6 19 20 16
3045	10 16 11 6
3046	9 2 8 20
3047	9 11 6 14
3048	7 1 13 5
3049	14 3 7 18
3050	4 20 2 12
3051	15 5 14 4
3052	1 10 13 5
3053	7 11 19 14
3054	5 16 15 14
3055	13 15 5 3
3056	9 12 13 7
3057	4 2 5 7
3058	9 15 18 3
3059	15 14 8 16
3060	17 8 11 1
3061	10 15 9 19
3062	3 18 13 11
3063	13 10 12 8
3064	15 18 19 11
3065	3 10 1 5
3066	1 6 18 11
3067	5 17 6 11
3068	8 14 15 7
3069	11 15 4 19
3070	5 17 7 19
3071	1 18 20 8
3072	7 9 16 12
3073	11 13 8 10
3074	8 17 3 10
3075	18 10 14 3
3076	3 1 7 5
3077	1 19 14 6
3078	19 10 2 16
3079	4 12 14 6
3080	10 4 17 6
3081	20 13 5 15
3082	2 14 6 19
3083	13 20 18 17
3084	2 5 11 8
3085	6 16 17 15
3086	2 8 9 6
3087	10 15 7 20
3088	20 1 10 13
3089	8 11 14 20
3090	8 15 2 19
3091	1 20 13 5
3092	10 11 18 5
3093	10 1 3 15
3094	7 18 17 2
3095	11 7 12 4
3096	3 7 10 11
3097	7 5 6 12
3098	7 16 1 19
3099	17 3 10 11
3100	13 7 12 16
3101	20 8 18 14
3102	18 20 14 17
3103	18 20 6 2
3104	3 9 16 13
3105	6 8 3 14
3106	3 19 20 17
3107	12 1 6 11
3108	20 13 19 9
3109	7 15 4 5
3110	8 3 2 14
3111	18 12 20 5
3112	4 18 6 1
3113	3 15 17 11
3114	14 9 13 3
3115	7 12 2 11
3116	1 20 15 5
3117	6 14 5 16
3118	1 9 5 12
3119	18 12 10 5
3120	10 5 6 8
3121	7 6 11 12
3122	9 17 2 12
3123	8 12 7 1
3124	5 16 9 6
3125	16 4 1 8
3126	15 17 5 10
3127	5 11 7 6
3128	3 19 10 14
3129	19 15 20 1
3130	14 19 12 16
3131	19 2 9 15
3132	5 18 14 16
3133	3 20 17 4
3134	9 13 18 14
3135	10 20 1 11
3136	14 18 20 1
3137	2 10 19 4
3138	2 17 15 20
3139	15 10 14 16
3140	17 16 15 11
3141	9 8 12 17
3142	1 9 2 4
3143	8 3 15 6
3144	8 13 10 11
3145	14 16 3 5
3146	12 10 2 18
3147	14 3 18 13
3148	13 8 16 15
3149	16 15 14 11
3150	7 15 6 18
3151	6 16 1 8
3152	18 6 10 1
3153	10 7 5 18
3154	11 9 12 20
3155	14 17 10 15
3156	15 17 13 10
3157	9 3 8 7
3158	8 7 19 15
3159	15 20 12 14
3160	8 16 18 9
3161	4 7 6 5
3162	16 13 1 4
3163	20 4 6 9
3164	1 5 20 9
3165	8 14 18 12
3166	8 9 16 5
3167	1 12 18 17
3168	14 8 15 17
3169	7 15 8 1
3170	9 14 13 17
3171	10 16 19 7
3172	10 3 6 16
3173	5 1 12 3
3174	12 1 7 11
3175	15 9 19 8
3176	15 20 8 17
3177	11 20 8 5
3178	6 15 1 11
3179	1 7 6 14
3180	2 13 15 7
3181	12 1 2 17
3182	13 5 4 18
3183	9 10 17 16
3184	4 1 14 15
3185	7 14 8 18
3186	14 16 3 7
3187	12 18 9 3
3188	2 19 1 4
3189	18 8 16 9
3190	7 2 16 11
3191	5 14 10 12
3192	20 15 10 19
3193	12 15 17 11
3194	12 20 13 6
3195	13 7 12 2
3196	6 10 9 12
3197	15 5 4 10
3198	8 9 6 2
3199	8 5 14 7
3200	20 10 16 3
3201	12 20 19 5
3202	9 14 18 19
3203	15 5 16 14
3204	4 14 3 6
3205	14 13 16 19
3206	10 19 1 17
3207	11 13 9 16
3208	7 8 1 16
3209	12 14 5 19
3210	16 9 14 12
3211	9 19 6 8
3212	13 7 10 6
3213	8 6 19 10
3214	14 20 9 17
3215	5 2 1 10
3216	4 6 16 11
3217	12 16 4 17
3218	10 14 18 2
3219	16 5 8 9
3220	15 19 3 5
3221	19 2 3 8
3222	4 12 1 13
3223	6 12 8 4
3224	19 12 17 9
3225	12 17 7 11
3226	3 20 7 11
3227	12 10 8 16
3228	12 11 15 1
3229	20 5 8 17
3230	9 14 16 1
3231	1 14 12 8
3232	9 13 1 5
3233	17 14 6 11
3234	19 15 13 10
3235	19 20 3 16
3236	15 9 3 14
3237	3 18 2 14
3238	1 9 19 14
3239	13 9 7 8
3240	14 5 15 3
3241	9 8 14 6
3242	10 5 13 12
3243	8 9 7 2
3244	10 12 20 18
3245	9 6 5 4
3246	10 14 2 7
3247	9 2 19 17
3248	18 6 13 20
3249	16 5 2 18
3250	4 16 14 10
3251	4 2 9 17
3252	2 17 6 20
3253	5 20 8 16
3254	6 10 9 7
3255	20 10 2 8
3256	14 15 8 16
3257	8 3 19 4
3258	14 17 15 4
3259	14 19 18 1
3260	9 14 3 17
3261	10 4 3 16
3262	16 18 8 13
3263	19 14 17 1
3264	4 10 1 16
3265	9 19 2 16
3266	4 6 19 5
3267	17 11 8 3
3268	16 8 5 3
3269	6 8 7 19
3270	19 10 14 1
3271	7 20 4 3
3272	10 14 9 6
3273	17 6 5 2
3274	17 1 12 2
3275	16 10 18 8
3276	16 5 3 2
3277	12 18 4 17
3278	17 14 19 13
3279	8 20 10 13
3280	2 20 6 10
3281	3 14 16 13
3282	7 10 3 17
3283	7 12 18 20
3284	13 9 5 2
3285	2 7 14 1
3286	12 8 15 11
3287	6 7 11 19
3288	10 20 14 16
3289	5 6 13 3
3290	7 18 12 3
3291	19 12 15 17
3292	2 18 19 5
3293	14 10 5 9
3294	15 2 16 7
3295	9 18 7 8
3296	5 17 19 1
3297	15 11 16 12
3298	8 5 14 16
3299	13 9 6 12
3300	8 11 9 5
3301	16 7 19 17
3302	4 15 5 17
3303	13 20 19 16
3304	20 16 17 3
3305	18 15 17 2
3306	2 14 3 9
3307	17 5 19 1
3308	11 17 9 14
3309	16 7 5 2
3310	12 9 5 8
3311	2 9 16 14
3312	20 2 3 6
3313	19 9 17 12
3314	20 19 6 15
3315	7 10 5 9
3316	20 4 2 5
3317	15 4 14 3
3318	2 1 9 5
3319	14 12 11 19
3320	1 20 13 16
3321	6 17 11 3
3322	13 12 2 19
3323	8 1 4 10
3324	14 19 17 1
3325	10 15 1 9
3326	18 12 10 19
3327	17 7 19 3
3328	12 3 9 6
3329	17 16 11 8
3330	7 9 11 12
3331	19 14 10 20
3332	1 4 15 3
3333	7 1 15 13
3334	18 17 13 19
3335	16 6 18 11
3336	7 8 3 11
3337	17 7 15 5
3338	13 5 2 11
3339	1 16 9 20
3340	14 2 7 1
3341	1 11 17 7
3342	17 13 8 4
3343	20 3 2 10
3344	18 15 19 11
3345	20 1 14 15
3346	1 8 10 13
3347	14 3 4 1
3348	17 11 3 6
3349	5 11 12 3
3350	11 10 1 4
3351	18 1 13 9
3352	6 19 2 11
3353	11 15 8 10
3354	16 4 10 8
3355	13 1 12 15
3356	15 12 19 7
3357	4 10 7 19
3358	2 19 5 7
3359	16 6 4 1
3360	7 12 3 15
3361	13 10 4 12
3362	9 1 12 13
3363	10 4 17 13
3364	20 11 7 12
3365	13 15 4 2
3366	11 9 3 2
3367	10 4 3 15
3368	10 11 7 13
3369	16 18 4 2
3370	7 17 11 8
3371	15 17 4 3
3372	7 2 12 4
3373	9 4 18 11
3374	10 20 11 13
3375	9 17 20 19
3376	20 9 18 7
3377	17 7 12 16
3378	4 18 6 9
3379	2 6 9 13
3380	14 19 11 17
3381	2 6 4 9
3382	15 17 4 14
3383	11 20 13 6
3384	12 15 20 5
3385	4 3 7 2
3386	8 6 3 12
3387	12 7 19 11
3388	19 8 14 9
3389	18 1 20 2
3390	9 3 6 11
3391	19 6 11 10
3392	18 2 11 13
3393	3 17 14 9
3394	15 6 1 20
3395	11 9 5 12
3396	14 2 6 4
3397	13 15 19 11
3398	8 19 20 9
3399	16 1 10 14
3400	6 10 14 11
3401	5 6 16 15
3402	7 16 15 12
3403	11 6 18 12
3404	13 9 3 14
3405	5 9 12 3
3406	12 15 18 20
3407	15 4 9 14
3408	20 18 8 3
3409	5 16 12 14
3410	14 3 12 19
3411	15 9 4 11
3412	14 4 7 6
3413	8 12 17 11
3414	18 15 2 9
3415	17 4 11 19
3416	19 1 11 17
3417	20 18 4 6
3418	4 20 11 13
3419	13 14 8 4
3420	20 1 2 15
3421	1 4 12 14
3422	4 15 8 14
3423	17 9 13 1
3424	17 1 6 10
3425	11 12 8 6
3426	9 5 8 11
3427	16 14 4 3
3428	4 19 1 6
3429	18 16 14 4
3430	18 20 8 15
3431	1 13 18 5
3432	3 15 16 6
3433	20 3 6 13
3434	12 1 11 13
3435	15 9 13 16
3436	10 15 14 4
3437	17 15 11 18
3438	2 20 9 4
3439	9 16 12 10
3440	18 10 6 4
3441	17 6 15 18
3442	6 17 18 5
3443	13 3 17 20
3444	7 8 5 1
3445	17 9 18 14
3446	9 13 5 14
3447	3 17 2 20
3448	1 19 7 12
3449	13 11 2 8
3450	15 8 3 6
3451	11 15 9 18
3452	3 20 19 9
3453	11 2 7 12
3454	5 12 7 1
3455	7 18 17 10
3456	17 7 16 20
3457	10 5 2 14
3458	10 1 19 8
3459	4 5 15 18
3460	11 13 16 18
3461	14 11 10 15
3462	18 12 14 16
3463	18 12 5 2
3464	8 11 2 7
3465	19 10 7 4
3466	19 3 8 10
3467	14 17 3 10
3468	11 12 14 1
3469	5 20 3 4
3470	6 2 3 5
3471	5 3 17 6
3472	7 11 12 18
3473	9 17 14 10
3474	5 17 9 2
3475	20 19 5 13
3476	19 2 17 13
3477	2 19 8 15
3478	2 14 17 6
3479	13 17 11 9
3480	9 3 2 1
3481	7 11 9 12
3482	12 10 13 11
3483	16 19 1 12
3484	20 4 16 18
3485	17 10 6 14
3486	6 3 19 20
3487	18 10 11 13
3488	5 2 13 4
3489	20 6 3 2
3490	18 6 17 2
3491	12 3 20 17
3492	1 16 8 19
3493	12 16 5 7
3494	11 16 1 7
3495	1 16 4 6
3496	12 7 11 1
3497	1 4 20 8
3498	9 12 16 5
3499	6 3 10 1
3500	6 10 2 19
3501	7 20 2 3
3502	3 16 6 11
3503	4 19 18 9
3504	7 10 2 6
3505	17 1 13 11
3506	19 15 11 5
3507	16 8 10 18
3508	3 2 18 4
3509	14 1 16 3
3510	7 10 5 18
3511	5 9 7 19
3512	10 11 13 16
3513	20 11 16 17
3514	18 2 16 20
3515	9 12 2 19
3516	15 8 16 18
3517	15 11 12 3
3518	1 20 6 18
3519	2 7 19 14
3520	3 10 15 14
3521	20 9 5 13
3522	7 13 11 20
3523	1 7 15 14
3524	14 5 7 3
3525	19 10 14 2
3526	12 20 2 5
3527	5 20 18 1
3528	15 9 4 3
3529	9 7 8 10
3530	1 19 20 12
3531	7 11 19 17
3532	9 11 3 18
3533	12 3 6 5
3534	6 4 8 15
3535	2 8 4 20
3536	19 15 3 17
3537	8 4 11 5
3538	4 13 1 18
3539	6 3 13 8
3540	10 7 19 5
3541	8 5 14 2
3542	19 14 16 18
3543	1 12 16 6
3544	11 18 13 2
3545	14 4 19 16
3546	4 13 11 20
3547	2 18 11 14
3548	17 13 4 3
3549	13 9 2 6
3550	4 20 2 5
3551	15 7 3 4
3552	1 12 20 2
3553	20 1 4 14
3554	14 9 17 2
3555	17 1 8 5
3556	2 12 5 4
3557	1 5 13 16
3558	11 16 4 12
3559	20 8 11 19
3560	16 19 10 4
3561	7 13 1 12
3562	13 9 5 10
3563	13 1 14 11
3564	10 2 11 14
3565	4 15 16 7
3566	14 17 8 15
3567	15 19 10 5
3568	14 3 8 20
3569	20 10 16 4
3570	20 13 16 17
3571	16 7 14 13
3572	10 17 2 11
3573	13 9 20 6
3574	10 2 4 13
3575	15 11 6 10
3576	16 13 15 12
3577	1 5 10 8
3578	16 19 2 11
3579	16 14 12 7
3580	2 11 8 5
3581	12 11 3 15
3582	20 1 13 15
3583	17 6 19 18
3584	13 7 12 16
3585	14 3 6 7
3586	19 12 20 13
3587	10 4 11 8
3588	20 3 11 10
3589	17 6 10 2
3590	1 11 2 13
3591	19 3 16 15
3592	9 14 17 5
3593	18 14 3 5
3594	5 15 11 1
3595	3 7 10 9
3596	3 18 9 6
3597	10 11 3 12
3598	18 3 2 16
3599	20 9 17 12
3600	1 13 4 19
3601	20 2 9 6
3602	20 3 17 9
3603	12 5 4 9
3604	2 12 9 17
3605	14 20 10 2
3606	19 10 3 7
3607	13 15 12 5
3608	5 18 7 15
3609	19 6 13 3
3610	17 4 5 19
3611	5 2 7 8
3612	1 13 10 15
3613	20 12 16 2
3614	3 8 18 15
3615	18 4 10 2
3616	9 3 6 7
3617	19 10 6 11
3618	5 3 20 18
3619	6 5 9 2
3620	5 8 7 14
3621	10 12 3 9
3622	18 3 12 4
3623	10 12 9 11
3624	13 15 14 16
3625	11 17 19 9
3626	3 18 11 15
3627	13 1 15 12
3628	7 8 12 19
3629	15 7 19 16
3630	13 5 7 4
3631	20 1 6 8
3632	16 15 12 11
3633	2 18 11 8
3634	5 13 8 9
3635	5 15 14 2
3636	3 7 8 4
3637	6 8 3 1
3638	17 13 11 15
3639	20 14 5 15
3640	17 9 6 3
3641	19 8 5 20
3642	2 8 15 6
3643	3 18 7 14
3644	16 7 15 18
3645	11 2 15 18
3646	5 18 6 17
3647	12 3 15 4
3648	17 14 9 2
3649	9 1 19 7
3650	1 13 11 19
3651	3 19 20 17
3652	3 19 16 13
3653	12 16 3 17
3654	12 4 16 19
3655	8 11 20 19
3656	6 8 17 9
3657	18 2 5 16
3658	5 1 4 13
3659	15 1 2 14
3660	6 20 15 13
3661	8 16 15 12
3662	17 9 5 1
3663	5 20 3 4
3664	19 12 2 11
3665	1 2 4 18
3666	1 7 19 8
3667	15 6 2 14
3668	14 2 10 7
3669	1 15 16 19
3670	13 10 20 12
3671	20 12 17 11
3672	12 4 6 17
3673	20 18 16 2
3674	11 8 13 12
3675	8 5 1 4
3676	9 7 13 19
3677	1 19 13 5
3678	12 10 18 16
3679	7 11 12 6
3680	2 15 20 19
3681	2 18 16 12
3682	7 13 1 4
3683	11 5 1 3
3684	14 3 17 4
3685	14 10 9 11
3686	17 13 12 2
3687	9 20 6 16
3688	17 11 5 7
3689	2 15 8 18
3690	20 11 14 3
3691	7 18 19 4
3692	2 6 14 20
3693	2 12 4 11
3694	18 16 14 11
3695	1 17 2 10
3696	18 14 20 15
3697	4 14 17 7
3698	4 3 19 10
3699	16 7 4 18
3700	18 19 12 8
3701	17 7 1 8
3702	17 6 11 20
3703	3 14 15 1
3704	15 20 13 9
3705	16 4 9 3
3706	10 5 11 14
3707	8 1 9 12
3708	9 18 16 2
3709	16 4 9 3
3710	4 17 15 10
3711	13 6 20 4
3712	2 14 10 7
3713	5 2 9 19
3714	6 12 17 18
3715	5 1 12 2
3716	5 11 4 6
3717	16 20 2 8
3718	15 13 6 20
3719	9 3 12 7
3720	6 13 15 12
3721	6 11 2 3
3722	1 5 2 13
3723	13 4 20 3
3724	7 4 10 18
3725	4 2 8 19
3726	13 6 18 9
3727	13 15 20 4
3728	18 7 16 20
3729	19 14 3 8
3730	12 20 11 13
3731	15 19 5 12
3732	10 19 4 17
3733	13 3 5 19
3734	4 3 20 17
3735	5 3 16 4
3736	2 8 10 20
3737	17 6 10 9
3738	12 14 11 8
3739	2 5 20 3
3740	19 15 20 18
3741	5 16 15 9
3742	14 12 6 18
3743	4 7 19 20
3744	17 18 2 8
3745	7 8 16 18
3746	4 15 12 11
3747	5 3 17 16
3748	6 12 5 3
3749	20 6 13 3
3750	14 3 2 5
3751	3 1 10 20
3752	14 13 5 19
3753	14 1 5 4
3754	14 4 17 9
3755	11 20 10 13
3756	16 6 18 5
3757	7 11 15 10
3758	5 11 4 18
3759	1 11 16 7
3760	8 2 18 7
3761	11 3 1 4
3762	19 14 7 18
3763	14 17 15 6
3764	3 6 4 12
3765	4 15 1 12
3766	1 12 13 17
3767	7 3 4 10
3768	1 4 16 15
3769	18 15 6 16
3770	1 20 5 18
3771	7 20 15 17
3772	13 9 15 17
3773	14 4 7 16
3774	8 7 3 9
3775	15 17 5 12
3776	1 7 6 14
3777	13 6 12 19
3778	17 6 14 13
3779	15 11 3 4
3780	4 19 13 20
3781	19 11 7 1
3782	14 15 13 19
3783	6 7 19 10
3784	4 7 6 13
3785	13 8 2 7
3786	8 18 11 19
3787	7 16 20 12
3788	12 8 19 10
3789	20 3 2 9
3790	11 2 5 19
3791	10 9 15 6
3792	19 14 12 16
3793	11 4 6 10
3794	16 1 4 18
3795	11 15 17 13
3796	18 4 9 2
3797	13 6 18 7
3798	11 8 2 9
3799	2 20 4 16
3800	13 1 15 2
3801	16 6 17 1
3802	6 11 15 13
3803	15 6 2 8
3804	7 11 19 4
3805	19 17 1 6
3806	14 16 8 11
3807	19 17 5 15
3808	12 6 15 2
3809	3 8 16 7
3810	9 8 14 12
3811	17 7 18 14
3812	15 6 16 17
3813	12 10 20 5
3814	1 15 17 19
3815	7 17 8 14
3816	8 2 18 6
3817	20 9 12 14
3818	17 9 20 13
3819	18 15 13 5
3820	12 17 19 9
3821	4 19 5 16
3822	12 7 18 8
3823	2 10 6 3
3824	10 15 17 16
3825	1 5 6 16
3826	20 9 16 10
3827	19 1 6 17
3828	9 15 1 10
3829	18 1 9 5
3830	18 19 11 13
3831	14 13 5 16
3832	15 17 4 10
3833	15 9 13 18
3834	4 1 2 9
3835	7 9 14 1
3836	15 9 3 7
3837	9 3 6 8
3838	9 16 15 12
3839	17 7 20 15
3840	18 10 12 3
3841	19 10 8 16
3842	3 6 15 11
3843	13 3 7 9
3844	8 13 14 17
3845	17 2 20 4
3846	1 7 4 11
3847	10 12 8 5
3848	8 4 13 10
3849	12 4 17 2
3850	19 11 6 5
3851	20 10 1 5
3852	6 17 5 16
3853	3 19 18 4
3854	7 13 4 2
3855	13 20 10 2
3856	18 4 9 8
3857	14 10 5 12
3858	9 16 15 20
3859	17 5 2 12
3860	4 18 19 17
3861	2 19 12 14
3862	3 19 14 5
3863	12 19 14 9
3864	4 6 3 15
3865	11 17 9 18
3866	19 6 14 12
3867	19 3 18 9
3868	8 17 20 13
3869	19 15 9 14
3870	16 5 10 3
3871	8 11 18 1
3872	17 12 2 3
3873	2 10 6 5
3874	13 20 17 1
3875	20 14 18 6
3876	9 19 15 13
3877	12 13 15 8
3878	11 16 3 12
3879	19 4 18 8
3880	3 10 17 13
3881	12 7 5 19
3882	10 16 11 7
3883	4 2 11 16
3884	3 7 9 12
3885	20 15 11 10
3886	3 13 4 7
3887	8 12 17 6
3888	7 18 11 20
3889	7 17 1 19
3890	5 6 14 12
3891	7 20 12 9
3892	20 14 15 7
3893	13 6 2 7
3894	7 6 18 17
3895	20 17 5 12
3896	15 11 19 8
3897	17 4 19 11
3898	5 6 20 13
3899	6 2 9 12
3900	1 8 6 14
3901	2 14 18 16
3902	16 18 8 13
3903	8 19 6 18
3904	10 19 8 12
3905	13 5 11 3
3906	11 1 4 16
3907	1 7 13 15
3908	9 6 5 11
3909	16 13 15 5
3910	9 10 4 14
3911	16 13 10 1
3912	12 10 17 3
3913	6 3 18 4
3914	14 3 10 6
3915	11 3 18 13
3916	17 20 5 9
3917	18 14 4 16
3918	11 12 20 1
3919	14 15 2 13
3920	11 10 3 18
3921	9 4 14 5
3922	14 15 18 2
3923	8 7 6 3
3924	5 6 2 3
3925	14 13 15 12
3926	5 9 6 2
3927	16 8 12 9
3928	17 3 14 11
3929	6 15 13 5
3930	18 2 3 14
3931	15 9 14 5
3932	7 5 17 14
3933	11 4 1 8
3934	5 6 2 13
3935	4 12 18 1
3936	10 4 9 3
3937	16 4 11 19
3938	1 10 13 8
3939	18 4 19 6
3940	6 17 9 16
3941	19 16 3 13
3942	4 5 8 6
3943	9 16 8 1
3944	18 8 16 9
3945	12 9 15 3
3946	16 17 20 8
3947	17 16 19 9
3948	20 18 3 1
3949	10 18 16 20
3950	6 13 9 12
3951	16 9 15 5
3952	10 18 13 14
3953	5 15 18 20
3954	7 12 16 15
3955	13 11 14 7
3956	16 13 7 12
3957	1 6 10 19
3958	14 13 1 10
3959	5 1 4 16
3960	16 12 4 8
3961	13 15 12 5
3962	9 6 18 2
3963	4 9 3 15
3964	10 9 13 11
3965	7 8 10 15
3966	5 20 13 2
3967	9 17 10 3
3968	16 9 1 18
3969	20 18 3 10
3970	17 1 10 15
3971	9 3 14 4
3972	17 18 2 12
3973	13 8 7 4
3974	2 11 12 15
3975	4 9 8 20
3976	10 17 18 7
3977	15 18 3 5
3978	12 9 3 14
3979	17 19 18 13
3980	20 19 14 6
3981	18 14 11 20
3982	17 6 12 4
3983	13 6 2 5
3984	4 14 18 8
3985	2 16 13 20
3986	17 10 9 14
3987	9 4 19 13
3988	11 16 13 5
3989	14 10 3 4
3990	20 17 11 5
3991	8 12 1 13
3992	5 8 9 13
3993	20 10 6 13
3994	13 9 17 1
3995	19 18 3 9
3996	6 7 8 15
3997	14 6 20 4
3998	7 9 18 1
3999	8 15 20 4
4000	14 1 15 19
4001	5 9 3 2
4002	1 6 4 7
4003	14 11 7 16
4004	4 11 15 3
4005	6 8 15 17
4006	12 16 4 14
4007	6 14 8 3
4008	7 17 19 11
4009	16 18 3 17
4010	16 10 4 12
4011	15 8 2 11
4012	3 16 15 20
4013	19 13 5 7
4014	9 5 11 18
4015	3 6 9 5
4016	3 11 15 12
4017	10 9 2 8
4018	14 20 11 9
4019	3 6 4 11
4020	6 7 8 13
4021	9 11 14 4
4022	9 19 15 11
4023	15 5 13 4
4024	19 2 20 9
4025	5 9 6 12
4026	4 18 11 6
4027	3 6 18 14
4028	14 17 6 13
4029	12 14 13 8
4030	2 9 11 1
4031	17 14 3 8
4032	11 2 1 17
4033	14 12 13 6
4034	8 18 15 9
4035	8 5 17 7
4036	10 13 12 2
4037	13 2 20 18
4038	17 1 20 18
4039	15 6 4 13
4040	1 7 10 6
4041	19 13 17 11
4042	20 13 18 16
4043	10 1 14 5
4044	3 13 6 18
4045	6 9 13 8
4046	13 9 12 10
4047	8 3 7 20
4048	4 6 13 19
4049	16 4 13 11
4050	4 9 15 6
4051	15 4 10 9
4052	1 15 20 13
4053	19 16 20 13
4054	3 14 8 9
4055	6 10 13 19
4056	3 18 14 4
4057	14 17 16 4
4058	7 6 1 9
4059	1 11 17 4
4060	11 9 4 12
4061	5 4 17 9
4062	18 20 14 2
4063	7 16 6 13
4064	2 12 9 1
4065	15 8 7 12
4066	9 15 5 2
4067	16 10 14 12
4068	1 14 15 5
4069	7 4 15 10
4070	12 4 8 11
4071	19 15 16 4
4072	19 6 16 12
4073	3 19 20 10
4074	2 8 19 17
4075	5 13 18 9
4076	2 1 12 20
4077	12 10 18 2
4078	15 1 10 3
4079	9 19 13 11
4080	5 10 4 1
4081	2 3 8 4
4082	2 10 20 16
4083	7 9 19 13
4084	20 14 13 7
4085	6 15 11 16
4086	7 19 6 5
4087	12 2 6 15
4088	13 5 19 20
4089	13 17 16 2
4090	4 19 1 5
4091	5 12 8 19
4092	10 7 2 1
4093	16 12 7 13
4094	2 14 7 9
4095	18 2 12 14
4096	10 8 16 12
4097	10 8 3 12
4098	12 20 3 6
4099	1 4 18 20
4100	18 17 12 9
4101	13 3 16 9
4102	20 16 14 18
4103	10 15 11 4
4104	10 3 9 14
4105	16 19 5 13
4106	14 9 1 7
4107	4 13 20 2
4108	8 17 1 5
4109	3 7 5 6
4110	7 19 3 16
4111	5 20 19 6
4112	12 14 11 3
4113	20 4 2 15
4114	19 16 11 17
4115	4 1 14 8
4116	14 1 10 13
4117	3 5 2 7
4118	13 2 1 14
4119	1 16 3 18
4120	14 11 2 5
4121	7 4 9 15
4122	20 11 9 1
4123	3 14 12 4
4124	19 12 9 11
4125	6 9 14 18
4126	4 13 16 12
4127	4 17 1 20
4128	10 14 3 4
4129	14 13 9 8
4130	11 15 10 12
4131	1 18 5 4
4132	16 19 4 6
4133	16 1 6 17
4134	4 14 9 11
4135	3 5 15 8
4136	4 10 20 17
4137	1 10 12 6
4138	16 5 12 20
4139	14 17 6 11
4140	20 12 16 7
4141	5 9 4 11
4142	16 1 9 8
4143	4 7 14 5
4144	3 9 15 18
4145	4 17 13 11
4146	5 10 7 15
4147	10 18 8 14
4148	11 16 2 10
4149	7 5 17 20
4150	4 9 14 16
4151	18 17 8 4
4152	19 4 7 3
4153	14 7 17 19
4154	19 6 20 13
4155	6 1 7 18
4156	8 5 6 20
4157	8 18 3 10
4158	18 15 8 19
4159	4 14 15 12
4160	19 16 5 10
4161	1 6 19 16
4162	5 6 4 3
4163	14 16 19 13
4164	10 20 9 6
4165	2 15 13 4
4166	1 19 3 9
4167	18 5 6 20
4168	9 7 1 17
4169	20 19 15 5
4170	5 4 6 17
4171	8 15 12 13
4172	20 19 17 3
4173	8 12 18 6
4174	8 19 20 10
4175	14 1 7 3
4176	1 10 16 12
4177	15 5 2 4
4178	13 11 5 15
4179	3 16 5 18
4180	14 20 10 19
4181	12 7 9 11
4182	9 15 7 13
4183	4 8 7 15
4184	7 17 11 3
4185	11 1 5 18
4186	6 8 16 3
4187	15 17 1 16
4188	7 14 6 5
4189	16 6 14 13
4190	10 5 12 16
4191	1 17 20 4
4192	8 19 10 4
4193	9 6 19 3
4194	8 5 11 14
4195	5 19 20 10
4196	3 18 11 16
4197	6 18 12 13
4198	15 19 2 3
4199	18 5 15 16
4200	8 9 6 3
4201	5 7 15 17
4202	12 3 13 16
4203	5 8 19 15
4204	11 20 6 18
4205	19 13 6 18
4206	2 19 11 10
4207	19 7 3 12
4208	10 20 18 7
4209	13 12 14 4
4210	18 9 2 4
4211	16 6 12 20
4212	4 10 3 1
4213	19 3 9 12
4214	8 18 16 9
4215	2 1 17 16
4216	8 3 11 16
4217	8 11 3 4
4218	8 15 10 13
4219	4 7 13 15
4220	13 3 7 17
4221	17 14 12 15
4222	11 15 18 19
4223	1 18 19 10
4224	15 2 4 9
4225	7 8 10 3
4226	16 7 14 17
4227	20 15 7 10
4228	8 3 15 16
4229	2 14 3 16
4230	6 13 8 14
4231	9 1 6 5
4232	11 5 13 12
4233	16 3 4 15
4234	5 8 6 13
4235	7 19 11 4
4236	1 3 16 5
4237	9 7 2 3
4238	11 17 3 16
4239	4 6 2 20
4240	3 16 14 11
4241	11 6 2 5
4242	12 11 13 3
4243	8 15 19 4
4244	14 10 5 7
4245	12 1 20 3
4246	7 19 16 8
4247	16 7 11 14
4248	10 3 18 1
4249	3 11 19 10
4250	15 12 5 20
4251	14 15 18 17
4252	9 1 17 14
4253	13 16 18 4
4254	15 6 2 5
4255	20 6 2 4
4256	14 20 7 8
4257	14 19 20 16
4258	12 11 3 7
4259	16 4 2 5
4260	12 17 4 5
4261	6 9 8 15
4262	3 20 8 7
4263	7 18 6 8
4264	13 5 6 14
4265	10 13 12 5
4266	12 19 7 8
4267	15 5 20 1
4268	15 19 2 20
4269	19 3 12 7
4270	15 3 17 20
4271	3 9 16 7
4272	20 3 11 5
4273	7 17 1 20
4274	12 6 1 20
4275	15 20 4 2
4276	7 20 18 1
4277	1 3 20 12
4278	10 1 11 3
4279	2 9 7 11
4280	5 15 7 3
4281	11 16 12 20
4282	14 7 9 15
4283	6 20 11 2
4284	2 9 1 13
4285	15 18 14 20
4286	8 1 19 20
4287	5 17 10 12
4288	19 17 11 18
4289	2 19 13 15
4290	10 1 7 13
4291	13 4 10 1
4292	3 13 5 15
4293	7 16 1 11
4294	3 16 9 13
4295	14 8 16 13
4296	2 6 19 4
4297	11 5 16 7
4298	10 20 15 17
4299	5 11 3 19
4300	8 5 7 15
4301	12 8 19 14
4302	5 16 10 11
4303	18 1 8 19
4304	7 5 17 13
4305	18 14 19 9
4306	13 20 14 9
4307	9 11 5 18
4308	17 20 2 4
4309	18 2 7 15
4310	18 9 3 19
4311	6 19 15 18
4312	4 18 2 11
4313	10 13 5 3
4314	1 2 17 10
4315	12 1 19 5
4316	6 19 14 10
4317	18 4 6 19
4318	7 5 15 11
4319	2 10 17 9
4320	9 8 14 6
4321	14 17 13 11
4322	20 19 9 5
4323	17 3 10 14
4324	12 11 10 18
4325	2 10 20 18
4326	7 13 12 11
4327	16 8 12 7
4328	9 12 19 1
4329	10 19 9 7
4330	11 15 10 7
4331	2 15 8 3
4332	12 11 1 15
4333	17 10 3 19
4334	12 3 19 11
4335	17 7 9 5
4336	5 3 4 13
4337	13 18 6 3
4338	12 6 1 3
4339	16 2 4 11
4340	20 9 19 18
4341	16 1 17 7
4342	19 14 16 18
4343	7 15 1 20
4344	5 7 2 18
4345	7 6 15 2
4346	15 3 17 9
4347	19 6 18 5
4348	12 17 20 11
4349	14 12 15 17
4350	11 6 19 13
4351	1 17 2 7
4352	14 16 3 5
4353	14 2 10 11
4354	16 2 20 15
4355	19 5 4 17
4356	14 20 16 3
4357	10 14 1 18
4358	16 6 11 8
4359	17 19 13 4
4360	4 15 13 9
4361	14 16 20 5
4362	17 3 18 11
4363	4 7 1 19
4364	17 13 10 6
4365	18 9 16 13
4366	2 1 7 11
4367	11 20 9 3
4368	10 9 13 18
4369	15 18 19 16
4370	9 3 2 7
4371	6 1 20 7
4372	13 12 11 20
4373	1 5 16 18
4374	12 18 3 9
4375	6 17 16 1
4376	3 19 9 6
4377	2 9 20 15
4378	14 17 8 4
4379	11 3 2 6
4380	2 18 7 20
4381	14 16 9 3
4382	13 15 8 16
4383	1 12 16 13
4384	7 11 3 10
4385	17 20 10 15
4386	4 10 20 5
4387	3 11 4 2
4388	18 16 3 17
4389	20 6 7 11
4390	18 16 2 19
4391	3 5 7 1
4392	5 8 15 17
4393	7 6 20 12
4394	18 12 3 13
4395	5 19 15 10
4396	1 6 15 19
4397	14 6 19 1
4398	5 2 12 18
4399	20 19 14 15
4400	8 1 5 16
4401	16 17 8 13
4402	12 3 8 1
4403	14 9 3 6
4404	7 11 10 18
4405	12 17 1 10
4406	14 17 1 10
4407	5 15 16 20
4408	5 3 9 1
4409	15 19 18 2
4410	7 6 13 19
4411	2 17 19 14
4412	16 1 6 4
4413	6 16 9 18
4414	11 4 20 12
4415	10 4 7 2
4416	3 2 18 8
4417	17 13 15 12
4418	9 4 15 12
4419	2 5 19 6
4420	15 8 14 7
4421	11 7 4 8
4422	17 5 15 7
4423	4 7 19 18
4424	11 17 5 20
4425	1 6 3 11
4426	3 5 8 10
4427	17 9 6 12
4428	10 7 13 2
4429	2 16 20 15
4430	11 1 6 19
4431	10 19 11 2
4432	12 14 7 4
4433	19 17 8 9
4434	9 19 10 18
4435	4 20 17 5
4436	12 1 11 13
4437	9 15 12 8
4438	9 19 11 6
4439	19 7 1 12
4440	11 2 5 3
4441	16 18 19 20
4442	3 4 9 18
4443	12 6 8 4
4444	17 7 4 6
4445	9 17 18 5
4446	1 14 3 12
4447	17 5 8 20
4448	18 9 16 11
4449	4 18 20 7
4450	1 19 2 3
4451	18 7 19 14
4452	16 8 5 15
4453	9 15 16 1
4454	3 13 5 8
4455	19 10 8 1
4456	17 4 18 15
4457	4 3 14 20
4458	2 10 12 17
4459	13 1 10 18
4460	5 7 17 18
4461	14 17 3 7
4462	12 7 18 14
4463	2 15 5 18
4464	5 12 19 11
4465	1 16 8 10
4466	5 12 19 9
4467	12 9 1 4
4468	17 19 20 2
4469	15 20 16 7
4470	2 17 11 15
4471	4 13 6 14
4472	18 6 8 17
4473	12 2 8 15
4474	11 16 18 13
4475	13 17 5 2
4476	18 10 13 11
4477	5 19 3 12
4478	18 5 11 14
4479	16 6 11 5
4480	20 3 1 9
4481	12 6 13 11
4482	13 9 3 5
4483	6 18 14 9
4484	1 11 19 12
4485	11 8 5 9
4486	19 5 13 1
4487	8 10 4 18
4488	6 13 15 2
4489	4 2 3 10
4490	10 16 14 7
4491	15 5 2 12
4492	9 16 19 4
4493	6 14 20 15
4494	5 10 18 3
4495	20 11 7 1
4496	7 5 14 12
4497	13 12 10 2
4498	15 18 12 14
4499	7 15 3 8
4500	3 17 8 6
