Students	4500
1	8 16 2 19
2	11 18 19 14
3	7 12 9 8
4	7 12 4 11
5	2 15 17 6
6	6 17 5 9
7	4 11 9 16
8	11 6 3 16
9	17 19 11 9
10	15 3 4 9
11	10 19 9 1
12	19 16 5 3
13	20 11 10 8
14	17 16 18 20
15	17 1 19 20
16	18 3 2 14
17	12 10 9 19
18	8 17 5 13
19	4 3 11 16
20	3 10 15 6
21	3 16 18 14
22	11 19 8 17
23	7 14 19 12
24	15 14 1 11
25	19 6 2 13
26	1 13 20 18
27	5 3 13 11
28	19 17 8 6
29	5 10 20 7
30	17 3 10 4
31	20 7 17 16
32	11 16 5 18
33	19 8 20 2
34	15 8 13 5
35	7 16 14 19
36	5 2 10 16
37	4 13 12 17
38	6 18 15 11
39	20 1 18 12
40	1 14 17 11
41	20 5 6 10
42	2 1 8 18
43	3 14 1 16
44	8 18 17 6
45	13 16 6 20
46	16 10 6 14
47	14 20 5 16
48	2 13 10 1
49	11 9 2 4
50	9 16 10 17
51	16 18 10 20
52	7 1 15 18
53	13 5 7 8
54	16 1 11 13
55	11 3 2 14
56	1 10 16 2
57	13 15 7 18
58	16 9 3 14
59	12 9 15 3
60	19 17 8 3
61	17 6 5 1
62	9 7 12 15
63	6 7 9 18
64	9 20 3 12
65	2 7 19 20
66	20 18 2 5
67	19 18 9 17
68	9 3 8 5
69	18 19 12 1
70	15 16 4 10
71	6 19 16 7
72	14 20 10 11
73	18 19 16 13
74	12 10 2 9
75	16 4 17 13
76	16 12 7 4
77	17 10 19 8
78	14 7 3 6
79	5 18 9 16
80	2 20 7 10
81	5 8 1 19
82	10 17 15 16
83	4 9 16 6
84	19 18 17 14
85	12 5 18 10
86	12 4 13 1
87	7 1 6 15
88	20 5 15 13
89	15 18 16 7
90	3 17 9 13
91	14 18 13 16
92	14 8 12 10
93	17 8 19 13
94	13 12 15 5
95	12 11 16 15
96	5 13 17 1
97	3 9 7 5
98	15 3 2 1
99	20 16 14 3
100	14 6 16 7
101	19 16 4 3
102	13 16 15 8
103	14 16 1 2
104	12 2 14 4
105	13 11 17 3
106	17 10 9 2
107	15 6 4 14
108	9 7 1 14
109	17 14 11 18
110	7 15 13 18
111	14 2 4 13
112	14 13 19 5
113	4 17 5 1
114	15 11 2 10
115	1 6 13 18
116	9 4 6 3
117	20 7 5 4
118	7 16 4 3
119	11 13 6 7
120	12 15 6 8
121	1 7 10 12
122	13 1 19 12
123	16 5 13 11
124	18 2 11 19
125	9 18 19 5
126	3 6 19 2
127	9 1 4 2
128	9 11 19 20
129	15 4 14 7
130	10 9 18 3
131	1 10 15 11
132	6 2 13 3
133	9 4 7 8
134	1 5 14 6
135	2 1 16 3
136	6 3 13 4
137	14 15 10 11
138	19 6 7 14
139	5 18 4 16
140	13 3 5 2
141	1 8 12 19
142	15 1 9 16
143	6 18 5 14
144	9 14 11 8
145	16 3 12 10
146	3 11 17 9
147	14 9 10 2
148	8 1 19 20
149	20 12 1 9
150	16 13 17 6
151	16 12 5 4
152	3 12 10 20
153	20 19 11 17
154	18 17 3 5
155	9 1 11 4
156	8 13 14 5
157	2 16 13 19
158	11 18 13 10
159	11 19 2 3
160	6 2 12 11
161	11 16 18 8
162	17 13 14 1
163	16 5 13 18
164	10 19 13 12
165	10 13 18 8
166	14 9 18 6
167	13 12 16 5
168	17 11 2 8
169	8 13 5 14
170	5 8 14 4
171	2 3 7 5
172	15 18 19 12
173	10 18 12 6
174	4 16 1 13
175	16 11 7 2
176	7 9 20 3
177	10 8 13 5
178	9 5 19 16
179	1 2 5 20
180	17 16 6 13
181	9 11 1 5
182	10 1 15 17
183	3 6 17 19
184	8 1 15 3
185	9 14 10 18
186	12 8 3 18
187	8 14 6 18
188	7 4 17 14
189	15 9 18 1
190	4 3 13 19
191	2 7 20 19
192	1 2 16 6
193	1 14 18 11
194	9 20 3 14
195	20 9 19 17
196	1 19 12 18
197	1 17 2 7
198	2 8 14 17
199	5 14 18 1
200	19 14 7 12
201	1 7 15 13
202	15 2 18 11
203	11 14 15 17
204	1 7 20 5
205	5 7 8 1
206	17 6 14 19
207	17 14 19 18
208	7 2 17 13
209	11 5 19 13
210	14 20 5 8
211	11 4 13 16
212	4 14 9 6
213	11 17 6 19
214	5 9 3 12
215	2 5 17 16
216	14 2 9 6
217	16 10 2 14
218	14 17 9 4
219	14 8 3 2
220	1 18 19 14
221	4 8 10 11
222	15 17 9 2
223	3 17 5 11
224	4 6 17 10
225	13 7 8 6
226	3 6 4 18
227	10 13 1 3
228	18 14 5 3
229	12 14 2 5
230	5 13 14 3
231	11 20 10 16
232	16 1 3 11
233	5 16 14 15
234	17 8 10 1
235	13 2 6 12
236	3 13 10 7
237	3 20 14 7
238	8 19 13 17
239	14 17 1 7
240	4 2 18 14
241	4 1 6 16
242	7 17 16 6
243	14 19 1 8
244	4 20 1 3
245	1 16 17 5
246	13 11 14 2
247	7 18 5 10
248	13 9 16 6
249	19 6 17 13
250	8 4 13 9
251	14 1 7 2
252	11 12 9 14
253	15 6 5 10
254	11 6 10 4
255	7 10 19 12
256	18 14 10 15
257	4 15 1 20
258	2 14 9 8
259	11 15 1 16
260	18 20 4 12
261	1 11 17 19
262	11 20 19 8
263	18 3 19 11
264	18 13 11 10
265	6 10 5 4
266	13 18 3 7
267	7 11 10 6
268	15 17 8 3
269	18 6 15 13
270	19 4 5 10
271	6 9 13 2
272	3 11 12 16
273	13 15 3 2
274	20 18 17 1
275	7 13 17 8
276	6 11 5 12
277	16 17 9 2
278	17 20 1 7
279	12 1 16 3
280	16 10 20 3
281	14 4 7 15
282	2 5 15 12
283	10 14 13 18
284	8 14 20 3
285	11 13 12 20
286	17 6 10 13
287	3 9 16 7
288	15 14 6 5
289	9 12 6 8
290	9 11 4 2
291	17 18 1 13
292	2 19 20 18
293	5 2 13 17
294	14 20 5 13
295	16 7 17 19
296	10 11 9 6
297	9 16 18 3
298	14 3 16 12
299	17 8 18 9
300	14 6 8 11
301	17 13 11 16
302	12 4 15 10
303	18 5 3 13
304	2 5 17 3
305	10 18 6 1
306	5 8 2 17
307	2 9 6 18
308	1 18 13 5
309	13 4 16 3
310	10 7 20 18
311	18 8 10 13
312	17 6 19 11
313	2 9 13 14
314	9 5 20 15
315	18 11 7 1
316	6 10 11 1
317	6 19 10 8
318	19 15 14 18
319	19 5 9 13
320	2 5 15 9
321	8 2 4 20
322	13 4 7 2
323	15 6 16 14
324	19 1 9 17
325	6 20 3 8
326	6 1 7 15
327	6 8 3 13
328	19 20 9 7
329	14 20 16 17
330	3 5 20 14
331	12 6 20 10
332	11 6 3 8
333	14 4 3 18
334	1 10 18 16
335	16 19 13 12
336	7 19 16 6
337	5 20 3 4
338	12 4 17 20
339	14 17 1 18
340	9 8 4 12
341	12 2 17 11
342	13 8 19 9
343	13 12 8 16
344	5 10 19 11
345	7 1 18 9
346	11 5 2 9
347	13 17 16 19
348	1 18 2 3
349	14 17 11 5
350	19 20 5 1
351	7 12 5 13
352	16 19 5 3
353	13 16 4 20
354	11 6 13 12
355	20 9 6 14
356	4 7 14 15
357	14 16 13 11
358	19 13 18 6
359	8 20 6 9
360	17 15 2 19
361	9 13 4 15
362	1 5 17 20
363	20 18 9 16
364	11 17 15 3
365	3 16 14 12
366	5 12 19 6
367	14 7 15 19
368	14 4 7 18
369	13 18 17 3
370	2 4 9 8
371	14 2 9 4
372	11 6 4 17
373	10 1 17 7
374	18 1 9 3
375	2 10 20 15
376	7 11 15 13
377	14 6 8 20
378	4 7 15 14
379	14 17 13 8
380	17 20 5 13
381	20 6 14 16
382	20 6 4 12
383	10 18 13 1
384	20 16 5 1
385	8 7 19 11
386	6 2 10 8
387	18 4 9 1
388	10 7 8 2
389	7 11 6 9
390	12 9 16 8
391	17 12 8 14
392	11 12 15 19
393	8 1 9 13
394	9 16 14 3
395	19 14 6 2
396	4 2 5 11
397	17 20 19 3
398	13 18 7 5
399	8 9 17 20
400	3 1 19 12
401	13 2 20 9
402	4 19 3 18
403	15 17 20 18
404	11 1 4 6
405	4 14 5 6
406	5 12 2 17
407	17 14 9 8
408	14 11 5 16
409	1 18 9 16
410	12 14 15 5
411	19 16 3 18
412	1 14 6 15
413	16 10 3 14
414	5 15 3 12
415	1 7 8 4
416	3 9 2 6
417	18 8 10 19
418	13 8 12 3
419	5 15 12 4
420	6 10 8 1
421	19 17 4 2
422	18 7 14 2
423	8 9 12 20
424	7 16 18 3
425	18 10 5 8
426	3 5 9 11
427	10 17 1 14
428	4 5 19 20
429	14 20 7 13
430	18 10 19 3
431	10 20 3 13
432	15 6 9 2
433	9 3 11 20
434	4 1 14 2
435	6 14 15 2
436	14 11 19 16
437	9 2 13 19
438	13 18 10 8
439	20 2 3 9
440	1 11 15 20
441	20 11 2 19
442	9 13 18 7
443	8 3 17 6
444	19 4 2 6
445	2 20 19 1
446	13 7 11 4
447	11 17 4 8
448	17 2 16 19
449	12 1 19 20
450	17 14 10 2
451	10 3 11 16
452	4 6 15 14
453	1 4 20 12
454	20 7 13 17
455	14 5 2 17
456	11 2 18 15
457	19 16 8 3
458	10 14 8 2
459	2 8 9 20
460	7 10 4 14
461	7 19 14 3
462	16 18 12 1
463	20 11 1 17
464	17 11 16 14
465	14 15 16 7
466	16 19 3 4
467	10 7 18 9
468	12 16 8 13
469	16 3 15 4
470	12 15 18 9
471	18 10 7 4
472	13 3 1 8
473	12 6 13 8
474	16 10 8 4
475	15 2 16 10
476	15 3 1 9
477	13 9 17 7
478	14 12 2 7
479	12 8 4 14
480	3 2 7 17
481	4 3 8 1
482	12 2 18 17
483	20 15 13 8
484	20 19 5 6
485	17 10 16 18
486	20 1 13 18
487	18 17 6 2
488	16 19 7 1
489	2 1 8 6
490	8 9 6 13
491	14 9 11 19
492	15 12 2 10
493	15 7 10 12
494	4 18 6 13
495	6 7 11 3
496	18 17 20 4
497	19 13 10 17
498	17 10 4 18
499	11 7 2 6
500	5 18 15 2
501	19 12 9 15
502	11 5 18 9
503	11 2 16 8
504	18 10 2 3
505	2 3 9 20
506	4 14 16 8
507	19 11 8 16
508	13 20 16 12
509	16 11 19 12
510	11 6 8 3
511	10 12 16 7
512	15 6 11 14
513	8 4 20 12
514	7 6 5 15
515	13 7 15 1
516	14 5 13 19
517	15 20 1 10
518	16 14 10 7
519	14 10 3 9
520	14 2 10 19
521	11 6 3 4
522	9 3 17 4
523	9 14 15 16
524	15 13 3 2
525	20 19 17 12
526	16 12 4 20
527	16 18 14 7
528	3 2 13 9
529	18 7 14 3
530	3 18 17 20
531	12 10 1 8
532	14 13 12 4
533	9 18 5 7
534	8 2 16 15
535	10 18 11 6
536	13 8 12 17
537	10 17 16 6
538	7 4 12 2
539	20 16 14 1
540	15 8 12 9
541	1 5 12 14
542	10 2 17 5
543	4 18 15 17
544	12 18 8 17
545	4 12 2 1
546	15 4 1 6
547	15 12 17 10
548	19 3 18 10
549	13 10 20 15
550	6 11 9 16
551	20 5 12 14
552	3 18 12 13
553	10 7 9 20
554	16 14 4 9
555	3 2 18 13
556	20 14 17 1
557	3 12 14 5
558	6 3 11 8
559	18 13 20 16
560	9 17 7 1
561	18 4 1 7
562	18 19 8 2
563	2 11 19 1
564	9 8 5 3
565	2 9 4 11
566	3 1 16 14
567	19 18 13 10
568	6 10 14 8
569	15 20 4 12
570	13 15 11 19
571	4 8 10 3
572	10 12 6 2
573	2 8 11 4
574	9 19 10 14
575	8 20 11 7
576	10 19 9 18
577	1 19 12 9
578	10 7 12 14
579	17 12 3 16
580	7 5 11 15
581	6 17 20 9
582	12 15 10 8
583	16 3 6 7
584	3 5 17 16
585	4 9 18 7
586	11 1 20 8
587	13 19 4 3
588	1 6 3 2
589	2 6 10 20
590	5 3 2 20
591	13 4 3 12
592	5 15 14 1
593	20 17 16 14
594	19 1 12 17
595	11 18 9 17
596	4 1 2 15
597	6 3 7 17
598	4 1 2 16
599	3 10 1 7
600	15 10 18 14
601	8 1 9 12
602	11 16 13 8
603	3 20 19 7
604	20 18 3 12
605	2 11 4 9
606	14 10 3 5
607	20 13 8 2
608	11 9 20 14
609	7 19 5 18
610	12 11 20 14
611	9 5 16 7
612	20 4 19 10
613	19 1 2 5
614	17 11 3 2
615	5 7 8 18
616	20 16 12 7
617	5 10 2 15
618	20 9 17 7
619	13 20 16 4
620	15 5 18 14
621	3 8 18 4
622	5 16 11 2
623	8 15 16 14
624	12 4 9 11
625	20 9 19 6
626	6 8 12 9
627	17 10 18 13
628	6 13 17 12
629	10 4 6 14
630	6 15 8 11
631	4 11 7 1
632	1 16 20 11
633	16 3 20 15
634	8 6 5 11
635	4 14 10 16
636	4 3 13 6
637	16 5 15 3
638	18 13 3 10
639	11 1 16 5
640	7 4 2 6
641	5 7 14 12
642	13 7 9 17
643	8 4 3 14
644	17 6 10 11
645	3 6 9 2
646	18 17 20 8
647	3 18 16 12
648	5 7 13 14
649	17 14 1 13
650	20 10 17 9
651	18 2 8 20
652	20 15 19 5
653	15 16 14 8
654	6 7 13 18
655	16 5 7 19
656	10 4 6 19
657	5 18 15 20
658	11 7 8 1
659	10 14 17 19
660	6 18 20 14
661	18 15 20 2
662	6 18 1 13
663	3 4 8 13
664	1 17 9 19
665	7 16 8 10
666	11 19 7 1
667	15 8 6 2
668	2 6 5 1
669	8 13 19 14
670	20 7 16 11
671	13 5 14 8
672	2 3 15 16
673	19 2 11 4
674	15 8 10 3
675	18 2 11 9
676	12 3 17 20
677	18 19 7 2
678	11 5 16 10
679	10 1 6 20
680	10 11 16 1
681	10 7 4 14
682	8 1 6 3
683	8 3 7 5
684	4 11 15 17
685	4 8 14 18
686	2 6 8 13
687	1 3 5 11
688	4 17 5 1
689	13 18 16 7
690	15 7 4 5
691	14 20 9 3
692	11 17 1 10
693	10 13 4 19
694	6 10 1 16
695	9 10 8 15
696	2 18 13 12
697	6 5 3 2
698	13 15 14 3
699	3 19 18 12
700	3 9 19 2
701	2 6 20 16
702	13 14 16 5
703	17 4 8 3
704	15 14 17 12
705	11 12 15 1
706	20 18 15 13
707	8 11 1 12
708	12 5 9 20
709	16 19 7 20
710	19 1 9 12
711	14 4 13 11
712	17 2 12 9
713	3 4 10 8
714	5 2 14 16
715	6 7 4 13
716	10 8 6 17
717	7 11 1 12
718	15 7 13 8
719	9 4 11 15
720	2 16 1 14
721	17 11 13 10
722	1 8 11 17
723	3 10 9 7
724	18 13 8 7
725	13 14 16 8
726	1 17 13 14
727	13 11 6 7
728	2 7 8 16
729	7 2 11 15
730	11 3 18 4
731	6 18 8 5
732	19 11 16 17
733	6 1 2 5
734	19 12 5 9
735	7 2 6 4
736	7 10 6 2
737	17 18 7 12
738	16 5 12 4
739	15 18 12 9
740	18 5 4 17
741	1 9 13 5
742	19 10 16 4
743	1 3 7 12
744	16 11 18 9
745	19 16 2 6
746	1 19 6 18
747	14 7 6 19
748	3 10 17 11
749	2 8 18 20
750	12 1 8 7
751	14 1 8 12
752	9 20 18 14
753	16 19 2 6
754	18 12 2 9
755	8 7 12 1
756	11 16 1 7
757	5 8 11 10
758	5 1 13 6
759	3 9 15 8
760	17 10 19 5
761	17 12 2 7
762	14 10 8 16
763	7 17 3 20
764	8 12 3 2
765	4 12 17 3
766	16 4 8 9
767	11 19 14 12
768	17 5 10 18
769	3 17 16 4
770	11 14 5 8
771	15 10 11 17
772	16 7 10 19
773	6 20 1 10
774	9 17 4 6
775	10 6 1 19
776	6 12 3 10
777	5 14 13 12
778	17 12 19 5
779	7 18 5 19
780	10 20 18 5
781	18 3 16 14
782	1 20 17 16
783	20 4 5 3
784	6 3 4 18
785	7 1 6 17
786	14 12 8 4
787	20 19 8 7
788	3 12 14 6
789	3 1 12 20
790	2 7 12 3
791	3 18 4 16
792	8 16 18 13
793	1 10 12 9
794	1 7 16 5
795	13 8 15 10
796	14 15 8 10
797	6 16 17 15
798	6 9 20 11
799	2 8 17 9
800	17 10 9 3
801	15 10 7 1
802	5 20 18 11
803	7 9 15 14
804	18 2 17 14
805	8 19 10 15
806	18 10 4 11
807	4 20 12 5
808	19 11 4 2
809	6 1 20 13
810	1 12 20 4
811	12 2 10 3
812	8 11 19 13
813	5 16 11 4
814	13 20 19 6
815	2 17 12 6
816	15 9 4 6
817	8 14 7 16
818	19 17 4 13
819	14 19 8 11
820	8 9 12 6
821	15 1 12 9
822	17 18 7 11
823	19 18 1 3
824	5 4 13 16
825	6 8 14 1
826	14 16 2 12
827	7 6 10 16
828	4 20 2 13
829	3 8 18 13
830	16 5 19 14
831	2 9 14 16
832	5 6 16 1
833	1 16 20 15
834	4 18 13 3
835	10 19 6 16
836	15 2 9 13
837	5 9 16 1
838	11 18 10 9
839	4 11 20 7
840	5 20 7 11
841	16 3 7 15
842	14 17 16 4
843	5 10 8 7
844	10 4 18 9
845	14 3 7 12
846	3 6 10 20
847	7 18 2 17
848	14 15 20 17
849	11 18 1 8
850	11 13 4 7
851	6 18 11 15
852	12 8 10 4
853	17 2 10 14
854	1 18 9 17
855	5 14 4 8
856	18 7 4 3
857	11 9 20 7
858	2 4 19 16
859	11 14 5 12
860	12 14 20 17
861	12 19 3 8
862	1 9 10 7
863	8 17 6 5
864	15 1 13 16
865	7 11 10 2
866	17 12 9 7
867	20 17 2 3
868	19 5 16 17
869	17 1 19 20
870	18 9 13 5
871	2 17 9 16
872	4 6 13 10
873	13 5 14 3
874	6 17 18 11
875	20 16 12 10
876	8 17 12 14
877	9 18 7 3
878	19 4 6 20
879	11 2 19 12
880	13 18 20 1
881	8 12 2 4
882	1 8 20 12
883	18 15 13 2
884	16 20 11 9
885	12 20 14 18
886	18 13 10 1
887	13 2 16 15
888	16 10 8 5
889	10 2 18 6
890	1 16 11 13
891	13 4 14 5
892	20 15 12 13
893	11 9 16 13
894	3 17 19 8
895	14 3 8 12
896	10 17 5 16
897	13 9 14 20
898	5 8 15 3
899	2 11 15 18
900	14 5 4 18
901	3 2 15 5
902	10 9 5 17
903	5 16 7 10
904	2 7 4 20
905	19 20 9 2
906	4 7 6 19
907	12 11 2 18
908	7 13 4 6
909	8 17 11 16
910	5 19 3 10
911	13 3 7 12
912	13 12 6 14
913	14 17 4 18
914	10 2 7 12
915	15 12 5 11
916	7 8 3 20
917	14 12 16 19
918	12 15 3 7
919	17 13 7 9
920	18 3 10 1
921	17 9 3 2
922	2 11 17 9
923	7 16 20 10
924	8 17 7 13
925	17 18 5 20
926	20 3 11 1
927	19 2 8 12
928	8 14 15 2
929	14 20 1 8
930	3 5 15 4
931	7 6 13 3
932	2 10 5 18
933	14 1 9 19
934	5 3 4 7
935	5 17 11 8
936	2 20 14 19
937	15 4 5 17
938	4 18 12 13
939	17 20 5 18
940	13 19 14 15
941	6 9 15 4
942	16 19 18 14
943	14 11 6 12
944	19 9 4 7
945	1 10 2 3
946	13 19 7 18
947	2 7 18 19
948	14 4 5 6
949	3 8 4 2
950	10 14 11 13
951	11 4 1 10
952	18 6 19 17
953	19 13 15 7
954	7 18 15 12
955	2 4 5 16
956	3 18 12 14
957	5 2 11 16
958	1 10 3 9
959	16 7 19 17
960	20 3 6 19
961	5 20 8 9
962	8 1 11 13
963	15 2 13 3
964	17 9 19 16
965	13 4 6 11
966	12 17 1 16
967	2 1 13 7
968	20 4 18 7
969	5 9 10 16
970	10 13 18 7
971	13 7 8 1
972	17 1 8 3
973	10 8 1 13
974	16 13 10 5
975	3 1 12 4
976	20 17 1 16
977	7 3 13 17
978	3 4 5 2
979	15 12 5 14
980	1 19 9 15
981	16 7 6 2
982	20 8 19 18
983	16 1 5 20
984	5 13 17 18
985	3 6 17 2
986	14 16 18 17
987	7 5 4 14
988	9 10 4 19
989	11 10 19 5
990	4 8 3 18
991	19 14 15 17
992	3 18 20 8
993	10 14 5 13
994	1 17 5 8
995	17 6 8 11
996	16 17 14 9
997	19 5 1 8
998	5 19 7 1
999	13 12 16 2
1000	10 7 12 15
1001	19 20 14 9
1002	8 14 15 16
1003	2 13 4 10
1004	1 6 12 14
1005	7 20 10 16
1006	9 6 4 3
1007	2 15 11 14
1008	6 16 15 1
1009	14 1 9 20
1010	16 14 11 7
1011	9 5 19 1
1012	15 8 9 20
1013	17 7 20 19
1014	12 2 3 18
1015	20 15 11 19
1016	20 9 3 15
1017	16 8 5 2
1018	1 7 10 14
1019	14 4 18 12
1020	18 17 12 2
1021	8 20 1 2
1022	20 17 8 3
1023	1 12 7 4
1024	3 12 18 10
1025	10 8 11 13
1026	10 17 18 4
1027	10 7 18 19
1028	11 7 19 18
1029	6 12 10 9
1030	11 13 4 8
1031	4 6 17 13
1032	14 16 2 18
1033	19 4 2 13
1034	12 14 1 18
1035	8 7 13 3
1036	4 17 19 6
1037	11 16 19 2
1038	7 4 20 9
1039	3 13 9 12
1040	18 19 9 12
1041	1 18 15 3
1042	14 1 3 20
1043	15 5 16 3
1044	4 14 10 17
1045	1 3 17 9
1046	5 1 15 9
1047	10 2 6 4
1048	3 12 17 20
1049	17 18 13 16
1050	8 12 16 18
1051	11 16 17 12
1052	18 4 7 2
1053	4 17 9 2
1054	7 9 2 19
1055	4 8 1 13
1056	12 1 16 5
1057	8 16 13 9
1058	11 5 15 6
1059	8 9 10 17
1060	20 18 19 10
1061	6 10 7 2
1062	5 18 9 7
1063	16 8 3 18
1064	11 18 14 15
1065	2 9 14 10
1066	7 16 1 8
1067	8 12 13 18
1068	8 5 9 12
1069	17 14 13 1
1070	7 15 14 17
1071	19 20 3 8
1072	20 8 9 6
1073	6 2 13 15
1074	12 10 20 9
1075	17 5 4 8
1076	17 2 13 1
1077	1 17 15 11
1078	2 16 5 14
1079	8 1 14 3
1080	16 19 18 7
1081	5 15 9 20
1082	17 7 2 14
1083	15 20 17 4
1084	4 1 19 16
1085	11 19 14 15
1086	8 9 15 11
1087	4 6 13 19
1088	3 16 14 6
1089	17 2 15 12
1090	3 16 4 9
1091	13 19 18 8
1092	17 1 8 20
1093	6 20 16 8
1094	12 16 19 6
1095	9 10 14 13
1096	7 13 16 17
1097	2 9 11 16
1098	1 14 17 9
1099	3 4 12 16
1100	8 16 10 3
1101	5 8 18 16
1102	7 10 16 13
1103	4 13 10 7
1104	9 3 6 5
1105	12 8 9 19
1106	7 12 11 5
1107	13 14 6 8
1108	10 2 4 3
1109	19 6 7 16
1110	5 9 8 7
1111	2 15 5 17
1112	6 9 1 14
1113	7 2 4 13
1114	2 7 4 6
1115	1 11 19 17
1116	17 6 15 16
1117	3 19 18 9
1118	10 11 18 1
1119	8 5 17 15
1120	1 9 4 18
1121	17 12 4 2
1122	3 20 4 14
1123	8 11 20 3
1124	16 2 15 10
1125	15 17 7 9
1126	2 16 3 19
1127	11 6 16 3
1128	1 17 18 20
1129	12 2 9 8
1130	10 17 11 9
1131	1 6 20 17
1132	12 6 16 2
1133	13 3 11 1
1134	10 20 6 3
1135	6 2 13 18
1136	3 10 1 18
1137	16 9 6 1
1138	20 7 5 15
1139	9 18 19 7
1140	17 18 8 9
1141	15 3 4 14
1142	5 19 16 14
1143	3 13 12 18
1144	2 17 16 19
1145	2 6 16 17
1146	2 14 13 6
1147	9 10 18 2
1148	20 11 2 10
1149	19 3 13 10
1150	13 7 10 5
1151	18 20 17 11
1152	6 20 19 2
1153	10 3 7 2
1154	12 19 2 8
1155	19 13 16 20
1156	19 3 9 8
1157	1 11 10 18
1158	5 12 11 15
1159	9 7 6 3
1160	3 6 19 2
1161	13 12 3 14
1162	8 20 16 13
1163	4 6 11 14
1164	18 3 14 7
1165	3 10 19 18
1166	7 14 16 18
1167	18 12 4 11
1168	18 17 2 1
1169	5 12 14 20
1170	11 13 1 16
1171	3 19 12 17
1172	14 3 19 16
1173	4 16 10 2
1174	16 15 13 7
1175	3 8 12 13
1176	15 13 19 7
1177	4 10 20 2
1178	6 4 14 3
1179	12 16 11 17
1180	19 1 18 9
1181	20 11 6 18
1182	4 17 14 11
1183	6 2 10 13
1184	5 16 11 13
1185	12 1 15 3
1186	7 17 11 20
1187	18 8 14 19
1188	11 18 10 6
1189	1 11 4 17
1190	4 8 3 9
1191	16 7 20 9
1192	14 10 16 11
1193	20 7 1 4
1194	9 17 5 15
1195	20 9 17 6
1196	11 6 7 13
1197	8 6 14 9
1198	12 8 17 15
1199	15 5 14 3
1200	14 1 2 17
1201	11 3 2 1
1202	16 11 10 1
1203	4 19 15 1
1204	10 19 17 15
1205	9 17 8 6
1206	1 8 4 19
1207	14 13 12 6
1208	12 1 9 11
1209	16 20 4 10
1210	10 2 13 3
1211	15 4 6 19
1212	6 16 4 13
1213	5 10 2 8
1214	10 5 2 9
1215	18 17 2 11
1216	4 10 2 15
1217	18 9 2 19
1218	4 6 18 13
1219	20 6 16 15
1220	12 4 8 1
1221	13 17 4 12
1222	14 16 9 13
1223	8 4 6 18
1224	9 8 5 3
1225	19 7 11 4
1226	15 14 19 11
1227	7 18 10 3
1228	19 11 10 1
1229	8 4 20 15
1230	1 20 18 19
1231	14 2 20 13
1232	2 9 14 5
1233	17 2 16 18
1234	6 15 2 13
1235	2 20 12 5
1236	4 14 6 8
1237	6 1 18 10
1238	9 4 20 12
1239	11 10 15 2
1240	20 6 7 18
1241	6 8 2 12
1242	9 16 19 2
1243	17 6 1 9
1244	12 18 5 19
1245	19 6 1 2
1246	8 14 17 10
1247	8 6 19 15
1248	5 11 9 14
1249	14 5 17 13
1250	15 3 14 6
1251	5 10 4 20
1252	3 12 5 7
1253	6 5 7 15
1254	19 5 16 18
1255	6 20 10 11
1256	17 6 1 3
1257	12 18 7 16
1258	1 9 5 17
1259	20 3 18 5
1260	12 13 7 20
1261	7 6 8 11
1262	7 17 10 3
1263	2 16 13 19
1264	1 15 16 8
1265	10 18 13 19
1266	10 1 5 20
1267	14 5 20 1
1268	10 8 1 11
1269	6 14 9 13
1270	19 5 17 14
1271	8 18 20 7
1272	2 1 18 14
1273	5 3 4 14
1274	19 16 10 3
1275	7 14 20 6
1276	3 7 19 5
1277	10 15 19 6
1278	12 17 19 14
1279	11 16 3 10
1280	10 8 16 14
1281	19 17 3 2
1282	8 19 17 9
1283	19 11 12 5
1284	10 20 2 4
1285	6 8 5 18
1286	16 2 20 6
1287	16 3 8 4
1288	12 8 14 16
1289	18 6 20 1
1290	6 5 3 13
1291	11 1 16 5
1292	18 5 17 9
1293	9 10 19 1
1294	11 20 5 9
1295	7 11 19 5
1296	13 2 6 18
1297	8 15 11 13
1298	8 20 17 7
1299	6 5 12 13
1300	19 7 13 6
1301	14 3 6 7
1302	4 17 13 7
1303	12 2 17 1
1304	19 10 3 17
1305	17 20 10 4
1306	19 14 17 6
1307	9 18 20 7
1308	5 10 16 8
1309	7 15 19 3
1310	10 16 4 1
1311	8 5 2 7
1312	18 4 15 10
1313	15 12 11 10
1314	19 12 5 1
1315	14 1 13 4
1316	17 19 4 10
1317	17 10 9 6
1318	4 10 18 17
1319	1 9 19 3
1320	4 11 10 9
1321	4 10 9 5
1322	7 2 20 13
1323	9 8 6 5
1324	5 12 15 7
1325	1 3 17 20
1326	15 3 18 8
1327	4 7 12 15
1328	1 9 13 10
1329	14 10 20 9
1330	18 4 2 8
1331	9 8 17 6
1332	20 1 5 4
1333	17 10 18 6
1334	4 6 8 1
1335	17 12 4 16
1336	15 16 13 7
1337	2 14 12 4
1338	5 16 9 18
1339	14 18 13 5
1340	1 20 19 3
1341	17 15 8 2
1342	6 10 8 17
1343	15 16 19 7
1344	14 11 1 19
1345	11 5 19 10
1346	1 4 7 3
1347	16 4 10 17
1348	2 9 5 15
1349	19 4 17 5
1350	4 20 7 16
1351	6 18 4 16
1352	3 18 16 4
1353	4 19 9 7
1354	20 7 17 11
1355	17 15 18 16
1356	16 8 1 15
1357	6 3 10 20
1358	10 9 14 13
1359	6 19 12 9
1360	8 13 12 10
1361	7 10 4 2
1362	18 3 17 8
1363	5 10 14 17
1364	2 12 19 1
1365	20 3 10 17
1366	15 3 17 14
1367	14 20 11 18
1368	13 6 3 11
1369	18 20 16 8
1370	16 5 3 6
1371	19 12 2 20
1372	4 5 3 13
1373	11 8 18 15
1374	3 13 19 15
1375	5 16 20 17
1376	11 6 9 3
1377	9 17 18 15
1378	9 8 15 17
1379	17 19 16 6
1380	4 1 12 6
1381	9 1 7 6
1382	9 18 4 2
1383	17 16 2 7
1384	16 6 18 3
1385	7 6 15 12
1386	6 9 18 14
1387	16 20 15 12
1388	19 1 3 11
1389	9 12 17 2
1390	12 11 16 10
1391	15 17 13 4
1392	19 3 1 18
1393	19 6 9 17
1394	18 15 10 3
1395	19 2 10 13
1396	6 18 9 3
1397	20 6 10 2
1398	18 20 10 2
1399	5 18 8 6
1400	4 1 19 7
1401	3 19 9 16
1402	20 4 17 19
1403	6 4 16 2
1404	13 18 16 11
1405	2 17 12 6
1406	17 6 14 5
1407	1 9 10 16
1408	3 20 8 16
1409	17 18 8 5
1410	12 6 16 5
1411	17 5 9 7
1412	16 9 7 2
1413	1 2 3 9
1414	10 13 16 12
1415	14 15 17 11
1416	5 16 15 12
1417	20 10 5 6
1418	20 17 16 11
1419	1 10 17 13
1420	2 11 6 18
1421	18 1 6 4
1422	16 18 2 14
1423	19 7 1 11
1424	9 4 7 8
1425	4 5 6 8
1426	17 11 19 4
1427	6 8 3 2
1428	14 19 18 9
1429	3 10 12 4
1430	14 19 6 8
1431	18 7 19 4
1432	11 18 4 14
1433	12 10 14 9
1434	7 12 5 20
1435	4 3 5 9
1436	1 11 3 17
1437	15 11 17 1
1438	2 12 1 16
1439	6 1 13 9
1440	19 16 5 15
1441	9 3 14 1
1442	12 10 18 16
1443	10 19 8 20
1444	2 16 1 20
1445	9 6 18 3
1446	14 5 2 15
1447	1 8 17 14
1448	3 7 5 9
1449	16 3 8 20
1450	7 1 6 19
1451	11 9 6 14
1452	9 1 14 17
1453	4 10 8 19
1454	15 19 11 7
1455	15 18 17 1
1456	12 11 13 3
1457	1 3 14 12
1458	18 11 6 7
1459	15 18 17 14
1460	19 14 18 3
1461	18 11 20 9
1462	4 18 6 9
1463	19 12 10 17
1464	5 16 17 11
1465	10 7 11 9
1466	12 10 4 19
1467	4 19 2 12
1468	13 9 7 17
1469	4 20 12 13
1470	18 14 19 17
1471	13 8 20 3
1472	12 2 20 5
1473	18 20 15 19
1474	5 14 16 1
1475	11 4 8 5
1476	17 13 5 6
1477	13 6 15 8
1478	19 11 2 8
1479	16 14 8 20
1480	14 2 10 13
1481	4 17 11 7
1482	11 9 13 18
1483	12 13 15 18
1484	11 10 1 5
1485	14 3 7 2
1486	12 18 19 4
1487	5 16 9 12
1488	11 16 12 8
1489	14 7 13 4
1490	17 14 12 10
1491	16 13 18 9
1492	2 11 10 16
1493	12 15 13 1
1494	6 7 2 3
1495	14 10 17 18
1496	3 4 15 19
1497	19 1 6 17
1498	18 8 19 13
1499	11 10 19 1
1500	1 6 13 8
1501	20 1 18 5
1502	19 14 7 16
1503	16 1 18 14
1504	2 10 15 11
1505	16 7 14 8
1506	11 18 20 7
1507	17 2 14 19
1508	9 15 5 13
1509	20 19 1 3
1510	14 20 8 3
1511	13 16 4 7
1512	17 18 10 3
1513	1 6 3 20
1514	9 13 1 17
1515	5 4 18 13
1516	20 17 18 15
1517	16 17 12 3
1518	10 9 19 16
1519	9 6 18 14
1520	4 7 10 2
1521	4 9 14 13
1522	1 9 6 10
1523	11 6 17 2
1524	3 6 16 20
1525	9 8 4 5
1526	2 15 1 18
1527	17 10 7 15
1528	1 11 13 7
1529	1 16 12 2
1530	6 15 18 13
1531	3 13 6 16
1532	17 10 19 3
1533	6 5 10 1
1534	13 8 14 18
1535	16 5 8 7
1536	15 6 11 17
1537	10 7 15 2
1538	19 4 3 18
1539	2 1 19 4
1540	8 10 6 13
1541	13 20 1 7
1542	17 16 9 5
1543	6 15 14 2
1544	10 16 5 9
1545	20 2 19 14
1546	5 19 3 13
1547	6 10 3 12
1548	10 18 13 16
1549	14 7 17 10
1550	10 12 1 14
1551	13 6 18 7
1552	17 6 15 8
1553	7 15 14 12
1554	8 7 2 11
1555	1 6 15 19
1556	4 15 10 17
1557	1 10 7 3
1558	10 17 5 11
1559	12 18 9 7
1560	5 13 10 9
1561	16 10 1 9
1562	15 5 17 8
1563	12 2 1 16
1564	3 9 6 2
1565	15 14 16 2
1566	8 20 18 19
1567	3 16 10 17
1568	12 9 14 2
1569	17 20 18 5
1570	8 20 7 6
1571	11 9 18 16
1572	2 4 1 16
1573	3 19 7 20
1574	2 13 10 1
1575	9 2 17 6
1576	1 15 6 7
1577	3 1 16 11
1578	6 18 19 10
1579	13 9 19 15
1580	1 8 3 15
1581	7 5 1 11
1582	19 20 4 1
1583	8 14 3 1
1584	6 3 1 19
1585	1 12 5 18
1586	7 18 5 10
1587	14 20 2 9
1588	17 16 18 7
1589	12 14 7 8
1590	20 1 4 9
1591	20 8 15 17
1592	6 7 18 19
1593	13 12 20 7
1594	1 4 6 17
1595	9 10 6 20
1596	5 2 3 8
1597	17 5 12 4
1598	10 17 16 1
1599	20 4 5 14
1600	6 17 13 11
1601	18 6 4 7
1602	5 15 19 13
1603	6 20 4 12
1604	1 12 11 8
1605	5 7 6 8
1606	13 10 15 6
1607	1 19 14 17
1608	17 18 20 11
1609	9 10 6 18
1610	11 17 7 15
1611	15 18 2 8
1612	3 2 5 16
1613	6 14 3 17
1614	19 18 3 6
1615	14 13 11 1
1616	5 13 17 9
1617	4 13 3 10
1618	19 14 16 1
1619	12 19 5 2
1620	1 16 4 10
1621	2 8 17 7
1622	8 1 2 4
1623	4 7 11 16
1624	11 4 17 13
1625	13 4 14 2
1626	2 10 11 15
1627	2 4 17 8
1628	14 9 12 1
1629	17 12 19 3
1630	6 7 12 10
1631	20 17 3 7
1632	3 17 12 5
1633	7 2 17 4
1634	20 1 10 7
1635	18 6 11 14
1636	7 6 16 11
1637	19 14 8 5
1638	6 19 12 15
1639	3 15 13 4
1640	3 15 2 8
1641	14 19 10 9
1642	11 13 18 4
1643	1 9 17 19
1644	1 14 3 5
1645	17 5 14 1
1646	15 1 5 11
1647	17 9 8 7
1648	18 13 19 11
1649	9 5 8 3
1650	18 20 14 6
1651	8 18 2 15
1652	4 1 3 12
1653	14 3 7 9
1654	3 20 6 12
1655	20 16 14 9
1656	20 6 17 12
1657	20 11 17 3
1658	6 8 1 10
1659	2 16 8 14
1660	17 7 9 5
1661	14 15 11 7
1662	4 1 12 6
1663	3 1 15 10
1664	9 18 17 10
1665	13 5 17 8
1666	17 18 14 4
1667	14 13 20 3
1668	17 5 14 12
1669	6 8 5 17
1670	5 19 11 7
1671	4 10 16 15
1672	19 17 9 10
1673	3 4 14 20
1674	8 15 5 10
1675	19 8 4 1
1676	17 20 7 10
1677	11 7 13 19
1678	12 16 7 17
1679	8 11 10 15
1680	9 19 18 14
1681	16 15 7 3
1682	20 2 12 18
1683	19 8 17 9
1684	12 6 20 15
1685	6 19 8 4
1686	14 6 12 8
1687	1 20 12 16
1688	12 8 15 13
1689	1 7 16 8
1690	9 11 15 18
1691	19 11 14 6
1692	1 17 16 13
1693	9 1 6 17
1694	20 11 14 1
1695	9 5 14 20
1696	15 19 9 7
1697	17 12 3 18
1698	9 16 5 12
1699	17 1 19 13
1700	19 5 13 7
1701	5 4 13 1
1702	1 18 7 15
1703	18 4 11 8
1704	12 19 7 15
1705	18 7 13 10
1706	20 9 14 2
1707	13 10 5 14
1708	6 3 7 4
1709	19 5 13 4
1710	1 5 20 6
1711	11 12 8 10
1712	2 20 8 15
1713	13 16 17 12
1714	4 13 3 6
1715	6 13 2 18
1716	13 4 11 18
1717	3 15 12 18
1718	20 2 11 4
1719	3 20 6 15
1720	5 17 1 15
1721	15 16 17 3
1722	5 18 15 1
1723	4 18 15 11
1724	1 8 10 16
1725	4 10 5 1
1726	11 1 15 10
1727	13 8 18 1
1728	15 11 4 14
1729	12 16 9 2
1730	12 10 7 20
1731	7 16 20 9
1732	16 7 19 1
1733	18 9 19 8
1734	13 18 7 15
1735	7 10 13 1
1736	6 8 15 1
1737	2 7 19 3
1738	11 1 5 18
1739	18 1 6 8
1740	2 13 10 8
1741	17 8 18 6
1742	13 15 6 2
1743	7 1 13 12
1744	7 5 11 15
1745	11 19 9 18
1746	2 12 9 7
1747	10 1 2 19
1748	10 8 5 7
1749	13 2 11 15
1750	4 19 10 15
1751	12 16 4 5
1752	18 15 10 19
1753	13 14 17 8
1754	6 2 11 14
1755	19 8 14 3
1756	12 1 14 18
1757	2 12 19 6
1758	4 2 17 3
1759	20 18 19 5
1760	8 3 10 18
1761	4 8 7 2
1762	15 6 20 7
1763	2 16 19 17
1764	13 15 20 18
1765	13 17 4 6
1766	8 11 2 3
1767	13 1 10 8
1768	15 12 17 9
1769	1 16 2 8
1770	20 16 13 3
1771	20 8 19 10
1772	8 13 12 20
1773	2 8 17 11
1774	20 13 6 19
1775	19 18 2 14
1776	15 18 20 9
1777	11 20 19 18
1778	3 19 15 2
1779	2 10 11 20
1780	5 4 1 9
1781	12 13 15 9
1782	7 4 12 18
1783	9 1 2 6
1784	10 19 3 1
1785	17 8 9 19
1786	9 20 12 2
1787	5 3 10 14
1788	12 13 6 11
1789	13 8 14 2
1790	9 3 16 12
1791	16 11 13 19
1792	14 10 17 18
1793	14 2 18 4
1794	18 11 13 16
1795	11 5 15 16
1796	3 18 10 19
1797	17 2 8 6
1798	15 16 11 7
1799	20 1 14 11
1800	6 5 2 14
1801	4 3 11 20
1802	10 3 9 13
1803	1 18 11 8
1804	1 15 19 14
1805	2 19 18 1
1806	16 17 3 10
1807	1 3 14 20
1808	15 7 13 14
1809	4 14 15 7
1810	6 14 3 11
1811	4 15 1 6
1812	3 7 18 13
1813	7 20 14 13
1814	19 13 18 16
1815	19 2 15 5
1816	10 4 13 6
1817	11 8 16 1
1818	14 5 17 4
1819	19 20 2 8
1820	1 14 5 12
1821	8 18 12 3
1822	18 1 16 14
1823	12 9 16 14
1824	1 13 14 12
1825	8 20 13 6
1826	5 15 20 18
1827	8 15 14 10
1828	11 5 15 12
1829	13 19 12 4
1830	6 12 19 17
1831	18 17 6 9
1832	20 8 11 6
1833	19 9 11 4
1834	5 7 6 16
1835	14 5 16 2
1836	20 17 3 7
1837	17 5 19 2
1838	5 8 15 20
1839	17 11 7 4
1840	7 4 20 11
1841	5 13 2 6
1842	6 10 17 8
1843	14 4 16 18
1844	14 8 9 18
1845	11 2 18 19
1846	5 20 1 6
1847	10 14 9 15
1848	2 7 15 11
1849	2 11 3 15
1850	1 19 2 14
1851	3 16 19 13
1852	20 18 11 12
1853	6 11 8 20
1854	7 9 4 16
1855	8 2 17 15
1856	13 3 15 2
1857	17 3 4 15
1858	2 19 14 15
1859	11 5 16 9
1860	17 18 10 7
1861	8 11 6 9
1862	2 7 16 8
1863	20 9 15 3
1864	18 3 8 13
1865	17 1 19 7
1866	1 13 11 19
1867	8 15 6 7
1868	14 10 17 5
1869	14 20 11 8
1870	11 4 14 20
1871	9 20 11 2
1872	14 20 7 19
1873	13 2 15 18
1874	3 2 10 11
1875	14 9 12 2
1876	4 19 8 18
1877	10 1 3 15
1878	20 9 15 6
1879	10 9 12 19
1880	13 18 15 20
1881	6 14 1 20
1882	19 2 16 17
1883	17 11 2 14
1884	4 9 6 3
1885	17 5 9 3
1886	2 18 15 12
1887	14 17 16 3
1888	12 16 19 18
1889	15 5 10 8
1890	3 10 12 17
1891	17 2 9 4
1892	3 19 9 7
1893	15 17 9 3
1894	20 11 3 18
1895	6 13 1 14
1896	7 2 8 5
1897	5 9 1 15
1898	11 18 10 2
1899	9 12 7 11
1900	8 10 14 13
1901	13 1 11 19
1902	14 5 3 16
1903	14 13 15 17
1904	11 1 4 2
1905	4 8 14 3
1906	5 10 14 20
1907	8 13 17 15
1908	3 5 10 20
1909	6 3 14 15
1910	5 11 15 9
1911	3 1 16 2
1912	16 1 19 15
1913	17 12 16 7
1914	11 20 9 17
1915	17 13 12 8
1916	7 16 4 17
1917	8 11 6 15
1918	1 3 20 10
1919	10 5 20 13
1920	2 17 9 6
1921	11 8 5 15
1922	5 17 11 7
1923	16 8 10 2
1924	14 20 10 2
1925	5 3 14 9
1926	2 9 3 13
1927	6 16 17 14
1928	19 8 15 17
1929	4 7 13 18
1930	1 15 8 20
1931	18 1 8 14
1932	18 11 3 16
1933	5 8 20 17
1934	17 12 20 2
1935	15 13 8 5
1936	9 10 14 17
1937	9 1 14 2
1938	14 9 19 11
1939	18 15 13 16
1940	11 16 10 13
1941	16 19 15 20
1942	16 14 15 11
1943	15 9 10 16
1944	3 10 6 2
1945	20 13 9 10
1946	14 4 7 1
1947	19 3 14 6
1948	14 16 8 19
1949	3 11 15 8
1950	1 13 5 20
1951	7 3 14 15
1952	2 1 14 20
1953	4 3 2 19
1954	11 8 16 13
1955	10 4 8 9
1956	11 12 20 6
1957	18 10 20 5
1958	2 1 18 8
1959	4 5 11 12
1960	1 14 4 19
1961	10 5 6 18
1962	20 8 9 18
1963	4 8 7 12
1964	4 20 2 11
1965	3 17 5 14
1966	16 3 1 5
1967	9 16 15 13
1968	17 8 10 2
1969	8 20 3 19
1970	6 13 3 11
1971	6 11 17 19
1972	2 14 7 5
1973	15 12 20 8
1974	11 8 3 1
1975	11 3 13 14
1976	9 15 1 12
1977	14 20 16 4
1978	2 3 16 19
1979	16 11 12 13
1980	12 15 5 11
1981	15 19 9 5
1982	1 11 19 10
1983	8 10 14 15
1984	11 9 10 2
1985	12 13 20 15
1986	16 12 17 5
1987	14 1 20 5
1988	12 10 14 11
1989	11 15 18 6
1990	5 10 1 12
1991	6 1 8 4
1992	14 1 19 16
1993	5 9 3 12
1994	5 18 19 14
1995	15 10 8 13
1996	11 5 16 1
1997	18 16 7 20
1998	19 13 18 11
1999	13 2 18 10
2000	14 12 7 4
2001	10 3 15 20
2002	11 20 13 15
2003	1 17 18 15
2004	18 6 4 16
2005	11 10 12 5
2006	17 13 20 16
2007	14 17 11 12
2008	9 20 16 1
2009	8 19 16 12
2010	16 11 20 17
2011	15 3 18 13
2012	1 17 16 18
2013	13 17 8 5
2014	4 2 12 15
2015	13 6 8 9
2016	7 8 18 10
2017	4 9 2 16
2018	11 17 8 3
2019	13 18 12 16
2020	11 10 4 5
2021	16 3 13 2
2022	9 13 2 6
2023	14 2 3 18
2024	8 20 3 5
2025	10 20 6 8
2026	2 1 10 6
2027	5 1 3 10
2028	4 8 17 15
2029	11 4 1 7
2030	1 20 6 12
2031	8 19 4 6
2032	3 11 20 14
2033	15 8 20 9
2034	16 13 14 15
2035	15 11 17 3
2036	2 1 12 17
2037	12 5 3 11
2038	16 8 14 20
2039	14 6 7 11
2040	9 13 18 4
2041	13 4 17 1
2042	13 1 14 5
2043	5 9 16 10
2044	18 10 17 19
2045	9 20 1 15
2046	7 6 9 20
2047	5 1 18 19
2048	9 1 11 7
2049	2 1 8 13
2050	18 8 3 20
2051	10 8 18 7
2052	2 15 13 8
2053	11 19 2 4
2054	4 9 15 1
2055	19 16 17 4
2056	13 14 19 18
2057	18 14 1 12
2058	18 9 7 2
2059	18 17 20 1
2060	6 5 2 9
2061	9 10 5 19
2062	14 16 8 5
2063	20 15 16 18
2064	15 13 11 10
2065	10 15 11 13
2066	11 10 14 6
2067	13 8 2 12
2068	20 17 2 19
2069	5 7 15 3
2070	6 8 20 18
2071	10 13 14 6
2072	3 18 5 7
2073	8 19 12 3
2074	1 16 8 5
2075	17 4 8 1
2076	2 17 20 10
2077	7 16 5 1
2078	2 12 7 13
2079	3 13 17 8
2080	1 13 10 2
2081	15 13 17 3
2082	3 17 5 11
2083	18 7 15 9
2084	4 19 13 14
2085	12 20 16 2
2086	6 7 5 19
2087	2 5 17 8
2088	2 1 3 6
2089	16 2 12 1
2090	20 17 13 15
2091	5 16 6 15
2092	2 11 12 6
2093	5 8 9 14
2094	19 9 10 13
2095	2 10 11 8
2096	14 4 13 9
2097	6 4 17 9
2098	4 13 19 15
2099	1 14 7 11
2100	16 6 11 17
2101	8 6 14 9
2102	15 9 13 12
2103	20 7 11 5
2104	15 4 14 12
2105	3 15 8 17
2106	13 1 7 10
2107	18 4 10 11
2108	8 17 3 14
2109	10 12 17 13
2110	6 5 12 1
2111	11 20 16 7
2112	3 9 4 19
2113	10 12 20 17
2114	15 10 3 11
2115	7 4 20 11
2116	18 13 20 11
2117	12 18 19 16
2118	1 3 18 4
2119	18 7 6 12
2120	19 3 7 4
2121	7 12 15 17
2122	19 12 6 11
2123	8 10 4 13
2124	2 1 11 19
2125	7 4 1 17
2126	12 20 1 14
2127	7 2 18 6
2128	20 5 13 7
2129	6 7 4 5
2130	11 10 15 12
2131	18 15 14 5
2132	2 14 18 7
2133	19 6 12 9
2134	16 7 3 2
2135	4 14 3 13
2136	13 3 2 20
2137	9 10 2 12
2138	7 15 5 4
2139	17 11 2 4
2140	13 2 9 3
2141	1 14 3 20
2142	19 16 3 8
2143	5 7 3 1
2144	18 4 7 2
2145	11 7 10 5
2146	1 8 2 4
2147	16 14 6 5
2148	16 14 18 17
2149	6 4 9 19
2150	12 19 10 11
2151	9 17 18 19
2152	20 2 3 7
2153	14 1 7 6
2154	10 11 5 7
2155	6 15 20 3
2156	16 14 4 12
2157	18 5 16 6
2158	12 15 6 17
2159	2 4 3 1
2160	5 6 20 9
2161	9 18 1 11
2162	16 19 1 6
2163	2 13 14 18
2164	1 2 11 14
2165	14 2 20 3
2166	15 1 20 4
2167	9 2 10 11
2168	7 8 19 18
2169	14 20 6 3
2170	8 2 14 3
2171	18 3 19 16
2172	19 2 13 9
2173	3 18 11 20
2174	17 10 18 16
2175	9 11 16 3
2176	7 17 4 13
2177	7 6 11 8
2178	12 15 11 14
2179	17 16 2 12
2180	19 16 15 9
2181	14 5 9 20
2182	10 16 5 4
2183	19 9 3 6
2184	14 17 6 20
2185	20 5 18 12
2186	7 5 6 11
2187	17 4 1 20
2188	7 20 10 8
2189	14 1 20 10
2190	2 3 11 19
2191	15 16 4 3
2192	12 2 16 3
2193	7 3 15 9
2194	19 10 20 5
2195	1 7 12 14
2196	13 6 17 1
2197	2 17 5 15
2198	3 7 9 8
2199	14 11 7 8
2200	8 6 7 10
2201	3 14 5 7
2202	3 2 11 15
2203	16 12 2 13
2204	18 12 1 13
2205	8 20 15 11
2206	4 9 11 19
2207	2 14 15 7
2208	14 12 13 8
2209	15 4 16 14
2210	7 15 19 11
2211	9 11 4 13
2212	15 13 2 17
2213	3 14 6 10
2214	10 6 7 5
2215	13 17 16 2
2216	19 1 3 7
2217	7 14 3 9
2218	8 19 17 12
2219	12 13 4 9
2220	16 1 9 8
2221	19 2 4 13
2222	12 15 5 19
2223	14 2 4 12
2224	15 14 4 13
2225	8 16 20 15
2226	3 11 14 12
2227	7 14 2 12
2228	5 9 4 2
2229	10 8 6 7
2230	5 17 20 12
2231	16 11 20 9
2232	11 9 20 2
2233	3 16 17 5
2234	12 13 8 16
2235	5 3 17 1
2236	16 6 15 4
2237	4 17 6 15
2238	12 4 1 11
2239	7 18 4 10
2240	5 10 7 2
2241	10 15 4 9
2242	19 4 17 14
2243	13 10 14 4
2244	13 4 19 14
2245	11 5 13 6
2246	12 20 13 6
2247	14 2 20 17
2248	8 19 17 12
2249	9 13 12 6
2250	6 20 5 15
2251	7 3 5 13
2252	1 6 7 10
2253	19 15 7 20
2254	4 11 7 12
2255	17 14 15 5
2256	5 11 18 10
2257	18 1 13 17
2258	20 9 5 19
2259	17 18 8 12
2260	11 1 4 14
2261	16 19 10 7
2262	4 12 3 1
2263	13 3 17 4
2264	13 16 6 8
2265	19 10 14 7
2266	11 10 7 9
2267	11 5 20 14
2268	7 11 10 9
2269	3 18 20 15
2270	17 10 18 4
2271	11 12 18 13
2272	13 17 6 18
2273	8 16 9 15
2274	16 5 20 19
2275	11 14 7 19
2276	15 12 4 8
2277	9 2 15 19
2278	3 15 19 11
2279	19 3 13 17
2280	18 13 1 11
2281	11 20 5 6
2282	15 9 12 5
2283	3 7 1 16
2284	5 16 17 20
2285	12 10 3 9
2286	10 12 4 9
2287	2 19 8 6
2288	1 13 11 8
2289	2 9 15 10
2290	13 16 2 10
2291	18 10 14 6
2292	3 9 8 20
2293	4 18 19 9
2294	4 8 17 14
2295	2 15 8 18
2296	4 1 13 19
2297	8 4 17 15
2298	9 10 4 6
2299	2 20 14 1
2300	13 10 3 12
2301	13 17 16 1
2302	12 1 11 19
2303	8 4 15 20
2304	1 15 11 17
2305	19 3 16 18
2306	5 8 12 13
2307	4 3 9 19
2308	17 20 4 16
2309	13 16 12 15
2310	15 2 19 11
2311	16 10 17 15
2312	5 15 16 2
2313	3 7 10 13
2314	11 13 19 14
2315	8 10 16 11
2316	10 14 16 8
2317	2 10 16 3
2318	20 14 15 5
2319	6 2 11 14
2320	3 2 9 14
2321	15 1 8 13
2322	11 8 18 19
2323	17 16 10 9
2324	1 6 18 4
2325	7 9 6 10
2326	20 4 18 6
2327	8 11 17 2
2328	9 1 19 18
2329	17 6 9 3
2330	14 17 2 20
2331	3 16 6 12
2332	3 12 7 15
2333	2 8 18 4
2334	7 14 15 19
2335	19 7 2 12
2336	2 5 13 20
2337	7 3 9 12
2338	7 11 14 6
2339	11 4 10 15
2340	13 11 1 18
2341	18 20 2 13
2342	15 14 6 1
2343	14 10 20 13
2344	16 4 12 13
2345	8 18 5 13
2346	3 5 13 12
2347	12 4 17 16
2348	15 17 1 20
2349	20 1 16 14
2350	14 18 1 11
2351	19 8 3 7
2352	7 10 18 8
2353	4 16 17 6
2354	1 12 3 11
2355	12 3 11 17
2356	11 19 16 4
2357	4 9 18 2
2358	4 14 9 17
2359	4 15 20 11
2360	12 13 15 16
2361	5 14 12 1
2362	13 18 1 19
2363	16 1 19 20
2364	11 1 15 2
2365	17 19 18 6
2366	6 11 2 10
2367	19 9 16 15
2368	20 3 6 19
2369	8 17 14 4
2370	8 19 20 5
2371	10 11 13 15
2372	20 17 16 13
2373	14 17 12 18
2374	15 14 5 12
2375	1 12 7 9
2376	19 20 8 6
2377	20 10 9 19
2378	8 16 2 13
2379	2 9 12 14
2380	12 11 3 2
2381	12 19 2 4
2382	14 17 5 4
2383	5 20 12 19
2384	17 8 19 10
2385	18 16 4 13
2386	13 7 20 19
2387	7 15 16 1
2388	5 1 9 20
2389	12 14 13 3
2390	5 2 9 8
2391	20 7 8 12
2392	19 16 10 3
2393	10 18 12 2
2394	2 12 1 20
2395	14 20 18 17
2396	13 2 10 19
2397	11 20 9 18
2398	19 3 13 10
2399	18 14 12 3
2400	3 1 18 13
2401	16 2 19 1
2402	16 20 8 18
2403	16 1 13 20
2404	7 9 13 11
2405	8 4 11 14
2406	6 2 3 18
2407	5 14 19 18
2408	4 2 11 9
2409	10 4 15 5
2410	5 4 14 20
2411	11 7 4 5
2412	9 16 20 13
2413	18 14 8 19
2414	14 13 5 15
2415	6 18 1 11
2416	4 2 3 11
2417	2 12 3 15
2418	2 8 3 9
2419	3 16 11 19
2420	15 20 8 4
2421	12 8 17 14
2422	14 1 4 2
2423	3 6 11 19
2424	8 7 15 11
2425	9 20 16 5
2426	9 13 12 11
2427	17 6 5 16
2428	7 11 1 10
2429	3 12 8 15
2430	13 5 1 19
2431	11 14 7 6
2432	18 5 1 9
2433	12 14 4 5
2434	20 16 9 18
2435	20 9 4 3
2436	20 14 8 9
2437	1 6 9 12
2438	16 12 13 1
2439	15 14 7 17
2440	2 6 1 19
2441	15 9 14 6
2442	12 5 16 9
2443	17 15 12 1
2444	16 1 8 18
2445	9 14 15 16
2446	1 20 2 3
2447	11 17 13 18
2448	11 4 2 7
2449	10 15 6 13
2450	18 12 1 11
2451	17 8 9 7
2452	13 4 18 6
2453	17 19 5 11
2454	15 16 13 20
2455	4 18 7 5
2456	7 2 14 20
2457	15 13 3 11
2458	17 6 12 19
2459	7 15 1 3
2460	13 9 12 19
2461	8 1 2 7
2462	15 13 17 8
2463	14 16 15 3
2464	5 11 15 3
2465	16 6 10 5
2466	9 20 16 7
2467	11 16 7 13
2468	7 11 9 8
2469	14 13 5 19
2470	9 4 7 5
2471	6 14 19 15
2472	9 15 8 3
2473	11 19 12 15
2474	13 16 6 8
2475	7 3 6 1
2476	7 17 18 15
2477	9 7 6 16
2478	4 18 13 6
2479	13 9 10 7
2480	7 20 1 14
2481	19 7 2 10
2482	17 7 13 3
2483	14 18 17 11
2484	18 5 10 11
2485	8 2 17 5
2486	19 9 2 15
2487	16 6 19 14
2488	12 2 15 10
2489	3 10 4 9
2490	6 19 3 15
2491	1 2 10 6
2492	1 17 19 13
2493	19 11 17 18
2494	2 13 14 8
2495	7 13 16 14
2496	7 1 8 11
2497	9 4 10 16
2498	11 20 8 15
2499	1 15 17 16
2500	4 15 5 16
2501	6 7 18 20
2502	3 5 1 12
2503	2 10 17 9
2504	10 7 15 12
2505	15 10 19 13
2506	5 8 4 17
2507	10 13 14 1
2508	11 13 19 10
2509	3 4 8 9
2510	7 12 17 3
2511	2 11 14 16
2512	10 7 9 19
2513	1 16 4 12
2514	1 2 3 11
2515	4 19 5 10
2516	10 18 8 15
2517	8 19 11 9
2518	18 14 8 13
2519	20 1 19 11
2520	19 14 12 4
2521	4 18 9 7
2522	3 15 4 8
2523	11 17 19 20
2524	11 3 2 4
2525	8 3 6 19
2526	20 8 14 12
2527	6 18 7 14
2528	11 10 5 8
2529	14 15 10 13
2530	19 15 20 3
2531	6 8 18 12
2532	9 8 14 2
2533	11 17 5 9
2534	14 18 12 17
2535	6 5 11 16
2536	7 16 1 15
2537	15 14 20 8
2538	2 15 1 5
2539	1 9 11 2
2540	3 13 2 10
2541	7 11 6 18
2542	9 13 7 6
2543	15 20 8 17
2544	8 11 4 12
2545	8 17 2 13
2546	8 12 18 2
2547	11 3 4 20
2548	15 11 3 19
2549	19 5 6 1
2550	4 13 19 11
2551	19 15 1 10
2552	1 10 7 12
2553	20 13 17 18
2554	5 10 8 11
2555	7 18 1 20
2556	12 18 3 6
2557	7 19 15 14
2558	14 5 4 8
2559	9 13 1 11
2560	6 11 13 14
2561	12 3 14 10
2562	9 12 20 19
2563	11 18 16 6
2564	13 8 9 11
2565	20 14 4 17
2566	16 8 15 1
2567	3 6 8 5
2568	16 6 13 1
2569	17 7 8 11
2570	11 7 8 16
2571	5 13 20 3
2572	4 3 15 2
2573	7 13 3 11
2574	9 14 13 3
2575	9 12 19 16
2576	1 14 8 5
2577	8 16 12 15
2578	9 4 3 1
2579	6 13 8 15
2580	7 6 19 16
2581	11 15 12 14
2582	5 15 4 18
2583	15 1 16 5
2584	3 5 20 12
2585	6 10 20 14
2586	3 14 13 11
2587	11 1 14 13
2588	12 3 18 7
2589	7 8 14 5
2590	17 1 3 16
2591	19 3 7 1
2592	14 18 16 11
2593	19 9 4 7
2594	17 8 9 18
2595	19 9 2 14
2596	17 8 3 1
2597	7 9 15 5
2598	1 9 19 2
2599	11 3 19 14
2600	12 14 16 2
2601	13 12 6 4
2602	9 13 2 1
2603	13 4 11 10
2604	12 14 18 15
2605	17 16 14 19
2606	1 15 3 20
2607	12 9 1 14
2608	4 6 14 20
2609	8 17 9 19
2610	13 16 7 2
2611	15 20 7 17
2612	9 10 3 8
2613	10 13 11 18
2614	19 20 11 8
2615	13 2 14 15
2616	3 8 6 12
2617	17 9 19 3
2618	3 18 6 13
2619	19 18 15 7
2620	17 14 15 7
2621	13 7 3 17
2622	12 5 14 7
2623	8 19 18 9
2624	7 6 9 19
2625	12 17 11 6
2626	15 7 14 1
2627	17 12 8 4
2628	4 13 9 3
2629	1 13 7 9
2630	8 19 20 18
2631	11 2 7 19
2632	17 5 11 10
2633	17 19 13 8
2634	18 5 3 15
2635	9 5 20 3
2636	1 19 12 14
2637	10 14 16 13
2638	16 6 5 3
2639	19 5 2 11
2640	11 4 7 8
2641	19 4 14 10
2642	17 9 20 3
2643	20 9 1 12
2644	5 18 19 12
2645	20 17 12 18
2646	5 16 18 15
2647	19 2 15 1
2648	8 6 14 2
2649	3 11 8 15
2650	7 14 1 13
2651	2 6 10 12
2652	2 7 11 9
2653	12 4 7 1
2654	4 3 11 14
2655	19 2 6 4
2656	16 7 8 6
2657	11 6 16 18
2658	8 7 4 19
2659	8 14 15 5
2660	19 1 16 2
2661	9 7 17 15
2662	17 20 13 4
2663	15 5 1 20
2664	8 1 20 11
2665	5 1 15 4
2666	2 12 9 18
2667	18 3 2 8
2668	5 13 7 19
2669	8 20 17 16
2670	7 9 16 6
2671	16 6 17 2
2672	4 14 11 16
2673	16 18 20 9
2674	13 7 18 20
2675	18 3 19 7
2676	10 9 13 5
2677	18 8 12 3
2678	3 14 2 4
2679	7 12 3 10
2680	15 19 6 14
2681	4 17 18 8
2682	19 6 1 10
2683	15 19 7 2
2684	2 14 5 13
2685	6 19 15 17
2686	19 17 2 5
2687	17 8 11 18
2688	3 15 2 1
2689	10 2 6 14
2690	13 2 11 12
2691	5 6 14 13
2692	6 4 10 17
2693	12 7 1 3
2694	16 4 10 17
2695	7 4 16 9
2696	15 12 16 11
2697	4 13 5 20
2698	3 11 2 5
2699	17 16 20 6
2700	8 4 1 16
2701	5 10 13 4
2702	7 6 11 17
2703	13 10 8 9
2704	1 20 14 16
2705	4 6 12 16
2706	7 3 9 4
2707	2 13 18 3
2708	17 6 14 15
2709	12 2 16 13
2710	5 16 8 11
2711	8 16 18 19
2712	9 17 8 20
2713	10 19 7 1
2714	11 18 15 8
2715	17 12 3 5
2716	17 15 9 14
2717	7 19 20 1
2718	2 6 10 17
2719	5 4 9 10
2720	18 14 19 3
2721	8 15 12 17
2722	5 9 20 14
2723	18 14 10 11
2724	1 11 7 6
2725	5 15 4 7
2726	7 14 11 8
2727	12 9 17 19
2728	9 4 12 6
2729	8 1 11 12
2730	7 1 12 20
2731	7 19 10 3
2732	11 19 15 4
2733	12 10 9 7
2734	16 20 18 5
2735	16 5 7 13
2736	1 19 20 10
2737	15 16 11 5
2738	18 8 5 15
2739	15 4 11 17
2740	7 1 11 18
2741	2 6 19 17
2742	19 8 4 1
2743	2 19 17 10
2744	15 3 2 17
2745	5 18 16 3
2746	8 9 12 17
2747	20 10 15 2
2748	19 13 8 7
2749	6 2 8 16
2750	14 6 13 9
2751	17 15 5 7
2752	19 8 14 6
2753	13 16 10 6
2754	20 3 13 6
2755	1 15 17 16
2756	12 16 1 11
2757	16 1 3 9
2758	3 10 16 17
2759	9 20 17 7
2760	3 10 12 19
2761	1 10 14 12
2762	7 15 11 9
2763	18 5 8 13
2764	10 17 19 5
2765	2 18 15 11
2766	12 1 17 3
2767	8 1 14 13
2768	11 17 5 8
2769	4 17 14 10
2770	17 18 10 5
2771	16 2 8 20
2772	3 2 20 6
2773	5 7 9 16
2774	6 10 16 3
2775	16 13 20 19
2776	11 15 4 13
2777	8 7 2 3
2778	19 10 17 14
2779	20 16 6 17
2780	5 19 15 13
2781	5 14 12 10
2782	12 10 15 9
2783	18 4 15 3
2784	3 13 8 15
2785	19 17 6 5
2786	14 13 6 10
2787	10 4 1 5
2788	13 5 19 15
2789	9 5 7 4
2790	4 19 12 5
2791	5 1 16 7
2792	1 20 7 13
2793	6 18 3 16
2794	1 16 4 7
2795	6 10 19 15
2796	6 8 9 1
2797	12 17 20 1
2798	3 13 2 17
2799	8 4 16 17
2800	16 7 15 9
2801	15 4 8 1
2802	14 10 5 19
2803	5 16 13 2
2804	14 10 15 17
2805	12 6 13 8
2806	9 8 7 4
2807	20 1 3 10
2808	11 20 4 6
2809	18 7 13 8
2810	11 1 9 14
2811	14 13 16 20
2812	15 20 18 8
2813	11 6 2 12
2814	14 20 3 12
2815	4 18 1 15
2816	3 6 19 9
2817	10 8 4 18
2818	15 8 2 20
2819	13 12 18 3
2820	1 9 18 6
2821	5 19 7 12
2822	14 19 17 18
2823	6 11 8 1
2824	16 8 3 5
2825	20 16 3 18
2826	5 13 12 20
2827	17 10 19 5
2828	16 17 19 5
2829	17 18 16 15
2830	2 12 17 18
2831	5 8 2 9
2832	19 6 12 10
2833	14 18 8 1
2834	10 9 11 2
2835	10 3 18 9
2836	5 3 13 20
2837	12 15 8 18
2838	2 17 3 11
2839	6 9 17 7
2840	15 19 9 8
2841	18 4 16 12
2842	9 4 12 16
2843	20 10 2 1
2844	7 9 19 11
2845	11 6 7 4
2846	13 4 6 11
2847	3 11 1 12
2848	8 15 12 11
2849	4 16 20 18
2850	9 18 15 7
2851	2 12 8 17
2852	1 5 17 6
2853	7 8 11 10
2854	9 16 18 6
2855	11 13 15 6
2856	20 5 7 17
2857	19 11 17 16
2858	8 10 20 5
2859	6 18 20 5
2860	5 10 15 13
2861	16 15 13 5
2862	16 17 6 14
2863	8 6 14 3
2864	4 9 6 1
2865	16 20 9 18
2866	14 11 12 19
2867	14 13 20 8
2868	19 13 11 5
2869	13 8 15 20
2870	7 16 10 15
2871	18 9 17 4
2872	1 3 2 10
2873	1 13 19 15
2874	14 6 9 12
2875	3 17 5 4
2876	2 20 8 17
2877	10 19 16 20
2878	8 3 20 11
2879	3 11 17 1
2880	13 4 18 10
2881	18 4 15 3
2882	16 18 13 20
2883	5 3 14 8
2884	12 9 10 4
2885	4 20 14 18
2886	9 5 12 11
2887	13 20 3 5
2888	2 6 13 1
2889	1 10 16 12
2890	10 3 15 9
2891	19 11 12 16
2892	4 12 18 20
2893	14 15 4 11
2894	13 15 17 7
2895	11 20 19 15
2896	18 17 6 5
2897	1 3 4 7
2898	20 19 5 1
2899	10 11 12 20
2900	9 19 5 16
2901	15 8 18 17
2902	10 7 19 18
2903	12 3 9 16
2904	5 3 7 10
2905	16 15 7 8
2906	12 5 9 7
2907	3 5 16 12
2908	10 19 11 9
2909	12 7 9 13
2910	14 15 6 20
2911	5 4 18 17
2912	16 20 1 6
2913	14 3 16 17
2914	6 11 18 13
2915	2 5 19 13
2916	5 19 11 2
2917	15 8 11 19
2918	5 17 20 3
2919	6 13 5 18
2920	2 17 13 15
2921	16 15 13 9
2922	4 19 6 11
2923	14 20 5 6
2924	10 11 8 9
2925	15 5 10 20
2926	1 18 3 2
2927	2 15 14 18
2928	2 6 14 8
2929	15 4 2 10
2930	1 12 18 7
2931	10 8 9 20
2932	6 10 13 16
2933	4 10 14 6
2934	7 20 6 14
2935	6 12 7 16
2936	15 14 12 6
2937	9 16 2 19
2938	19 16 14 10
2939	17 7 11 2
2940	18 19 5 7
2941	18 4 17 6
2942	4 9 2 7
2943	3 11 2 12
2944	14 18 1 9
2945	12 7 15 6
2946	16 9 19 4
2947	2 9 12 6
2948	7 10 3 5
2949	19 1 11 13
2950	19 5 16 10
2951	7 11 2 5
2952	9 10 5 16
2953	5 19 9 13
2954	19 10 2 4
2955	11 19 8 18
2956	10 1 14 9
2957	17 9 4 7
2958	5 17 14 12
2959	9 4 14 18
2960	20 12 13 7
2961	18 16 7 2
2962	14 5 13 8
2963	10 17 14 9
2964	14 4 16 20
2965	9 19 11 16
2966	4 17 6 2
2967	3 5 14 4
2968	13 19 6 20
2969	9 6 3 1
2970	12 5 9 13
2971	19 5 18 12
2972	6 16 7 10
2973	7 17 6 15
2974	19 4 3 6
2975	6 16 17 3
2976	15 8 7 10
2977	6 17 3 15
2978	4 18 15 7
2979	20 3 18 19
2980	15 12 14 19
2981	2 4 16 14
2982	8 6 18 16
2983	8 10 9 2
2984	14 2 18 8
2985	6 15 11 17
2986	12 8 20 16
2987	16 3 19 11
2988	6 20 10 11
2989	14 17 8 19
2990	11 8 18 9
2991	16 14 20 7
2992	2 4 11 9
2993	14 6 20 4
2994	6 14 16 20
2995	19 11 7 9
2996	12 19 5 14
2997	2 15 3 7
2998	12 10 1 3
2999	11 13 20 15
3000	4 8 12 17
3001	16 14 11 17
3002	6 19 5 13
3003	15 1 5 11
3004	6 16 8 17
3005	14 19 10 1
3006	16 11 13 14
3007	15 2 1 5
3008	11 5 9 8
3009	9 7 14 8
3010	19 17 15 14
3011	4 16 18 10
3012	6 17 10 7
3013	9 13 17 18
3014	13 18 1 12
3015	20 4 13 3
3016	4 1 9 3
3017	6 14 12 10
3018	4 3 14 7
3019	6 12 8 15
3020	19 10 17 12
3021	2 13 18 4
3022	9 13 12 19
3023	7 4 19 16
3024	6 5 18 10
3025	8 18 13 2
3026	11 4 17 19
3027	3 11 1 16
3028	8 3 11 2
3029	10 7 14 19
3030	13 9 1 19
3031	4 20 10 17
3032	6 4 8 3
3033	7 18 13 6
3034	10 5 2 6
3035	20 7 18 15
3036	2 5 10 6
3037	1 15 6 12
3038	13 11 5 8
3039	11 7 13 10
3040	5 20 8 11
3041	14 5 12 15
3042	4 19 16 6
3043	5 3 1 10
3044	8 12 9 14
3045	17 18 20 14
3046	8 5 2 6
3047	10 19 4 18
3048	6 18 8 14
3049	1 5 13 15
3050	17 1 13 6
3051	20 11 7 19
3052	1 7 17 14
3053	12 6 20 13
3054	9 19 10 6
3055	19 12 5 3
3056	4 12 19 15
3057	1 14 9 2
3058	7 6 15 9
3059	9 7 13 15
3060	6 10 9 1
3061	17 3 20 5
3062	8 2 12 16
3063	5 10 9 6
3064	19 10 13 18
3065	10 7 17 3
3066	10 14 3 5
3067	5 4 18 14
3068	6 8 5 18
3069	20 8 6 13
3070	12 7 3 4
3071	5 6 14 4
3072	18 3 15 13
3073	3 2 9 15
3074	19 9 3 10
3075	17 19 5 15
3076	11 6 13 16
3077	8 11 4 15
3078	18 6 15 3
3079	11 17 13 18
3080	4 17 9 18
3081	19 6 5 2
3082	18 3 13 11
3083	6 17 15 14
3084	19 18 16 12
3085	12 3 11 9
3086	9 18 10 16
3087	18 6 3 16
3088	11 12 5 9
3089	18 14 6 3
3090	10 8 16 17
3091	7 1 16 3
3092	18 6 7 1
3093	2 19 20 11
3094	2 12 20 19
3095	5 19 16 14
3096	19 5 11 20
3097	14 5 20 10
3098	10 8 11 18
3099	12 1 11 10
3100	9 6 7 5
3101	13 6 1 4
3102	7 13 2 15
3103	2 4 11 7
3104	13 15 12 3
3105	20 1 12 7
3106	14 13 12 20
3107	17 10 5 15
3108	13 7 2 9
3109	10 16 18 13
3110	13 15 17 10
3111	18 14 20 6
3112	16 4 2 19
3113	10 13 19 15
3114	18 14 7 2
3115	7 18 4 12
3116	3 2 19 8
3117	19 5 13 11
3118	9 8 4 12
3119	5 8 7 3
3120	4 1 14 16
3121	5 16 2 6
3122	1 5 11 2
3123	20 17 12 1
3124	5 11 17 7
3125	3 12 19 10
3126	1 13 17 15
3127	2 3 5 16
3128	18 8 11 15
3129	17 10 8 1
3130	6 7 9 11
3131	15 12 14 7
3132	17 12 19 13
3133	5 14 13 17
3134	13 8 9 20
3135	9 8 13 4
3136	5 1 14 2
3137	9 14 11 5
3138	11 18 1 15
3139	18 7 20 4
3140	20 8 3 18
3141	18 19 17 13
3142	16 17 6 8
3143	15 20 13 16
3144	13 16 18 10
3145	3 15 7 19
3146	11 14 4 9
3147	19 8 15 7
3148	16 7 4 15
3149	13 10 2 18
3150	6 9 20 18
3151	12 8 6 19
3152	8 3 12 15
3153	1 17 10 3
3154	18 15 14 2
3155	6 16 2 19
3156	20 1 5 14
3157	9 2 6 1
3158	9 10 8 5
3159	18 7 1 15
3160	16 13 19 18
3161	14 12 7 9
3162	11 1 3 8
3163	7 11 13 5
3164	14 11 4 3
3165	12 20 2 16
3166	9 2 19 14
3167	19 20 17 1
3168	20 19 15 5
3169	1 13 10 12
3170	13 11 17 5
3171	17 18 11 5
3172	9 17 15 11
3173	6 5 9 1
3174	19 2 14 10
3175	15 11 4 19
3176	15 13 9 14
3177	13 5 12 20
3178	16 20 2 18
3179	10 3 14 7
3180	14 16 18 2
3181	9 10 4 6
3182	3 1 12 13
3183	7 15 10 4
3184	7 11 2 9
3185	4 9 8 15
3186	13 12 2 17
3187	2 1 12 13
3188	2 12 9 16
3189	8 12 2 11
3190	13 9 20 12
3191	6 15 16 17
3192	19 5 3 6
3193	10 17 3 11
3194	5 9 17 18
3195	19 17 9 5
3196	3 20 13 19
3197	10 8 15 12
3198	12 14 2 10
3199	6 19 1 13
3200	11 6 2 1
3201	18 13 19 10
3202	2 9 10 6
3203	18 6 8 10
3204	6 19 16 12
3205	19 2 8 15
3206	6 20 12 4
3207	18 16 2 5
3208	17 13 18 20
3209	18 4 16 7
3210	9 17 5 13
3211	20 13 18 14
3212	3 13 10 11
3213	6 17 5 14
3214	4 7 3 2
3215	19 6 12 11
3216	18 4 8 15
3217	13 18 1 14
3218	9 19 7 20
3219	6 17 2 8
3220	2 5 16 9
3221	18 2 6 7
3222	15 14 12 2
3223	11 13 4 2
3224	9 12 6 11
3225	11 9 12 7
3226	18 20 2 4
3227	19 12 7 20
3228	11 16 4 18
3229	17 19 12 18
3230	7 2 4 10
3231	1 5 7 3
3232	12 4 20 18
3233	13 10 17 1
3234	20 5 7 2
3235	8 20 17 6
3236	1 15 13 19
3237	6 2 4 1
3238	7 18 19 11
3239	8 10 13 14
3240	4 17 14 3
3241	16 8 11 19
3242	19 13 12 18
3243	19 8 7 13
3244	14 12 1 5
3245	13 1 15 11
3246	5 12 1 4
3247	2 5 15 8
3248	1 14 5 8
3249	11 8 2 14
3250	11 18 17 12
3251	2 14 11 13
3252	4 19 16 13
3253	8 19 12 20
3254	20 12 16 19
3255	4 3 16 10
3256	1 13 10 20
3257	3 12 1 15
3258	15 19 17 2
3259	18 16 9 20
3260	1 9 12 17
3261	19 18 12 3
3262	13 12 19 18
3263	8 14 18 10
3264	20 10 11 8
3265	6 14 5 8
3266	8 17 4 15
3267	9 17 4 18
3268	14 18 4 6
3269	20 3 18 19
3270	5 16 6 2
3271	7 2 6 5
3272	3 16 18 4
3273	8 13 3 19
3274	4 2 14 7
3275	5 19 6 3
3276	14 20 15 12
3277	17 1 18 15
3278	17 19 4 18
3279	16 8 1 20
3280	18 5 13 4
3281	1 14 13 4
3282	20 13 10 12
3283	11 8 13 10
3284	16 3 11 19
3285	11 13 10 9
3286	18 12 11 14
3287	7 6 14 15
3288	12 2 15 18
3289	12 11 18 6
3290	3 2 5 7
3291	4 14 1 7
3292	20 5 18 6
3293	17 2 12 3
3294	19 20 15 2
3295	1 17 4 19
3296	20 17 10 15
3297	18 19 7 8
3298	8 5 4 14
3299	10 7 6 15
3300	7 6 2 14
3301	13 20 11 19
3302	1 19 9 2
3303	17 10 12 8
3304	5 4 7 18
3305	8 19 20 15
3306	15 4 8 6
3307	17 5 13 4
3308	7 6 1 15
3309	16 19 13 17
3310	10 6 5 7
3311	7 13 2 6
3312	19 18 6 9
3313	2 8 9 4
3314	13 5 2 9
3315	5 1 13 6
3316	10 7 4 3
3317	18 10 11 14
3318	3 19 13 10
3319	16 6 4 18
3320	18 13 16 11
3321	1 17 12 13
3322	19 3 2 20
3323	12 16 1 6
3324	11 14 12 6
3325	1 2 12 20
3326	20 7 2 9
3327	1 16 14 17
3328	2 3 13 8
3329	9 12 1 2
3330	16 7 17 6
3331	3 20 7 11
3332	9 17 15 6
3333	5 15 3 4
3334	8 12 19 16
3335	5 8 20 14
3336	1 4 5 6
3337	10 14 12 18
3338	20 17 11 10
3339	13 8 5 10
3340	13 16 19 9
3341	18 5 7 15
3342	15 12 7 6
3343	15 4 6 10
3344	6 16 20 18
3345	15 3 6 13
3346	10 13 1 11
3347	9 14 3 8
3348	17 20 10 1
3349	3 20 4 7
3350	19 20 16 3
3351	4 6 5 11
3352	12 14 4 11
3353	16 7 15 1
3354	9 20 2 12
3355	3 2 19 15
3356	8 14 2 10
3357	11 1 4 15
3358	5 17 10 18
3359	19 6 8 17
3360	7 4 11 6
3361	15 8 7 18
3362	20 1 17 12
3363	13 6 15 4
3364	18 10 20 2
3365	15 17 10 18
3366	4 12 8 2
3367	8 4 10 6
3368	19 15 18 13
3369	19 17 2 5
3370	1 12 9 16
3371	10 19 1 2
3372	10 12 2 18
3373	18 3 2 19
3374	3 4 13 1
3375	10 14 15 2
3376	11 14 3 7
3377	10 16 8 17
3378	13 8 14 9
3379	1 7 11 13
3380	7 15 19 3
3381	12 16 5 18
3382	12 6 19 4
3383	8 5 18 4
3384	18 8 7 15
3385	17 4 7 3
3386	10 2 7 13
3387	19 5 6 17
3388	2 12 8 18
3389	2 6 8 15
3390	17 6 11 18
3391	6 14 16 19
3392	9 4 1 10
3393	14 10 11 3
3394	2 14 15 8
3395	17 6 11 9
3396	13 3 4 5
3397	14 18 3 15
3398	3 11 18 19
3399	13 14 4 5
3400	14 2 10 11
3401	16 17 4 11
3402	10 13 2 5
3403	7 16 17 2
3404	12 16 7 4
3405	1 3 15 10
3406	15 16 3 12
3407	16 13 12 7
3408	16 5 3 19
3409	19 17 11 18
3410	17 11 16 12
3411	20 14 5 15
3412	2 7 13 20
3413	4 15 20 13
3414	15 7 13 2
3415	17 7 4 14
3416	2 11 5 9
3417	8 6 20 17
3418	11 9 4 16
3419	16 18 8 14
3420	5 6 18 10
3421	4 16 1 9
3422	15 10 17 9
3423	5 10 8 2
3424	13 12 1 16
3425	12 10 5 16
3426	10 15 7 8
3427	19 18 4 17
3428	2 11 18 20
3429	4 13 3 20
3430	3 19 7 18
3431	6 1 14 3
3432	16 10 11 18
3433	3 7 18 8
3434	2 6 13 18
3435	8 1 9 16
3436	14 9 16 5
3437	12 20 1 18
3438	7 11 4 20
3439	20 19 9 10
3440	19 13 11 14
3441	7 11 2 3
3442	11 7 2 15
3443	18 15 7 19
3444	15 2 1 11
3445	14 11 5 6
3446	17 3 16 6
3447	8 6 20 18
3448	2 10 15 1
3449	7 18 12 16
3450	6 19 13 1
3451	6 2 16 9
3452	11 13 18 9
3453	16 12 19 18
3454	12 3 6 4
3455	19 16 18 1
3456	17 19 15 20
3457	13 5 18 11
3458	3 8 19 17
3459	9 18 15 5
3460	5 6 12 3
3461	7 10 18 9
3462	20 14 2 7
3463	19 3 7 14
3464	17 3 6 9
3465	7 15 16 9
3466	11 5 17 16
3467	2 6 15 17
3468	5 8 2 14
3469	7 20 3 13
3470	9 12 14 1
3471	14 9 3 19
3472	14 19 12 3
3473	3 16 17 9
3474	13 16 12 19
3475	6 1 13 17
3476	11 4 5 8
3477	20 4 14 18
3478	1 11 3 10
3479	1 19 18 5
3480	12 5 7 6
3481	17 20 2 4
3482	8 10 13 1
3483	3 10 6 15
3484	5 18 7 19
3485	18 15 16 20
3486	2 19 6 14
3487	16 14 20 3
3488	10 9 16 19
3489	3 7 1 9
3490	5 12 8 14
3491	5 9 15 14
3492	10 11 5 17
3493	20 15 13 4
3494	8 11 9 17
3495	11 17 7 18
3496	18 1 5 13
3497	6 7 16 2
3498	13 15 2 1
3499	5 17 9 10
3500	4 3 15 2
3501	7 19 16 12
3502	16 15 8 18
3503	20 13 9 17
3504	4 16 3 20
3505	2 11 19 7
3506	3 16 20 15
3507	13 20 7 5
3508	6 19 7 11
3509	1 16 20 17
3510	7 19 16 10
3511	14 6 7 17
3512	15 14 10 19
3513	19 16 1 2
3514	14 9 8 16
3515	16 5 1 8
3516	12 11 19 17
3517	11 12 3 2
3518	4 6 13 1
3519	17 7 10 15
3520	6 13 16 2
3521	20 1 16 3
3522	18 12 10 3
3523	15 16 8 13
3524	20 5 10 7
3525	10 3 4 8
3526	19 18 16 2
3527	1 5 20 12
3528	2 14 16 5
3529	17 18 20 9
3530	12 8 5 16
3531	12 8 15 2
3532	20 17 5 3
3533	6 7 17 8
3534	17 1 18 11
3535	1 11 10 15
3536	3 9 20 7
3537	1 3 4 2
3538	15 9 8 13
3539	11 14 4 3
3540	16 4 1 17
3541	4 6 16 17
3542	4 15 3 5
3543	2 19 20 13
3544	2 15 13 18
3545	8 1 5 9
3546	2 20 11 3
3547	9 14 2 13
3548	3 2 4 6
3549	4 16 14 3
3550	15 6 1 11
3551	11 2 8 17
3552	1 8 6 17
3553	9 19 14 7
3554	17 3 19 20
3555	14 16 6 3
3556	2 13 11 3
3557	3 17 6 1
3558	10 15 1 16
3559	8 17 4 7
3560	11 3 15 4
3561	8 7 9 6
3562	5 1 19 8
3563	3 4 13 9
3564	19 9 14 18
3565	6 11 2 20
3566	13 10 2 20
3567	13 17 20 16
3568	2 10 9 1
3569	19 4 11 20
3570	13 6 9 15
3571	9 5 8 18
3572	9 5 1 20
3573	5 11 2 9
3574	1 3 12 7
3575	20 10 5 8
3576	18 19 14 9
3577	18 17 9 20
3578	1 3 5 4
3579	14 7 18 15
3580	16 18 15 2
3581	11 3 6 13
3582	14 11 13 1
3583	3 14 19 6
3584	15 17 7 9
3585	6 8 14 12
3586	9 19 13 14
3587	14 12 2 6
3588	5 20 4 1
3589	1 3 14 15
3590	15 8 13 16
3591	17 14 6 2
3592	15 12 4 3
3593	20 16 3 19
3594	17 15 16 5
3595	11 7 9 12
3596	6 16 4 3
3597	2 4 10 13
3598	7 16 19 3
3599	5 7 20 15
3600	19 6 11 3
3601	19 12 1 18
3602	3 20 19 2
3603	17 1 15 19
3604	17 9 15 19
3605	9 8 11 16
3606	11 7 20 12
3607	11 3 1 2
3608	8 15 4 17
3609	19 18 9 12
3610	7 5 20 4
3611	18 1 4 20
3612	11 4 16 2
3613	12 19 9 6
3614	13 16 3 15
3615	9 12 10 1
3616	12 8 18 17
3617	1 9 14 7
3618	2 13 14 15
3619	18 20 14 3
3620	19 2 9 10
3621	10 3 4 7
3622	13 8 7 15
3623	15 8 1 12
3624	9 17 14 18
3625	15 12 10 5
3626	8 10 11 12
3627	7 13 1 3
3628	1 12 17 13
3629	14 18 7 5
3630	10 20 1 13
3631	18 10 14 17
3632	13 10 1 3
3633	19 1 11 7
3634	10 5 20 2
3635	5 4 11 19
3636	7 3 6 11
3637	14 10 20 4
3638	1 13 19 7
3639	5 13 6 20
3640	13 3 11 1
3641	3 13 11 15
3642	18 19 6 9
3643	7 17 10 16
3644	14 11 19 4
3645	10 19 20 8
3646	3 6 7 9
3647	5 11 17 1
3648	9 16 15 3
3649	19 6 7 15
3650	10 11 20 12
3651	12 13 2 4
3652	18 15 8 13
3653	16 10 13 5
3654	1 15 12 10
3655	18 19 2 13
3656	18 5 19 14
3657	2 10 16 4
3658	4 19 9 17
3659	7 10 4 5
3660	7 12 8 2
3661	20 12 3 4
3662	11 15 9 13
3663	5 9 4 6
3664	18 7 2 14
3665	11 6 10 15
3666	5 12 1 13
3667	14 15 19 16
3668	13 17 19 16
3669	15 16 6 9
3670	2 11 8 6
3671	20 9 10 7
3672	6 17 2 15
3673	19 6 15 8
3674	12 19 2 18
3675	3 16 5 11
3676	2 10 9 14
3677	19 3 7 15
3678	9 6 5 12
3679	19 9 4 15
3680	16 15 5 11
3681	18 8 14 17
3682	7 18 5 14
3683	11 19 5 8
3684	5 8 14 6
3685	9 13 10 5
3686	18 11 10 17
3687	4 20 6 18
3688	17 4 7 9
3689	13 4 9 5
3690	16 14 3 4
3691	19 6 12 16
3692	18 11 15 6
3693	19 20 15 13
3694	4 12 14 6
3695	7 13 5 2
3696	7 2 14 15
3697	7 8 5 18
3698	1 20 16 19
3699	18 16 10 12
3700	1 11 4 19
3701	2 4 20 7
3702	3 8 13 11
3703	11 4 8 7
3704	17 9 11 10
3705	5 18 19 16
3706	12 10 20 17
3707	3 13 15 17
3708	14 18 16 4
3709	17 7 10 12
3710	19 5 7 15
3711	17 10 16 4
3712	7 17 5 1
3713	14 12 11 19
3714	10 15 12 14
3715	15 2 4 13
3716	2 17 15 8
3717	4 11 19 5
3718	1 12 3 20
3719	5 11 13 20
3720	10 15 19 11
3721	4 18 17 15
3722	7 4 1 19
3723	5 16 1 2
3724	14 16 11 5
3725	11 12 6 14
3726	11 20 14 8
3727	9 16 4 5
3728	3 14 19 16
3729	6 14 3 18
3730	18 17 20 19
3731	8 5 4 14
3732	4 9 14 15
3733	10 6 1 16
3734	11 20 5 4
3735	16 6 9 4
3736	11 18 10 8
3737	1 18 2 20
3738	11 12 6 3
3739	19 20 11 7
3740	14 9 11 8
3741	9 20 10 11
3742	1 12 3 14
3743	10 16 3 14
3744	13 2 10 8
3745	20 18 10 4
3746	1 15 16 14
3747	13 10 2 7
3748	16 20 15 12
3749	18 9 20 15
3750	20 6 19 13
3751	9 7 13 14
3752	9 14 20 13
3753	16 19 18 8
3754	6 1 17 2
3755	11 16 20 3
3756	18 7 1 17
3757	6 17 1 16
3758	20 14 3 15
3759	9 17 8 19
3760	2 20 7 12
3761	4 6 19 15
3762	8 12 3 10
3763	18 20 12 2
3764	4 7 8 9
3765	16 4 5 10
3766	3 2 6 14
3767	12 2 8 13
3768	4 5 2 11
3769	8 2 1 9
3770	10 4 11 13
3771	3 5 16 12
3772	10 5 18 11
3773	3 7 4 6
3774	12 13 1 18
3775	3 5 13 4
3776	17 6 12 8
3777	20 6 9 3
3778	14 3 16 18
3779	3 15 11 5
3780	10 1 20 5
3781	8 19 16 20
3782	19 13 4 2
3783	12 20 10 8
3784	13 4 16 17
3785	8 10 17 2
3786	19 8 2 15
3787	19 12 9 4
3788	15 12 6 8
3789	1 11 9 20
3790	17 2 12 1
3791	8 16 2 18
3792	1 10 12 4
3793	17 12 7 16
3794	8 12 4 18
3795	11 19 20 14
3796	14 7 9 1
3797	10 7 11 15
3798	18 6 15 5
3799	6 19 10 1
3800	17 8 9 10
3801	12 8 2 11
3802	16 19 12 14
3803	20 18 17 6
3804	12 8 20 15
3805	11 18 12 9
3806	9 7 13 2
3807	9 1 4 12
3808	3 15 9 18
3809	16 1 10 9
3810	12 8 16 10
3811	6 13 17 20
3812	15 19 20 11
3813	18 17 4 1
3814	9 10 3 8
3815	17 6 8 10
3816	9 14 4 6
3817	17 8 10 14
3818	3 14 19 7
3819	17 16 10 9
3820	20 15 4 14
3821	11 2 1 17
3822	12 13 15 20
3823	8 15 10 1
3824	14 12 6 1
3825	2 5 4 10
3826	11 14 4 16
3827	11 2 20 1
3828	7 6 10 20
3829	16 4 13 12
3830	18 16 7 12
3831	5 8 3 10
3832	19 2 12 3
3833	10 20 8 4
3834	10 8 3 2
3835	7 8 5 12
3836	12 6 10 4
3837	1 14 13 20
3838	17 16 7 10
3839	12 15 14 7
3840	8 3 12 13
3841	3 20 8 19
3842	8 19 18 10
3843	9 8 15 6
3844	2 16 8 11
3845	14 6 19 20
3846	2 15 3 10
3847	3 18 1 4
3848	14 15 20 9
3849	13 20 11 9
3850	14 2 3 19
3851	8 2 19 17
3852	19 16 8 17
3853	13 15 14 3
3854	6 12 4 18
3855	20 11 10 14
3856	5 3 15 9
3857	11 19 6 1
3858	11 5 7 3
3859	13 15 8 1
3860	16 11 9 20
3861	12 10 8 20
3862	3 17 6 11
3863	9 20 4 17
3864	20 4 7 6
3865	9 12 15 5
3866	3 17 20 8
3867	20 11 17 7
3868	5 8 1 12
3869	8 5 17 13
3870	7 20 9 10
3871	1 17 10 3
3872	4 1 18 20
3873	15 4 12 9
3874	10 20 14 3
3875	10 5 16 19
3876	9 19 12 6
3877	10 11 14 20
3878	11 7 5 9
3879	12 15 8 18
3880	11 15 5 19
3881	3 7 18 4
3882	10 11 15 16
3883	18 17 3 11
3884	19 20 9 10
3885	8 13 10 2
3886	16 7 5 13
3887	13 14 2 1
3888	18 14 19 20
3889	4 19 3 7
3890	19 15 7 1
3891	9 18 7 20
3892	20 4 16 2
3893	8 12 5 9
3894	3 19 11 12
3895	3 18 10 17
3896	3 19 4 20
3897	17 8 12 19
3898	17 15 18 6
3899	6 16 4 14
3900	6 2 18 16
3901	3 18 20 9
3902	8 4 7 12
3903	10 2 14 17
3904	13 9 6 3
3905	7 14 3 13
3906	11 15 13 16
3907	15 13 5 4
3908	3 15 18 6
3909	3 17 20 15
3910	13 2 6 12
3911	12 15 9 14
3912	2 15 19 12
3913	6 15 4 20
3914	4 9 11 20
3915	16 1 2 11
3916	3 16 14 12
3917	9 5 11 18
3918	6 2 8 11
3919	15 19 7 17
3920	20 3 17 8
3921	4 1 15 6
3922	18 10 14 11
3923	5 12 18 3
3924	19 5 4 7
3925	5 3 2 9
3926	14 8 16 17
3927	14 13 2 17
3928	3 13 8 9
3929	5 4 9 18
3930	20 9 18 5
3931	7 1 2 9
3932	7 16 20 4
3933	17 4 16 14
3934	19 16 3 10
3935	1 11 5 8
3936	20 9 14 8
3937	15 20 6 16
3938	2 5 19 18
3939	9 8 12 1
3940	15 16 19 14
3941	11 8 6 12
3942	17 7 14 18
3943	9 1 15 12
3944	18 7 9 4
3945	20 16 5 13
3946	5 16 12 3
3947	16 1 8 18
3948	13 4 8 11
3949	19 20 7 4
3950	5 9 3 19
3951	19 20 8 17
3952	14 3 1 15
3953	16 12 9 6
3954	7 10 2 11
3955	17 18 15 8
3956	5 19 9 6
3957	8 6 13 11
3958	10 13 17 20
3959	13 5 16 6
3960	14 15 3 1
3961	5 11 6 14
3962	2 6 15 14
3963	10 9 14 5
3964	15 4 12 10
3965	14 17 6 9
3966	18 14 1 3
3967	15 9 7 20
3968	20 19 8 10
3969	8 3 16 5
3970	2 14 9 16
3971	16 14 3 9
3972	7 8 12 6
3973	5 4 2 20
3974	2 5 16 1
3975	15 10 17 1
3976	4 1 12 6
3977	18 2 16 3
3978	2 12 18 11
3979	8 18 17 4
3980	5 8 14 2
3981	19 11 16 3
3982	1 9 16 3
3983	2 19 6 11
3984	15 16 5 13
3985	15 13 5 2
3986	6 17 19 2
3987	3 1 7 2
3988	18 4 15 1
3989	8 7 1 2
3990	13 12 18 17
3991	10 13 2 11
3992	14 2 12 9
3993	2 7 5 14
3994	18 13 7 8
3995	16 18 6 11
3996	19 12 20 10
3997	5 10 3 7
3998	5 4 17 18
3999	20 7 11 12
4000	19 11 18 13
4001	14 19 2 8
4002	16 1 13 2
4003	6 2 14 10
4004	8 3 10 7
4005	17 10 5 13
4006	11 4 17 10
4007	3 10 8 14
4008	14 6 17 11
4009	4 3 15 6
4010	19 14 1 7
4011	3 9 5 6
4012	20 14 7 3
4013	19 17 7 1
4014	18 9 12 3
4015	2 20 7 3
4016	19 5 6 18
4017	7 5 20 6
4018	18 16 15 8
4019	16 19 2 8
4020	17 11 9 7
4021	13 17 20 16
4022	2 18 13 20
4023	6 20 8 7
4024	8 13 3 10
4025	6 7 2 19
4026	1 7 5 15
4027	13 17 5 1
4028	14 2 4 13
4029	16 12 7 6
4030	6 19 2 16
4031	7 3 1 8
4032	13 18 4 1
4033	10 2 1 12
4034	2 6 15 13
4035	4 2 14 3
4036	14 8 1 9
4037	1 17 20 2
4038	11 9 8 4
4039	19 12 20 9
4040	1 14 2 3
4041	8 15 6 10
4042	18 7 16 4
4043	17 18 9 6
4044	1 17 11 5
4045	15 11 5 9
4046	4 2 3 9
4047	11 7 9 10
4048	2 16 9 14
4049	20 4 2 10
4050	15 13 17 12
4051	11 10 1 18
4052	17 10 9 6
4053	7 3 20 1
4054	19 7 16 4
4055	14 4 9 1
4056	6 4 18 12
4057	5 11 7 1
4058	10 19 11 12
4059	3 2 15 12
4060	18 6 3 17
4061	16 8 19 13
4062	9 15 20 16
4063	8 17 9 18
4064	7 16 12 19
4065	16 14 13 17
4066	10 20 12 13
4067	15 14 10 4
4068	9 7 16 4
4069	12 19 2 18
4070	1 17 9 6
4071	16 1 13 3
4072	10 19 5 9
4073	8 10 4 13
4074	12 8 13 10
4075	11 12 16 20
4076	18 4 14 2
4077	4 5 12 11
4078	8 2 9 18
4079	1 2 17 13
4080	19 18 2 7
4081	9 12 14 16
4082	18 20 16 4
4083	10 2 13 7
4084	13 9 3 11
4085	12 19 20 15
4086	15 17 7 13
4087	8 6 4 17
4088	6 3 9 19
4089	14 2 18 8
4090	1 2 3 5
4091	13 12 14 19
4092	6 10 2 13
4093	18 5 6 17
4094	17 8 14 7
4095	4 2 6 16
4096	18 16 12 2
4097	9 7 2 15
4098	7 18 5 3
4099	11 13 7 9
4100	7 1 19 4
4101	11 1 9 8
4102	4 18 8 19
4103	13 7 4 3
4104	10 13 5 17
4105	19 20 17 8
4106	11 14 1 9
4107	9 16 13 17
4108	6 5 10 7
4109	4 5 11 3
4110	17 7 20 4
4111	9 7 18 5
4112	8 5 17 14
4113	14 9 7 13
4114	12 15 11 20
4115	11 14 7 9
4116	13 14 3 1
4117	14 4 12 1
4118	19 8 4 20
4119	14 12 3 15
4120	12 5 1 7
4121	12 20 10 11
4122	6 7 8 20
4123	15 12 14 1
4124	16 1 15 7
4125	8 16 15 14
4126	5 4 8 9
4127	11 8 15 6
4128	14 2 4 20
4129	12 4 9 6
4130	3 19 5 2
4131	8 20 17 18
4132	11 17 15 12
4133	19 13 16 3
4134	3 17 9 6
4135	4 2 14 11
4136	6 9 14 18
4137	18 8 15 19
4138	17 13 20 3
4139	18 10 16 19
4140	7 12 8 20
4141	5 17 7 19
4142	11 14 5 6
4143	1 4 13 3
4144	8 5 20 1
4145	6 3 16 18
4146	11 4 15 1
4147	1 3 17 14
4148	15 6 1 5
4149	15 4 20 1
4150	4 11 6 5
4151	2 17 4 12
4152	1 11 10 7
4153	5 4 2 12
4154	11 16 2 10
4155	10 6 9 14
4156	6 5 13 12
4157	12 4 2 10
4158	13 11 9 17
4159	19 1 2 20
4160	13 17 12 15
4161	11 17 10 18
4162	4 12 8 17
4163	18 12 15 8
4164	7 20 19 6
4165	3 10 11 8
4166	4 18 6 20
4167	9 1 5 12
4168	13 3 7 5
4169	2 7 9 4
4170	9 18 2 1
4171	6 3 7 16
4172	4 1 15 7
4173	16 20 2 4
4174	18 2 12 10
4175	5 15 9 20
4176	9 20 4 13
4177	6 12 4 13
4178	15 2 3 8
4179	16 5 3 1
4180	1 16 11 13
4181	3 12 16 13
4182	18 10 17 19
4183	14 13 11 6
4184	12 6 11 5
4185	20 3 19 5
4186	18 14 4 8
4187	4 20 19 3
4188	9 17 20 1
4189	5 9 12 4
4190	10 11 5 1
4191	9 11 16 4
4192	9 10 11 17
4193	20 6 10 5
4194	10 14 16 20
4195	12 17 2 6
4196	17 8 6 16
4197	12 13 2 3
4198	4 20 9 14
4199	9 8 17 19
4200	2 11 20 9
4201	17 3 14 6
4202	4 15 7 6
4203	11 14 15 17
4204	16 3 20 2
4205	11 12 5 3
4206	3 20 11 7
4207	13 10 2 16
4208	7 15 2 16
4209	7 20 8 6
4210	5 16 14 9
4211	18 10 1 14
4212	14 8 19 9
4213	9 7 10 11
4214	3 16 12 13
4215	20 18 14 16
4216	4 20 18 5
4217	8 18 10 17
4218	14 12 4 2
4219	11 18 8 5
4220	11 20 9 19
4221	6 14 2 7
4222	6 7 16 10
4223	17 6 12 4
4224	15 13 2 4
4225	2 17 4 20
4226	15 17 19 3
4227	4 1 11 12
4228	14 17 4 6
4229	7 10 5 18
4230	13 5 15 3
4231	1 3 4 15
4232	12 5 13 6
4233	12 19 8 1
4234	15 14 17 4
4235	14 11 5 8
4236	9 1 8 17
4237	16 13 1 17
4238	19 12 17 20
4239	12 13 5 4
4240	9 15 19 11
4241	10 20 13 9
4242	10 6 14 11
4243	17 8 12 7
4244	16 4 9 19
4245	15 20 19 10
4246	7 18 12 5
4247	16 13 14 2
4248	1 2 8 14
4249	10 17 15 9
4250	19 7 4 9
4251	9 5 2 15
4252	14 17 12 20
4253	11 18 1 10
4254	6 8 17 2
4255	12 14 13 15
4256	3 9 18 8
4257	7 19 11 10
4258	11 20 7 6
4259	16 8 15 2
4260	20 6 15 19
4261	10 7 16 3
4262	14 5 2 10
4263	6 20 19 15
4264	19 4 13 17
4265	15 1 4 17
4266	18 12 9 6
4267	5 12 11 16
4268	16 20 5 19
4269	2 14 12 11
4270	16 2 3 9
4271	9 10 19 11
4272	14 19 6 4
4273	16 7 2 8
4274	19 15 1 12
4275	6 20 4 11
4276	3 12 8 7
4277	8 1 9 19
4278	5 1 8 14
4279	20 18 1 10
4280	12 11 16 18
4281	11 15 19 16
4282	12 14 19 10
4283	17 1 2 13
4284	20 8 1 17
4285	14 20 5 7
4286	18 6 17 7
4287	12 8 2 1
4288	20 13 6 17
4289	5 14 17 2
4290	1 13 14 17
4291	17 10 19 20
4292	7 1 14 2
4293	7 16 19 13
4294	7 13 10 12
4295	20 2 8 13
4296	3 1 15 12
4297	9 3 15 19
4298	19 4 16 12
4299	1 4 15 5
4300	20 7 5 6
4301	20 9 10 12
4302	7 20 16 6
4303	18 19 7 16
4304	16 12 8 7
4305	8 19 7 9
4306	18 2 1 10
4307	7 8 5 19
4308	9 13 19 1
4309	6 2 3 17
4310	2 1 9 17
4311	19 15 7 20
4312	19 15 8 14
4313	16 7 19 2
4314	7 20 6 5
4315	6 3 8 17
4316	6 17 15 1
4317	6 7 18 5
4318	9 6 18 3
4319	16 5 15 8
4320	19 12 7 15
4321	4 12 1 7
4322	5 17 19 15
4323	8 2 19 11
4324	10 18 4 5
4325	16 19 15 6
4326	10 9 4 20
4327	20 9 19 4
4328	16 17 12 13
4329	1 5 15 12
4330	14 8 20 10
4331	6 19 15 13
4332	9 15 8 6
4333	18 3 13 20
4334	20 17 12 6
4335	7 18 15 12
4336	13 3 17 10
4337	7 3 19 15
4338	20 16 8 18
4339	18 20 11 2
4340	15 19 16 3
4341	18 20 17 16
4342	10 14 19 5
4343	7 4 3 19
4344	2 19 3 1
4345	10 1 9 6
4346	12 18 9 3
4347	2 19 6 18
4348	15 5 1 10
4349	20 12 1 15
4350	8 13 14 7
4351	13 19 15 20
4352	20 10 16 2
4353	7 17 14 13
4354	18 12 19 16
4355	12 15 11 5
4356	18 8 16 20
4357	3 1 10 7
4358	15 6 20 8
4359	15 9 10 18
4360	18 14 10 8
4361	17 8 19 5
4362	20 9 15 14
4363	6 4 1 20
4364	15 12 20 14
4365	15 3 6 4
4366	7 9 13 2
4367	11 4 5 13
4368	10 5 20 4
4369	20 6 8 4
4370	6 15 16 19
4371	10 16 12 6
4372	3 4 19 14
4373	2 1 5 20
4374	10 18 17 7
4375	18 7 17 20
4376	1 12 16 4
4377	6 13 3 19
4378	13 12 10 5
4379	18 9 19 6
4380	19 7 9 6
4381	13 1 11 6
4382	4 13 6 16
4383	11 12 3 14
4384	19 8 17 16
4385	4 14 1 12
4386	2 6 11 12
4387	2 8 15 14
4388	10 1 18 19
4389	8 20 5 16
4390	6 15 9 4
4391	10 5 13 2
4392	19 9 15 5
4393	1 4 20 10
4394	20 4 13 2
4395	11 14 5 20
4396	4 17 16 11
4397	11 4 2 12
4398	20 16 14 3
4399	5 7 16 14
4400	15 9 6 7
4401	4 20 18 2
4402	6 10 12 8
4403	11 10 7 13
4404	18 13 15 1
4405	14 15 10 5
4406	4 7 17 19
4407	6 16 18 10
4408	13 12 8 2
4409	6 9 15 10
4410	9 7 1 11
4411	13 19 1 12
4412	15 6 2 14
4413	14 18 20 2
4414	17 3 10 9
4415	11 7 4 16
4416	17 11 4 20
4417	19 9 6 11
4418	18 7 2 17
4419	11 16 6 1
4420	11 17 1 13
4421	14 9 8 3
4422	20 17 19 6
4423	19 20 12 5
4424	12 5 3 17
4425	7 12 13 1
4426	20 9 13 7
4427	8 7 18 5
4428	11 14 17 10
4429	19 11 12 5
4430	1 7 3 4
4431	19 1 3 13
4432	8 10 4 18
4433	16 19 7 17
4434	18 1 4 17
4435	13 11 1 18
4436	9 12 17 2
4437	14 5 20 17
4438	1 5 15 10
4439	12 15 16 20
4440	4 20 14 11
4441	9 19 20 13
4442	6 7 3 4
4443	19 14 11 3
4444	2 7 8 6
4445	12 8 18 9
4446	7 15 5 6
4447	15 2 14 13
4448	5 16 11 1
4449	9 11 1 6
4450	12 10 17 2
4451	3 18 14 19
4452	14 1 5 12
4453	9 20 13 7
4454	13 14 8 2
4455	12 14 7 17
4456	13 2 20 5
4457	6 15 5 2
4458	17 3 5 15
4459	12 20 1 4
4460	9 20 7 1
4461	8 12 3 14
4462	6 14 11 10
4463	11 10 16 8
4464	12 10 15 4
4465	2 18 7 13
4466	10 19 11 13
4467	3 18 9 14
4468	15 10 20 4
4469	1 20 17 10
4470	10 4 19 12
4471	14 12 11 13
4472	15 5 3 7
4473	19 20 10 12
4474	11 19 6 8
4475	9 12 11 7
4476	6 4 18 20
4477	13 16 17 11
4478	9 17 7 8
4479	2 3 10 8
4480	8 5 16 9
4481	9 20 10 19
4482	6 12 2 19
4483	6 12 19 17
4484	8 3 4 17
4485	3 15 12 16
4486	6 7 11 5
4487	4 12 11 3
4488	3 12 5 15
4489	10 14 2 6
4490	5 1 9 12
4491	15 18 16 20
4492	14 2 4 19
4493	13 6 11 14
4494	17 5 12 8
4495	1 16 5 17
4496	8 9 13 16
4497	9 19 1 6
4498	17 15 18 2
4499	10 20 3 14
4500	4 7 12 9
