Students	4500
1	14 8 19 2
2	14 5 13 9
3	12 9 5 7
4	19 14 4 12
5	5 19 11 15
6	18 1 17 15
7	3 20 15 10
8	8 3 10 7
9	16 9 13 20
10	16 15 18 17
11	9 7 8 5
12	13 4 3 7
13	12 7 18 17
14	3 12 6 2
15	9 10 18 8
16	5 12 8 15
17	17 12 19 3
18	12 15 8 5
19	17 19 1 16
20	7 18 12 10
21	6 16 11 4
22	18 8 10 14
23	14 8 10 4
24	10 12 13 2
25	10 4 14 9
26	11 14 1 6
27	16 10 11 14
28	16 8 10 12
29	19 7 9 10
30	17 20 1 18
31	19 20 5 7
32	18 2 10 4
33	6 9 10 13
34	1 16 6 2
35	1 18 5 20
36	18 14 12 10
37	20 10 19 3
38	5 4 18 19
39	17 11 20 9
40	13 15 2 11
41	9 8 5 11
42	5 3 13 19
43	12 9 3 13
44	16 18 13 14
45	5 16 14 11
46	14 9 18 11
47	1 3 10 20
48	20 7 18 19
49	9 4 15 18
50	19 12 3 15
51	6 7 11 3
52	19 10 20 16
53	9 17 16 2
54	15 6 20 16
55	18 11 9 16
56	16 7 13 18
57	7 10 19 20
58	3 10 12 2
59	18 3 14 13
60	12 10 11 19
61	4 10 6 2
62	18 7 10 14
63	4 15 1 20
64	16 20 18 8
65	16 17 7 8
66	16 18 2 8
67	12 8 2 17
68	20 7 11 18
69	17 9 1 15
70	2 6 1 14
71	1 8 11 6
72	17 4 3 13
73	6 2 10 15
74	8 1 14 11
75	6 19 8 5
76	7 15 6 1
77	5 18 10 11
78	6 7 18 20
79	6 12 13 10
80	19 13 11 20
81	4 13 9 12
82	18 9 12 19
83	17 11 7 14
84	19 11 20 1
85	16 2 15 11
86	6 16 18 1
87	6 13 16 20
88	9 14 3 6
89	13 16 18 9
90	5 6 10 20
91	16 10 7 8
92	16 14 17 18
93	17 6 14 11
94	16 9 1 11
95	20 17 7 4
96	3 18 5 7
97	19 17 8 7
98	5 8 17 6
99	15 19 10 20
100	15 13 14 9
101	4 13 5 18
102	14 9 12 2
103	4 18 8 2
104	13 9 19 20
105	4 8 14 18
106	13 16 7 1
107	9 5 2 1
108	18 11 5 3
109	9 7 3 10
110	14 1 3 9
111	2 19 18 6
112	6 3 4 15
113	12 10 17 9
114	2 8 19 13
115	8 15 14 10
116	14 19 17 9
117	4 7 15 20
118	9 19 3 16
119	19 3 1 14
120	2 20 9 13
121	18 7 16 14
122	17 7 15 9
123	13 10 4 7
124	3 6 10 15
125	6 8 9 1
126	17 18 16 3
127	14 18 13 3
128	5 8 20 18
129	7 12 9 6
130	18 12 13 5
131	2 5 16 15
132	3 1 8 11
133	19 9 7 18
134	20 3 7 16
135	20 19 12 13
136	9 10 4 5
137	10 12 6 20
138	2 6 20 9
139	6 12 11 20
140	8 6 4 7
141	7 1 13 14
142	10 18 2 20
143	7 2 14 9
144	11 18 14 9
145	16 15 13 18
146	14 13 10 19
147	9 15 16 10
148	12 8 10 15
149	11 7 5 20
150	12 3 9 19
151	3 11 8 10
152	1 17 13 6
153	9 3 19 5
154	2 4 6 15
155	5 15 16 10
156	9 11 16 8
157	8 4 16 3
158	17 6 11 2
159	2 7 11 17
160	11 3 17 2
161	14 18 2 8
162	12 10 17 2
163	13 5 15 16
164	2 1 11 9
165	2 5 3 8
166	11 2 19 3
167	2 8 10 4
168	17 13 4 9
169	6 8 2 4
170	6 7 18 16
171	14 7 8 20
172	11 19 12 9
173	7 18 6 16
174	3 15 13 2
175	18 7 14 10
176	17 3 18 9
177	17 7 11 19
178	17 16 7 20
179	16 3 15 10
180	16 15 19 4
181	4 12 20 1
182	12 16 2 1
183	13 18 6 15
184	1 7 13 19
185	18 1 13 19
186	6 4 20 3
187	17 3 9 16
188	8 3 20 15
189	16 17 12 15
190	15 2 6 11
191	15 6 14 10
192	15 5 8 13
193	1 9 19 17
194	5 6 18 8
195	13 6 14 18
196	7 19 15 9
197	4 5 17 6
198	5 15 4 8
199	17 1 10 8
200	2 9 15 10
201	3 5 6 20
202	15 2 6 8
203	8 4 20 10
204	17 20 13 1
205	13 16 14 7
206	11 20 16 8
207	15 10 9 8
208	11 17 15 19
209	15 12 18 13
210	7 16 11 8
211	7 11 20 16
212	2 15 1 10
213	2 7 6 1
214	3 8 9 11
215	12 2 20 13
216	16 8 2 13
217	15 2 14 1
218	8 18 1 11
219	4 10 17 2
220	2 19 7 5
221	17 10 9 14
222	15 7 14 9
223	7 8 20 19
224	6 17 1 14
225	1 10 6 5
226	10 4 6 12
227	4 6 15 5
228	8 11 14 16
229	3 19 1 6
230	15 7 16 9
231	8 9 4 5
232	14 4 20 18
233	17 7 19 8
234	9 7 14 16
235	3 17 11 14
236	4 6 7 13
237	11 17 1 3
238	6 2 17 8
239	6 14 5 19
240	11 7 4 12
241	11 4 19 6
242	13 10 8 7
243	3 12 5 20
244	18 14 19 9
245	19 8 20 16
246	16 9 8 3
247	3 20 13 6
248	19 7 12 15
249	6 15 17 9
250	3 16 19 4
251	16 17 4 5
252	17 3 4 8
253	17 10 9 12
254	5 11 18 3
255	9 15 6 5
256	12 19 16 17
257	20 3 4 12
258	3 12 18 15
259	20 17 19 10
260	4 5 18 10
261	12 15 17 18
262	13 11 6 2
263	7 13 16 2
264	14 17 15 10
265	4 2 13 20
266	3 19 14 17
267	16 20 6 4
268	16 13 6 15
269	2 4 17 12
270	15 8 12 6
271	19 3 2 4
272	1 13 12 15
273	10 8 14 7
274	14 9 12 11
275	4 20 6 15
276	5 4 6 19
277	16 8 19 14
278	16 12 15 2
279	15 9 17 19
280	5 11 3 9
281	3 7 2 20
282	5 1 8 17
283	20 15 4 6
284	15 12 6 2
285	6 20 18 19
286	10 7 12 19
287	2 17 7 9
288	10 5 3 12
289	7 12 2 11
290	7 6 19 9
291	10 2 15 9
292	2 11 6 12
293	9 13 11 16
294	7 19 11 2
295	15 17 8 20
296	10 19 18 8
297	11 3 14 2
298	7 9 8 1
299	17 13 3 20
300	4 3 9 6
301	7 2 17 15
302	1 9 20 16
303	17 1 16 20
304	18 7 17 12
305	9 2 14 15
306	6 20 15 16
307	16 12 10 17
308	10 19 6 14
309	18 14 17 8
310	16 11 13 1
311	16 19 4 6
312	20 18 2 6
313	20 19 17 13
314	3 18 13 19
315	10 3 13 17
316	10 8 6 2
317	16 5 12 6
318	12 8 11 9
319	19 12 5 8
320	4 15 3 18
321	8 15 18 7
322	20 15 9 11
323	2 9 5 8
324	16 20 4 14
325	2 8 14 13
326	15 9 1 13
327	9 15 7 13
328	4 8 12 6
329	15 9 2 3
330	17 20 14 15
331	17 20 4 9
332	10 13 7 17
333	16 3 19 10
334	15 7 10 19
335	18 14 19 6
336	4 5 18 11
337	16 15 14 7
338	1 16 15 4
339	13 2 12 19
340	2 11 9 14
341	4 7 3 17
342	18 4 17 16
343	16 18 13 8
344	6 7 8 16
345	20 9 8 5
346	15 2 7 20
347	7 15 20 6
348	13 18 20 6
349	1 8 14 9
350	1 13 8 2
351	8 14 12 4
352	4 18 1 19
353	4 5 11 3
354	10 7 19 6
355	1 18 10 2
356	2 13 6 16
357	20 3 15 2
358	16 20 19 6
359	13 5 6 7
360	4 9 10 19
361	3 15 7 4
362	2 18 15 12
363	20 8 16 5
364	13 3 9 8
365	5 4 8 19
366	9 7 14 3
367	6 13 17 12
368	14 17 3 7
369	16 11 1 10
370	5 6 15 17
371	7 15 16 6
372	14 6 19 18
373	9 1 7 16
374	4 8 15 11
375	16 13 11 5
376	10 18 11 13
377	11 7 14 20
378	2 7 20 6
379	15 8 16 6
380	2 19 4 8
381	1 12 6 3
382	13 7 2 11
383	11 14 3 13
384	11 18 20 10
385	14 12 19 20
386	1 8 19 3
387	18 11 10 20
388	13 11 12 9
389	4 16 17 7
390	3 7 1 2
391	19 12 9 2
392	4 7 3 19
393	17 15 4 6
394	11 4 15 16
395	2 5 3 20
396	18 2 4 12
397	14 18 13 5
398	2 1 13 18
399	7 3 2 9
400	9 4 20 14
401	19 8 11 3
402	1 9 6 3
403	10 18 3 8
404	7 16 9 18
405	2 13 19 10
406	5 16 18 4
407	14 6 8 12
408	10 20 1 7
409	14 3 16 20
410	16 19 5 20
411	9 13 14 12
412	1 3 20 9
413	16 11 5 15
414	9 13 17 19
415	14 8 12 15
416	15 20 16 3
417	20 2 16 15
418	8 10 19 2
419	10 14 3 6
420	2 19 5 6
421	14 18 19 4
422	13 6 18 1
423	13 10 1 3
424	10 7 11 6
425	19 3 2 15
426	13 5 9 20
427	4 16 5 2
428	13 14 9 1
429	17 6 20 14
430	13 1 11 17
431	9 4 2 14
432	13 14 18 2
433	7 4 13 11
434	5 2 4 7
435	12 5 10 20
436	17 19 5 18
437	11 7 16 14
438	16 11 6 10
439	14 2 1 8
440	19 4 13 8
441	1 2 8 9
442	20 10 8 1
443	10 17 9 16
444	5 1 18 7
445	7 9 20 16
446	1 12 10 11
447	10 11 7 17
448	19 3 17 10
449	2 18 6 1
450	10 12 18 14
451	18 12 10 14
452	12 7 5 9
453	20 14 17 13
454	20 14 1 8
455	7 18 8 12
456	20 3 19 16
457	5 11 12 4
458	1 9 5 10
459	7 3 1 16
460	5 15 6 19
461	19 10 6 2
462	8 9 7 16
463	14 15 18 2
464	18 9 14 2
465	9 1 19 14
466	15 7 18 14
467	6 7 8 2
468	5 14 17 18
469	11 13 14 2
470	6 5 18 7
471	11 3 9 20
472	18 19 16 7
473	4 18 11 15
474	8 5 6 19
475	20 6 9 13
476	4 6 12 3
477	10 11 20 12
478	18 9 10 20
479	3 20 10 11
480	1 15 20 17
481	1 5 9 19
482	17 4 18 14
483	9 11 19 18
484	3 6 15 11
485	12 18 7 15
486	7 3 20 13
487	19 2 16 3
488	17 7 11 2
489	16 13 10 15
490	12 9 4 3
491	4 13 20 3
492	3 19 5 9
493	8 2 13 9
494	9 3 7 17
495	3 14 20 7
496	9 10 3 19
497	19 7 6 13
498	10 16 7 6
499	2 19 1 13
500	16 12 20 13
501	6 8 5 17
502	17 18 19 5
503	13 18 14 19
504	13 4 12 8
505	11 13 7 6
506	5 20 12 3
507	12 4 11 6
508	19 1 13 17
509	1 10 3 4
510	7 17 12 8
511	19 13 16 2
512	6 4 14 12
513	8 15 3 20
514	6 16 20 8
515	2 13 9 10
516	8 3 9 6
517	4 17 9 10
518	9 20 3 7
519	4 6 19 9
520	15 7 8 20
521	12 4 19 8
522	1 3 10 15
523	12 20 1 17
524	15 12 2 3
525	15 20 12 9
526	1 17 6 12
527	14 2 8 10
528	3 4 13 11
529	18 4 17 14
530	15 6 5 13
531	5 15 19 3
532	17 10 4 3
533	2 1 4 8
534	17 4 10 1
535	1 2 16 13
536	9 13 18 2
537	10 3 20 13
538	10 8 6 16
539	15 5 10 9
540	17 10 13 16
541	2 17 9 18
542	17 8 15 13
543	14 18 13 5
544	2 18 13 14
545	16 4 14 11
546	13 20 11 8
547	19 9 5 6
548	20 16 4 14
549	12 9 1 7
550	5 13 16 11
551	8 2 9 20
552	18 12 15 6
553	11 7 17 3
554	5 13 18 2
555	5 1 14 20
556	3 18 1 6
557	6 7 8 5
558	20 18 6 13
559	15 16 12 19
560	19 5 2 8
561	5 9 11 18
562	5 20 18 16
563	12 9 3 4
564	12 10 18 11
565	4 11 9 15
566	20 10 17 5
567	10 17 8 11
568	4 19 14 2
569	8 15 18 1
570	11 12 3 4
571	17 12 6 16
572	3 17 1 8
573	3 5 16 17
574	9 4 2 13
575	14 3 17 11
576	10 1 15 18
577	13 1 10 3
578	9 18 8 6
579	14 16 17 3
580	17 8 19 4
581	8 12 3 10
582	16 18 14 10
583	11 4 7 17
584	12 20 19 2
585	11 8 9 3
586	4 14 8 5
587	9 19 6 10
588	13 10 16 17
589	5 15 6 14
590	7 16 19 11
591	2 14 18 9
592	7 20 6 15
593	4 3 7 2
594	8 15 10 2
595	10 14 15 19
596	14 6 13 11
597	18 4 9 14
598	16 19 15 7
599	15 9 16 19
600	5 20 16 9
601	12 3 1 14
602	14 5 17 6
603	3 8 5 17
604	3 10 19 12
605	14 20 9 7
606	17 3 6 19
607	13 1 8 6
608	6 12 19 5
609	12 15 16 5
610	1 5 18 3
611	2 16 7 14
612	20 14 5 11
613	1 19 9 3
614	17 14 3 1
615	11 7 13 3
616	2 7 13 3
617	7 2 1 4
618	5 2 12 8
619	10 17 13 19
620	18 9 12 6
621	6 5 18 8
622	17 4 8 11
623	12 16 17 5
624	18 15 7 1
625	17 5 1 2
626	6 8 7 16
627	13 2 17 4
628	2 9 16 20
629	12 13 18 4
630	10 9 13 20
631	2 3 15 17
632	1 3 7 13
633	9 5 6 16
634	14 12 18 10
635	8 20 11 12
636	4 1 8 16
637	12 7 18 3
638	5 15 11 4
639	1 17 3 14
640	14 3 12 8
641	13 9 10 18
642	6 20 19 11
643	6 2 1 3
644	3 10 7 8
645	15 17 14 5
646	19 3 16 7
647	9 11 12 10
648	7 6 18 9
649	4 20 11 12
650	14 7 13 3
651	10 19 12 9
652	1 5 15 19
653	4 3 6 8
654	16 12 6 11
655	3 13 6 1
656	14 19 7 13
657	13 3 19 15
658	8 19 6 9
659	9 17 14 3
660	3 17 19 8
661	11 19 10 13
662	7 6 3 2
663	11 10 12 7
664	16 13 8 2
665	15 5 17 1
666	10 12 20 1
667	16 11 4 5
668	8 6 19 9
669	7 15 4 20
670	8 10 12 20
671	14 18 6 12
672	11 17 7 5
673	12 13 8 20
674	1 10 11 7
675	17 3 19 7
676	17 20 8 15
677	18 20 7 13
678	6 12 7 20
679	2 5 9 19
680	15 1 2 13
681	10 3 17 13
682	14 7 11 16
683	4 2 1 8
684	7 4 6 17
685	7 16 8 11
686	2 7 4 16
687	2 18 9 19
688	2 20 1 9
689	14 10 19 6
690	20 5 8 2
691	14 5 9 7
692	16 15 20 5
693	12 18 8 4
694	13 10 20 2
695	17 3 12 14
696	2 18 3 7
697	7 18 2 1
698	2 11 5 14
699	16 11 8 18
700	20 11 4 5
701	9 4 6 8
702	4 3 15 11
703	2 13 5 7
704	18 10 1 16
705	1 15 4 11
706	15 17 14 16
707	5 3 6 9
708	9 20 18 17
709	13 2 8 5
710	5 2 9 19
711	11 9 1 14
712	12 18 13 7
713	14 13 2 3
714	9 5 11 15
715	8 17 15 5
716	16 10 2 6
717	9 5 1 17
718	8 11 2 1
719	13 8 2 19
720	13 7 18 12
721	16 7 18 1
722	7 17 9 16
723	11 14 2 3
724	13 1 6 7
725	12 9 2 10
726	9 15 17 16
727	15 11 14 13
728	6 1 8 5
729	18 11 17 13
730	17 19 8 15
731	3 19 1 16
732	7 19 3 2
733	6 13 11 7
734	10 13 1 7
735	12 2 18 13
736	13 3 14 8
737	13 5 4 2
738	8 3 6 1
739	20 9 3 4
740	19 2 18 15
741	17 14 11 7
742	2 20 6 12
743	9 14 20 1
744	9 15 4 16
745	13 9 10 12
746	9 19 7 3
747	5 4 6 16
748	3 17 4 5
749	2 1 8 9
750	15 7 5 9
751	15 4 8 17
752	16 1 12 6
753	15 5 16 6
754	6 20 5 18
755	1 7 13 11
756	3 4 15 5
757	18 20 8 16
758	3 1 17 12
759	4 7 19 8
760	14 10 16 19
761	5 19 9 4
762	2 7 15 14
763	10 19 13 1
764	20 3 18 13
765	20 13 19 17
766	10 16 20 12
767	18 11 17 19
768	11 8 2 14
769	12 9 5 4
770	14 6 7 5
771	14 5 11 20
772	19 18 15 2
773	12 5 8 15
774	15 13 3 10
775	16 7 2 4
776	13 2 12 20
777	18 14 16 13
778	7 5 9 2
779	3 15 1 8
780	19 17 12 14
781	15 10 14 13
782	12 6 5 11
783	5 10 7 8
784	16 4 14 18
785	13 18 3 19
786	18 14 20 13
787	18 9 5 8
788	5 17 12 7
789	4 10 1 7
790	8 14 17 18
791	8 2 10 1
792	3 20 1 9
793	10 12 15 17
794	9 16 17 10
795	17 8 19 3
796	1 18 20 17
797	19 14 16 9
798	3 6 11 8
799	11 7 5 9
800	1 17 6 10
801	5 13 18 10
802	15 14 12 4
803	9 12 2 19
804	11 14 16 8
805	11 3 20 5
806	12 19 18 8
807	9 1 15 8
808	16 8 4 19
809	10 7 18 14
810	3 1 10 16
811	9 19 12 6
812	12 15 5 17
813	19 11 14 5
814	9 17 6 8
815	11 18 6 14
816	3 6 9 18
817	9 1 20 3
818	3 2 9 19
819	5 16 2 20
820	17 3 4 16
821	20 11 7 5
822	12 11 4 17
823	12 10 8 15
824	14 19 10 18
825	5 18 15 4
826	8 10 17 16
827	16 6 2 3
828	11 4 3 7
829	19 3 6 20
830	20 10 12 5
831	19 16 5 20
832	5 9 15 3
833	3 14 7 13
834	4 15 3 1
835	7 8 2 17
836	11 15 6 4
837	6 9 19 4
838	20 14 16 15
839	18 10 1 9
840	6 14 17 4
841	6 4 18 7
842	17 2 1 4
843	18 1 17 12
844	11 4 3 12
845	2 10 19 3
846	10 4 16 3
847	13 3 14 17
848	2 19 17 15
849	3 2 15 20
850	1 18 16 11
851	9 16 14 8
852	2 7 3 4
853	4 6 17 9
854	17 20 12 18
855	19 6 10 17
856	19 2 9 18
857	7 8 1 20
858	14 5 12 7
859	1 4 5 15
860	5 14 8 6
861	8 11 16 5
862	8 14 13 6
863	1 11 10 3
864	3 5 19 14
865	13 19 8 4
866	12 1 9 18
867	10 13 19 9
868	4 11 20 14
869	10 14 15 5
870	5 4 19 7
871	18 19 7 9
872	17 3 9 11
873	6 3 16 10
874	7 12 2 9
875	19 1 10 12
876	6 3 14 13
877	17 8 20 5
878	17 15 13 19
879	17 12 14 11
880	19 6 14 17
881	14 9 4 7
882	15 10 4 12
883	2 7 6 8
884	7 15 6 8
885	19 2 4 13
886	17 18 9 20
887	9 10 14 17
888	19 14 1 17
889	4 20 11 8
890	20 3 12 13
891	17 3 8 11
892	6 12 4 15
893	12 15 8 14
894	18 20 14 9
895	15 1 3 7
896	3 6 18 5
897	10 5 13 7
898	19 14 20 7
899	5 11 4 1
900	2 10 6 12
901	3 13 16 17
902	4 20 3 11
903	14 17 2 16
904	17 19 3 1
905	11 10 7 3
906	11 9 3 10
907	2 10 8 14
908	3 4 10 19
909	15 12 18 3
910	18 5 14 2
911	5 4 12 6
912	9 20 10 14
913	6 19 10 18
914	8 15 4 3
915	11 3 14 19
916	6 5 17 12
917	19 16 4 9
918	13 15 12 8
919	12 13 19 1
920	20 18 16 2
921	19 11 17 10
922	4 19 20 7
923	16 7 6 3
924	15 4 20 1
925	19 1 14 3
926	6 1 4 5
927	8 15 4 2
928	17 18 14 19
929	8 11 6 3
930	17 16 9 4
931	7 16 6 19
932	9 5 10 6
933	17 3 18 9
934	20 2 1 18
935	17 10 14 1
936	15 4 13 17
937	18 7 19 14
938	10 19 7 4
939	12 15 9 18
940	20 1 7 5
941	13 5 8 9
942	11 2 5 6
943	9 20 10 15
944	20 17 9 5
945	20 18 5 8
946	20 11 5 1
947	13 6 1 10
948	6 10 18 15
949	7 17 3 4
950	18 6 19 10
951	16 18 8 13
952	1 4 13 5
953	8 19 7 16
954	14 8 18 13
955	13 6 5 12
956	4 11 10 2
957	11 12 3 17
958	15 17 13 7
959	4 6 7 18
960	3 1 10 9
961	6 18 5 7
962	8 9 2 10
963	2 4 7 16
964	15 5 18 4
965	11 16 4 1
966	18 4 1 16
967	3 8 19 16
968	1 17 3 6
969	4 11 7 2
970	3 12 8 18
971	5 8 14 4
972	13 19 14 9
973	12 10 1 20
974	17 9 7 5
975	6 8 15 5
976	11 13 7 8
977	1 12 15 4
978	4 5 14 1
979	10 7 3 9
980	16 1 14 5
981	14 10 15 17
982	14 17 9 3
983	3 2 13 7
984	9 3 14 20
985	2 20 19 17
986	8 4 9 15
987	14 1 9 2
988	1 5 2 9
989	13 9 12 8
990	16 10 12 4
991	20 18 14 8
992	9 13 20 6
993	20 4 5 18
994	5 18 11 9
995	16 6 18 9
996	20 5 11 3
997	8 7 5 1
998	7 2 17 12
999	4 17 16 5
1000	7 2 19 6
1001	14 7 12 15
1002	2 8 16 4
1003	12 17 14 20
1004	3 8 18 17
1005	12 2 8 15
1006	19 9 18 13
1007	10 19 8 20
1008	16 5 20 12
1009	17 12 15 4
1010	13 6 3 19
1011	18 9 15 19
1012	4 15 20 3
1013	7 9 19 15
1014	8 15 10 16
1015	12 18 6 1
1016	6 8 12 16
1017	2 4 11 18
1018	3 14 13 8
1019	20 6 5 9
1020	9 5 1 20
1021	9 2 4 14
1022	3 14 19 1
1023	5 8 15 16
1024	11 15 3 7
1025	9 18 8 11
1026	17 9 6 5
1027	7 2 19 5
1028	14 8 18 1
1029	8 17 14 16
1030	6 11 10 9
1031	4 14 7 13
1032	17 1 19 14
1033	15 20 1 2
1034	9 11 3 7
1035	18 7 6 16
1036	8 19 2 3
1037	3 4 5 11
1038	11 5 17 12
1039	2 17 6 13
1040	7 4 10 14
1041	17 20 9 8
1042	8 9 4 17
1043	13 15 16 7
1044	15 11 3 7
1045	6 19 11 10
1046	4 8 9 10
1047	7 19 16 2
1048	11 6 14 20
1049	11 1 14 9
1050	20 7 1 8
1051	8 13 17 15
1052	18 12 6 2
1053	15 3 4 16
1054	7 15 2 4
1055	10 17 9 12
1056	15 7 8 17
1057	20 1 8 15
1058	2 14 4 10
1059	10 17 14 3
1060	18 8 1 14
1061	5 18 15 13
1062	3 6 14 10
1063	1 15 16 6
1064	13 9 10 14
1065	18 16 17 10
1066	16 17 20 3
1067	4 2 19 17
1068	12 13 7 14
1069	16 18 13 3
1070	2 20 16 9
1071	14 1 3 18
1072	16 1 18 13
1073	14 20 6 13
1074	1 13 10 7
1075	18 4 2 5
1076	5 13 2 17
1077	20 4 10 5
1078	7 10 4 12
1079	11 2 9 13
1080	20 7 6 17
1081	9 10 20 1
1082	18 8 14 2
1083	6 18 8 13
1084	18 9 4 19
1085	1 3 5 4
1086	20 17 5 8
1087	2 9 11 6
1088	15 1 6 3
1089	15 3 12 6
1090	19 17 12 9
1091	1 19 9 15
1092	13 17 12 15
1093	12 1 14 6
1094	20 14 9 1
1095	5 19 14 1
1096	18 9 15 1
1097	11 20 5 12
1098	15 19 13 20
1099	7 15 8 14
1100	20 14 8 2
1101	6 9 14 15
1102	19 20 9 18
1103	2 5 20 18
1104	4 13 12 7
1105	15 2 12 20
1106	20 1 9 14
1107	13 15 7 20
1108	5 10 15 18
1109	14 11 17 16
1110	7 17 11 1
1111	12 10 7 5
1112	20 16 4 9
1113	9 6 20 8
1114	12 8 3 18
1115	9 6 5 18
1116	9 18 5 19
1117	11 13 5 9
1118	13 6 12 2
1119	2 17 5 6
1120	17 7 15 13
1121	11 14 13 12
1122	12 9 6 7
1123	10 14 19 9
1124	15 19 17 1
1125	14 11 7 16
1126	11 8 6 12
1127	12 10 9 15
1128	11 4 16 13
1129	20 15 18 9
1130	3 8 13 4
1131	19 5 7 2
1132	8 6 18 12
1133	16 3 2 10
1134	18 7 6 14
1135	5 19 9 13
1136	16 13 2 7
1137	1 6 13 17
1138	1 2 18 20
1139	5 8 15 14
1140	14 1 8 3
1141	14 12 19 11
1142	10 16 5 6
1143	3 9 10 11
1144	15 1 4 6
1145	3 12 16 13
1146	6 13 19 10
1147	2 4 13 8
1148	14 2 7 17
1149	7 12 9 1
1150	1 19 20 10
1151	19 20 7 8
1152	5 17 10 11
1153	18 5 14 7
1154	20 8 13 10
1155	17 15 12 18
1156	17 6 3 1
1157	2 9 18 8
1158	12 11 20 15
1159	9 5 20 1
1160	4 6 5 17
1161	15 18 17 11
1162	15 16 20 11
1163	17 20 11 4
1164	16 6 19 9
1165	1 17 18 3
1166	6 14 16 5
1167	19 3 17 16
1168	6 12 10 19
1169	18 6 5 11
1170	15 17 7 20
1171	14 13 5 15
1172	18 5 11 10
1173	17 8 10 20
1174	10 18 20 7
1175	4 10 17 18
1176	10 15 8 13
1177	8 10 3 7
1178	20 16 19 15
1179	5 3 12 18
1180	12 1 11 17
1181	9 4 16 5
1182	10 2 13 18
1183	15 17 1 14
1184	6 18 10 11
1185	8 11 15 19
1186	9 11 7 8
1187	2 4 13 5
1188	7 12 16 10
1189	10 17 8 9
1190	10 20 16 8
1191	11 1 18 9
1192	16 9 11 5
1193	5 19 11 8
1194	16 15 10 18
1195	1 4 15 11
1196	6 11 10 1
1197	10 17 9 11
1198	16 12 15 17
1199	14 20 18 16
1200	7 5 1 19
1201	13 5 9 1
1202	3 20 14 16
1203	19 14 2 17
1204	7 11 1 16
1205	10 7 19 17
1206	1 15 20 10
1207	11 13 16 6
1208	19 8 7 14
1209	8 10 7 2
1210	6 16 14 20
1211	6 13 9 2
1212	12 1 7 4
1213	13 16 5 9
1214	18 5 9 15
1215	12 6 8 7
1216	19 8 7 14
1217	9 15 2 4
1218	16 1 14 10
1219	15 17 4 5
1220	7 10 18 12
1221	3 8 5 20
1222	10 6 19 8
1223	16 17 10 19
1224	9 12 1 16
1225	8 15 16 5
1226	4 1 16 6
1227	14 18 8 12
1228	16 15 8 1
1229	20 10 3 17
1230	6 3 18 17
1231	8 17 4 20
1232	16 15 3 6
1233	12 11 16 1
1234	8 1 7 11
1235	3 16 8 11
1236	17 11 15 2
1237	11 9 12 18
1238	19 16 12 8
1239	8 11 16 19
1240	17 11 2 6
1241	13 18 7 9
1242	10 18 14 3
1243	20 4 8 14
1244	20 16 2 17
1245	10 6 4 14
1246	1 4 11 20
1247	3 17 11 10
1248	14 12 2 20
1249	19 15 5 7
1250	7 10 9 20
1251	14 4 10 12
1252	11 15 14 18
1253	14 11 1 7
1254	18 14 17 10
1255	16 13 6 4
1256	2 5 13 16
1257	4 3 6 18
1258	19 1 17 16
1259	10 9 20 6
1260	13 8 6 19
1261	19 5 3 10
1262	12 16 3 9
1263	15 17 12 1
1264	11 13 9 15
1265	9 7 2 13
1266	13 8 19 17
1267	4 17 10 19
1268	4 14 17 16
1269	13 17 18 2
1270	17 8 6 2
1271	7 19 20 6
1272	6 15 14 10
1273	10 16 15 5
1274	16 11 2 5
1275	19 16 20 6
1276	20 8 18 9
1277	7 1 15 11
1278	6 12 13 5
1279	17 6 11 12
1280	17 12 15 4
1281	3 18 5 19
1282	20 6 18 1
1283	4 10 14 1
1284	19 12 5 18
1285	16 17 2 7
1286	10 3 18 1
1287	8 13 11 2
1288	15 7 17 6
1289	20 15 1 18
1290	14 17 18 6
1291	9 4 1 11
1292	19 6 1 9
1293	17 9 16 20
1294	20 14 11 6
1295	20 7 13 9
1296	11 15 7 13
1297	6 16 1 18
1298	7 12 8 18
1299	5 11 14 12
1300	6 15 16 14
1301	9 8 7 5
1302	7 2 1 13
1303	9 2 20 17
1304	16 14 17 13
1305	8 7 12 19
1306	5 17 7 19
1307	16 2 14 19
1308	6 8 16 4
1309	12 9 13 6
1310	19 7 20 16
1311	15 9 1 20
1312	18 2 3 7
1313	5 9 14 13
1314	18 6 7 16
1315	8 13 1 10
1316	2 15 19 11
1317	16 7 17 9
1318	4 3 15 7
1319	2 15 7 8
1320	17 5 16 4
1321	11 4 18 15
1322	13 10 11 16
1323	20 6 18 16
1324	11 7 19 12
1325	5 11 8 6
1326	7 19 4 6
1327	10 8 3 9
1328	3 14 9 16
1329	20 1 19 11
1330	6 7 4 17
1331	20 3 14 19
1332	18 13 11 12
1333	9 4 18 10
1334	19 11 7 1
1335	6 20 12 11
1336	19 10 12 8
1337	11 14 19 15
1338	14 9 10 8
1339	17 7 4 14
1340	12 5 14 7
1341	4 17 14 10
1342	16 8 9 14
1343	11 2 5 15
1344	5 9 17 16
1345	3 19 10 9
1346	19 7 3 14
1347	10 9 20 7
1348	17 3 19 1
1349	7 1 14 3
1350	9 6 11 14
1351	11 1 4 16
1352	17 11 14 5
1353	16 9 5 4
1354	20 14 6 18
1355	6 16 4 2
1356	18 4 7 2
1357	15 1 11 20
1358	8 13 14 12
1359	6 19 12 8
1360	2 12 14 10
1361	3 1 7 8
1362	1 12 10 5
1363	18 20 3 4
1364	13 4 15 9
1365	1 11 14 9
1366	1 11 6 10
1367	11 3 16 10
1368	9 2 16 7
1369	5 1 7 13
1370	9 18 8 6
1371	11 10 2 13
1372	4 9 15 18
1373	15 8 16 5
1374	7 1 3 8
1375	15 14 10 12
1376	16 15 2 18
1377	9 7 10 12
1378	10 9 2 19
1379	8 20 14 11
1380	18 3 2 9
1381	4 11 16 15
1382	4 15 9 5
1383	7 18 4 3
1384	18 20 19 13
1385	10 18 12 11
1386	7 12 8 16
1387	11 13 20 3
1388	2 14 3 7
1389	14 12 11 15
1390	16 17 12 8
1391	7 1 13 18
1392	7 1 17 2
1393	1 10 5 4
1394	2 11 19 7
1395	7 9 15 5
1396	6 9 2 10
1397	15 18 20 4
1398	2 4 8 10
1399	1 17 15 20
1400	11 3 13 14
1401	13 19 11 18
1402	4 18 13 5
1403	19 9 17 5
1404	5 20 14 6
1405	11 19 3 6
1406	11 17 2 14
1407	12 10 19 1
1408	8 12 5 7
1409	13 9 18 19
1410	4 14 18 9
1411	7 14 20 15
1412	15 16 14 12
1413	19 9 14 1
1414	4 15 7 19
1415	2 6 13 11
1416	15 18 1 11
1417	7 1 18 2
1418	2 17 20 4
1419	12 17 5 11
1420	3 18 9 1
1421	16 15 9 17
1422	8 1 5 15
1423	2 1 7 3
1424	19 13 16 8
1425	2 3 11 15
1426	20 11 18 5
1427	6 18 15 1
1428	2 7 1 5
1429	14 17 9 11
1430	4 5 15 20
1431	20 6 3 17
1432	10 3 4 6
1433	1 2 10 18
1434	6 17 3 15
1435	12 5 8 20
1436	20 2 13 7
1437	10 6 19 18
1438	8 2 17 18
1439	7 1 15 5
1440	4 3 19 8
1441	14 19 17 13
1442	6 19 7 11
1443	9 12 14 5
1444	14 7 17 2
1445	12 10 1 2
1446	9 1 4 14
1447	18 4 2 17
1448	6 11 14 4
1449	1 9 6 14
1450	18 2 11 9
1451	15 18 11 2
1452	7 6 1 20
1453	8 4 15 2
1454	13 20 2 4
1455	3 7 14 11
1456	7 14 6 11
1457	16 6 5 7
1458	10 1 9 8
1459	17 6 18 3
1460	4 20 11 3
1461	3 12 7 17
1462	9 12 16 18
1463	16 17 9 14
1464	13 11 18 1
1465	7 16 12 5
1466	12 11 14 2
1467	12 16 5 11
1468	13 16 15 17
1469	9 1 8 13
1470	3 13 10 15
1471	19 17 7 3
1472	15 9 3 2
1473	15 10 17 11
1474	18 19 14 6
1475	12 18 3 19
1476	2 8 4 3
1477	13 5 12 3
1478	19 14 15 5
1479	8 16 19 9
1480	20 14 17 8
1481	4 10 3 15
1482	2 20 1 14
1483	14 19 8 9
1484	20 14 9 16
1485	2 18 8 16
1486	5 11 12 2
1487	8 6 16 18
1488	5 6 10 15
1489	16 18 15 17
1490	8 16 17 3
1491	18 17 20 6
1492	20 7 10 1
1493	3 13 8 16
1494	14 16 5 20
1495	11 20 12 3
1496	3 12 11 14
1497	11 6 8 20
1498	2 6 7 12
1499	12 1 15 9
1500	11 13 17 1
1501	20 10 5 7
1502	3 12 7 18
1503	7 19 5 9
1504	15 20 10 4
1505	13 6 15 1
1506	1 13 16 6
1507	12 17 3 6
1508	2 18 1 14
1509	18 10 3 2
1510	18 7 16 9
1511	6 2 1 11
1512	10 7 6 5
1513	13 14 3 18
1514	11 7 8 2
1515	19 7 13 5
1516	12 13 17 2
1517	6 8 9 14
1518	17 6 19 12
1519	9 19 11 4
1520	4 12 14 8
1521	20 8 9 14
1522	7 11 2 9
1523	1 17 20 18
1524	3 13 9 10
1525	8 19 20 3
1526	18 12 6 8
1527	4 9 11 16
1528	12 18 1 6
1529	8 20 9 15
1530	7 6 16 19
1531	6 19 8 15
1532	4 3 2 15
1533	7 3 8 9
1534	3 8 6 9
1535	15 4 13 19
1536	20 12 10 4
1537	18 9 14 10
1538	19 4 12 8
1539	1 6 7 16
1540	11 2 18 10
1541	12 20 2 6
1542	18 8 3 20
1543	13 16 19 10
1544	20 15 16 18
1545	17 14 10 16
1546	5 13 8 14
1547	8 7 15 17
1548	8 7 4 16
1549	11 15 13 4
1550	1 9 14 12
1551	11 5 15 18
1552	4 11 20 12
1553	11 17 19 15
1554	15 8 14 3
1555	5 15 7 4
1556	1 8 19 14
1557	5 6 17 16
1558	14 12 15 13
1559	5 9 10 7
1560	3 5 15 2
1561	11 9 13 5
1562	10 12 1 9
1563	19 10 3 8
1564	10 3 2 6
1565	8 2 12 4
1566	15 18 1 7
1567	16 2 17 19
1568	3 6 7 2
1569	16 1 13 19
1570	4 10 16 5
1571	1 17 15 12
1572	1 11 8 6
1573	5 20 16 4
1574	15 10 20 18
1575	8 9 12 3
1576	8 1 15 17
1577	20 2 3 12
1578	4 12 14 17
1579	20 14 16 5
1580	3 7 1 17
1581	9 20 10 13
1582	20 12 4 9
1583	8 5 15 14
1584	4 8 7 20
1585	10 2 13 9
1586	14 7 6 9
1587	3 7 11 10
1588	6 12 7 3
1589	10 18 17 9
1590	1 16 18 19
1591	17 8 10 4
1592	6 19 4 2
1593	10 20 15 19
1594	6 19 20 9
1595	3 8 14 2
1596	11 14 18 2
1597	7 18 2 3
1598	3 12 4 10
1599	10 14 15 6
1600	14 11 20 17
1601	7 15 11 1
1602	2 11 7 18
1603	3 4 18 19
1604	19 18 3 13
1605	3 17 20 9
1606	17 18 20 7
1607	10 6 13 1
1608	4 5 19 11
1609	8 2 6 11
1610	7 4 14 5
1611	7 20 11 1
1612	1 2 10 13
1613	14 13 7 2
1614	8 12 6 2
1615	8 17 2 10
1616	3 6 2 18
1617	4 9 5 20
1618	19 4 3 8
1619	11 4 19 18
1620	7 9 5 11
1621	2 10 3 16
1622	13 17 4 14
1623	18 6 15 2
1624	2 8 20 5
1625	7 13 1 4
1626	19 9 20 12
1627	8 18 17 16
1628	19 10 5 18
1629	20 7 6 5
1630	4 14 12 1
1631	20 2 5 9
1632	12 9 7 8
1633	11 20 6 10
1634	17 12 6 14
1635	5 3 12 9
1636	13 14 3 7
1637	19 18 1 9
1638	13 9 5 1
1639	9 10 12 4
1640	15 12 7 20
1641	14 11 17 8
1642	6 11 17 2
1643	19 12 2 20
1644	8 15 3 17
1645	13 14 18 3
1646	11 1 5 7
1647	5 8 6 13
1648	20 18 9 11
1649	11 6 14 10
1650	2 18 12 7
1651	20 8 6 15
1652	17 8 3 13
1653	9 3 17 2
1654	14 4 18 3
1655	3 19 10 17
1656	16 14 9 3
1657	4 14 19 6
1658	16 2 3 10
1659	12 1 10 3
1660	8 19 17 9
1661	2 14 7 15
1662	7 9 15 5
1663	15 4 2 16
1664	8 3 1 20
1665	6 8 15 20
1666	20 3 16 15
1667	5 8 19 6
1668	7 5 9 13
1669	1 20 9 8
1670	10 19 6 4
1671	17 3 10 13
1672	11 3 12 9
1673	9 17 18 2
1674	5 8 18 7
1675	20 19 15 13
1676	6 5 14 10
1677	1 19 17 9
1678	4 2 18 20
1679	10 15 9 17
1680	14 20 19 8
1681	15 3 1 11
1682	10 7 3 6
1683	8 18 16 3
1684	8 5 2 14
1685	11 18 5 13
1686	18 15 5 3
1687	20 5 7 16
1688	2 10 16 4
1689	4 20 16 9
1690	1 4 12 8
1691	7 18 10 4
1692	19 20 7 2
1693	14 19 15 12
1694	10 9 3 19
1695	20 6 10 8
1696	8 2 6 7
1697	1 9 13 18
1698	7 2 1 8
1699	18 17 9 16
1700	8 6 5 14
1701	3 20 13 1
1702	1 15 16 3
1703	8 12 11 4
1704	5 15 1 7
1705	2 10 9 13
1706	19 7 3 13
1707	7 9 5 18
1708	8 2 17 19
1709	19 11 16 20
1710	7 17 12 20
1711	17 13 1 3
1712	14 12 10 3
1713	15 13 18 5
1714	19 6 1 7
1715	15 17 10 11
1716	15 9 19 2
1717	11 14 15 1
1718	14 16 6 5
1719	13 5 18 15
1720	5 10 18 12
1721	4 18 8 1
1722	17 2 6 10
1723	14 11 15 16
1724	10 15 7 13
1725	20 15 2 10
1726	8 18 10 16
1727	5 3 1 7
1728	13 17 9 11
1729	9 19 3 18
1730	13 7 19 20
1731	14 20 1 18
1732	14 12 17 16
1733	16 18 2 9
1734	4 11 5 7
1735	4 15 16 2
1736	8 10 11 18
1737	5 6 12 3
1738	1 14 18 2
1739	3 13 12 5
1740	14 13 19 7
1741	3 10 2 15
1742	19 1 6 3
1743	18 20 14 4
1744	2 20 14 6
1745	3 8 15 1
1746	5 15 16 4
1747	7 8 18 4
1748	6 17 15 4
1749	4 8 13 5
1750	17 6 3 9
1751	19 1 15 18
1752	18 10 16 11
1753	6 8 14 18
1754	3 9 15 16
1755	17 8 9 12
1756	1 15 2 7
1757	7 19 10 13
1758	1 6 18 12
1759	5 7 12 18
1760	11 14 2 13
1761	5 4 14 20
1762	10 1 3 9
1763	19 17 15 10
1764	20 14 12 8
1765	11 4 13 16
1766	12 17 19 4
1767	19 18 10 20
1768	17 1 2 8
1769	2 1 9 13
1770	7 12 9 3
1771	20 7 8 1
1772	3 4 5 16
1773	12 20 1 8
1774	13 5 17 7
1775	6 13 4 17
1776	19 17 14 11
1777	15 8 4 14
1778	8 1 12 15
1779	8 6 1 15
1780	13 5 8 19
1781	18 17 8 3
1782	3 20 9 10
1783	18 9 8 20
1784	17 10 5 1
1785	14 1 2 18
1786	1 16 18 12
1787	13 15 20 7
1788	4 13 2 15
1789	7 9 11 8
1790	3 19 1 8
1791	14 18 4 6
1792	9 15 18 16
1793	13 17 12 11
1794	4 11 3 17
1795	6 9 1 4
1796	3 16 6 19
1797	14 9 17 10
1798	4 6 3 9
1799	8 11 19 15
1800	7 17 12 5
1801	20 4 13 18
1802	8 5 1 17
1803	8 13 11 12
1804	4 5 6 2
1805	17 19 4 20
1806	6 15 12 18
1807	7 2 3 9
1808	3 8 13 19
1809	7 9 3 5
1810	5 16 15 3
1811	12 7 6 19
1812	19 4 10 13
1813	2 10 5 17
1814	6 3 14 13
1815	13 14 17 10
1816	1 20 16 15
1817	5 17 3 19
1818	15 10 4 11
1819	4 17 14 6
1820	19 13 12 7
1821	6 3 4 1
1822	19 3 7 18
1823	16 1 2 19
1824	10 18 7 20
1825	15 11 10 7
1826	7 10 6 17
1827	18 10 17 9
1828	4 16 11 6
1829	14 2 20 3
1830	16 6 1 14
1831	3 2 20 11
1832	12 4 20 9
1833	5 9 12 16
1834	1 8 20 3
1835	1 10 12 13
1836	19 11 1 6
1837	16 15 11 1
1838	3 18 15 17
1839	10 14 12 2
1840	10 2 19 20
1841	14 3 16 5
1842	14 1 15 7
1843	18 11 5 15
1844	5 20 4 19
1845	11 6 10 13
1846	6 10 19 2
1847	10 6 15 8
1848	10 6 13 9
1849	18 2 8 6
1850	16 9 18 5
1851	5 1 12 9
1852	16 4 1 11
1853	12 15 14 16
1854	18 11 15 1
1855	11 13 19 10
1856	16 6 13 11
1857	15 12 10 4
1858	14 9 5 18
1859	17 19 3 8
1860	8 3 15 9
1861	8 13 3 10
1862	11 20 1 12
1863	16 15 9 1
1864	5 20 3 12
1865	17 16 20 11
1866	2 11 18 14
1867	16 15 19 13
1868	6 3 10 20
1869	11 7 18 4
1870	8 11 17 5
1871	15 18 4 12
1872	13 16 10 20
1873	12 18 20 4
1874	19 4 6 18
1875	4 7 17 11
1876	2 20 8 19
1877	19 3 15 7
1878	12 17 1 5
1879	16 14 1 5
1880	3 13 10 12
1881	15 16 5 9
1882	10 2 17 15
1883	19 18 15 3
1884	12 5 13 9
1885	6 11 17 1
1886	13 2 12 6
1887	19 18 10 6
1888	2 6 7 13
1889	19 8 2 18
1890	2 10 16 15
1891	8 1 6 9
1892	18 14 1 16
1893	14 10 17 19
1894	18 1 11 20
1895	8 15 14 12
1896	6 16 14 19
1897	8 19 10 9
1898	15 13 1 12
1899	19 7 8 17
1900	4 11 9 18
1901	17 11 18 6
1902	1 4 19 6
1903	15 8 13 4
1904	3 7 5 6
1905	16 4 6 17
1906	10 2 18 16
1907	15 7 4 5
1908	9 8 4 11
1909	4 7 13 10
1910	11 2 3 7
1911	7 11 5 4
1912	10 5 15 19
1913	17 5 1 18
1914	1 13 12 16
1915	5 8 12 14
1916	14 3 13 5
1917	14 1 13 6
1918	10 1 7 17
1919	2 1 18 20
1920	8 3 16 11
1921	18 3 8 9
1922	14 19 18 3
1923	5 4 19 17
1924	10 4 13 18
1925	5 19 12 2
1926	14 13 15 18
1927	5 13 11 19
1928	18 20 6 8
1929	4 17 16 2
1930	4 3 13 9
1931	10 5 13 19
1932	4 17 15 19
1933	3 7 16 1
1934	3 4 9 17
1935	15 6 1 20
1936	4 9 16 17
1937	9 4 16 6
1938	6 14 12 20
1939	13 16 8 4
1940	15 9 6 19
1941	5 8 17 3
1942	20 14 18 11
1943	3 2 10 18
1944	9 16 3 17
1945	9 2 17 18
1946	3 2 19 17
1947	9 12 17 19
1948	20 11 15 8
1949	4 5 14 18
1950	8 3 5 7
1951	5 20 1 4
1952	11 18 6 2
1953	6 15 16 7
1954	11 20 3 17
1955	1 18 12 13
1956	20 5 11 3
1957	10 2 16 4
1958	10 13 6 18
1959	20 4 19 8
1960	11 8 9 12
1961	8 19 18 17
1962	16 17 3 4
1963	17 3 6 12
1964	2 15 14 10
1965	15 9 1 16
1966	15 18 19 2
1967	15 17 4 12
1968	19 11 4 9
1969	6 4 15 18
1970	20 10 16 6
1971	10 14 2 4
1972	17 8 20 15
1973	12 11 9 2
1974	17 14 13 11
1975	11 9 14 20
1976	1 12 8 3
1977	9 19 8 4
1978	6 8 3 5
1979	11 20 15 6
1980	14 12 5 17
1981	19 14 5 18
1982	6 20 14 10
1983	8 17 16 4
1984	10 16 11 7
1985	10 3 5 20
1986	20 1 10 5
1987	1 11 20 5
1988	3 20 12 15
1989	8 10 13 18
1990	19 4 7 8
1991	19 3 4 8
1992	9 8 6 5
1993	15 4 2 11
1994	9 17 3 4
1995	8 6 15 2
1996	9 17 18 20
1997	1 19 13 6
1998	18 3 7 13
1999	7 14 19 15
2000	8 3 6 20
2001	8 7 12 14
2002	15 11 7 8
2003	12 13 9 2
2004	12 15 10 5
2005	8 6 14 13
2006	4 17 11 13
2007	3 12 6 8
2008	8 19 16 20
2009	8 2 1 15
2010	13 7 16 11
2011	18 9 10 13
2012	8 6 2 19
2013	11 7 8 14
2014	11 16 9 7
2015	7 11 18 1
2016	20 15 11 16
2017	10 5 1 15
2018	14 5 9 7
2019	10 4 9 6
2020	12 8 20 14
2021	3 11 6 19
2022	8 1 6 4
2023	14 11 15 17
2024	1 13 9 8
2025	16 4 18 6
2026	6 13 1 8
2027	1 14 17 13
2028	2 16 18 15
2029	15 7 5 2
2030	19 9 20 17
2031	4 5 15 12
2032	7 2 3 19
2033	10 17 8 18
2034	4 9 3 16
2035	12 10 5 14
2036	20 16 6 19
2037	14 4 3 17
2038	18 13 2 6
2039	16 4 7 3
2040	3 5 20 13
2041	4 14 9 11
2042	12 9 8 2
2043	16 12 10 3
2044	10 15 3 7
2045	7 5 18 13
2046	20 18 6 15
2047	9 12 11 18
2048	19 20 16 9
2049	11 12 10 13
2050	19 15 9 13
2051	20 14 18 6
2052	16 6 14 12
2053	5 8 14 1
2054	11 18 2 14
2055	4 11 3 12
2056	9 1 14 15
2057	14 4 10 7
2058	16 19 8 6
2059	12 2 9 11
2060	14 8 15 1
2061	19 2 20 5
2062	9 5 16 17
2063	12 6 11 16
2064	9 5 10 13
2065	13 9 20 1
2066	18 10 5 14
2067	10 12 17 18
2068	1 6 19 18
2069	14 3 11 12
2070	19 11 1 3
2071	10 2 4 1
2072	6 19 18 11
2073	9 18 14 19
2074	11 17 6 1
2075	14 7 12 16
2076	3 16 17 13
2077	13 4 10 8
2078	18 13 10 15
2079	13 8 5 17
2080	12 15 19 11
2081	4 7 11 3
2082	10 18 6 19
2083	8 11 14 10
2084	15 1 12 16
2085	14 6 10 17
2086	9 17 20 19
2087	20 10 5 14
2088	1 11 5 19
2089	20 15 16 17
2090	5 10 4 7
2091	5 11 8 16
2092	14 15 12 1
2093	9 6 4 7
2094	8 2 17 1
2095	18 7 15 2
2096	10 15 2 17
2097	16 8 18 15
2098	20 14 19 10
2099	11 17 13 7
2100	16 15 9 18
2101	6 8 18 1
2102	10 9 1 3
2103	15 4 14 10
2104	11 7 19 2
2105	13 18 6 7
2106	16 20 19 11
2107	7 16 8 20
2108	17 19 1 5
2109	11 14 2 20
2110	17 12 4 9
2111	3 2 8 18
2112	12 20 6 9
2113	6 11 16 15
2114	6 16 10 18
2115	9 1 5 17
2116	9 2 6 1
2117	16 8 1 11
2118	6 3 20 10
2119	4 8 2 3
2120	8 19 15 1
2121	1 8 12 9
2122	20 8 4 1
2123	18 8 11 9
2124	2 8 9 18
2125	17 1 14 12
2126	4 2 17 10
2127	9 20 1 16
2128	2 5 1 19
2129	17 13 3 1
2130	12 9 3 6
2131	20 14 5 16
2132	13 17 16 14
2133	20 16 2 1
2134	18 12 6 3
2135	12 9 2 11
2136	19 14 8 4
2137	8 10 16 12
2138	1 9 14 17
2139	11 2 6 18
2140	20 15 2 16
2141	12 6 10 7
2142	2 6 9 8
2143	3 4 20 17
2144	2 17 9 15
2145	11 18 6 9
2146	8 16 18 5
2147	7 9 16 18
2148	12 15 5 8
2149	18 2 6 11
2150	11 7 18 4
2151	1 13 9 11
2152	10 3 20 16
2153	1 9 5 11
2154	12 18 2 16
2155	2 17 14 9
2156	12 13 3 7
2157	5 10 15 12
2158	5 17 7 9
2159	5 4 10 2
2160	5 14 20 19
2161	7 17 2 16
2162	17 6 16 1
2163	5 20 17 14
2164	19 15 1 18
2165	10 12 15 19
2166	15 7 19 16
2167	10 1 20 14
2168	17 13 8 12
2169	8 10 5 17
2170	10 9 17 1
2171	14 6 5 18
2172	8 2 7 5
2173	3 6 18 5
2174	1 2 14 12
2175	10 12 18 20
2176	16 5 2 8
2177	14 18 20 6
2178	7 14 5 11
2179	2 18 17 20
2180	13 2 18 19
2181	17 8 14 2
2182	16 15 20 7
2183	20 18 11 7
2184	15 10 3 4
2185	7 20 5 8
2186	3 1 2 8
2187	14 20 1 15
2188	15 9 11 12
2189	15 8 10 9
2190	8 10 17 5
2191	5 16 20 12
2192	16 4 18 17
2193	14 8 4 20
2194	7 12 15 6
2195	9 6 10 14
2196	2 10 11 6
2197	1 10 2 12
2198	9 2 11 5
2199	4 7 2 5
2200	10 13 3 6
2201	3 4 11 8
2202	15 16 6 13
2203	16 5 15 18
2204	9 5 7 13
2205	16 5 1 18
2206	5 17 16 12
2207	5 8 3 1
2208	1 8 11 16
2209	11 3 9 12
2210	20 16 15 19
2211	20 15 4 18
2212	11 13 1 15
2213	11 12 13 2
2214	6 7 18 19
2215	1 5 16 20
2216	6 2 5 16
2217	20 11 9 16
2218	12 19 7 18
2219	18 10 20 16
2220	7 18 20 12
2221	10 13 3 7
2222	10 15 2 8
2223	10 20 12 7
2224	20 6 7 19
2225	15 11 16 5
2226	2 9 20 15
2227	2 6 7 10
2228	8 9 4 20
2229	5 20 19 8
2230	18 16 10 7
2231	9 3 18 7
2232	7 4 6 18
2233	7 13 8 16
2234	2 17 16 6
2235	15 7 6 17
2236	1 16 10 3
2237	19 5 12 7
2238	11 19 3 9
2239	8 3 4 11
2240	12 7 16 10
2241	4 14 19 15
2242	1 3 6 8
2243	12 18 9 11
2244	10 8 18 4
2245	8 7 15 19
2246	15 14 3 2
2247	16 12 4 6
2248	12 3 18 6
2249	18 2 4 9
2250	12 15 13 3
2251	12 9 3 10
2252	5 20 16 8
2253	7 11 15 3
2254	7 5 16 11
2255	15 12 20 17
2256	8 5 15 14
2257	15 17 3 7
2258	16 4 7 1
2259	15 2 6 13
2260	3 4 12 5
2261	4 13 1 16
2262	1 6 17 14
2263	4 6 9 17
2264	14 18 7 16
2265	10 3 15 14
2266	1 6 15 13
2267	13 20 4 18
2268	10 5 16 11
2269	3 8 16 13
2270	6 14 9 15
2271	6 4 2 10
2272	19 5 4 11
2273	2 15 10 6
2274	11 13 5 6
2275	20 16 5 18
2276	19 13 14 6
2277	15 6 12 17
2278	3 5 11 2
2279	6 10 1 8
2280	14 1 15 19
2281	12 16 9 8
2282	12 13 1 20
2283	9 12 3 6
2284	10 12 17 13
2285	5 7 12 11
2286	3 14 1 11
2287	13 5 4 1
2288	2 3 16 20
2289	12 15 8 9
2290	18 19 5 3
2291	8 20 9 17
2292	4 15 2 19
2293	19 4 5 15
2294	20 19 3 5
2295	4 9 17 11
2296	20 14 6 17
2297	15 10 7 20
2298	11 9 14 19
2299	9 11 10 14
2300	8 16 12 18
2301	6 19 2 4
2302	9 13 20 16
2303	11 2 20 12
2304	16 10 18 13
2305	13 8 1 12
2306	20 3 14 8
2307	19 17 10 13
2308	19 15 12 3
2309	14 17 16 3
2310	10 9 18 20
2311	12 5 4 18
2312	9 16 3 12
2313	15 11 7 6
2314	18 6 7 10
2315	11 4 7 3
2316	8 16 10 15
2317	12 8 2 19
2318	4 17 9 3
2319	20 5 2 6
2320	10 6 7 15
2321	4 16 17 10
2322	7 10 13 4
2323	11 14 18 15
2324	12 14 18 8
2325	9 20 19 2
2326	4 17 11 8
2327	7 4 2 3
2328	17 16 14 13
2329	6 16 7 11
2330	6 12 14 3
2331	15 1 4 18
2332	14 4 1 5
2333	12 2 9 15
2334	19 13 2 15
2335	4 15 11 10
2336	12 13 10 15
2337	12 19 4 18
2338	12 6 16 3
2339	13 8 6 10
2340	7 3 18 6
2341	7 3 13 5
2342	11 15 3 6
2343	18 6 9 20
2344	9 20 17 4
2345	14 12 6 3
2346	13 3 19 9
2347	2 3 7 19
2348	15 12 8 10
2349	1 11 13 19
2350	17 4 8 1
2351	11 5 3 7
2352	4 11 6 7
2353	7 19 17 20
2354	3 1 18 10
2355	12 6 2 8
2356	16 11 2 5
2357	8 6 1 11
2358	20 1 8 10
2359	16 4 11 14
2360	15 11 12 1
2361	7 4 13 20
2362	7 9 3 11
2363	6 2 1 4
2364	4 19 20 17
2365	7 6 8 12
2366	11 20 3 18
2367	11 17 15 12
2368	15 1 9 13
2369	13 4 18 3
2370	16 7 5 19
2371	19 15 6 18
2372	14 9 17 10
2373	13 9 11 18
2374	6 4 13 3
2375	19 20 16 10
2376	6 3 15 7
2377	2 6 11 4
2378	16 1 2 7
2379	2 19 7 3
2380	4 20 15 18
2381	8 10 4 16
2382	3 2 10 20
2383	20 6 18 4
2384	1 15 7 8
2385	2 7 17 6
2386	5 3 13 7
2387	6 10 5 2
2388	7 12 1 14
2389	14 5 4 18
2390	20 6 13 9
2391	17 8 18 10
2392	16 11 13 7
2393	4 15 13 5
2394	17 9 3 11
2395	20 6 15 8
2396	14 10 13 6
2397	13 19 2 11
2398	1 11 8 3
2399	14 2 13 12
2400	8 9 7 17
2401	3 20 13 19
2402	15 5 10 8
2403	13 5 11 20
2404	13 19 7 18
2405	7 14 10 1
2406	5 10 8 2
2407	1 13 7 9
2408	6 17 9 19
2409	14 11 18 10
2410	13 2 17 14
2411	8 12 18 5
2412	9 10 3 20
2413	12 2 6 4
2414	13 2 15 1
2415	17 14 9 12
2416	10 6 3 11
2417	16 7 14 19
2418	5 17 10 16
2419	20 1 18 17
2420	16 19 2 5
2421	16 5 6 15
2422	2 10 20 7
2423	3 18 5 12
2424	1 5 20 15
2425	8 10 15 12
2426	17 2 5 6
2427	5 13 7 11
2428	11 20 16 10
2429	19 2 9 1
2430	7 13 15 3
2431	3 14 12 17
2432	11 8 19 3
2433	12 13 20 3
2434	6 8 12 14
2435	15 8 14 4
2436	4 14 13 17
2437	4 9 10 7
2438	12 20 4 6
2439	17 6 18 4
2440	11 7 19 10
2441	20 10 7 11
2442	11 1 6 17
2443	11 12 18 6
2444	5 11 14 16
2445	8 4 1 6
2446	6 17 3 12
2447	3 15 2 8
2448	15 8 11 7
2449	15 3 13 5
2450	10 20 6 9
2451	18 3 1 2
2452	5 6 3 4
2453	7 18 12 8
2454	15 1 18 12
2455	11 18 20 8
2456	6 14 13 19
2457	13 14 19 18
2458	14 1 2 10
2459	12 3 10 2
2460	8 12 5 4
2461	10 5 17 7
2462	2 7 20 3
2463	10 6 7 13
2464	4 6 7 16
2465	20 7 9 18
2466	5 12 7 2
2467	5 17 16 18
2468	10 9 18 14
2469	8 20 14 5
2470	3 4 7 6
2471	18 1 7 11
2472	13 1 3 9
2473	11 5 10 7
2474	18 10 11 5
2475	10 12 11 3
2476	1 6 8 12
2477	7 4 6 15
2478	12 14 2 8
2479	8 15 13 7
2480	6 13 10 12
2481	7 15 10 1
2482	8 17 2 11
2483	15 9 13 14
2484	15 11 7 19
2485	15 16 18 2
2486	15 19 4 3
2487	14 16 19 2
2488	9 12 16 11
2489	11 3 12 4
2490	20 13 9 11
2491	1 2 13 8
2492	4 11 14 13
2493	17 10 1 20
2494	18 3 16 12
2495	15 11 7 20
2496	13 3 20 6
2497	6 10 17 15
2498	18 9 12 17
2499	18 11 9 13
2500	20 17 2 3
2501	12 15 9 1
2502	7 13 17 1
2503	6 17 20 4
2504	1 5 18 7
2505	15 17 18 6
2506	12 17 5 20
2507	18 19 13 11
2508	16 9 14 7
2509	17 20 19 6
2510	7 12 10 9
2511	13 10 5 8
2512	13 1 2 5
2513	5 17 15 12
2514	3 12 20 16
2515	17 16 18 2
2516	5 13 19 15
2517	5 20 9 7
2518	14 4 11 7
2519	4 15 1 20
2520	16 5 17 20
2521	7 11 19 13
2522	9 6 15 10
2523	19 3 5 16
2524	9 7 14 1
2525	3 7 18 8
2526	10 20 2 8
2527	3 8 10 19
2528	10 11 6 19
2529	11 16 12 15
2530	9 10 8 12
2531	13 20 10 19
2532	17 20 6 13
2533	5 14 9 8
2534	14 16 15 3
2535	19 6 11 12
2536	15 6 10 14
2537	13 6 14 5
2538	3 10 6 17
2539	13 10 1 20
2540	6 1 10 9
2541	6 3 1 9
2542	9 10 13 1
2543	7 5 13 2
2544	7 4 19 8
2545	16 12 14 17
2546	15 9 14 1
2547	12 14 7 11
2548	20 15 7 4
2549	3 18 20 9
2550	18 20 13 5
2551	13 17 19 2
2552	10 15 6 7
2553	2 18 19 12
2554	1 8 13 16
2555	6 9 17 3
2556	15 1 5 14
2557	18 15 11 19
2558	9 11 14 2
2559	18 3 8 10
2560	17 8 9 14
2561	8 19 9 17
2562	7 8 13 14
2563	4 3 13 5
2564	2 12 8 15
2565	19 2 20 13
2566	7 5 14 11
2567	11 20 9 18
2568	16 10 18 1
2569	9 5 15 11
2570	19 13 10 1
2571	6 17 13 10
2572	13 6 19 5
2573	1 3 18 8
2574	16 2 4 19
2575	8 14 20 17
2576	13 3 8 19
2577	18 9 16 1
2578	17 9 2 14
2579	4 3 9 19
2580	10 11 7 5
2581	10 15 6 16
2582	14 2 15 5
2583	19 16 10 4
2584	10 11 14 3
2585	6 13 16 20
2586	7 14 1 2
2587	19 4 15 20
2588	16 10 9 14
2589	12 4 10 5
2590	9 6 4 10
2591	11 14 15 8
2592	19 4 20 15
2593	6 5 17 12
2594	13 16 1 15
2595	12 14 3 10
2596	10 7 2 8
2597	12 3 4 19
2598	11 20 5 9
2599	2 16 12 13
2600	20 1 11 3
2601	1 15 19 13
2602	17 13 14 19
2603	15 19 4 18
2604	18 7 2 14
2605	14 5 15 1
2606	11 12 10 1
2607	10 20 17 18
2608	20 4 2 6
2609	9 1 20 8
2610	8 7 17 16
2611	13 18 1 5
2612	2 12 7 11
2613	18 6 10 14
2614	14 16 4 11
2615	7 2 11 20
2616	6 16 1 13
2617	20 13 3 18
2618	6 12 9 8
2619	15 20 11 14
2620	12 13 17 5
2621	6 4 20 17
2622	19 11 5 9
2623	13 19 16 14
2624	15 16 13 18
2625	1 18 2 17
2626	20 5 12 14
2627	14 6 7 9
2628	5 17 14 11
2629	15 16 17 12
2630	6 15 14 3
2631	18 20 13 19
2632	15 6 11 16
2633	4 10 1 11
2634	8 5 12 10
2635	17 7 1 18
2636	5 4 2 8
2637	19 7 11 3
2638	18 13 16 6
2639	6 3 13 4
2640	2 15 7 6
2641	15 2 4 1
2642	7 6 19 14
2643	13 14 7 16
2644	10 7 11 1
2645	3 16 20 5
2646	12 18 15 19
2647	9 13 1 8
2648	20 1 13 3
2649	3 16 13 14
2650	12 18 1 5
2651	2 13 14 19
2652	17 7 10 15
2653	10 20 4 15
2654	17 15 16 3
2655	17 6 15 13
2656	2 4 15 3
2657	19 9 18 1
2658	3 11 2 13
2659	7 3 6 4
2660	4 10 3 15
2661	11 8 4 2
2662	20 5 14 16
2663	4 8 12 7
2664	12 3 20 18
2665	10 17 1 9
2666	1 16 10 19
2667	5 8 19 20
2668	15 4 16 9
2669	12 4 3 8
2670	6 10 14 11
2671	18 19 12 8
2672	13 3 14 5
2673	12 18 19 9
2674	11 9 3 18
2675	16 3 13 7
2676	6 16 12 10
2677	20 4 2 6
2678	7 3 10 19
2679	11 4 7 5
2680	11 16 14 10
2681	15 12 4 10
2682	5 3 12 10
2683	16 9 7 12
2684	20 4 5 16
2685	14 13 15 19
2686	7 15 1 18
2687	20 9 6 12
2688	9 13 17 8
2689	14 8 19 15
2690	3 17 15 18
2691	15 17 7 3
2692	14 5 19 8
2693	18 7 4 16
2694	8 19 7 2
2695	14 10 13 15
2696	8 3 10 20
2697	6 8 4 5
2698	18 15 11 12
2699	10 19 2 5
2700	16 10 14 17
2701	14 2 10 13
2702	12 7 10 13
2703	4 17 11 9
2704	16 11 4 9
2705	6 16 2 19
2706	9 16 1 2
2707	16 15 10 9
2708	8 1 7 6
2709	4 14 3 6
2710	15 1 10 4
2711	12 19 20 2
2712	17 9 7 10
2713	9 14 13 11
2714	13 20 8 9
2715	14 4 20 7
2716	13 19 1 4
2717	19 15 12 1
2718	13 4 7 19
2719	8 15 7 6
2720	12 13 7 3
2721	3 20 17 19
2722	6 12 2 17
2723	14 16 20 2
2724	3 2 18 19
2725	18 15 17 9
2726	7 8 2 18
2727	7 5 8 18
2728	10 3 4 2
2729	4 13 19 14
2730	3 8 15 19
2731	18 11 10 14
2732	18 17 6 7
2733	5 16 6 4
2734	12 15 5 18
2735	6 5 3 13
2736	20 5 17 3
2737	14 4 8 17
2738	7 5 13 10
2739	20 10 8 18
2740	6 9 4 20
2741	15 2 5 17
2742	12 17 19 11
2743	9 12 20 13
2744	1 8 19 7
2745	9 20 8 13
2746	2 9 18 20
2747	8 11 6 10
2748	5 8 3 9
2749	9 5 6 8
2750	1 17 8 6
2751	8 13 7 12
2752	19 16 12 20
2753	7 1 4 19
2754	10 9 5 6
2755	9 3 13 6
2756	17 7 1 18
2757	19 15 9 11
2758	14 20 19 5
2759	15 16 11 8
2760	10 16 20 6
2761	20 19 5 9
2762	18 17 7 15
2763	4 7 16 2
2764	1 18 15 2
2765	20 9 18 17
2766	12 13 19 3
2767	19 9 15 2
2768	4 14 5 17
2769	15 8 4 1
2770	11 10 14 18
2771	3 13 18 4
2772	8 3 11 12
2773	4 20 7 19
2774	17 15 20 18
2775	4 17 20 7
2776	9 8 5 16
2777	19 2 9 7
2778	18 20 3 5
2779	7 6 13 9
2780	13 15 9 18
2781	20 14 3 12
2782	19 17 5 18
2783	12 1 13 9
2784	7 15 19 11
2785	19 10 7 3
2786	8 1 9 16
2787	14 19 4 20
2788	13 18 12 10
2789	3 2 10 13
2790	16 9 14 19
2791	6 8 19 10
2792	10 8 13 16
2793	10 5 3 2
2794	5 18 14 20
2795	6 7 15 20
2796	8 6 18 17
2797	11 8 7 10
2798	15 11 10 20
2799	15 19 9 11
2800	18 15 19 9
2801	12 10 3 9
2802	16 10 1 18
2803	12 19 9 10
2804	2 6 10 4
2805	12 15 16 3
2806	4 18 19 14
2807	8 5 1 13
2808	20 15 9 6
2809	18 4 5 2
2810	20 13 4 8
2811	4 7 1 12
2812	14 2 16 19
2813	19 4 20 3
2814	10 15 7 18
2815	14 19 12 15
2816	18 5 4 15
2817	9 16 7 4
2818	17 1 18 13
2819	3 8 6 19
2820	20 12 2 13
2821	18 16 15 11
2822	7 16 2 19
2823	1 7 11 10
2824	10 16 1 2
2825	8 13 6 19
2826	7 13 19 14
2827	10 1 9 11
2828	11 3 20 4
2829	1 5 3 18
2830	9 7 16 10
2831	11 1 12 10
2832	9 5 8 16
2833	11 9 15 13
2834	3 9 13 17
2835	9 15 8 14
2836	10 1 2 7
2837	10 15 9 20
2838	11 20 16 5
2839	9 12 2 7
2840	16 13 3 4
2841	4 9 11 17
2842	8 4 9 10
2843	15 7 6 16
2844	4 9 1 11
2845	8 17 2 3
2846	11 14 1 3
2847	19 17 16 6
2848	5 4 15 7
2849	7 19 10 18
2850	2 11 3 14
2851	20 15 16 2
2852	12 14 20 13
2853	2 1 6 11
2854	4 19 20 13
2855	14 3 9 17
2856	14 9 16 10
2857	14 5 18 1
2858	12 19 11 3
2859	15 17 11 3
2860	8 10 11 15
2861	2 14 13 10
2862	3 5 19 10
2863	3 2 1 7
2864	10 11 3 13
2865	20 18 8 6
2866	11 13 12 19
2867	11 9 19 20
2868	17 7 6 11
2869	17 3 9 6
2870	8 1 13 5
2871	8 14 9 13
2872	5 20 3 15
2873	4 10 11 15
2874	17 12 13 8
2875	7 4 8 12
2876	19 5 16 20
2877	17 14 5 1
2878	16 4 2 1
2879	5 4 19 10
2880	17 12 5 7
2881	2 3 13 14
2882	4 14 3 15
2883	8 11 6 18
2884	11 8 2 17
2885	20 5 4 18
2886	17 12 4 1
2887	13 8 7 15
2888	15 1 20 13
2889	16 8 11 19
2890	13 10 20 2
2891	2 10 18 9
2892	9 10 2 4
2893	10 14 20 2
2894	20 15 14 16
2895	18 1 2 6
2896	1 8 16 2
2897	4 15 18 19
2898	20 14 13 9
2899	4 13 2 20
2900	15 7 19 17
2901	16 14 11 13
2902	14 10 13 1
2903	19 12 10 4
2904	10 7 12 18
2905	2 18 9 19
2906	15 14 19 6
2907	13 15 7 9
2908	6 19 2 9
2909	12 18 4 16
2910	15 3 4 10
2911	14 1 13 5
2912	11 15 16 18
2913	3 2 18 11
2914	13 9 18 12
2915	1 18 3 14
2916	19 7 17 6
2917	4 17 9 10
2918	1 4 7 15
2919	8 18 1 20
2920	9 6 18 17
2921	9 10 20 14
2922	7 5 2 18
2923	10 11 18 8
2924	8 7 5 19
2925	10 9 18 16
2926	17 8 5 1
2927	10 4 2 3
2928	17 12 2 13
2929	1 14 18 10
2930	8 14 16 20
2931	7 8 4 3
2932	7 15 14 4
2933	20 18 19 13
2934	16 5 10 11
2935	16 1 7 3
2936	8 1 15 5
2937	7 13 3 6
2938	13 4 5 20
2939	19 12 20 7
2940	12 17 15 11
2941	17 2 1 9
2942	13 8 7 4
2943	15 1 20 17
2944	13 15 18 9
2945	20 18 13 5
2946	20 1 15 10
2947	17 16 10 13
2948	7 20 6 18
2949	17 18 6 16
2950	2 20 15 14
2951	1 4 20 19
2952	12 9 18 14
2953	1 20 13 9
2954	10 17 18 3
2955	5 13 12 6
2956	13 18 4 12
2957	6 11 15 8
2958	6 14 18 4
2959	2 17 12 16
2960	2 11 18 20
2961	7 4 14 1
2962	16 11 14 13
2963	6 9 20 1
2964	12 16 7 20
2965	18 3 20 11
2966	10 6 14 12
2967	5 19 9 6
2968	16 7 17 18
2969	8 19 16 15
2970	6 5 13 7
2971	2 9 19 7
2972	13 17 9 3
2973	8 13 14 2
2974	12 7 10 13
2975	13 8 19 16
2976	18 4 19 6
2977	5 20 2 3
2978	14 11 13 16
2979	14 6 2 8
2980	20 17 7 1
2981	15 13 10 17
2982	3 9 5 19
2983	5 3 2 12
2984	1 9 7 5
2985	3 5 12 9
2986	6 19 4 13
2987	18 10 16 9
2988	2 6 12 13
2989	9 1 4 20
2990	18 9 14 4
2991	18 3 9 20
2992	16 19 20 8
2993	5 14 7 19
2994	19 20 1 18
2995	1 11 17 13
2996	19 6 16 4
2997	7 14 9 10
2998	8 17 16 14
2999	7 20 18 11
3000	16 8 18 11
3001	12 10 15 16
3002	6 5 17 9
3003	18 12 8 2
3004	9 19 14 4
3005	10 8 1 18
3006	13 4 8 16
3007	12 18 3 9
3008	17 6 11 8
3009	19 9 10 20
3010	2 13 11 5
3011	5 14 6 13
3012	16 7 8 1
3013	11 10 1 9
3014	7 17 5 9
3015	18 12 1 17
3016	20 17 5 7
3017	4 15 5 7
3018	2 7 11 18
3019	18 7 11 20
3020	5 4 13 3
3021	19 18 1 6
3022	5 6 20 16
3023	11 5 4 17
3024	9 15 6 7
3025	4 18 8 10
3026	9 4 8 7
3027	6 8 12 1
3028	20 13 8 1
3029	8 11 9 7
3030	2 14 20 19
3031	14 18 17 3
3032	19 4 17 16
3033	18 9 8 16
3034	12 8 2 16
3035	4 18 3 13
3036	19 16 15 4
3037	13 5 16 11
3038	9 18 10 13
3039	19 14 3 18
3040	8 12 2 6
3041	11 17 3 9
3042	19 7 1 16
3043	20 9 6 11
3044	6 9 1 2
3045	17 2 19 10
3046	9 4 6 5
3047	18 4 15 17
3048	18 14 5 15
3049	13 4 7 14
3050	7 4 8 20
3051	5 18 6 10
3052	3 15 5 8
3053	19 10 14 18
3054	16 6 19 18
3055	17 11 7 8
3056	2 17 13 7
3057	17 7 13 18
3058	18 13 2 15
3059	7 4 10 11
3060	18 6 19 1
3061	14 4 9 6
3062	18 5 6 16
3063	16 11 9 18
3064	11 16 7 19
3065	10 20 2 18
3066	8 7 16 14
3067	9 7 16 19
3068	8 9 4 10
3069	11 13 3 6
3070	12 17 11 19
3071	12 19 3 10
3072	6 17 8 7
3073	15 11 7 1
3074	16 9 3 20
3075	2 16 6 8
3076	7 4 5 1
3077	5 17 13 19
3078	4 12 3 13
3079	18 17 1 13
3080	16 14 1 7
3081	9 8 17 7
3082	5 3 19 11
3083	5 3 12 6
3084	12 10 11 2
3085	2 12 19 13
3086	1 7 5 12
3087	17 6 15 7
3088	16 10 8 18
3089	4 10 2 18
3090	9 8 15 4
3091	3 9 2 18
3092	20 17 4 19
3093	6 8 7 10
3094	18 14 11 19
3095	18 4 10 2
3096	5 20 14 16
3097	12 10 20 17
3098	2 7 17 13
3099	19 2 10 16
3100	17 7 6 9
3101	9 4 14 18
3102	16 1 18 4
3103	1 8 3 7
3104	20 11 7 13
3105	1 15 19 20
3106	5 6 3 20
3107	8 18 4 19
3108	9 8 15 1
3109	20 9 11 14
3110	9 8 4 11
3111	2 20 10 7
3112	13 15 17 8
3113	18 13 12 2
3114	9 13 6 16
3115	16 4 3 5
3116	3 6 9 16
3117	20 18 9 19
3118	10 17 5 13
3119	19 6 1 14
3120	12 5 16 6
3121	4 9 10 20
3122	11 20 9 8
3123	10 5 15 7
3124	15 17 16 3
3125	2 15 10 19
3126	9 15 11 16
3127	4 8 12 6
3128	15 3 4 18
3129	13 3 15 8
3130	15 12 1 16
3131	3 11 7 15
3132	3 19 6 5
3133	1 14 20 19
3134	13 3 11 2
3135	11 10 6 4
3136	12 13 15 7
3137	6 14 1 16
3138	13 11 15 12
3139	17 9 20 3
3140	13 2 17 18
3141	1 17 8 4
3142	6 19 2 5
3143	14 9 17 3
3144	6 11 16 3
3145	11 10 18 6
3146	9 12 14 3
3147	8 7 4 6
3148	12 9 10 19
3149	15 9 17 2
3150	10 6 3 19
3151	13 8 6 3
3152	7 5 11 18
3153	12 20 11 1
3154	10 3 11 9
3155	20 14 2 5
3156	5 17 8 18
3157	18 20 8 6
3158	20 9 16 3
3159	11 13 1 2
3160	20 2 6 5
3161	18 6 13 16
3162	18 14 20 10
3163	15 8 18 16
3164	16 4 2 11
3165	11 7 4 19
3166	19 9 16 13
3167	1 4 15 6
3168	9 10 7 6
3169	12 17 15 14
3170	10 16 5 9
3171	18 19 3 15
3172	20 4 5 2
3173	3 12 10 11
3174	18 12 20 6
3175	11 9 12 5
3176	8 18 9 14
3177	3 7 12 11
3178	15 12 18 9
3179	1 13 3 12
3180	11 19 20 17
3181	16 6 19 1
3182	17 5 14 19
3183	6 4 7 20
3184	2 17 6 14
3185	16 4 7 1
3186	18 5 16 17
3187	9 14 1 17
3188	9 20 13 14
3189	4 19 7 17
3190	20 9 17 4
3191	10 7 17 19
3192	3 7 17 9
3193	19 9 15 5
3194	19 13 12 9
3195	18 17 14 15
3196	2 6 18 9
3197	5 17 15 11
3198	8 10 6 17
3199	17 13 10 2
3200	16 10 12 13
3201	6 20 14 16
3202	16 8 12 14
3203	20 10 9 3
3204	16 7 8 2
3205	6 1 9 14
3206	15 11 10 12
3207	2 8 7 4
3208	19 16 15 2
3209	15 3 11 20
3210	15 14 6 3
3211	1 9 13 15
3212	4 9 16 13
3213	6 14 1 3
3214	3 11 18 10
3215	11 16 3 1
3216	20 5 6 13
3217	6 18 10 1
3218	2 19 8 15
3219	1 4 19 17
3220	17 18 11 6
3221	6 5 19 9
3222	1 19 8 7
3223	7 1 16 11
3224	8 2 6 18
3225	17 13 20 9
3226	12 15 1 17
3227	16 3 13 4
3228	4 6 18 14
3229	9 5 11 3
3230	8 7 13 16
3231	9 8 6 4
3232	16 1 3 19
3233	13 12 2 5
3234	11 4 12 20
3235	4 1 16 8
3236	11 6 10 2
3237	8 14 12 1
3238	2 7 18 6
3239	8 3 16 18
3240	17 16 2 12
3241	3 20 6 19
3242	10 13 7 18
3243	3 5 20 7
3244	7 20 4 5
3245	8 1 17 11
3246	5 4 1 12
3247	8 12 2 14
3248	10 19 15 12
3249	8 5 12 14
3250	10 16 19 12
3251	2 12 18 17
3252	14 7 10 6
3253	8 14 20 16
3254	18 15 20 8
3255	17 1 18 16
3256	6 17 3 8
3257	15 3 8 18
3258	18 4 9 3
3259	3 11 1 18
3260	10 5 18 20
3261	14 9 11 7
3262	19 18 3 20
3263	11 19 7 10
3264	17 19 12 2
3265	12 15 1 18
3266	20 1 11 13
3267	8 5 6 2
3268	15 12 2 3
3269	2 3 11 1
3270	4 13 11 7
3271	19 15 1 8
3272	6 14 18 2
3273	2 6 9 8
3274	13 2 9 7
3275	2 18 5 15
3276	5 16 3 14
3277	19 12 6 3
3278	17 11 7 10
3279	14 20 3 1
3280	1 13 4 11
3281	7 4 6 1
3282	2 14 10 6
3283	2 9 10 17
3284	18 4 6 19
3285	16 1 2 19
3286	12 1 3 4
3287	19 1 12 14
3288	19 1 14 10
3289	19 18 13 9
3290	12 1 13 2
3291	16 14 18 20
3292	8 7 18 15
3293	18 11 15 14
3294	19 10 17 11
3295	8 11 20 12
3296	15 8 4 3
3297	18 20 14 15
3298	18 5 15 13
3299	12 4 20 17
3300	19 16 18 5
3301	14 12 7 15
3302	4 17 16 14
3303	13 5 8 3
3304	14 16 15 19
3305	16 20 4 8
3306	13 2 20 3
3307	13 5 20 14
3308	18 15 14 20
3309	17 9 18 16
3310	2 7 20 13
3311	15 3 7 13
3312	16 17 3 11
3313	1 17 6 8
3314	20 6 12 18
3315	1 2 15 16
3316	15 9 6 12
3317	17 4 6 20
3318	5 11 13 20
3319	11 19 10 1
3320	3 14 13 1
3321	12 5 2 19
3322	8 18 3 10
3323	1 15 19 5
3324	19 15 1 6
3325	12 17 18 1
3326	15 6 18 12
3327	4 10 15 20
3328	11 14 2 3
3329	1 3 11 12
3330	19 18 7 6
3331	2 17 18 5
3332	7 19 9 15
3333	18 5 7 20
3334	18 13 9 16
3335	20 4 17 16
3336	18 17 19 6
3337	20 1 11 10
3338	9 7 11 12
3339	5 7 17 3
3340	9 6 15 17
3341	18 17 11 7
3342	12 15 10 4
3343	20 10 2 1
3344	15 10 20 2
3345	4 15 13 17
3346	1 4 10 8
3347	18 15 14 7
3348	11 7 18 17
3349	20 13 12 16
3350	2 13 4 3
3351	6 3 18 15
3352	4 3 1 18
3353	7 15 18 16
3354	20 8 16 6
3355	12 19 3 1
3356	4 17 9 1
3357	2 6 3 8
3358	5 4 11 9
3359	6 17 19 4
3360	13 3 11 14
3361	4 10 6 20
3362	9 7 12 5
3363	14 15 8 10
3364	18 6 13 16
3365	2 1 19 20
3366	4 7 1 11
3367	6 1 18 16
3368	14 10 4 2
3369	15 9 1 7
3370	5 7 19 13
3371	20 1 4 19
3372	9 14 8 17
3373	1 8 9 6
3374	15 1 5 6
3375	16 3 1 13
3376	3 1 16 20
3377	11 6 15 17
3378	5 14 1 18
3379	3 13 15 1
3380	7 20 17 10
3381	15 18 3 16
3382	17 3 15 6
3383	5 14 11 9
3384	9 4 13 1
3385	14 19 4 5
3386	7 6 18 1
3387	16 1 13 6
3388	20 2 4 1
3389	2 18 12 16
3390	16 18 7 9
3391	7 2 15 10
3392	20 1 11 17
3393	18 2 1 20
3394	13 10 7 17
3395	10 20 19 13
3396	19 8 3 12
3397	9 18 19 1
3398	1 19 20 14
3399	12 6 4 10
3400	20 1 7 11
3401	5 12 2 14
3402	19 6 14 10
3403	18 13 17 7
3404	7 20 18 17
3405	6 19 20 16
3406	12 13 8 4
3407	6 7 9 17
3408	14 18 7 13
3409	2 15 17 11
3410	14 13 20 10
3411	19 5 6 17
3412	14 6 3 15
3413	20 4 6 10
3414	12 10 8 5
3415	5 17 7 9
3416	19 16 20 11
3417	15 18 6 7
3418	13 11 14 16
3419	16 17 12 19
3420	1 18 11 7
3421	15 14 19 16
3422	19 7 13 17
3423	9 11 5 19
3424	16 2 6 14
3425	20 12 16 5
3426	4 17 20 18
3427	18 14 13 1
3428	16 18 1 14
3429	10 17 11 7
3430	10 3 7 14
3431	4 17 11 15
3432	9 13 11 3
3433	15 4 18 2
3434	17 14 5 12
3435	5 20 7 13
3436	3 1 11 13
3437	7 18 1 2
3438	12 17 7 18
3439	4 14 3 19
3440	5 14 7 9
3441	10 17 4 6
3442	9 14 19 12
3443	8 15 3 18
3444	3 16 14 9
3445	14 18 8 16
3446	20 10 16 7
3447	8 17 13 3
3448	12 19 10 9
3449	10 13 6 11
3450	5 7 13 12
3451	12 15 10 9
3452	18 7 20 12
3453	12 7 8 5
3454	4 10 15 17
3455	15 9 5 20
3456	20 2 19 15
3457	18 12 3 19
3458	17 11 19 4
3459	18 15 3 8
3460	11 7 5 16
3461	9 3 14 6
3462	7 11 10 9
3463	2 19 1 9
3464	1 18 11 14
3465	3 1 2 19
3466	8 19 17 10
3467	9 8 2 1
3468	4 15 5 9
3469	7 2 4 12
3470	10 12 14 7
3471	5 8 17 4
3472	11 17 18 3
3473	14 7 4 6
3474	11 19 10 2
3475	15 12 20 16
3476	2 4 13 6
3477	6 1 2 20
3478	12 17 11 6
3479	19 6 3 2
3480	5 17 10 3
3481	9 1 2 3
3482	14 13 19 5
3483	15 1 14 10
3484	19 10 18 3
3485	10 15 14 6
3486	7 4 17 15
3487	2 11 18 8
3488	9 20 10 6
3489	8 15 9 13
3490	18 16 7 3
3491	12 6 4 11
3492	13 6 7 1
3493	8 3 19 4
3494	16 13 11 19
3495	5 18 13 7
3496	2 11 16 10
3497	1 19 13 12
3498	12 18 20 19
3499	10 7 19 17
3500	20 1 8 2
3501	2 12 14 19
3502	16 14 9 6
3503	10 14 1 2
3504	11 7 10 20
3505	18 16 7 2
3506	4 17 19 20
3507	19 14 17 7
3508	9 8 4 17
3509	4 8 16 13
3510	4 7 1 19
3511	7 12 19 3
3512	7 15 4 8
3513	2 7 17 11
3514	20 9 5 1
3515	16 11 13 15
3516	1 14 16 7
3517	9 14 11 20
3518	17 14 8 20
3519	13 20 14 2
3520	1 6 20 5
3521	19 13 17 20
3522	15 9 6 1
3523	2 6 5 11
3524	3 16 19 8
3525	7 9 1 3
3526	6 15 16 2
3527	2 1 14 5
3528	19 5 14 3
3529	16 7 6 3
3530	3 7 5 14
3531	8 13 6 11
3532	2 10 8 1
3533	16 1 18 17
3534	5 20 1 12
3535	7 18 10 2
3536	5 8 13 10
3537	8 16 12 1
3538	15 13 20 5
3539	1 16 12 19
3540	3 10 20 15
3541	13 16 14 6
3542	9 7 16 4
3543	3 18 12 11
3544	2 3 11 18
3545	5 19 6 16
3546	15 19 7 11
3547	13 14 19 11
3548	11 10 16 2
3549	16 6 19 8
3550	6 17 10 11
3551	16 6 8 2
3552	11 4 15 10
3553	16 1 20 7
3554	9 11 2 13
3555	15 20 9 2
3556	2 20 13 15
3557	19 7 11 13
3558	2 11 3 20
3559	11 12 4 15
3560	2 16 17 10
3561	15 6 4 19
3562	4 7 5 10
3563	1 18 17 3
3564	16 1 11 7
3565	12 17 11 5
3566	15 20 12 13
3567	2 13 17 19
3568	12 4 1 11
3569	8 11 1 9
3570	3 11 17 4
3571	9 5 16 12
3572	9 16 6 8
3573	12 19 10 6
3574	3 5 11 4
3575	5 8 14 1
3576	16 14 4 2
3577	15 8 13 18
3578	17 4 2 8
3579	14 19 8 5
3580	17 1 5 3
3581	5 19 12 15
3582	10 5 16 20
3583	6 16 15 1
3584	1 17 2 14
3585	8 4 12 15
3586	8 14 4 5
3587	1 15 5 18
3588	5 13 20 17
3589	18 11 1 16
3590	12 5 6 8
3591	18 6 8 12
3592	13 5 8 17
3593	13 18 12 14
3594	17 5 18 1
3595	3 17 12 15
3596	1 7 6 18
3597	14 12 3 1
3598	12 8 5 10
3599	9 6 7 20
3600	19 9 1 5
3601	17 2 3 18
3602	3 20 16 18
3603	8 19 18 20
3604	4 12 6 5
3605	8 9 3 19
3606	19 6 12 13
3607	2 16 14 8
3608	9 12 6 10
3609	1 4 9 14
3610	5 18 13 6
3611	5 6 20 17
3612	5 11 12 7
3613	5 3 20 6
3614	8 11 20 5
3615	2 8 5 7
3616	16 8 10 7
3617	8 10 17 20
3618	5 19 12 11
3619	7 3 15 16
3620	10 6 11 2
3621	16 7 5 1
3622	10 17 5 2
3623	6 1 5 19
3624	11 1 8 4
3625	8 10 17 3
3626	5 18 11 17
3627	20 12 10 8
3628	15 17 2 1
3629	12 7 20 11
3630	4 11 3 1
3631	2 11 10 20
3632	14 19 3 12
3633	19 12 1 2
3634	5 9 16 2
3635	9 8 10 13
3636	10 15 9 11
3637	11 2 17 8
3638	5 2 16 6
3639	11 6 2 3
3640	1 9 15 17
3641	17 3 2 11
3642	15 20 17 14
3643	1 9 16 14
3644	12 3 13 8
3645	12 8 6 3
3646	5 10 1 2
3647	20 4 19 11
3648	3 7 19 18
3649	19 2 12 1
3650	18 10 14 15
3651	13 16 1 19
3652	2 20 15 18
3653	2 14 4 3
3654	16 1 3 14
3655	12 14 5 1
3656	13 9 1 19
3657	6 5 19 2
3658	12 2 6 5
3659	10 15 9 8
3660	1 13 15 5
3661	19 12 5 4
3662	3 14 9 6
3663	13 19 8 1
3664	7 20 19 8
3665	14 7 13 18
3666	19 15 12 7
3667	2 13 11 3
3668	7 6 2 19
3669	11 10 2 20
3670	17 14 18 11
3671	19 15 4 7
3672	5 8 16 6
3673	8 9 11 5
3674	9 6 4 1
3675	18 12 8 11
3676	7 12 13 11
3677	11 8 7 2
3678	18 17 5 2
3679	7 1 2 12
3680	11 13 3 2
3681	13 17 14 9
3682	11 2 3 13
3683	17 12 19 15
3684	4 18 10 11
3685	6 7 14 17
3686	12 20 6 4
3687	17 9 4 16
3688	20 19 5 18
3689	13 4 7 14
3690	8 7 1 10
3691	5 9 4 3
3692	14 11 16 2
3693	11 12 15 8
3694	11 1 6 7
3695	3 13 7 2
3696	7 15 19 12
3697	5 9 15 10
3698	15 16 6 14
3699	19 15 17 6
3700	8 11 10 5
3701	4 12 13 2
3702	20 7 16 4
3703	5 16 4 10
3704	8 2 10 3
3705	4 5 15 17
3706	14 9 11 17
3707	11 8 17 14
3708	7 15 9 10
3709	19 20 3 4
3710	8 16 13 1
3711	5 19 9 18
3712	13 5 19 9
3713	17 10 12 14
3714	5 2 17 6
3715	5 20 18 2
3716	16 19 2 13
3717	3 6 20 10
3718	7 6 10 18
3719	6 15 1 7
3720	18 20 9 1
3721	15 19 1 14
3722	11 1 16 19
3723	2 19 16 1
3724	6 7 8 15
3725	13 1 4 12
3726	2 4 18 5
3727	10 20 19 2
3728	14 18 1 15
3729	6 19 17 4
3730	10 15 12 9
3731	16 8 17 9
3732	19 14 5 8
3733	8 5 6 9
3734	4 5 13 18
3735	13 16 2 14
3736	4 10 13 8
3737	1 14 11 4
3738	17 9 16 14
3739	6 4 17 12
3740	9 8 5 6
3741	15 14 11 13
3742	14 7 15 6
3743	4 6 2 14
3744	20 4 8 3
3745	20 1 15 17
3746	1 17 14 10
3747	14 18 1 10
3748	4 17 7 16
3749	15 10 16 9
3750	9 1 16 11
3751	6 8 2 7
3752	11 10 19 12
3753	20 3 18 12
3754	18 4 9 5
3755	8 18 5 3
3756	8 9 6 18
3757	2 5 18 15
3758	14 11 5 20
3759	16 5 6 10
3760	9 17 11 13
3761	5 15 10 6
3762	10 14 18 16
3763	13 6 17 10
3764	12 3 16 15
3765	2 20 9 11
3766	19 14 3 15
3767	2 11 3 10
3768	7 12 2 17
3769	3 17 10 2
3770	9 15 2 1
3771	6 10 18 20
3772	1 3 6 19
3773	18 14 8 15
3774	6 11 4 8
3775	7 6 17 10
3776	9 14 6 11
3777	3 4 15 13
3778	11 10 7 9
3779	3 20 11 2
3780	17 9 14 1
3781	7 10 5 6
3782	20 3 9 2
3783	2 16 8 9
3784	18 16 2 7
3785	2 16 8 11
3786	2 6 9 10
3787	11 4 9 14
3788	15 9 16 1
3789	10 11 14 8
3790	12 8 2 13
3791	9 17 20 5
3792	10 12 8 1
3793	19 6 7 10
3794	18 12 19 16
3795	14 2 15 13
3796	12 14 3 19
3797	13 8 1 11
3798	4 12 7 20
3799	18 10 1 5
3800	3 7 13 18
3801	4 14 9 7
3802	9 16 14 7
3803	16 8 19 20
3804	4 19 17 10
3805	14 17 8 15
3806	6 4 10 1
3807	4 14 1 16
3808	6 20 12 2
3809	18 20 10 2
3810	17 16 15 12
3811	2 6 8 10
3812	14 13 11 10
3813	7 18 17 8
3814	13 11 12 3
3815	10 14 3 15
3816	10 5 14 20
3817	18 5 13 9
3818	10 16 19 5
3819	16 4 7 5
3820	5 15 10 17
3821	14 20 16 19
3822	13 6 8 4
3823	10 6 17 16
3824	11 6 8 5
3825	1 4 2 7
3826	1 4 11 13
3827	13 1 18 3
3828	6 12 17 7
3829	15 19 8 16
3830	20 5 8 12
3831	20 18 5 1
3832	8 12 20 13
3833	6 14 1 4
3834	13 19 7 9
3835	5 8 14 17
3836	1 11 20 7
3837	11 19 7 13
3838	1 9 15 13
3839	17 4 7 18
3840	6 1 8 16
3841	11 17 14 6
3842	3 18 17 14
3843	8 9 2 16
3844	10 20 11 14
3845	17 15 6 18
3846	7 2 6 13
3847	7 4 16 18
3848	13 9 17 19
3849	17 1 5 16
3850	20 17 18 13
3851	16 12 5 1
3852	10 18 5 2
3853	11 1 18 5
3854	18 3 1 17
3855	17 14 12 5
3856	16 7 14 2
3857	7 5 1 14
3858	11 2 12 7
3859	2 17 3 18
3860	20 17 5 1
3861	3 2 10 19
3862	4 10 12 7
3863	1 15 12 5
3864	17 15 20 10
3865	6 9 11 10
3866	3 5 1 13
3867	6 8 1 17
3868	17 15 14 5
3869	13 11 5 18
3870	2 5 9 11
3871	14 11 7 17
3872	7 13 17 2
3873	15 19 6 3
3874	9 18 15 11
3875	16 3 4 5
3876	17 6 19 9
3877	5 14 1 9
3878	8 4 15 14
3879	9 19 5 2
3880	2 7 20 12
3881	19 2 12 11
3882	18 5 14 17
3883	19 15 5 17
3884	9 6 8 12
3885	8 17 15 3
3886	3 18 6 4
3887	1 17 16 13
3888	14 7 6 20
3889	9 17 7 8
3890	17 13 1 11
3891	20 6 8 11
3892	6 8 17 14
3893	10 3 2 16
3894	17 1 12 18
3895	4 13 1 11
3896	8 9 5 2
3897	7 14 19 17
3898	8 11 2 17
3899	20 8 11 14
3900	12 5 15 18
3901	17 7 19 14
3902	3 20 5 2
3903	17 10 4 8
3904	14 17 12 3
3905	4 12 10 16
3906	16 12 20 18
3907	8 19 18 1
3908	7 3 14 20
3909	19 18 6 2
3910	18 19 7 1
3911	5 3 14 1
3912	8 1 14 7
3913	6 10 20 2
3914	17 3 8 4
3915	9 11 13 14
3916	16 8 19 20
3917	1 7 12 14
3918	14 8 11 9
3919	8 9 5 19
3920	11 15 6 13
3921	10 4 1 2
3922	10 3 8 17
3923	1 14 17 7
3924	7 18 19 1
3925	12 7 2 19
3926	13 15 11 17
3927	11 5 8 14
3928	10 12 9 20
3929	17 15 2 10
3930	1 9 20 16
3931	13 12 11 5
3932	16 2 12 14
3933	14 17 19 18
3934	3 13 11 1
3935	14 7 2 17
3936	14 10 18 2
3937	16 10 18 15
3938	18 11 3 12
3939	8 5 9 10
3940	2 7 9 11
3941	6 5 10 13
3942	7 19 14 13
3943	12 3 6 15
3944	8 16 9 15
3945	19 20 1 13
3946	6 19 1 2
3947	6 5 7 3
3948	15 11 6 10
3949	6 16 9 10
3950	4 8 15 6
3951	8 15 13 1
3952	6 20 10 13
3953	3 16 6 17
3954	13 20 1 10
3955	6 4 20 9
3956	13 3 15 7
3957	13 2 1 4
3958	11 9 15 14
3959	11 10 13 2
3960	18 1 6 10
3961	12 19 6 11
3962	12 16 10 5
3963	20 14 7 5
3964	4 17 11 5
3965	20 1 5 3
3966	2 16 15 18
3967	7 9 15 18
3968	18 1 7 19
3969	6 1 10 11
3970	11 8 13 6
3971	13 16 20 9
3972	10 19 18 3
3973	6 1 17 16
3974	4 8 9 7
3975	3 2 11 6
3976	7 11 19 16
3977	8 13 6 7
3978	13 7 11 15
3979	6 8 5 16
3980	9 6 19 15
3981	2 9 7 1
3982	2 1 9 3
3983	4 1 16 20
3984	6 15 14 13
3985	14 2 9 1
3986	10 4 6 12
3987	10 19 12 2
3988	2 12 6 5
3989	17 16 12 1
3990	10 2 11 5
3991	9 8 14 4
3992	1 10 13 15
3993	3 8 6 20
3994	11 8 9 10
3995	13 15 10 1
3996	18 4 15 16
3997	14 9 12 13
3998	11 6 5 14
3999	14 18 15 19
4000	18 2 10 5
4001	13 6 20 12
4002	12 16 14 15
4003	1 7 9 6
4004	6 16 4 18
4005	15 9 8 3
4006	2 1 14 17
4007	19 3 6 17
4008	2 9 8 18
4009	9 3 19 2
4010	5 20 10 13
4011	2 12 3 13
4012	16 7 18 4
4013	19 8 13 9
4014	15 19 20 12
4015	19 3 9 11
4016	14 9 18 16
4017	19 6 13 7
4018	13 9 7 14
4019	9 3 20 4
4020	18 8 6 3
4021	9 8 20 5
4022	18 15 1 8
4023	19 17 11 6
4024	2 16 7 12
4025	1 8 15 12
4026	16 20 9 12
4027	7 8 3 10
4028	9 7 6 4
4029	9 15 8 16
4030	7 1 10 15
4031	11 15 18 1
4032	16 19 11 14
4033	6 5 10 11
4034	9 1 2 20
4035	17 7 2 5
4036	15 5 9 11
4037	3 9 5 14
4038	4 2 10 16
4039	9 16 4 2
4040	16 1 19 5
4041	3 12 6 18
4042	1 18 15 12
4043	9 18 2 19
4044	6 1 4 17
4045	17 3 1 18
4046	20 4 12 11
4047	3 12 9 14
4048	19 16 2 13
4049	6 19 1 9
4050	16 14 19 4
4051	17 8 2 15
4052	5 11 12 16
4053	19 1 8 4
4054	17 14 20 4
4055	9 19 10 16
4056	7 1 5 15
4057	5 12 10 13
4058	11 19 17 18
4059	9 18 15 17
4060	12 18 2 13
4061	3 16 15 12
4062	14 5 10 6
4063	4 17 20 10
4064	3 18 15 10
4065	6 1 9 7
4066	15 5 14 18
4067	9 12 4 15
4068	9 7 19 14
4069	4 11 10 8
4070	19 11 16 3
4071	10 13 9 4
4072	10 17 4 9
4073	16 8 15 4
4074	10 9 2 17
4075	15 2 19 13
4076	8 19 4 17
4077	13 1 11 10
4078	2 14 5 15
4079	13 1 14 12
4080	6 8 1 2
4081	4 17 13 3
4082	20 17 19 8
4083	20 2 1 3
4084	7 20 2 9
4085	1 15 6 12
4086	20 18 19 16
4087	7 12 11 17
4088	12 14 20 5
4089	14 2 4 11
4090	16 5 9 8
4091	16 1 11 17
4092	12 10 19 1
4093	20 12 17 3
4094	6 9 2 15
4095	11 12 2 14
4096	20 9 3 15
4097	12 16 13 10
4098	3 15 11 9
4099	8 11 19 3
4100	4 13 15 3
4101	20 8 2 15
4102	1 13 14 17
4103	14 19 5 1
4104	20 5 8 10
4105	5 3 4 1
4106	8 10 19 4
4107	6 5 20 11
4108	2 8 1 14
4109	6 1 7 4
4110	13 1 5 3
4111	16 6 19 8
4112	7 17 15 19
4113	5 19 3 4
4114	8 12 7 10
4115	19 20 15 12
4116	18 7 16 6
4117	15 9 8 12
4118	20 1 4 17
4119	2 8 13 9
4120	13 5 4 14
4121	11 16 3 19
4122	3 15 9 5
4123	14 12 1 5
4124	13 7 18 10
4125	20 7 14 10
4126	13 14 20 5
4127	12 11 16 13
4128	20 16 10 5
4129	16 19 4 13
4130	9 20 2 17
4131	1 8 14 4
4132	20 9 11 16
4133	7 9 12 4
4134	13 17 4 1
4135	20 8 6 16
4136	17 14 7 13
4137	15 20 6 17
4138	18 14 11 3
4139	9 7 2 18
4140	13 11 9 19
4141	1 10 16 18
4142	4 15 20 16
4143	9 12 4 10
4144	12 6 3 7
4145	16 11 7 12
4146	4 13 14 8
4147	17 8 16 14
4148	15 20 17 9
4149	3 20 6 8
4150	5 6 4 18
4151	11 4 20 12
4152	20 7 5 13
4153	16 4 18 9
4154	16 4 8 5
4155	11 10 20 14
4156	18 9 5 2
4157	20 5 7 10
4158	18 9 3 1
4159	13 19 7 8
4160	11 19 5 2
4161	16 13 12 6
4162	16 19 7 13
4163	15 20 12 16
4164	20 10 5 9
4165	9 6 5 3
4166	13 15 10 17
4167	4 10 2 5
4168	18 13 6 8
4169	11 17 1 16
4170	4 13 3 8
4171	1 19 9 15
4172	12 10 19 17
4173	2 9 6 20
4174	2 10 4 8
4175	2 13 17 4
4176	7 11 3 14
4177	19 9 5 11
4178	17 20 11 6
4179	3 10 17 4
4180	20 7 12 19
4181	14 15 6 9
4182	3 2 13 9
4183	3 9 20 17
4184	13 1 5 9
4185	4 8 2 6
4186	9 14 4 3
4187	6 19 14 20
4188	11 16 12 8
4189	8 15 4 6
4190	10 15 20 8
4191	7 2 8 14
4192	12 20 3 9
4193	3 18 19 7
4194	2 7 16 18
4195	20 16 14 18
4196	14 17 2 15
4197	17 16 19 5
4198	15 2 16 8
4199	14 16 15 11
4200	5 16 1 12
4201	20 7 3 9
4202	4 14 6 8
4203	18 13 19 14
4204	7 5 3 2
4205	16 15 7 8
4206	5 7 9 18
4207	14 1 10 9
4208	18 3 8 16
4209	11 2 16 1
4210	1 11 20 18
4211	20 5 16 7
4212	10 19 4 14
4213	5 9 2 19
4214	11 5 2 8
4215	8 6 3 16
4216	20 7 9 10
4217	17 8 5 1
4218	1 17 9 6
4219	20 1 16 12
4220	13 17 11 20
4221	17 19 9 5
4222	9 7 11 4
4223	8 9 14 11
4224	13 10 17 8
4225	2 14 12 5
4226	8 14 2 12
4227	17 11 12 7
4228	4 5 15 9
4229	16 17 8 5
4230	3 12 10 6
4231	7 1 19 5
4232	2 16 17 9
4233	11 6 15 10
4234	9 2 7 1
4235	5 10 1 2
4236	19 1 16 9
4237	3 16 12 1
4238	8 13 11 9
4239	15 18 8 7
4240	9 19 4 18
4241	15 14 10 9
4242	3 20 6 16
4243	18 17 9 8
4244	10 15 19 8
4245	17 20 12 8
4246	1 8 3 13
4247	6 4 12 11
4248	19 15 17 18
4249	18 13 12 2
4250	1 5 16 6
4251	19 16 20 6
4252	2 10 14 12
4253	17 8 19 2
4254	16 6 10 8
4255	4 5 16 18
4256	20 1 17 12
4257	7 9 3 12
4258	16 13 1 7
4259	18 7 3 6
4260	19 8 5 4
4261	12 11 17 1
4262	8 1 14 2
4263	6 9 15 17
4264	18 17 7 9
4265	19 12 7 5
4266	2 3 16 5
4267	8 14 15 13
4268	1 9 15 7
4269	16 19 17 11
4270	15 5 6 9
4271	12 4 18 17
4272	19 15 11 7
4273	15 13 6 14
4274	11 13 17 12
4275	12 1 16 4
4276	18 17 19 20
4277	5 15 12 8
4278	9 5 2 10
4279	4 8 19 10
4280	20 8 16 18
4281	5 12 19 15
4282	14 15 1 19
4283	11 14 5 10
4284	11 9 15 7
4285	2 3 10 20
4286	16 5 4 20
4287	4 18 16 2
4288	15 17 11 9
4289	12 9 11 2
4290	20 8 3 9
4291	3 6 20 14
4292	19 14 16 7
4293	16 4 8 15
4294	4 5 19 10
4295	12 9 19 1
4296	1 2 14 9
4297	12 11 3 20
4298	4 6 9 12
4299	9 19 3 16
4300	11 1 7 20
4301	5 10 6 12
4302	12 19 9 13
4303	19 4 2 8
4304	7 19 6 10
4305	13 19 17 1
4306	7 4 12 20
4307	14 19 11 17
4308	19 17 18 15
4309	13 20 19 9
4310	1 6 5 2
4311	17 15 18 16
4312	3 11 7 2
4313	3 10 9 5
4314	10 17 13 1
4315	19 6 2 16
4316	13 2 10 14
4317	4 9 20 6
4318	6 16 20 11
4319	4 3 6 20
4320	9 6 13 5
4321	18 7 10 11
4322	5 18 10 15
4323	1 20 9 2
4324	11 16 12 2
4325	8 1 17 10
4326	16 15 10 20
4327	19 12 20 8
4328	6 4 11 7
4329	18 5 15 19
4330	7 5 9 1
4331	19 5 6 16
4332	5 2 1 8
4333	17 6 16 5
4334	2 9 3 1
4335	11 12 5 7
4336	5 7 12 15
4337	18 13 7 9
4338	14 1 16 2
4339	14 4 10 5
4340	2 20 6 7
4341	19 1 6 20
4342	17 5 10 13
4343	8 10 19 14
4344	16 10 18 1
4345	16 20 15 10
4346	17 18 1 13
4347	17 15 10 3
4348	1 5 10 20
4349	6 14 18 2
4350	14 10 17 12
4351	16 14 8 5
4352	11 12 7 8
4353	16 17 6 19
4354	11 10 2 3
4355	12 3 15 2
4356	4 1 2 16
4357	15 5 13 6
4358	18 7 2 8
4359	7 9 8 20
4360	14 3 4 19
4361	11 18 3 14
4362	3 4 10 11
4363	10 19 14 16
4364	1 11 10 2
4365	16 15 17 11
4366	7 9 10 5
4367	8 6 20 3
4368	7 14 2 5
4369	8 4 17 15
4370	13 1 4 16
4371	7 20 15 18
4372	14 5 19 2
4373	12 16 14 3
4374	14 12 13 1
4375	13 12 11 17
4376	1 19 11 3
4377	17 3 4 20
4378	1 15 7 4
4379	19 14 10 16
4380	8 10 14 17
4381	6 9 19 17
4382	15 18 10 19
4383	13 16 9 7
4384	16 1 12 13
4385	12 11 1 8
4386	19 14 4 18
4387	12 20 18 5
4388	14 15 9 8
4389	4 8 17 3
4390	10 5 12 11
4391	13 7 1 5
4392	15 3 16 1
4393	4 7 18 16
4394	2 13 11 18
4395	7 11 10 4
4396	12 18 16 4
4397	14 20 10 19
4398	14 3 2 7
4399	20 16 11 9
4400	8 14 7 19
4401	4 8 17 1
4402	18 3 20 12
4403	5 12 2 8
4404	6 2 7 8
4405	5 10 13 4
4406	19 18 20 9
4407	4 2 1 18
4408	11 2 15 13
4409	9 3 5 18
4410	20 10 15 9
4411	8 5 4 11
4412	5 13 12 20
4413	11 4 2 12
4414	20 13 4 18
4415	17 16 15 20
4416	20 12 15 2
4417	15 7 4 14
4418	20 18 3 6
4419	19 2 13 4
4420	8 7 3 5
4421	17 7 12 18
4422	6 7 3 10
4423	18 4 20 9
4424	13 4 20 2
4425	13 14 3 16
4426	6 14 4 18
4427	1 4 15 19
4428	15 2 13 11
4429	4 9 12 7
4430	10 5 1 17
4431	6 20 8 10
4432	13 9 11 3
4433	16 12 2 1
4434	7 19 16 10
4435	12 4 15 2
4436	18 15 10 7
4437	17 6 12 2
4438	3 14 4 5
4439	6 4 12 13
4440	3 9 8 15
4441	14 17 3 7
4442	11 20 9 8
4443	20 19 12 6
4444	19 12 4 13
4445	18 12 15 20
4446	3 4 5 8
4447	4 11 6 13
4448	4 11 12 9
4449	3 19 4 10
4450	1 16 11 13
4451	6 17 13 16
4452	12 6 4 8
4453	2 14 16 1
4454	17 15 20 7
4455	19 20 10 9
4456	19 4 13 12
4457	1 15 5 6
4458	14 8 17 18
4459	6 8 19 1
4460	10 19 7 8
4461	18 15 19 9
4462	14 18 10 8
4463	6 11 14 17
4464	2 6 12 17
4465	2 5 1 11
4466	2 20 13 11
4467	13 18 14 9
4468	19 11 14 12
4469	11 10 18 6
4470	17 19 8 9
4471	7 11 20 6
4472	15 10 5 16
4473	5 11 6 19
4474	20 6 18 5
4475	19 9 2 18
4476	7 16 3 15
4477	16 9 19 15
4478	8 13 11 6
4479	15 4 19 5
4480	1 8 3 15
4481	1 2 12 6
4482	9 8 20 14
4483	14 7 15 10
4484	17 5 8 2
4485	13 8 17 4
4486	8 18 17 6
4487	9 6 13 1
4488	7 18 8 20
4489	7 19 17 20
4490	7 8 4 6
4491	18 1 17 2
4492	6 16 18 3
4493	18 14 12 17
4494	4 12 3 11
4495	19 9 15 7
4496	19 2 9 7
4497	20 3 15 12
4498	6 17 2 14
4499	12 15 3 16
4500	13 7 4 3
