Students	1000
1	1701 908 247 1139
2	1268 735 912 879
3	391 1420 1846 602
4	1493 190 1944 470
5	294 562 1599 934
6	1974 967 642 1196
7	436 512 871 1285
8	1537 1329 862 555
9	447 1193 1281 214
10	1951 1469 958 497
11	654 1643 1082 94
12	897 1627 1148 1643
13	780 278 853 470
14	382 922 1651 1022
15	1140 1355 822 706
16	843 1586 954 202
17	1909 412 839 1232
18	1106 1394 1822 619
19	760 700 386 1941
20	406 1998 1545 37
21	991 1699 1838 1933
22	747 598 303 603
23	1097 1713 1659 638
24	17 944 1501 735
25	676 1218 1224 620
26	487 981 474 249
27	561 137 1484 843
28	1596 643 1038 493
29	1088 575 1872 60
30	230 281 1042 1078
31	1542 644 1482 1094
32	122 1977 271 1776
33	1996 975 1857 283
34	442 624 866 601
35	1987 1271 1496 103
36	167 1063 1739 693
37	775 1824 580 1095
38	1395 1777 393 1689
39	1292 305 377 1611
40	1422 716 16 1520
41	315 1329 1248 601
42	92 653 764 225
43	881 1330 282 1714
44	1708 149 1717 280
45	1500 55 177 281
46	1621 1681 184 212
47	366 681 1207 449
48	493 778 1731 1788
49	1388 947 1843 1653
50	207 1121 1596 1988
51	660 13 922 1920
52	406 460 1999 1086
53	730 1763 1135 67
54	1701 949 265 1733
55	1934 1225 31 1768
56	778 1037 1652 673
57	959 414 762 1666
58	1785 394 303 902
59	796 1460 327 1255
60	1696 530 1834 1451
61	1285 183 237 50
62	637 1746 1743 782
63	1580 409 1158 1774
64	1590 1827 1029 1791
65	1017 293 1416 1693
66	1315 1519 202 1807
67	1119 640 984 54
68	1862 226 1211 1651
69	761 1813 7 1638
70	1630 590 1721 1816
71	893 194 1832 855
72	556 688 1643 1133
73	616 1360 1011 1518
74	1743 1391 1852 1906
75	934 1149 833 451
76	1582 132 1634 1427
77	4 1598 534 443
78	270 784 545 1050
79	365 409 1550 679
80	509 653 90 519
81	266 1988 924 1783
82	132 1698 934 1146
83	1964 1421 278 1844
84	415 1984 161 613
85	1664 1778 663 1400
86	1917 1136 560 648
87	626 51 1018 1279
88	1827 74 1822 651
89	901 1706 976 1350
90	1016 666 133 1460
91	116 360 1329 837
92	1237 1132 1693 1867
93	1822 1397 1586 1613
94	1276 1969 1373 253
95	987 488 1732 1110
96	1215 978 1935 772
97	405 1918 578 878
98	449 586 30 1852
99	1055 1381 1881 665
100	1620 57 524 503
101	1681 1486 1801 1923
102	1172 1419 625 885
103	305 1590 1194 1083
104	1928 976 1735 1924
105	724 787 1763 1636
106	1753 132 5 336
107	613 1864 120 1091
108	1159 1907 154 425
109	330 899 463 208
110	1515 1021 1269 175
111	1175 1763 767 1577
112	450 1702 39 803
113	532 1281 1101 542
114	1954 470 140 1729
115	1011 1025 62 1779
116	1740 1091 347 1163
117	1574 1819 116 1411
118	1468 1592 355 1958
119	438 901 1153 1427
120	609 792 251 1229
121	480 1388 1497 420
122	1921 153 1137 295
123	1897 1200 1235 146
124	1758 1901 464 1009
125	1848 1928 1805 1285
126	1798 388 328 1220
127	1003 1254 512 1887
128	143 405 190 199
129	11 1489 868 495
130	1198 1803 1244 235
131	1215 1545 1478 690
132	1278 174 36 1258
133	183 238 1572 876
134	439 567 1829 1389
135	3 1206 211 568
136	704 1280 1673 1560
137	739 1898 712 107
138	526 1594 1181 1038
139	888 1142 1888 791
140	1140 998 1610 545
141	1252 1589 1338 725
142	234 1927 1004 984
143	259 970 1202 363
144	317 1336 859 269
145	1413 1565 1548 653
146	1070 507 82 676
147	318 533 887 1995
148	1012 1452 843 288
149	491 807 1164 1800
150	1880 1944 321 615
151	71 1195 38 334
152	1277 1804 349 263
153	1434 950 247 757
154	1332 386 1444 1653
155	714 655 430 1770
156	1387 1388 856 231
157	277 1536 1894 151
158	1072 88 1901 1329
159	327 1493 1522 1584
160	496 1909 50 927
161	1957 47 246 1666
162	766 1781 76 909
163	1235 196 1346 740
164	527 1250 1852 1091
165	192 719 1187 300
166	834 442 344 1313
167	1934 1868 983 1106
168	1290 1077 1784 1166
169	1551 585 1638 1873
170	1085 575 1066 565
171	1956 364 805 394
172	1346 1937 980 1301
173	340 1755 1925 344
174	52 1594 77 1950
175	565 73 1194 605
176	1616 1698 671 76
177	1444 1385 150 1963
178	261 409 1751 535
179	652 69 924 274
180	1249 1694 1467 861
181	753 1319 8 1798
182	1197 832 200 219
183	1732 1870 910 1297
184	1755 1407 252 1219
185	1319 1889 7 692
186	228 1884 1692 1977
187	404 517 1504 1637
188	1907 1056 6 1284
189	1850 837 527 1157
190	247 1621 1843 455
191	1176 1211 54 1688
192	432 1929 389 1497
193	702 844 1668 1287
194	1275 1566 1664 599
195	1025 225 1900 597
196	1979 823 1396 651
197	980 1636 1328 185
198	1806 1368 1031 453
199	1579 1329 523 1326
200	394 1439 905 1628
201	899 1155 1458 977
202	131 1767 645 821
203	1307 1442 1023 1742
204	1787 73 1446 761
205	23 752 949 1934
206	411 483 57 931
207	593 1747 1634 1532
208	423 1477 1995 1227
209	522 1902 73 745
210	752 124 1822 1784
211	1085 991 473 1223
212	923 1218 1136 1386
213	1078 401 1951 1486
214	1041 1719 363 1338
215	1193 196 1200 103
216	798 1399 388 1485
217	1573 523 971 311
218	801 1965 600 208
219	126 516 1812 327
220	1815 1097 1033 629
221	1198 123 619 423
222	1821 811 1928 1019
223	1348 451 1240 1000
224	1205 1358 265 450
225	1101 154 1648 1341
226	823 460 1613 1110
227	836 1158 963 524
228	228 1110 965 375
229	1221 577 55 26
230	1917 1399 162 725
231	17 1081 1321 2
232	86 840 1945 1910
233	1435 1141 790 1882
234	1112 1566 1758 1368
235	1785 1626 740 985
236	1715 1390 1958 1858
237	1650 9 1654 194
238	1628 1238 1312 1485
239	456 108 534 1348
240	439 1723 1317 879
241	1978 1709 322 1021
242	1280 759 221 1135
243	1060 697 519 1589
244	1015 10 1423 315
245	615 382 1955 1098
246	1679 702 1375 1815
247	1853 590 1099 343
248	1061 886 1037 681
249	1579 805 1319 777
250	1518 557 521 106
251	425 1128 38 390
252	1388 236 608 1751
253	905 170 1883 554
254	698 575 1513 294
255	285 106 610 953
256	235 1352 479 641
257	472 91 820 212
258	548 1827 1557 1643
259	1318 1971 324 577
260	910 818 1300 804
261	1061 815 1372 127
262	1900 129 985 479
263	1985 1166 1908 1368
264	867 974 1448 1369
265	788 116 513 774
266	1279 1887 665 1741
267	1653 318 764 1898
268	696 312 797 706
269	1553 1850 364 963
270	1959 497 580 1180
271	1940 1526 1582 543
272	63 1652 646 660
273	629 1641 303 1865
274	1152 392 1680 1852
275	452 1446 1299 1568
276	82 451 123 353
277	1018 1683 1203 340
278	1077 326 1557 1083
279	804 1424 115 721
280	153 100 1898 976
281	725 1131 1770 1633
282	181 16 1013 560
283	1295 387 754 1652
284	1745 1552 511 1472
285	1567 1050 1399 1953
286	1250 727 1104 721
287	1134 727 654 925
288	161 1144 1140 1546
289	652 1415 506 1995
290	1691 913 722 1104
291	1587 1904 306 1921
292	1770 957 1141 891
293	172 125 1785 924
294	1725 509 1286 808
295	1941 991 1413 428
296	724 563 1156 63
297	1623 507 328 883
298	753 1977 1610 1759
299	651 1888 1077 1188
300	1666 1522 1135 911
301	1111 302 1052 538
302	661 708 522 1910
303	569 1438 710 1209
304	1445 465 1078 977
305	849 1588 388 721
306	1308 1885 1310 63
307	1633 1160 860 122
308	1321 1135 813 779
309	497 1635 1666 1702
310	1973 1398 549 476
311	888 1842 1643 371
312	1705 209 1647 1395
313	472 1158 151 121
314	993 931 396 1898
315	241 699 989 533
316	1905 284 1198 259
317	1861 946 169 136
318	383 1796 1912 224
319	812 1340 1386 1546
320	1912 1857 1225 1583
321	66 349 1269 1811
322	659 649 1490 418
323	1286 1270 326 141
324	1720 655 793 315
325	1821 1593 868 289
326	1659 653 950 1867
327	130 140 132 271
328	196 1174 1569 1065
329	1709 402 1326 1792
330	1585 224 381 1839
331	62 483 1392 1813
332	1997 1770 601 1883
333	812 1906 1894 981
334	1053 1935 1293 202
335	1669 1161 656 346
336	1554 1160 362 1331
337	628 1308 476 716
338	1387 695 152 1071
339	1532 247 1627 285
340	1627 675 416 1751
341	1890 1286 660 1768
342	930 797 871 1545
343	766 572 1520 164
344	432 1129 1501 137
345	410 613 1956 492
346	1621 1943 1317 202
347	339 1655 785 1355
348	1856 1648 1361 542
349	601 965 1687 1041
350	598 839 1423 515
351	66 257 907 16
352	1763 313 144 414
353	1783 1390 1484 1119
354	87 1472 956 842
355	645 271 1454 552
356	1906 965 1688 1795
357	931 434 1823 846
358	1330 1657 1522 1179
359	641 1186 88 1381
360	1439 1025 1513 777
361	1976 370 547 749
362	820 1974 1874 1307
363	776 840 1721 289
364	555 1691 840 1148
365	314 536 1839 1433
366	1582 1677 99 1536
367	425 704 1523 1181
368	1239 341 460 630
369	1635 1240 558 1970
370	783 690 750 1665
371	1696 405 962 483
372	659 1520 766 625
373	719 217 1415 530
374	1405 1287 1487 365
375	973 733 592 24
376	1194 1337 781 885
377	325 107 909 1320
378	252 1555 311 1623
379	305 842 1763 1656
380	1613 647 1490 1023
381	805 1946 495 342
382	1052 1249 956 1415
383	1539 1886 1964 1416
384	401 853 1299 1269
385	1587 121 1897 1028
386	1897 1132 499 279
387	547 1807 982 1516
388	764 684 1949 1399
389	141 798 43 1284
390	789 1407 1775 1950
391	1475 501 1591 950
392	1283 805 1695 1238
393	579 267 1541 1979
394	1557 1338 1654 713
395	1346 1100 937 7
396	770 1610 1079 662
397	508 203 1166 1430
398	884 675 763 650
399	1949 1581 1345 476
400	292 33 1107 1498
401	1279 1316 1276 906
402	1716 1958 706 435
403	359 1440 1725 1840
404	1901 1765 163 262
405	1259 1353 1629 701
406	808 1329 1367 1853
407	1987 655 1277 242
408	59 1684 474 1117
409	258 1947 1529 811
410	664 1943 1366 686
411	550 656 1686 1506
412	282 1884 1437 989
413	1754 1278 750 762
414	624 571 1227 1160
415	1826 1549 517 19
416	1989 1140 1650 1247
417	30 25 187 1608
418	366 509 1337 1586
419	589 291 984 1750
420	1090 160 1949 860
421	1873 588 1677 1666
422	1571 393 1267 1385
423	602 1073 1805 193
424	300 1482 272 445
425	964 52 934 2000
426	15 1012 1521 140
427	58 1617 1331 539
428	1692 1359 1686 1122
429	1583 1875 49 211
430	843 731 1285 1857
431	1341 1621 648 1842
432	510 1495 1378 592
433	774 1771 485 1571
434	285 620 245 87
435	496 76 841 1496
436	1724 967 945 1345
437	591 1775 40 1026
438	1568 897 1049 76
439	289 687 123 784
440	1366 1208 795 421
441	573 946 1689 120
442	1283 771 1481 610
443	1248 1117 1019 813
444	1123 1375 1978 627
445	1059 1709 785 1384
446	974 312 1909 718
447	1546 288 301 604
448	1223 1979 1279 1639
449	502 1296 1528 1206
450	1188 1421 93 891
451	1142 461 875 1641
452	1100 1109 1878 1889
453	389 269 189 748
454	1762 1525 1908 994
455	28 1316 1306 1658
456	1861 115 409 656
457	1925 599 989 930
458	594 82 1068 1518
459	989 1777 1182 959
460	1056 93 1734 281
461	1085 283 1119 32
462	1661 513 1404 1357
463	1750 1786 1014 1055
464	755 1029 1248 911
465	1199 1961 1821 940
466	1541 646 1778 1748
467	1893 768 1860 1914
468	452 1953 1044 688
469	676 1536 980 1595
470	190 1285 204 567
471	426 10 377 606
472	787 944 752 806
473	12 1241 1181 661
474	247 1002 235 1617
475	393 675 1492 640
476	613 362 376 1332
477	718 159 1670 966
478	1606 1757 1201 98
479	1395 1684 1383 1767
480	399 1127 945 232
481	1288 1651 1156 1756
482	531 439 357 1902
483	1420 193 1977 559
484	1487 424 1300 481
485	1859 1680 922 1285
486	1055 1936 1517 908
487	1855 1883 648 539
488	1203 1669 1846 708
489	1670 510 165 1807
490	935 1840 1245 939
491	69 803 1314 1149
492	343 93 567 1258
493	1981 739 28 1478
494	913 1374 163 1548
495	436 976 1640 1361
496	23 1799 1156 111
497	1564 1170 1257 233
498	539 1662 1466 1287
499	1203 515 1517 196
500	1418 634 1549 1551
501	408 468 943 1159
502	323 924 1193 635
503	1072 1453 541 969
504	388 1740 1705 1015
505	1765 1102 277 1419
506	468 711 1342 1244
507	1869 1031 665 518
508	1504 1123 1943 25
509	1182 535 1777 1251
510	933 1780 1381 666
511	214 665 733 1235
512	476 1104 1654 1627
513	1637 1145 924 90
514	105 700 249 223
515	1535 1312 84 168
516	492 1989 723 1238
517	419 852 1661 1347
518	1819 807 1392 193
519	347 479 924 1987
520	491 827 454 329
521	1884 924 1688 1894
522	988 1597 1924 966
523	1148 572 1663 1115
524	1846 588 1355 851
525	723 1946 9 779
526	613 1160 1471 1340
527	836 849 1905 795
528	499 1635 1564 815
529	869 1425 1671 224
530	1407 767 778 1619
531	16 1672 301 1397
532	32 1820 272 1950
533	1680 998 1147 434
534	1820 1193 637 1678
535	1091 299 938 744
536	1696 65 931 838
537	1525 1742 293 264
538	696 898 219 658
539	1507 1942 487 1754
540	1893 788 1600 1461
541	1418 538 1342 281
542	1337 652 377 1454
543	1050 317 778 1180
544	133 1007 219 1549
545	1817 982 1873 1255
546	223 1716 1980 1664
547	565 406 17 1738
548	962 492 1151 1671
549	236 812 1196 1629
550	156 1168 1864 1159
551	1985 670 329 427
552	1877 1800 1805 449
553	1788 334 105 1994
554	69 494 1458 946
555	53 427 1833 296
556	1729 1561 663 1849
557	1307 811 439 1117
558	276 26 1665 465
559	624 628 1929 1491
560	625 854 525 929
561	168 309 1405 560
562	408 343 58 1026
563	914 762 1010 1833
564	844 1030 1306 972
565	1449 962 93 1424
566	1800 231 971 1499
567	1601 1103 276 1735
568	757 1827 1185 1424
569	1559 137 148 1264
570	581 1299 1548 967
571	1147 39 1863 750
572	277 1148 1446 541
573	969 482 1025 1707
574	232 1863 1326 1474
575	1220 704 1973 1525
576	839 323 822 1161
577	1182 326 787 1822
578	862 1193 1417 552
579	614 1637 193 1461
580	1412 1235 1659 519
581	1570 404 1882 767
582	968 1720 1866 1676
583	1537 702 721 865
584	567 143 730 1514
585	205 1398 1850 1766
586	1925 1316 246 1324
587	656 1987 1666 881
588	1089 1565 11 1348
589	1338 1256 1404 1943
590	1983 244 1071 1795
591	1774 1916 1138 996
592	160 67 1241 1950
593	631 1774 826 1066
594	1001 1869 85 1463
595	1537 1289 1320 396
596	602 304 593 1086
597	1795 412 131 725
598	1712 749 15 611
599	37 502 205 1982
600	1201 182 263 1593
601	762 1829 933 1993
602	1734 199 835 1530
603	705 1635 1210 309
604	622 471 313 631
605	18 103 477 106
606	1128 1925 134 32
607	370 1672 1354 1266
608	1909 740 574 1375
609	235 1118 760 1201
610	728 836 1641 50
611	875 1554 1187 1759
612	1088 1950 944 60
613	836 1096 202 649
614	1016 639 493 1483
615	120 308 187 204
616	1879 566 881 1796
617	1622 1751 1807 1032
618	1798 304 295 1955
619	930 1966 1799 1118
620	1024 1536 1436 1059
621	94 1033 259 286
622	1437 21 1568 1648
623	621 1507 824 1577
624	1244 1992 1627 1282
625	1607 949 896 1061
626	904 1731 1636 874
627	646 552 342 1868
628	1315 19 1480 457
629	1983 434 20 842
630	395 1845 530 557
631	209 30 1885 1078
632	1301 1345 565 149
633	726 1748 466 851
634	790 248 1977 275
635	230 1542 1027 952
636	1420 1311 1333 1867
637	1451 1371 897 290
638	692 189 1044 1038
639	542 1668 1109 1776
640	1572 1961 1085 1164
641	687 882 1757 949
642	316 167 516 462
643	1692 1907 289 598
644	1032 610 895 424
645	669 1794 1334 1725
646	1985 1395 564 503
647	1255 1523 1600 558
648	310 745 296 1709
649	250 817 1873 1095
650	1483 965 779 417
651	1018 975 231 627
652	1689 600 1056 1621
653	584 534 189 68
654	1034 1308 151 103
655	1928 202 709 1544
656	1457 1269 1873 548
657	686 958 1725 672
658	1154 1040 1049 1503
659	184 455 1190 230
660	1322 696 288 1256
661	531 1959 1494 1500
662	1144 814 1785 219
663	369 925 548 1483
664	1042 408 658 194
665	1799 1017 1860 371
666	472 266 820 8
667	1973 1880 450 228
668	754 324 1500 1471
669	917 1303 1600 620
670	1809 660 194 1320
671	232 547 1137 123
672	28 1515 18 1878
673	1523 1544 1178 87
674	974 336 246 1549
675	623 459 74 804
676	1141 1241 153 1901
677	1980 1654 1708 322
678	1545 562 187 1155
679	940 1495 1187 558
680	595 1138 960 120
681	90 622 1517 45
682	395 1890 1609 321
683	1292 345 879 1715
684	1361 1893 632 917
685	1614 1605 778 1416
686	917 1612 493 1314
687	941 1617 1508 550
688	886 270 8 1901
689	1764 1731 1139 142
690	1175 1437 1785 207
691	1342 320 1539 1976
692	347 818 1868 1974
693	1264 572 1820 958
694	771 962 1115 131
695	1272 949 55 1831
696	1178 1146 837 1437
697	1148 1768 85 530
698	653 1064 725 443
699	890 1822 27 1363
700	77 1232 64 895
701	779 575 315 650
702	1801 1182 935 455
703	390 1610 379 514
704	570 657 1552 1062
705	239 417 414 1965
706	1930 938 841 504
707	1794 959 1370 1233
708	1733 1674 1262 28
709	897 1570 1958 413
710	1631 317 665 1705
711	1299 1089 671 773
712	793 368 660 991
713	608 347 78 631
714	559 988 1627 415
715	933 148 685 1503
716	370 1128 384 1849
717	359 562 1975 45
718	1812 507 1823 1461
719	998 1490 914 1185
720	913 1462 338 1100
721	814 1244 1149 1836
722	911 1991 768 614
723	1701 188 1429 563
724	640 1169 1737 1385
725	1331 364 1319 665
726	1415 1488 790 240
727	1193 1465 248 294
728	1834 686 509 823
729	1955 525 70 1417
730	1249 130 1926 473
731	1749 1248 1895 1699
732	863 1932 1976 751
733	1348 1050 773 1727
734	358 627 1485 810
735	312 1534 934 367
736	1748 1467 1222 1023
737	129 1427 1811 1531
738	793 169 1952 1509
739	139 1767 771 105
740	1659 289 64 474
741	1618 1545 651 1418
742	820 323 1381 675
743	750 1923 510 1245
744	1165 1088 38 718
745	442 668 806 28
746	1162 977 953 1406
747	1936 1488 1152 1825
748	614 278 1325 1875
749	1988 1601 218 1253
750	1966 1909 867 1897
751	33 1043 927 638
752	475 626 11 1384
753	184 983 112 516
754	1610 61 207 1868
755	1196 1626 45 1659
756	1999 798 612 1531
757	1572 1153 1844 1859
758	940 1064 972 1221
759	897 1596 1663 1874
760	1060 647 1276 1817
761	164 1548 1799 123
762	1043 112 927 1283
763	1378 1165 344 995
764	513 1555 1562 806
765	45 54 873 962
766	1158 1732 425 1535
767	1277 1317 1811 85
768	933 1659 1236 581
769	1210 1284 1563 1952
770	1830 543 888 1212
771	166 292 279 599
772	77 271 965 1448
773	601 1201 233 563
774	891 1549 1083 1637
775	1212 1345 147 1839
776	1924 322 354 1011
777	833 49 566 1232
778	405 1057 1892 1700
779	1706 1961 1352 1346
780	656 146 1224 260
781	1575 36 762 315
782	1130 1781 698 1335
783	1665 1232 169 1221
784	1401 418 541 1797
785	1062 702 1507 164
786	1653 202 1093 404
787	1258 591 1737 1898
788	132 582 1927 1840
789	1729 1435 264 90
790	1746 761 41 854
791	257 1584 1118 1359
792	1532 1574 1149 133
793	428 1064 1914 468
794	90 1946 1173 539
795	1261 898 162 322
796	208 164 1512 393
797	204 981 294 745
798	936 1847 1379 1578
799	910 1325 1973 389
800	1087 747 1565 438
801	1127 747 1666 612
802	826 1258 361 653
803	1812 1857 1271 665
804	1352 893 37 1610
805	129 1609 1662 83
806	960 876 1300 1100
807	416 613 1423 875
808	774 1470 1410 1647
809	342 1882 1738 755
810	1323 1694 1318 1212
811	558 797 1457 1781
812	687 54 1619 905
813	650 1675 1003 1167
814	130 889 1599 904
815	368 816 1667 1122
816	1844 1330 73 722
817	714 1178 364 942
818	1991 1862 1015 1009
819	633 176 1179 1485
820	1133 577 11 141
821	245 95 860 1306
822	1813 264 532 1236
823	1448 1083 1209 1898
824	302 1399 839 1037
825	1088 1307 1545 1272
826	674 549 420 250
827	1226 1731 1658 292
828	1497 1162 1924 268
829	147 827 1001 135
830	32 450 655 308
831	451 640 1285 60
832	119 120 877 1990
833	821 142 1061 255
834	1664 104 397 1087
835	1880 543 420 965
836	1994 1080 213 801
837	1907 338 1513 307
838	284 1614 356 1265
839	1149 1266 221 1257
840	1691 1023 504 192
841	1947 55 41 1099
842	1894 1706 400 1588
843	1963 886 986 343
844	1313 594 677 1280
845	1437 1798 157 556
846	1458 652 1311 1638
847	562 960 524 1863
848	1560 1873 564 1307
849	1856 1653 395 978
850	1944 1122 56 1052
851	678 111 104 1525
852	1407 1342 1366 1866
853	964 1945 502 165
854	1337 1123 461 386
855	654 769 1969 551
856	1206 1469 139 1353
857	304 878 914 521
858	665 1695 1679 1384
859	945 338 943 83
860	530 812 950 601
861	1361 1685 247 727
862	616 533 1311 855
863	670 599 1131 405
864	592 1059 1832 1178
865	1318 349 74 1095
866	829 1181 601 890
867	435 1624 1215 1323
868	1539 1930 1166 339
869	1861 1410 749 194
870	415 1982 1543 656
871	1104 996 363 572
872	1468 1340 1626 1086
873	972 1916 527 867
874	777 1438 325 1478
875	724 1619 1254 1580
876	454 741 328 334
877	158 47 741 213
878	315 1146 1958 1449
879	298 1912 1221 457
880	1436 71 300 640
881	58 1449 296 667
882	1072 1970 1498 283
883	1589 681 1037 555
884	270 1195 916 1494
885	1885 833 1239 1753
886	1893 1624 1730 1648
887	676 1438 1329 1448
888	1766 1286 1429 623
889	627 852 1656 630
890	1173 317 1701 697
891	1427 1483 1148 1688
892	1037 32 225 304
893	479 819 658 23
894	764 1631 987 1032
895	1609 1518 1693 1188
896	1976 1104 946 161
897	1424 296 718 637
898	1102 300 1069 1819
899	815 89 692 1576
900	1185 776 1095 404
901	430 1091 1110 1674
902	137 1042 1710 283
903	1914 1646 1462 1385
904	167 1144 1278 16
905	1199 1697 707 1531
906	1126 1121 716 1318
907	203 1508 1145 1420
908	1117 1819 1700 837
909	907 731 906 1296
910	870 1791 1949 423
911	984 1525 1130 157
912	116 543 1050 1039
913	902 395 1928 138
914	450 303 996 706
915	730 722 1167 1523
916	57 1617 1419 1961
917	772 1497 251 198
918	1046 616 362 1174
919	1556 1717 1187 1917
920	127 1571 1362 786
921	1764 85 1440 1067
922	1907 1497 574 33
923	1186 198 1336 1814
924	1152 1980 1768 26
925	1973 225 1130 481
926	38 1161 80 1234
927	1104 1260 1213 1804
928	641 1849 1633 1305
929	258 1956 1413 301
930	1672 126 1322 985
931	96 868 1851 1427
932	1837 470 1407 1408
933	327 1972 398 1403
934	104 430 878 1457
935	869 1266 418 1643
936	1603 175 17 1075
937	941 1064 1190 1576
938	963 1893 32 1409
939	1945 1590 166 302
940	456 896 217 1516
941	674 867 1057 1021
942	469 583 683 1961
943	1525 1497 627 450
944	583 941 1391 123
945	183 935 35 556
946	773 1132 1952 242
947	527 87 1570 1838
948	138 910 1445 1358
949	1426 1707 731 138
950	930 1098 1390 136
951	473 911 713 476
952	663 157 1913 1293
953	1778 1384 1585 1787
954	588 10 1145 1856
955	440 355 1720 1580
956	935 1710 923 774
957	1490 1264 341 1528
958	1959 273 3 574
959	1765 1189 1469 1786
960	1075 79 1144 689
961	1433 574 994 1446
962	132 1593 658 823
963	1695 1561 113 943
964	1219 841 352 1326
965	579 331 1966 1454
966	321 1086 100 1914
967	1674 243 1934 384
968	1599 1437 749 272
969	1150 289 1769 880
970	1101 1744 1523 84
971	479 1402 1505 980
972	1327 1091 1662 1864
973	1903 1484 910 473
974	1197 402 607 1598
975	879 691 157 869
976	1719 257 764 1632
977	475 1444 1307 1929
978	1923 891 1575 1543
979	1032 952 273 1183
980	477 507 1440 1747
981	244 1579 955 535
982	1810 534 906 1537
983	296 314 1407 637
984	1538 297 436 1915
985	1649 811 122 1043
986	514 636 1083 68
987	1671 1981 731 332
988	1932 489 426 727
989	414 1968 1813 1363
990	1567 158 1255 1705
991	1540 1492 836 617
992	1446 76 626 916
993	1625 1984 1772 1185
994	43 216 211 1905
995	1937 1751 377 373
996	1428 1004 1085 507
997	1095 1451 1777 1130
998	1705 1576 1528 629
999	1009 608 1577 1550
1000	1553 1510 793 344
Students	1000
1	245 1289 1869 1064
2	645 744 1223 1738
3	103 881 1297 1038
4	419 1918 1038 1601
5	34 1213 307 880
6	1339 1651 568 1828
7	761 1256 1153 377
8	1672 1894 565 725
9	1710 1134 1999 1303
10	1065 1632 1616 1705
11	360 1549 753 1120
12	770 263 1144 264
13	1172 28 128 443
14	1795 1455 691 357
15	1837 1911 908 453
16	1719 843 906 1951
17	500 972 1802 872
18	1327 306 544 77
19	888 642 1777 76
20	461 565 1326 826
21	392 1207 1492 1193
22	1438 1874 1295 1926
23	1849 491 1683 383
24	498 729 142 957
25	1279 831 347 124
26	1278 1415 994 936
27	1385 7 1883 1850
28	534 1386 1220 1809
29	3 151 1664 318
30	1990 1774 1411 1147
31	599 1094 61 1744
32	1615 1345 1375 1245
33	917 1661 1782 155
34	562 1345 1540 730
35	683 1322 128 422
36	1192 1888 493 367
37	1401 621 1254 1988
38	1145 1831 571 826
39	714 1833 851 458
40	262 1372 836 512
41	1413 807 880 1283
42	22 1875 1371 81
43	993 337 806 1760
44	67 1432 1300 904
45	1888 845 1055 1345
46	1119 338 265 440
47	1406 352 1445 1734
48	970 1886 1493 187
49	1585 1698 1728 1952
50	1597 1893 667 640
51	431 941 451 1339
52	847 478 1072 385
53	201 361 529 680
54	134 616 1770 500
55	831 336 1949 200
56	286 390 773 651
57	1209 1940 1213 1840
58	1585 1223 851 1884
59	694 1622 1873 176
60	1988 422 1943 916
61	1981 530 839 1609
62	1541 1327 934 1966
63	245 144 996 1063
64	1080 40 1031 628
65	330 768 135 1313
66	1453 305 872 104
67	1700 120 1171 278
68	1692 1400 100 1245
69	1829 1760 1224 151
70	852 129 1181 247
71	777 1451 1221 1062
72	556 942 932 1648
73	801 1634 1416 1136
74	1652 5 1437 1268
75	1011 196 1430 243
76	901 1669 801 140
77	362 1432 262 560
78	61 1178 1564 166
79	495 689 84 1092
80	379 1694 475 1188
81	1399 1573 1565 1758
82	95 760 1822 1523
83	1187 1775 1997 1319
84	1297 1175 1526 1580
85	863 607 530 470
86	1215 1917 828 1147
87	1415 143 1472 748
88	1901 227 518 1158
89	265 497 780 1577
90	1080 278 1426 311
91	708 235 649 1693
92	1986 915 131 1790
93	1755 1145 390 1520
94	939 918 720 1500
95	589 699 675 1606
96	566 933 1816 746
97	1663 1394 679 1171
98	1657 762 1098 1079
99	1467 1873 1642 1
100	1888 1075 1018 1141
101	1894 236 1918 457
102	897 1757 1567 806
103	255 1268 1752 221
104	525 1079 569 612
105	53 444 670 520
106	444 682 1211 587
107	1841 532 636 1069
108	819 974 303 1889
109	1681 1356 1959 1710
110	1206 1923 1106 1407
111	67 1868 281 1853
112	434 1509 1469 1430
113	494 50 1944 189
114	1881 84 1498 1829
115	319 386 1513 879
116	262 1781 1005 775
117	997 619 1318 446
118	1795 1775 1575 1997
119	386 1367 480 1927
120	1458 646 1263 1790
121	362 1783 109 1501
122	942 434 1646 1543
123	709 1901 71 1762
124	846 1036 1227 1468
125	956 1562 1084 1099
126	701 533 56 314
127	1648 900 1730 207
128	464 766 1821 439
129	1388 238 1456 677
130	1276 11 1646 1335
131	1916 1945 1602 818
132	1505 1945 358 1869
133	480 1329 1082 382
134	321 307 1086 1929
135	797 1941 1460 709
136	1407 1577 1711 1891
137	1018 807 1853 1959
138	1807 1823 903 1391
139	1285 1075 1354 559
140	1349 476 275 1259
141	693 1279 1466 1764
142	600 1173 515 146
143	1791 38 1432 334
144	1921 74 1282 367
145	93 367 1278 708
146	775 1082 1103 1802
147	519 984 876 784
148	1214 1240 557 303
149	139 1003 435 433
150	175 274 1630 1998
151	1182 1225 399 1226
152	95 1697 258 1109
153	1849 1878 977 1473
154	216 1201 1836 486
155	1161 1108 1245 677
156	1920 1158 705 901
157	1809 757 1094 1735
158	451 1974 529 1339
159	1758 81 148 1861
160	450 1762 834 24
161	1236 1899 264 45
162	1896 1339 1981 710
163	659 1400 175 133
164	218 1923 370 895
165	1008 1306 432 85
166	1634 46 1764 52
167	1262 466 1926 1862
168	112 194 1283 701
169	1562 17 1948 482
170	1691 481 1842 1217
171	1984 271 9 1309
172	1432 244 588 627
173	1021 190 1451 1358
174	1706 892 1230 344
175	1181 1916 253 1538
176	173 546 1075 1760
177	1450 1187 1394 114
178	1399 1064 1052 1952
179	1832 693 1598 1404
180	1799 887 1025 347
181	1614 1393 1411 1753
182	1338 815 1317 1151
183	598 698 1109 1151
184	1259 299 495 1565
185	1123 1992 214 1519
186	1016 1131 1222 389
187	395 1459 1056 1663
188	1506 1499 228 1470
189	1351 1434 1219 141
190	1758 321 1321 1641
191	126 541 1511 908
192	282 1465 1774 1284
193	1003 1810 1599 484
194	442 32 360 1464
195	1689 624 402 1609
196	1414 222 1883 692
197	726 871 949 880
198	563 464 115 822
199	901 16 1472 686
200	1394 466 732 1304
201	1632 1904 275 936
202	1640 664 41 105
203	1472 87 1086 1503
204	488 1099 85 1952
205	1126 214 486 112
206	470 223 66 247
207	1655 1592 1337 471
208	136 310 1917 1990
209	1919 1414 95 1849
210	241 1245 334 1365
211	1718 362 1391 25
212	912 267 611 1246
213	606 1263 318 540
214	17 1932 1227 825
215	852 1350 1512 538
216	1778 55 265 1806
217	698 1277 269 1135
218	1587 1636 1491 1157
219	667 491 728 191
220	1912 1937 1204 1291
221	1484 842 1447 1671
222	1209 1736 772 728
223	896 364 1565 348
224	858 556 255 1777
225	612 1048 1213 1503
226	230 1187 1395 589
227	1444 136 1807 484
228	1258 1168 1860 1048
229	765 1971 1441 545
230	1111 90 698 1408
231	1414 745 1719 1174
232	917 1514 1588 1313
233	1319 1645 1050 1297
234	1863 1140 1754 905
235	247 828 1689 225
236	1477 428 133 1088
237	372 1427 1613 1941
238	382 1301 779 705
239	602 1344 1719 1452
240	1428 795 355 373
241	1010 1002 1726 1317
242	714 558 71 20
243	1110 1383 727 162
244	1751 939 435 1813
245	211 739 342 1048
246	1754 1103 1783 68
247	1646 132 91 1867
248	915 1060 727 992
249	1258 1639 1769 607
250	1366 798 358 1664
251	230 479 388 1285
252	514 1819 353 1531
253	1048 1587 1515 1627
254	1464 1277 1943 868
255	1215 228 776 1150
256	1280 665 146 1153
257	180 1146 681 224
258	35 1525 1610 126
259	870 1401 953 875
260	1747 11 970 1378
261	205 615 1108 641
262	624 304 1687 814
263	1018 606 152 1618
264	313 1862 1028 11
265	920 578 1954 1986
266	291 1258 1044 1591
267	1829 1947 107 770
268	1961 1994 196 93
269	1086 665 906 364
270	1537 1062 1626 1481
271	1436 453 1437 1429
272	1401 1284 1971 1469
273	458 1768 1730 1191
274	222 1464 1085 1096
275	480 499 1405 867
276	881 295 102 1647
277	1509 1415 339 967
278	1962 561 800 1922
279	225 201 1473 569
280	1437 1719 1467 1107
281	1729 552 87 318
282	43 1184 1123 66
283	1387 1257 1627 841
284	827 1779 1270 722
285	1875 440 1471 576
286	321 713 179 1396
287	1286 217 895 1564
288	1919 179 1133 1463
289	73 909 1958 700
290	1154 1203 1012 1473
291	1482 1644 12 1101
292	1783 735 1143 1040
293	140 1684 105 1816
294	850 1148 430 195
295	505 163 683 1920
296	245 1248 1439 661
297	1002 1015 688 1178
298	1641 754 1342 1578
299	821 860 376 1961
300	1168 1751 1387 1547
301	622 341 30 1823
302	1703 1062 929 1563
303	1669 10 98 1285
304	206 724 947 1397
305	280 207 1216 727
306	1219 1768 1457 1289
307	1901 616 1109 49
308	1301 1369 1259 1442
309	1620 1161 1400 735
310	992 1110 1045 1728
311	1447 1729 994 344
312	672 557 62 1270
313	1333 1869 1895 63
314	627 1653 239 110
315	558 1026 65 935
316	1557 1544 1983 1068
317	855 1158 242 1661
318	1777 336 669 1034
319	440 634 1522 439
320	1471 62 285 976
321	1226 1947 1221 467
322	1626 647 1700 1426
323	658 1323 987 225
324	1878 1137 1646 1732
325	1741 99 1126 1003
326	1138 1008 1164 1310
327	1400 212 906 1473
328	434 1977 818 461
329	1054 1542 117 478
330	1567 1011 26 975
331	1755 839 1455 1054
332	1655 42 860 1423
333	1255 810 990 1375
334	1279 638 1479 966
335	1734 1436 1158 1856
336	1544 1629 146 840
337	302 1520 1080 274
338	429 88 1122 1109
339	1621 1973 1781 1501
340	652 1163 1303 1768
341	938 1412 851 1188
342	1933 1809 1450 1836
343	718 1258 474 1575
344	27 1642 49 1656
345	635 1738 363 509
346	1175 871 1450 342
347	1166 1911 1136 1674
348	1752 520 764 1999
349	1287 188 1913 1096
350	770 12 194 1194
351	816 668 528 29
352	1659 1614 969 1950
353	1878 1057 1632 1498
354	1260 166 1862 1544
355	1621 1956 1182 959
356	338 96 1371 283
357	1847 838 1339 826
358	1080 1805 107 1566
359	539 1188 1639 1915
360	1023 135 642 589
361	1390 1952 428 282
362	1648 910 159 1254
363	408 711 1061 1363
364	1478 1270 588 1083
365	1407 1787 83 844
366	1939 1890 1608 1210
367	780 1876 1750 1284
368	1464 85 1891 914
369	339 766 611 1135
370	1375 266 1258 1565
371	1186 1143 1614 528
372	1902 240 1058 1346
373	1610 1623 1186 1956
374	410 457 1978 1653
375	1811 703 1130 1791
376	332 451 1776 711
377	1899 587 1775 518
378	639 460 1959 1579
379	1052 527 1820 1465
380	1762 467 303 502
381	982 1674 1563 1862
382	789 1778 1298 1312
383	1941 1314 1808 135
384	516 1638 1090 497
385	355 1768 640 1480
386	1446 1383 1310 1433
387	1907 273 468 1960
388	1185 1119 1272 1292
389	373 710 257 1654
390	1878 1064 497 176
391	847 175 728 1705
392	1267 1301 1211 1132
393	130 1066 1428 502
394	778 1953 1577 1892
395	995 643 51 694
396	620 528 742 412
397	808 784 175 1259
398	1315 576 493 565
399	556 1099 1637 1411
400	1307 1674 1298 1747
401	1716 430 204 1786
402	1311 1228 815 521
403	1589 1340 1890 1047
404	1959 1650 568 1975
405	756 1201 295 823
406	1925 2000 1443 955
407	1104 159 688 713
408	1229 1412 853 995
409	1528 408 204 1992
410	668 284 40 1415
411	861 988 1482 1603
412	1466 537 793 801
413	1816 1623 1356 1050
414	1123 68 1088 1873
415	1848 1980 786 1852
416	189 943 618 622
417	669 1194 1132 418
418	211 1845 3 1510
419	1899 492 1075 348
420	1481 816 1595 519
421	1810 1306 19 1473
422	351 452 1204 866
423	1453 414 1646 265
424	1883 323 833 355
425	1604 307 1438 1626
426	376 673 565 459
427	901 1277 471 1560
428	1918 1173 1102 1493
429	294 1470 510 1685
430	1550 903 1152 1538
431	1532 602 586 205
432	813 600 1846 1118
433	1758 1904 574 1515
434	1538 1718 1672 1076
435	521 1419 1055 403
436	554 845 43 1569
437	1484 1801 732 503
438	1682 654 1533 1655
439	959 1416 1043 552
440	1846 1688 72 1556
441	1019 719 217 1834
442	1429 1023 939 1360
443	391 650 48 209
444	1103 126 265 644
445	1593 87 1863 85
446	279 1082 938 1327
447	1841 1280 1816 1819
448	56 1747 299 895
449	161 1642 1482 148
450	80 386 823 1077
451	1800 1249 1991 1458
452	82 875 90 47
453	1585 1983 421 1987
454	1041 624 810 253
455	156 381 36 1356
456	1863 1070 1359 1106
457	1177 1933 1101 241
458	1311 785 408 1921
459	1537 1819 454 1452
460	1465 30 1530 1750
461	341 1918 1815 172
462	464 951 1393 1039
463	52 260 866 1743
464	453 1484 132 1404
465	528 1054 1585 1975
466	1760 1553 791 245
467	1899 938 968 1685
468	126 1137 351 397
469	1241 124 362 1955
470	516 1402 1800 1589
471	818 1781 918 1391
472	493 245 920 56
473	309 1157 357 1579
474	449 318 1059 1352
475	1869 1706 187 1910
476	1071 879 1991 1147
477	1159 802 793 1904
478	344 677 1167 1564
479	1509 491 408 319
480	1130 1459 1161 516
481	320 1181 869 1402
482	1888 697 1885 375
483	446 163 278 1900
484	1461 1622 324 344
485	869 426 224 1678
486	29 783 1917 1907
487	242 358 1030 150
488	287 1996 494 876
489	63 1598 687 94
490	1718 749 1705 707
491	1149 592 1535 1901
492	418 956 284 9
493	1871 1171 1608 811
494	1368 243 125 450
495	1151 890 559 1279
496	1237 917 186 1643
497	1643 788 1557 243
498	1898 1186 519 1016
499	683 714 219 787
500	1631 1257 1335 1143
501	629 479 1670 1448
502	706 1557 1979 577
503	14 645 1180 253
504	474 1414 1900 831
505	590 39 452 453
506	425 337 271 1824
507	765 1753 626 905
508	1739 252 790 859
509	1218 1758 306 21
510	805 1929 1352 1969
511	1535 112 546 339
512	1874 248 816 1373
513	1591 196 586 872
514	596 883 850 657
515	120 392 381 618
516	1511 1583 1990 330
517	1395 1211 467 867
518	746 243 1467 413
519	1294 985 557 288
520	138 1699 112 1860
521	136 922 1409 1156
522	809 1332 678 766
523	1634 1607 1960 1541
524	811 395 326 560
525	1071 1802 1519 801
526	875 1303 1669 1680
527	1363 814 874 298
528	530 1032 1786 1591
529	1081 1612 584 1888
530	1903 1266 910 419
531	1682 1391 1438 1473
532	356 921 119 974
533	213 1349 1079 1624
534	1789 326 292 483
535	583 44 149 163
536	1902 455 834 953
537	1123 925 931 438
538	1035 1337 227 1759
539	604 353 1459 29
540	1260 1072 1346 1826
541	1143 1754 325 1585
542	357 701 638 1493
543	507 427 1993 630
544	8 597 1782 109
545	191 1957 1353 269
546	1099 1029 1240 243
547	1362 1202 1441 1960
548	1365 1051 1224 1431
549	266 368 1782 782
550	1786 1993 1047 1431
551	5 1831 658 944
552	110 490 566 1024
553	745 45 739 684
554	685 1170 1486 1633
555	1350 1117 2000 1170
556	1368 951 1638 1217
557	202 480 594 1511
558	716 1219 74 1233
559	1535 419 1459 1585
560	1864 1059 765 1792
561	1998 199 1842 30
562	1569 203 30 1580
563	371 1997 607 436
564	1732 385 1427 1595
565	1337 1950 259 559
566	368 370 1769 1282
567	77 1218 914 1208
568	1508 1117 1183 295
569	47 1176 132 1333
570	755 1223 672 759
571	1779 1593 1463 1811
572	1382 1106 519 1649
573	1786 967 1848 448
574	718 1198 54 708
575	1734 68 1608 777
576	329 874 1790 183
577	917 1180 630 1386
578	43 760 748 584
579	1785 527 610 731
580	1204 1642 916 1650
581	771 1940 1705 614
582	717 257 1204 1763
583	990 1953 795 1885
584	425 1949 1003 165
585	1522 193 1713 286
586	148 329 538 491
587	1927 186 1265 816
588	1317 941 1535 1387
589	413 528 612 1539
590	1550 1207 1428 267
591	1640 723 1714 286
592	750 889 1330 1633
593	1538 1948 902 404
594	345 1730 276 1793
595	1702 511 374 364
596	1142 18 1894 1320
597	937 797 1437 827
598	1931 1368 557 1117
599	378 1181 641 1604
600	455 1201 358 1594
601	1193 526 1619 1816
602	668 1115 1757 1104
603	363 654 1407 1540
604	1264 614 1656 1552
605	294 1509 264 224
606	440 1536 825 1873
607	57 577 660 252
608	515 888 97 1929
609	1964 588 1929 1165
610	1634 806 1549 328
611	884 1531 362 1265
612	72 1863 1022 1624
613	1193 552 1988 584
614	1896 60 1760 1413
615	1600 459 1168 538
616	642 490 1672 1973
617	1201 244 250 977
618	515 1871 806 232
619	1084 1250 12 795
620	199 1962 974 124
621	550 490 1396 1780
622	775 173 169 659
623	1589 1932 102 969
624	490 641 368 1414
625	1648 1548 1046 421
626	1147 462 683 575
627	916 424 1367 998
628	1743 1855 373 1126
629	349 262 718 560
630	657 1579 229 367
631	509 1277 1890 752
632	154 127 29 509
633	896 1634 1494 510
634	278 907 351 1813
635	922 366 1367 326
636	1285 1921 903 441
637	920 1995 660 1351
638	722 1300 682 998
639	660 968 136 1484
640	946 1454 1802 624
641	1733 1474 128 753
642	1450 561 616 1379
643	850 1172 1804 480
644	1686 671 874 689
645	1627 1966 1912 1003
646	280 787 123 1650
647	732 1070 27 1046
648	1473 925 244 94
649	423 1282 460 250
650	1430 1415 134 1522
651	1438 676 464 777
652	1683 454 871 200
653	1976 691 127 483
654	344 273 1399 1065
655	44 10 1464 688
656	1993 219 1766 405
657	1887 1538 575 231
658	172 1465 1238 1731
659	359 1300 1502 201
660	268 1165 255 723
661	127 1141 1388 514
662	1232 1405 103 1706
663	1445 1743 1926 305
664	70 489 440 1689
665	809 653 1705 1040
666	1321 832 355 714
667	1328 1776 39 164
668	857 972 1521 965
669	1835 100 1138 156
670	1223 1111 175 1903
671	1885 294 58 917
672	510 1958 154 548
673	1645 266 782 569
674	258 1649 31 959
675	1383 762 1991 946
676	251 1038 1498 942
677	788 1652 1598 1335
678	1239 1746 1597 1068
679	1645 682 979 1339
680	591 24 117 1194
681	554 1170 1961 1132
682	676 699 1557 861
683	1318 1330 117 845
684	1380 1261 409 161
685	1374 1798 656 318
686	575 480 1196 985
687	1229 1235 328 45
688	1579 877 714 910
689	241 872 125 1787
690	707 1812 1196 1417
691	287 1341 1299 1014
692	846 14 1779 612
693	852 1213 1233 1129
694	663 953 1551 167
695	929 276 31 1232
696	1537 1624 723 831
697	715 1792 1365 1101
698	1581 1023 1012 496
699	1570 708 49 993
700	241 901 196 1583
701	1941 1125 125 1917
702	1874 183 989 282
703	43 200 790 77
704	417 1913 867 1045
705	954 1085 1435 1365
706	1821 1486 1297 1674
707	503 533 1237 1942
708	271 1512 1922 1303
709	826 1340 1324 1263
710	367 1734 1697 1653
711	768 1932 307 188
712	447 79 731 1018
713	496 1102 1187 1249
714	1987 1141 1606 647
715	1577 1134 1055 563
716	652 1194 1353 393
717	1569 1387 815 1435
718	1966 142 928 824
719	1745 766 227 252
720	804 782 28 330
721	1936 1481 1978 1906
722	946 150 1389 204
723	1687 1948 1195 722
724	809 822 341 146
725	1945 1805 1848 1592
726	86 1599 309 1204
727	282 592 817 876
728	1576 1169 1208 746
729	1337 1876 59 1517
730	697 1078 1223 780
731	567 325 1266 1764
732	354 1586 1352 625
733	1685 560 1923 692
734	1889 251 1767 227
735	1496 358 629 16
736	529 431 590 1559
737	311 934 1289 717
738	840 1653 1574 1365
739	197 428 524 362
740	1778 1490 1578 136
741	1593 831 1744 1297
742	595 463 843 517
743	1754 280 274 80
744	466 1885 456 1499
745	173 703 1889 863
746	1407 627 1237 403
747	1634 1262 32 426
748	592 364 1183 331
749	500 1730 530 1004
750	548 1563 1956 1381
751	1202 1005 193 259
752	576 452 1227 247
753	835 1374 1331 1800
754	261 536 1135 1085
755	285 853 1916 510
756	1931 810 1600 480
757	354 1951 900 583
758	1546 796 753 1217
759	988 1536 18 697
760	630 1735 1418 1155
761	910 1159 1304 1979
762	1616 1854 177 981
763	1694 116 1498 587
764	1219 1461 350 1869
765	644 837 540 1588
766	1324 848 1989 1124
767	713 1756 1443 599
768	271 428 845 818
769	1145 740 946 143
770	1396 381 214 1068
771	1507 335 585 1065
772	225 176 522 175
773	362 641 79 1511
774	785 768 1590 104
775	1950 464 1246 929
776	1209 41 1605 1974
777	1941 516 1063 379
778	966 1089 1013 135
779	558 1934 958 1006
780	889 1308 783 1197
781	214 1136 1904 1979
782	489 1982 784 1925
783	1145 134 1491 1394
784	936 980 1381 1316
785	505 1824 1797 710
786	623 1564 1796 1358
787	1838 479 1556 1131
788	1166 1842 224 1998
789	967 695 922 991
790	1394 420 1299 650
791	906 1397 1942 721
792	938 1971 71 1214
793	641 1138 735 223
794	1849 55 353 31
795	346 896 348 611
796	1865 1363 1017 463
797	927 858 271 185
798	865 1736 639 1829
799	667 260 1657 1223
800	420 1839 728 356
801	170 244 462 1734
802	1318 1125 722 1470
803	825 924 1915 657
804	1504 893 1900 270
805	1552 1368 972 154
806	935 634 425 354
807	1744 1038 786 647
808	539 645 1829 304
809	984 1392 568 1000
810	1657 1898 440 73
811	381 794 1711 1888
812	171 1571 1470 276
813	196 685 527 799
814	1818 1293 803 1981
815	1767 24 1563 323
816	142 1163 1861 958
817	727 424 1088 1458
818	1974 1911 370 547
819	981 130 30 497
820	1396 188 313 1316
821	987 981 1462 1716
822	1694 1895 1932 1514
823	1496 877 1494 588
824	16 1715 1227 1939
825	1121 879 397 1517
826	1137 1569 90 301
827	839 1080 667 197
828	1022 568 940 1419
829	837 605 820 1627
830	1736 253 1534 654
831	1022 744 1735 515
832	642 1362 470 885
833	1915 74 548 1376
834	810 200 1854 2
835	1679 672 1270 965
836	92 1809 549 431
837	1585 1028 1593 1848
838	1411 1546 1516 509
839	351 104 1671 915
840	459 433 1825 1660
841	1467 161 1051 393
842	1253 710 131 1291
843	886 1400 388 1570
844	742 370 1611 1064
845	1273 1264 1101 799
846	1020 1144 666 1774
847	1366 1338 689 1640
848	1633 1421 1080 1480
849	963 1165 103 1983
850	877 1844 1705 673
851	1539 1030 224 891
852	98 1009 1266 1342
853	1555 771 1320 547
854	518 1551 416 1569
855	177 1029 148 170
856	338 1220 771 1948
857	1271 990 261 1058
858	552 1042 1347 558
859	1322 639 65 1023
860	1189 1577 553 1482
861	238 1821 152 394
862	1569 433 676 1945
863	853 987 536 488
864	544 1720 1682 1008
865	1416 1411 1558 1013
866	1680 902 64 475
867	1327 1879 1426 1178
868	1857 658 446 169
869	1959 354 638 501
870	1877 757 735 1052
871	1535 997 835 1249
872	307 1746 1681 809
873	1705 1036 1069 1240
874	1020 244 910 1450
875	1727 461 1879 1363
876	683 1066 1724 1258
877	1987 302 1123 555
878	766 33 243 1973
879	1932 302 1071 231
880	1574 1359 860 489
881	466 246 1919 189
882	1277 773 1373 545
883	1345 880 575 860
884	919 190 1649 1888
885	168 398 1359 465
886	1016 1649 1248 219
887	1200 802 1064 83
888	496 1496 12 863
889	1439 1115 737 965
890	445 343 1327 558
891	97 1350 473 490
892	1424 190 473 1004
893	1995 451 1560 111
894	1965 1316 317 892
895	1207 990 373 354
896	1239 1977 1415 38
897	781 1302 555 464
898	902 1829 1561 1898
899	1322 1976 251 1659
900	1616 1051 762 1298
901	1815 109 1398 1122
902	862 1611 1719 509
903	176 1605 433 819
904	317 845 944 930
905	723 921 154 1048
906	1279 593 1873 1609
907	993 1150 922 1207
908	1421 1477 541 1568
909	1165 1087 1944 1695
910	1479 1621 682 492
911	1711 19 1897 1086
912	419 77 496 1704
913	838 1388 852 1763
914	68 1556 1736 573
915	810 1174 141 1037
916	1238 648 1256 480
917	1249 1881 1559 1458
918	982 688 1718 1318
919	212 348 155 1501
920	757 629 1749 122
921	1966 1248 1743 89
922	1 867 535 1868
923	179 107 1206 1529
924	910 1822 1564 754
925	534 1953 722 1364
926	61 1263 1021 341
927	1667 286 73 334
928	910 1847 223 807
929	1750 1970 373 1233
930	181 1183 373 1288
931	72 844 1758 701
932	792 1932 760 495
933	397 814 1630 1316
934	1846 1932 269 826
935	1673 902 256 1182
936	219 677 426 819
937	726 1872 1965 973
938	1536 450 1039 1768
939	412 1175 1484 1284
940	191 1072 528 476
941	75 1838 716 898
942	1045 478 1312 1762
943	1782 401 1111 470
944	484 817 1775 597
945	1146 1519 1982 652
946	819 6 1585 1480
947	505 1660 1943 1729
948	650 1177 1173 703
949	236 89 334 414
950	1726 1980 1990 815
951	336 1148 1969 631
952	91 328 1794 1750
953	1045 1762 1826 808
954	1857 843 667 1862
955	237 26 423 512
956	1812 995 734 408
957	610 769 1511 89
958	267 1726 1608 912
959	1255 45 1472 369
960	12 225 481 258
961	129 680 325 1509
962	1089 412 483 1402
963	121 1175 1625 520
964	188 1712 1426 108
965	1975 546 674 176
966	1912 727 1391 278
967	123 21 1469 1618
968	901 1528 1733 129
969	682 891 588 1225
970	854 470 35 696
971	282 271 825 1068
972	876 663 1308 996
973	204 1057 790 1638
974	1234 1529 1288 527
975	383 930 941 1440
976	1609 249 1086 1738
977	221 1902 1529 506
978	1267 308 1632 601
979	1887 614 1808 1925
980	122 1852 1361 482
981	791 364 532 1080
982	685 1103 1436 1132
983	1266 644 1211 429
984	1053 1709 1389 804
985	1135 908 1930 416
986	708 1553 567 1279
987	810 205 608 348
988	1736 307 988 857
989	844 1343 494 938
990	267 1806 1291 1283
991	433 1338 1448 623
992	427 1169 1371 999
993	295 1037 54 735
994	1908 1533 955 1119
995	520 3 22 120
996	362 1246 918 92
997	1567 29 1438 1928
998	1284 1410 1421 127
999	360 1981 1455 1923
1000	777 1785 138 1185
Students	1000
1	421 957 225 1277
2	1449 490 1983 454
3	670 20 1939 1717
4	569 1633 1950 379
5	1571 397 1576 616
6	1209 390 1184 479
7	1073 1491 169 519
8	1564 1962 214 692
9	1399 1484 1270 599
10	1036 1455 1426 1286
11	313 1632 1894 1950
12	593 675 1151 1586
13	1306 26 231 1376
14	45 799 1090 1495
15	32 1072 1696 1617
16	944 1776 527 290
17	1656 291 818 345
18	507 307 1281 1442
19	206 1272 1985 966
20	623 135 352 1876
21	506 606 1096 1288
22	794 1035 835 972
23	1835 1442 836 1483
24	698 363 1813 887
25	26 969 457 377
26	932 1332 684 1321
27	1451 1534 695 1099
28	1456 1270 642 707
29	8 1413 1788 1373
30	302 1034 1879 16
31	1093 1282 1420 353
32	135 1502 1505 835
33	339 347 1863 761
34	1471 572 110 191
35	1876 1775 1589 345
36	485 473 479 729
37	825 594 182 156
38	672 367 25 246
39	1790 522 528 1026
40	920 1170 1178 1380
41	1245 1361 921 1733
42	1945 339 1193 253
43	852 1501 1998 849
44	521 1962 616 283
45	1018 863 1219 993
46	429 1902 1998 32
47	1262 170 992 1343
48	632 989 1354 1966
49	367 830 1472 1639
50	842 1278 320 303
51	673 1899 1582 621
52	331 1249 1029 747
53	1372 616 1845 1870
54	1622 1505 289 836
55	1234 816 269 389
56	511 975 809 876
57	1768 1153 1692 1853
58	1770 960 967 2000
59	1512 543 1771 1476
60	1848 409 860 1732
61	906 1454 1081 692
62	1877 784 1246 651
63	945 784 706 1428
64	400 570 1393 232
65	1735 916 111 1668
66	1359 23 1806 1733
67	950 264 1100 210
68	1098 127 358 1130
69	1194 1125 232 1034
70	398 1872 1436 1549
71	1326 966 186 555
72	1892 963 1357 346
73	1900 1414 253 171
74	1604 845 1559 1086
75	1069 1179 1416 1989
76	1805 1545 1842 1018
77	511 877 227 1377
78	903 1242 1254 322
79	1258 1302 154 86
80	656 1700 182 419
81	656 88 926 87
82	1655 1756 1620 918
83	117 892 1975 976
84	703 888 653 409
85	797 229 1085 817
86	517 1570 792 1229
87	902 1941 30 1663
88	975 589 1927 596
89	1920 1876 1123 604
90	53 1799 1424 25
91	1747 1846 416 1176
92	1537 1888 1135 1853
93	441 151 523 254
94	1603 633 971 1847
95	1090 54 999 97
96	1466 1883 71 371
97	192 1477 578 169
98	413 1017 1583 1419
99	823 857 1626 515
100	764 989 605 898
101	1890 1660 692 52
102	1541 244 927 1014
103	1795 1317 191 927
104	1004 1765 876 341
105	955 1526 936 272
106	1545 1286 1775 1203
107	796 1793 1477 1141
108	1940 348 342 1390
109	1073 833 45 1184
110	1451 233 653 1889
111	667 1053 239 712
112	1840 108 247 317
113	1379 1694 568 1193
114	1029 687 394 1049
115	1652 434 456 951
116	1818 1618 583 1639
117	1646 1231 1344 844
118	861 456 1902 1096
119	642 46 1218 1049
120	906 1539 1110 779
121	358 1688 18 735
122	1231 413 951 1271
123	1430 482 170 1349
124	1126 1530 519 422
125	1060 735 788 1540
126	1324 1855 345 983
127	1618 13 1975 1315
128	329 778 286 691
129	856 1175 1072 928
130	765 1225 244 1511
131	308 1749 1739 224
132	1048 252 309 1850
133	1447 1802 1290 668
134	1977 1549 1994 1979
135	1204 1740 1833 1137
136	130 1277 1885 660
137	1584 1616 474 1714
138	399 431 1273 20
139	265 1493 1072 1163
140	400 1546 97 79
141	328 132 870 1553
142	43 967 871 46
143	1538 883 1682 1590
144	120 142 198 453
145	989 1014 1265 607
146	411 420 1925 535
147	1306 1932 18 1882
148	498 1711 1033 874
149	139 745 1194 977
150	1284 20 943 244
151	1178 437 1453 119
152	1997 346 1103 1860
153	568 578 761 1325
154	381 1725 408 1772
155	1263 917 411 889
156	725 316 1310 1026
157	1581 480 1237 173
158	1398 312 1316 1386
159	1055 864 972 190
160	631 1228 978 1912
161	501 302 157 409
162	441 1630 445 507
163	162 766 1992 1373
164	1793 1719 202 622
165	1784 1902 1086 304
166	1356 388 1681 803
167	1511 886 1202 664
168	1546 290 115 1452
169	603 449 772 805
170	959 1311 1229 1265
171	166 265 1210 1314
172	1698 380 1115 1160
173	302 1626 868 1416
174	1690 26 1020 209
175	1391 1941 863 1901
176	1606 1272 1655 50
177	1598 1966 1920 1436
178	1674 525 1134 1608
179	82 836 1914 832
180	1368 957 640 525
181	1912 52 1820 1865
182	725 562 571 1663
183	217 1312 1435 1590
184	1879 1522 1017 281
185	1713 793 1416 1741
186	1276 828 179 31
187	1441 1862 923 1748
188	1016 199 619 1806
189	1254 1519 481 1223
190	1757 260 54 636
191	428 905 1548 1306
192	1714 1653 842 342
193	1594 1105 1718 193
194	428 337 259 1449
195	1150 182 1480 380
196	178 1621 216 977
197	272 1870 1028 1663
198	170 1713 145 1182
199	689 703 1750 788
200	1003 495 447 33
201	535 454 697 1797
202	1241 1033 127 1291
203	1714 748 1586 565
204	450 1968 998 415
205	1485 428 736 812
206	1511 295 216 205
207	1273 1878 662 954
208	1641 323 780 1079
209	1040 1832 40 1562
210	182 1599 135 1201
211	21 1446 222 1906
212	1925 477 22 1285
213	83 1394 1576 1091
214	1496 640 335 1832
215	514 573 1510 632
216	1182 1389 1889 810
217	692 1645 292 946
218	1441 797 1735 1330
219	1713 1081 452 244
220	315 1916 1928 1763
221	1827 1651 942 527
222	971 166 511 886
223	1323 1340 48 25
224	1689 735 1893 190
225	352 604 1524 286
226	1732 390 736 237
227	107 1526 404 1363
228	1778 422 1045 118
229	1788 1986 518 38
230	817 640 215 459
231	788 1249 857 1898
232	779 294 468 1200
233	1672 531 636 196
234	1547 595 1318 1389
235	706 1037 1140 911
236	438 1119 501 1644
237	896 728 264 200
238	1795 777 1141 589
239	1828 1655 1028 1496
240	1868 1284 1833 567
241	934 70 294 946
242	1850 1082 1806 1262
243	266 1726 408 1559
244	1594 535 1342 447
245	1308 794 552 488
246	342 879 236 1038
247	1931 637 231 181
248	602 1888 250 851
249	204 324 499 818
250	1221 505 1202 45
251	1442 208 1273 379
252	1634 801 656 1074
253	1602 1156 1421 1996
254	1312 520 1987 1172
255	1954 1094 165 1807
256	495 1227 1028 1881
257	809 1400 1787 437
258	442 1580 1470 1947
259	1997 403 633 1448
260	1636 639 1712 1002
261	787 1717 1974 628
262	657 259 959 1939
263	1998 1505 389 809
264	751 619 39 1542
265	136 866 1065 77
266	1528 697 588 99
267	1589 1505 622 687
268	1671 144 1097 980
269	140 601 900 1772
270	1060 400 1600 953
271	1351 361 1538 1027
272	1289 1126 735 913
273	745 1128 1081 948
274	207 1070 1346 1066
275	1123 120 1885 1917
276	796 351 1871 212
277	1852 864 1135 1447
278	1507 1788 296 1681
279	1500 1252 920 257
280	1962 391 1679 757
281	811 717 517 1457
282	840 431 913 1958
283	1673 1557 1750 1146
284	1745 594 1720 1405
285	1503 1610 1653 928
286	1813 1646 687 1722
287	1217 1621 1501 1520
288	965 1769 1584 367
289	879 489 1728 1444
290	793 259 156 1134
291	1982 1296 268 82
292	1315 648 1126 655
293	1357 524 1393 1845
294	1082 1449 1243 1198
295	712 186 1265 68
296	1452 739 852 1755
297	1944 1744 1109 1395
298	1247 1550 1714 1522
299	1520 1611 1151 1875
300	1447 668 537 1199
301	1474 824 310 763
302	1120 1836 92 243
303	1859 22 1960 1110
304	1331 1610 632 199
305	1848 1255 1085 1637
306	1459 125 1838 1532
307	121 358 580 79
308	4 1913 1549 1643
309	1620 571 232 1795
310	1568 116 592 1490
311	303 232 1266 1269
312	1516 375 143 999
313	210 754 502 1464
314	475 982 568 1191
315	933 899 1846 240
316	1259 1098 221 1137
317	692 876 1324 1333
318	1514 1290 273 761
319	1722 133 750 1884
320	697 907 1438 413
321	74 140 472 228
322	1154 156 152 1479
323	388 201 349 1966
324	501 1650 477 1285
325	679 911 634 572
326	687 1292 399 1587
327	556 17 1274 1134
328	73 2000 949 1068
329	360 1100 1298 240
330	697 32 1636 427
331	711 783 1422 1420
332	1446 415 34 1870
333	1684 942 766 145
334	1309 1366 1066 1147
335	414 819 685 905
336	1103 1459 504 1589
337	1312 1846 1101 1551
338	1090 1813 1527 81
339	275 1492 1437 814
340	1790 551 782 343
341	1292 1529 1294 1629
342	1927 440 1344 1463
343	634 716 1325 1787
344	938 713 195 1243
345	509 112 438 265
346	1771 857 1409 584
347	449 954 1400 596
348	794 1389 1101 856
349	1002 387 1198 1620
350	1555 507 383 1045
351	353 1170 1119 1054
352	1859 1910 37 1267
353	381 1948 363 461
354	1175 61 1465 225
355	368 681 277 1392
356	1738 660 563 119
357	76 1369 1778 1762
358	1864 259 604 1606
359	1238 1351 385 833
360	4 1532 968 1500
361	1633 1148 1441 579
362	815 1996 604 1074
363	874 1067 549 655
364	170 1730 487 1076
365	1795 586 1043 1725
366	409 1984 6 852
367	1879 1953 1381 1469
368	386 1500 213 1348
369	1588 315 762 1233
370	899 812 186 1173
371	621 1260 986 998
372	943 845 1351 1403
373	1139 661 579 121
374	1893 716 565 340
375	852 1379 1564 1089
376	1202 807 1990 67
377	450 546 1916 1481
378	497 889 353 306
379	1334 1923 1657 1235
380	1041 1382 50 1819
381	870 112 1889 369
382	471 644 1741 1401
383	1442 1321 1592 358
384	425 638 571 1363
385	466 770 948 539
386	1236 1252 1956 339
387	1247 1874 155 1105
388	1196 107 8 1230
389	1041 873 1216 503
390	97 1781 84 144
391	1026 714 1034 1429
392	1691 18 695 1311
393	1017 1698 1295 1936
394	1536 743 1089 1123
395	1695 1612 65 697
396	1287 447 1143 1679
397	907 942 1839 1930
398	1904 1889 1936 520
399	131 1080 828 94
400	471 950 333 603
401	613 1420 691 1114
402	393 949 1221 979
403	1870 719 638 1576
404	540 1756 677 129
405	259 1167 844 128
406	1623 662 247 463
407	144 246 1445 127
408	1534 75 799 107
409	809 1631 1057 1482
410	1690 1891 1931 743
411	747 155 712 591
412	1503 1609 1809 57
413	1170 1162 1373 291
414	49 1167 482 100
415	696 1455 1792 817
416	701 1829 1225 749
417	1031 1486 362 1904
418	56 1466 1244 383
419	1170 428 1844 1392
420	825 83 1226 1876
421	1149 1356 1353 925
422	1540 1544 632 1027
423	1702 854 1839 708
424	1883 115 372 718
425	1314 91 1461 642
426	1256 1653 568 1196
427	1101 649 1677 631
428	1809 1059 479 1167
429	720 175 1693 375
430	1552 1959 330 1661
431	1074 361 1972 522
432	411 1480 803 991
433	1964 631 913 734
434	129 472 1235 560
435	1038 1469 530 1869
436	1766 1532 198 1745
437	406 1357 971 1315
438	220 1823 64 1660
439	1086 926 70 289
440	1657 801 408 174
441	1118 1119 771 1829
442	1058 700 1643 268
443	591 903 217 166
444	1153 1917 170 532
445	131 400 1581 172
446	974 262 1497 412
447	417 1165 1314 1661
448	1941 476 273 1665
449	1235 793 353 1457
450	1982 353 1993 1429
451	1226 33 89 378
452	1500 378 258 1261
453	33 1144 371 496
454	1197 845 1880 597
455	844 379 1716 428
456	728 124 1904 144
457	1489 1133 986 754
458	947 1914 1640 936
459	172 1591 1308 145
460	1124 155 1180 1992
461	1697 1483 751 1281
462	1917 1578 1576 1818
463	1613 959 383 232
464	1113 1798 811 371
465	1084 515 728 1621
466	194 1326 34 511
467	494 431 342 569
468	1639 899 137 1453
469	797 1211 1274 1223
470	1543 1140 1682 1300
471	462 1172 1498 467
472	1599 1697 1426 1317
473	474 1506 68 338
474	790 1745 268 1311
475	324 883 690 1597
476	249 1023 289 1202
477	151 1000 1703 1934
478	639 398 748 666
479	315 1326 1034 1382
480	159 1392 390 605
481	1508 1774 1599 620
482	796 1045 228 1115
483	264 1984 1831 1088
484	832 49 1086 603
485	197 1516 1547 1092
486	735 158 1605 1772
487	639 326 1193 1379
488	1588 1557 1181 278
489	1478 1649 670 1115
490	1970 81 343 1074
491	1948 1598 404 591
492	810 1973 451 1634
493	1875 1659 77 538
494	177 192 1288 626
495	465 1605 1572 1499
496	1151 1211 1099 885
497	94 1308 18 355
498	17 717 936 1031
499	769 416 607 800
500	817 633 1814 501
501	927 945 816 324
502	21 508 1069 366
503	67 1443 53 114
504	1509 1463 1596 885
505	357 591 1367 144
506	1373 602 178 418
507	1771 840 833 1718
508	144 82 996 1082
509	611 1011 1507 1701
510	961 1890 1580 317
511	319 663 424 805
512	1940 770 966 377
513	362 454 1014 395
514	1528 1712 1643 1714
515	1704 1746 1522 508
516	982 978 1946 1192
517	1832 1264 560 50
518	295 690 46 109
519	699 720 1721 444
520	852 696 382 144
521	1004 1055 382 415
522	1889 1644 464 1485
523	243 140 1247 50
524	450 1974 327 660
525	1679 1650 971 769
526	1938 875 619 1874
527	973 1159 301 459
528	579 1189 282 1023
529	601 1470 561 1631
530	184 673 1091 1981
531	1374 683 22 1177
532	1416 1113 1959 236
533	1381 1572 721 1091
534	462 338 812 1509
535	1529 1470 1642 310
536	1468 355 113 589
537	1437 43 1815 760
538	1401 1561 1654 311
539	1939 106 840 1621
540	1100 246 1111 308
541	683 1922 649 858
542	189 463 1031 8
543	1388 312 865 146
544	258 1747 420 167
545	1206 369 1067 434
546	270 1129 1918 192
547	348 1514 435 649
548	472 1436 1640 452
549	1623 1261 804 1240
550	308 1949 214 1870
551	868 1136 986 1666
552	1746 158 292 1157
553	387 1912 371 258
554	281 585 1851 1258
555	458 1557 273 391
556	1440 392 1987 791
557	733 1125 273 389
558	1047 1892 572 1572
559	1918 1171 1895 174
560	739 926 1158 1684
561	516 250 1344 1319
562	245 1606 1788 947
563	1607 1502 765 870
564	819 1892 1024 176
565	651 1465 1484 1052
566	1870 1124 426 1112
567	1116 813 1060 825
568	1301 1742 1931 565
569	387 1958 591 1144
570	1387 1188 1192 1958
571	1825 1170 1713 1721
572	101 227 1752 200
573	147 1219 1985 1119
574	721 809 148 1628
575	329 381 956 72
576	283 1966 506 1603
577	1154 1124 1092 95
578	1987 238 1029 272
579	1196 774 1978 1608
580	1 1646 1849 9
581	1565 1020 704 120
582	1304 1302 208 80
583	40 1263 224 1306
584	148 457 615 1189
585	1358 493 579 219
586	551 943 730 751
587	392 1623 1376 339
588	804 1809 68 958
589	674 1030 1684 672
590	1407 257 316 8
591	332 447 1558 1687
592	82 905 1022 238
593	862 249 1875 1531
594	533 1878 766 1306
595	1371 718 1801 671
596	1491 1254 1496 69
597	1938 917 286 1862
598	1255 1000 668 1359
599	548 1431 1310 1178
600	392 1671 80 1437
601	699 1427 228 756
602	1580 1886 1821 627
603	1234 233 570 815
604	665 1863 652 1319
605	200 953 885 1580
606	914 158 298 380
607	603 511 1830 772
608	1195 1138 635 814
609	1841 957 600 1507
610	330 1709 1560 495
611	254 871 1005 633
612	252 1342 1444 1746
613	1775 1257 1027 802
614	1726 1544 1522 591
615	967 1465 1532 908
616	400 1565 283 630
617	1873 1346 1953 910
618	1743 377 9 1660
619	1057 106 1230 531
620	1006 707 976 1372
621	1964 159 1071 809
622	782 1301 1493 1814
623	310 1609 1681 1091
624	1973 457 1974 592
625	588 1984 1496 1678
626	1972 1357 534 281
627	1980 314 201 50
628	789 1776 209 1952
629	1977 707 307 357
630	1446 1308 1851 287
631	1814 235 910 1703
632	1492 432 1975 378
633	1495 1094 1917 625
634	1772 1460 1412 1953
635	1589 1774 1963 1148
636	656 1674 467 1539
637	270 299 546 1794
638	899 1832 1480 841
639	1140 444 467 1009
640	1997 606 180 496
641	235 1302 591 630
642	1450 1502 1017 288
643	1351 1565 1130 1183
644	1709 1337 800 1873
645	1304 454 191 1115
646	1741 452 1363 145
647	1075 1347 1180 360
648	1118 477 1772 453
649	921 1852 1760 1043
650	352 1727 1601 1076
651	1488 1337 591 583
652	1762 1036 1198 1582
653	702 1711 1787 973
654	619 232 536 26
655	1823 1656 1157 590
656	505 1325 1237 1245
657	1385 446 694 1538
658	1891 987 675 1013
659	980 970 451 219
660	776 1896 658 219
661	1839 661 35 1623
662	902 155 152 1859
663	1979 1661 1210 609
664	538 115 1729 1173
665	337 1720 826 411
666	1115 677 993 2
667	739 1111 1187 1473
668	95 430 1093 102
669	831 120 1300 821
670	388 813 638 1024
671	1155 582 1002 1192
672	1328 905 790 1974
673	1450 1349 868 324
674	1808 432 142 18
675	948 1598 38 1992
676	468 1083 108 982
677	949 1422 1584 1665
678	1055 355 959 437
679	1274 311 922 960
680	1009 770 1412 273
681	1343 794 895 490
682	137 578 728 1551
683	1557 765 1620 151
684	1855 1778 1616 539
685	1436 1852 1975 1381
686	1853 1696 979 149
687	1529 531 694 1561
688	316 1228 1467 1361
689	491 1668 415 315
690	1837 344 163 616
691	952 631 1765 1200
692	33 1469 1307 1681
693	1750 215 581 53
694	1529 1980 1929 17
695	2 222 1701 1045
696	459 175 469 284
697	44 748 1409 1465
698	1930 829 1059 1328
699	1782 967 1593 114
700	978 712 1975 1680
701	211 1529 1934 300
702	492 1303 1973 440
703	954 547 41 431
704	1275 1327 705 1260
705	1556 612 1349 1402
706	1988 1729 1221 1062
707	953 1256 800 132
708	48 232 1689 118
709	68 1861 869 900
710	725 1692 1875 176
711	773 125 1314 472
712	678 170 1703 411
713	637 913 1198 1349
714	1936 821 236 1162
715	785 1524 1187 1994
716	944 503 1817 656
717	1979 282 1889 1358
718	724 1342 1769 219
719	1587 1680 126 1615
720	395 1422 1066 822
721	1512 1281 1378 1701
722	1386 1204 1676 242
723	332 1063 1397 881
724	1472 1335 1910 1627
725	1902 975 993 414
726	486 1115 32 752
727	1543 1079 1327 160
728	992 998 644 909
729	1499 860 717 1894
730	1522 1298 1888 1043
731	1866 28 1900 30
732	1083 474 423 445
733	1406 452 994 1506
734	1533 290 1257 164
735	751 1750 1975 1605
736	1185 1482 1066 1123
737	393 1485 1379 1703
738	513 604 399 1864
739	1532 929 1184 72
740	1206 200 302 832
741	1389 925 1305 171
742	968 577 324 1149
743	1888 1484 1021 195
744	447 110 1622 1959
745	1776 1476 764 1000
746	1473 217 911 1567
747	1155 994 188 1037
748	1379 937 409 1874
749	215 795 1200 396
750	586 1384 1580 864
751	469 617 1725 1663
752	1899 262 493 294
753	1229 1083 1383 942
754	1957 1100 1907 1146
755	219 420 1955 78
756	148 878 1813 1890
757	1264 1283 1565 907
758	5 1344 116 162
759	1781 600 1803 167
760	493 1458 339 1046
761	467 547 1716 1621
762	1990 1114 1850 871
763	1011 1508 1509 1876
764	1782 606 1920 123
765	895 189 106 415
766	852 1104 143 893
767	1481 1947 288 421
768	1477 861 231 1145
769	386 1808 1044 1145
770	1651 1806 1995 3
771	1922 1676 965 745
772	1750 1729 1461 1252
773	1825 1784 1050 795
774	979 359 1479 282
775	862 567 130 22
776	161 1296 940 836
777	18 836 1254 1175
778	1178 1959 1787 74
779	1923 1363 859 1430
780	10 525 1331 1724
781	918 1838 314 1219
782	1722 162 1124 1368
783	1774 1482 1517 974
784	1965 766 579 1293
785	409 1598 627 1897
786	623 891 1875 743
787	1191 1807 713 1606
788	1073 1589 276 907
789	395 778 1151 231
790	1194 1474 949 518
791	221 921 920 1404
792	1751 481 1589 1555
793	405 664 594 1450
794	44 522 1721 1218
795	913 1710 1816 1066
796	1859 493 439 63
797	1450 1978 1281 766
798	627 985 481 1013
799	1608 1805 873 477
800	1456 400 81 1788
801	1353 1429 480 793
802	1234 1190 809 250
803	1243 1786 1241 608
804	346 450 1748 140
805	1285 187 482 1117
806	740 1188 1786 1704
807	668 1609 1468 1503
808	1006 1269 534 1860
809	1722 991 1213 1017
810	1990 233 459 1702
811	432 192 82 1615
812	6 1988 165 1386
813	562 1081 1677 848
814	1157 1706 1464 1731
815	1038 1609 590 242
816	1519 176 838 241
817	625 640 1017 102
818	1926 318 1242 677
819	115 1839 921 1331
820	1024 630 778 1782
821	258 958 480 644
822	1861 887 733 322
823	1511 511 1864 1400
824	1800 612 689 222
825	1272 996 78 129
826	811 541 995 1229
827	1764 591 1522 835
828	1318 1586 751 1295
829	947 1559 232 1123
830	1682 646 626 658
831	1942 1464 1342 328
832	1127 39 339 452
833	1321 768 1191 1921
834	465 1276 439 634
835	1312 1341 1747 706
836	339 447 1121 958
837	1489 1022 1508 1575
838	831 1574 1278 808
839	1829 1455 1907 910
840	1317 1963 697 800
841	1154 155 1376 141
842	1180 1782 1398 1239
843	925 973 705 1387
844	660 891 453 1756
845	131 1972 1096 1655
846	469 1300 328 735
847	547 85 409 646
848	1093 1521 1779 534
849	1062 1873 1479 1834
850	1686 1570 620 878
851	959 1206 1123 1240
852	362 395 1335 347
853	1031 1744 1463 1027
854	317 1110 1410 373
855	252 734 524 1933
856	1731 1570 510 1819
857	347 822 741 1409
858	1653 530 197 854
859	1062 323 1946 1302
860	1198 955 742 595
861	1185 1732 1686 1939
862	1302 1829 1754 1772
863	451 1100 342 544
864	1001 286 881 1542
865	1335 1375 1355 1072
866	1736 813 1592 503
867	1452 780 160 1732
868	1557 1815 1230 1927
869	776 881 874 1757
870	249 1950 1884 315
871	1230 127 1681 294
872	393 1275 1454 447
873	1304 1312 1985 1701
874	155 1469 263 1313
875	1355 1696 847 955
876	1208 1203 1 1506
877	1937 306 1046 437
878	1601 1039 419 6
879	151 315 129 912
880	636 1181 1219 601
881	1329 1377 1273 1169
882	818 846 1888 1627
883	1606 1234 463 499
884	839 73 810 1229
885	920 39 510 1943
886	1191 1377 976 1830
887	1812 411 806 95
888	506 1816 807 171
889	1036 1475 321 1108
890	1979 1747 1197 911
891	418 1854 339 533
892	1382 857 1722 546
893	689 923 696 614
894	1042 874 175 1069
895	1485 863 772 1916
896	1783 44 529 275
897	498 1143 1123 436
898	341 397 587 1309
899	1458 1421 1092 129
900	227 1728 92 922
901	623 1481 1469 211
902	239 1745 334 924
903	1385 1698 554 310
904	622 869 673 701
905	783 99 1448 275
906	1839 211 444 199
907	1411 1220 6 636
908	860 1202 1145 426
909	781 1985 1468 675
910	1398 1728 74 76
911	580 1905 378 1326
912	448 598 1968 278
913	206 1308 1050 1140
914	1918 503 1620 668
915	450 2 519 1414
916	1210 1225 1909 971
917	297 1842 706 1247
918	186 1793 271 1138
919	383 1948 1355 765
920	114 535 211 1690
921	905 1028 177 1052
922	912 1518 1144 379
923	1474 1198 1602 414
924	298 741 1602 1531
925	1747 1950 564 543
926	282 1642 1624 516
927	553 1554 806 844
928	862 945 10 1664
929	1642 26 347 766
930	1754 716 1060 1663
931	212 1040 1966 298
932	495 584 1384 1947
933	1934 1697 1796 1977
934	1408 1524 430 952
935	1292 851 493 1731
936	504 1366 492 218
937	789 909 794 664
938	680 212 1117 1273
939	786 431 769 1497
940	1327 1340 1088 997
941	1567 1664 1568 1803
942	790 1849 436 1734
943	607 209 54 1380
944	1088 1286 1322 810
945	956 1447 346 1187
946	1693 1811 25 296
947	1142 30 16 64
948	1274 74 782 1884
949	1077 802 437 1190
950	868 904 1758 1566
951	71 1827 620 648
952	1093 161 50 411
953	242 860 1755 1809
954	1773 654 289 1231
955	1372 1572 1655 1309
956	593 897 149 138
957	1567 1091 280 1342
958	269 1665 1874 1102
959	1961 36 1638 703
960	1114 1789 1774 486
961	1132 91 1474 1550
962	1861 458 1605 1239
963	1923 413 371 228
964	131 397 683 932
965	1890 669 163 653
966	1040 721 1679 152
967	770 1332 1888 1721
968	70 33 125 1892
969	11 1047 1875 22
970	589 1360 1837 539
971	676 302 1072 1721
972	1161 906 1709 808
973	863 442 1164 901
974	1131 290 1621 541
975	121 1136 1686 1873
976	904 902 569 690
977	323 1827 914 25
978	1773 1361 553 990
979	1921 1375 73 1596
980	1214 637 1228 823
981	1613 1168 1131 1482
982	1145 343 900 1637
983	44 277 1297 1600
984	810 1975 1036 1871
985	359 913 240 669
986	664 379 137 1818
987	206 381 972 1364
988	932 1653 569 106
989	1060 24 389 687
990	340 1826 742 1548
991	1648 209 532 174
992	946 183 864 1991
993	677 1352 756 47
994	1950 1891 1473 1519
995	74 132 224 1822
996	912 705 1878 830
997	1521 1634 1399 1010
998	889 1982 735 972
999	172 1944 544 1559
1000	676 939 1062 1731
