Students	1000
1	151 579 4020 352
2	1751 1545 1414 4241
3	171 2312 1559 856
4	3923 3843 4455 1674
5	2133 1722 3132 3961
6	4092 1686 1342 1744
7	2446 4280 3685 2069
8	3034 4250 1582 316
9	2496 1654 889 3535
10	1118 3707 2951 3188
11	4095 1387 2141 4089
12	528 1129 25 1035
13	3777 3553 2963 2340
14	1472 4421 225 2351
15	2436 2591 926 3865
16	3358 2375 3183 2727
17	1208 2396 3388 1411
18	2307 1862 2109 3360
19	2494 1878 3140 4014
20	3022 4107 182 2864
21	972 4011 1948 514
22	953 1854 3117 3193
23	4432 4452 2589 2884
24	880 14 692 2304
25	2794 3991 659 592
26	1992 4210 3956 3589
27	668 2570 1313 1850
28	1245 1299 216 3067
29	1853 4213 3545 53
30	773 2662 3133 3403
31	2248 4065 1315 2469
32	3367 665 4424 2420
33	3163 1775 31 882
34	2043 2282 3169 22
35	2668 1695 869 3310
36	2021 3889 3676 1190
37	2157 3330 3428 1166
38	2949 757 4141 2607
39	4447 2105 4437 2869
40	3041 1667 1559 408
41	3367 1894 1062 1275
42	1353 2510 3436 2552
43	904 287 2325 2602
44	2782 3041 4339 1956
45	1685 2848 2282 2549
46	1458 788 3675 656
47	192 2581 3361 757
48	3090 840 899 3060
49	347 2470 2650 964
50	3437 3469 448 2666
51	4288 4356 2475 277
52	4020 1684 4320 2553
53	1380 3458 3288 1883
54	814 3934 3571 3916
55	752 645 200 1209
56	3127 2239 2411 2007
57	4402 31 454 2130
58	1544 2036 2740 2987
59	3682 1146 3248 3150
60	4320 1533 3108 3908
61	1260 1331 1047 3725
62	4284 1238 1070 4364
63	1451 4097 3909 3894
64	4359 752 1801 1211
65	151 946 3884 3265
66	2044 3712 2621 2743
67	2895 1700 187 4075
68	2725 1588 246 3213
69	1464 4034 190 1062
70	995 3731 3150 1244
71	1279 837 2672 1728
72	708 1809 874 4327
73	1729 4124 2897 3254
74	2823 3365 2959 4414
75	476 3511 2303 2294
76	1678 1361 423 1439
77	4166 817 2935 252
78	3693 3602 3316 27
79	1427 515 289 3248
80	3139 1940 3422 187
81	1971 2218 3870 497
82	954 1629 3057 3321
83	1060 1486 63 3634
84	3793 2078 730 1096
85	587 2055 3826 1628
86	4383 3650 4122 4427
87	3003 4128 1820 4434
88	441 4437 3401 2651
89	2330 3597 1776 2800
90	378 730 4370 2882
91	8 4486 747 2787
92	215 3612 2818 992
93	3883 1553 2915 990
94	3118 287 2161 3724
95	1666 2816 230 2259
96	2716 372 3637 3077
97	4281 818 3430 789
98	3863 4474 2329 3814
99	2098 1188 2937 3925
100	2297 3900 2715 3727
101	4134 3503 3635 758
102	4178 3325 768 2645
103	3934 3602 2275 2693
104	3319 2715 4320 4160
105	468 364 548 1605
106	469 2149 2499 1008
107	19 3519 2383 912
108	1867 3076 1052 2186
109	697 3815 2109 1516
110	4395 306 3205 1551
111	4418 3330 1410 2923
112	1008 808 4022 2394
113	3827 3390 2874 3623
114	286 1593 342 3836
115	403 3413 4493 347
116	1822 1097 4451 1282
117	1674 90 1647 3219
118	2867 2623 2061 1180
119	2731 3055 3429 4033
120	3545 3944 2011 2396
121	4452 2728 3114 4442
122	1692 1183 3316 1145
123	669 2639 702 4194
124	2301 84 2312 680
125	1738 970 693 285
126	2817 186 3121 2699
127	3815 2122 3621 2403
128	1506 794 4088 2355
129	447 2905 1940 3906
130	1376 1983 3084 3678
131	4407 950 968 3753
132	3187 153 2268 3778
133	3566 1131 1445 4349
134	3342 2370 458 807
135	3948 1198 3171 2564
136	38 3442 2711 2349
137	1513 2415 811 4396
138	4375 3816 3551 4175
139	1063 3311 3144 721
140	2696 4467 544 1172
141	4145 658 928 2412
142	1305 1012 4000 3652
143	675 3003 4063 4269
144	2834 2773 1151 1778
145	3019 3505 850 1653
146	386 992 3512 1413
147	2173 3438 475 3585
148	3286 4268 1972 2873
149	2178 3548 2753 1145
150	1127 1696 308 799
151	1903 3981 2741 2028
152	51 3965 2934 1671
153	317 2223 1042 4368
154	3090 2463 3635 421
155	1397 4420 2480 1608
156	153 140 1916 16
157	1857 2109 2311 2086
158	3205 4081 1831 3007
159	435 1676 2762 3854
160	2940 331 313 610
161	532 1468 2494 3807
162	1744 2135 4049 128
163	100 2160 3951 4149
164	4057 3250 4361 2305
165	1748 3486 1659 4492
166	243 1016 2385 3063
167	1665 2049 3712 3974
168	1427 269 27 17
169	2598 4307 3013 3703
170	2794 600 3768 2194
171	1733 1381 3333 3575
172	1723 812 1896 468
173	2529 1574 2350 2094
174	1709 3199 3093 3923
175	3204 1996 114 1748
176	4406 1560 3085 3076
177	1778 3302 2241 178
178	1753 4038 4219 2773
179	4262 3467 733 3505
180	79 541 874 4442
181	4353 67 946 3000
182	3193 1628 3055 3905
183	678 3313 1595 1558
184	2974 780 3845 504
185	2915 4085 1613 3940
186	97 2523 1110 955
187	1897 4367 306 2150
188	3566 3321 3961 2057
189	564 3389 2974 2992
190	1905 587 1982 4195
191	3946 1858 52 404
192	2888 4049 1617 3958
193	4177 4462 1372 3504
194	1928 2009 2898 3644
195	2869 323 1261 483
196	3289 864 1859 2468
197	1520 263 3567 4484
198	2067 1935 3555 407
199	2999 3657 3071 1466
200	2462 901 52 3301
201	3034 3260 1404 2191
202	1654 4223 1600 2111
203	2505 3672 2253 1502
204	2733 591 3429 76
205	787 660 52 2376
206	3447 1421 3756 950
207	2779 2714 844 1879
208	3679 2497 1067 2993
209	4221 692 3636 647
210	942 4229 1697 3485
211	3854 3472 3396 2829
212	1327 3492 2971 692
213	2942 2391 2724 2055
214	2283 3802 2409 2447
215	3169 3762 3846 1965
216	253 2442 48 345
217	440 1482 247 3644
218	3178 3401 1394 2425
219	2611 3691 3658 2897
220	1071 219 3918 4203
221	2730 2073 1055 4301
222	2354 495 4210 970
223	2913 2213 505 2192
224	3396 1960 2589 2400
225	46 493 3942 3902
226	1207 4072 462 3218
227	1586 1735 376 474
228	2506 1148 2185 4475
229	3341 3240 96 4342
230	2441 2024 2460 824
231	2704 58 3632 3576
232	4046 2670 2017 2676
233	468 2626 1047 3689
234	1082 1592 936 66
235	2979 4029 2154 3278
236	1256 3684 3426 4249
237	4044 1332 3324 2809
238	2931 1506 1777 641
239	699 1460 3345 314
240	4293 713 944 1031
241	4124 2715 659 4443
242	3081 3051 2905 3297
243	3201 4434 3385 2924
244	904 2526 4449 2291
245	4437 1820 2669 3840
246	2313 1930 1031 4029
247	711 3799 4253 2871
248	3260 2488 2609 1400
249	2561 4196 2122 2673
250	748 2925 2147 1266
251	1487 4232 3655 3968
252	3948 181 4042 23
253	546 1719 483 2589
254	3817 1471 1744 3026
255	3814 4410 636 3778
256	2699 1238 1244 3146
257	3090 2273 56 3382
258	191 3382 861 4183
259	2069 3932 2260 1278
260	1085 1937 451 2908
261	2054 4232 2705 379
262	2949 2107 3713 4119
263	3636 2770 4378 902
264	3027 2240 736 1782
265	1154 1354 2207 3772
266	3413 505 2244 1120
267	3142 649 1622 2505
268	1577 2081 274 827
269	874 1280 3458 261
270	3160 3261 3606 58
271	1062 381 1905 3917
272	1082 4346 810 1316
273	4183 1490 3860 3464
274	2891 1682 164 3456
275	1878 2306 3809 3376
276	3444 4082 510 1696
277	1346 2668 3836 3221
278	3416 750 3274 2236
279	125 606 4373 3749
280	822 3135 2502 4455
281	1183 1077 2066 3002
282	3191 4415 2180 1499
283	4241 2410 2449 3594
284	244 514 12 3581
285	1786 1636 4136 2785
286	409 2263 3038 870
287	806 1693 4355 1725
288	3237 4412 3664 945
289	1817 66 2437 1878
290	4337 1787 2654 3038
291	1347 3143 3762 2561
292	4174 448 2104 2057
293	1651 538 3272 2782
294	3154 3138 194 3740
295	22 3252 3286 1692
296	212 808 251 1260
297	3216 1434 2746 2837
298	3209 3354 2713 3088
299	133 3537 2473 4191
300	2258 3080 1604 3560
301	567 4419 3138 1995
302	3739 1173 3992 2738
303	3025 1430 3905 3343
304	1597 3743 143 926
305	3780 4167 605 2200
306	1695 2803 4048 2559
307	4459 349 1574 862
308	832 3507 1984 463
309	2712 2149 1977 960
310	3234 1828 967 2484
311	2030 1450 3511 3231
312	2488 2247 3707 3215
313	3495 445 4468 1376
314	3886 1594 3059 3126
315	1178 2115 2205 3289
316	684 3571 1770 4073
317	4334 2728 4255 2601
318	3402 419 3654 3989
319	4332 2859 3173 1673
320	1072 1637 2412 52
321	647 4067 454 465
322	4134 3473 2781 2427
323	1746 4497 1574 3707
324	2986 567 4242 3040
325	2401 3487 3692 4104
326	2409 188 2115 1224
327	2852 4215 4414 3883
328	309 473 568 2414
329	1857 509 1180 4274
330	3328 890 2858 3008
331	1460 3141 1829 4151
332	2993 1933 4438 2894
333	1343 834 2746 4390
334	3117 4123 2527 2070
335	310 702 4113 2616
336	3666 4453 720 251
337	4385 2470 3808 1939
338	1259 1294 1313 3275
339	1139 1656 1281 2865
340	3889 2591 677 1627
341	647 2286 3880 2558
342	2291 358 2757 4379
343	2536 4305 81 764
344	4237 2554 2088 333
345	3297 1056 4349 1672
346	4253 1920 3624 696
347	3977 2545 1999 1210
348	3023 2169 1134 644
349	480 4205 373 244
350	3405 1725 501 170
351	2080 4017 2920 1407
352	75 4301 857 206
353	3255 3087 884 775
354	968 167 1232 2056
355	2217 246 1740 4418
356	3145 4377 2646 810
357	4456 3739 3782 2857
358	3245 525 3472 1503
359	2264 1296 1841 1815
360	4121 1817 4322 2407
361	1560 218 3076 670
362	3118 1325 2729 2509
363	896 1068 3970 412
364	1347 801 2517 3874
365	3781 2189 2300 3968
366	4055 2770 3406 275
367	2934 1526 3696 2664
368	1491 2913 2667 3649
369	3219 2628 697 1705
370	347 3395 2985 3182
371	4417 236 3219 4468
372	3005 4347 573 3492
373	3538 2073 772 87
374	3967 145 1610 3685
375	4158 4226 3472 3196
376	370 2458 4100 1749
377	2755 17 1436 2463
378	2530 1759 445 2070
379	4189 3831 2027 946
380	4430 4099 2701 4116
381	3351 132 606 2080
382	3978 3444 2830 3635
383	3124 3265 999 2590
384	3245 2279 613 41
385	2543 675 727 1359
386	737 2439 1865 990
387	1087 3340 3224 358
388	513 1327 1138 2496
389	2187 1014 2832 490
390	2214 223 2171 3789
391	4479 3824 3123 788
392	4261 850 1614 2526
393	2390 2359 2857 2733
394	2116 1208 3234 3827
395	1991 4097 2308 2518
396	1588 2915 1252 1541
397	2545 4410 571 3982
398	238 925 3319 3072
399	1377 4368 84 1026
400	1416 10 2672 2011
401	3139 739 1099 2725
402	1433 2794 3111 3828
403	1646 1843 144 3014
404	3280 1436 2573 292
405	2775 3875 3643 203
406	1150 228 2824 826
407	1457 4364 3866 2817
408	3364 3965 4134 3975
409	4023 1657 120 2164
410	4038 1428 1167 2702
411	1587 4162 2267 266
412	1574 2642 3808 2754
413	2284 4081 3085 3260
414	1721 4356 1193 3407
415	1036 3996 2258 1144
416	1577 3826 864 2934
417	533 3447 1909 3722
418	3495 1493 2137 761
419	892 52 2515 914
420	1376 3608 2606 2846
421	3879 276 3811 1116
422	3326 625 2532 2942
423	4239 2648 1869 3104
424	97 3927 3844 3532
425	3046 1077 2489 86
426	1621 4014 467 866
427	1512 1363 2751 3285
428	2785 291 1320 1705
429	1987 3162 1681 3105
430	3415 1943 502 2518
431	3825 2871 372 1260
432	1658 2174 1403 3122
433	1958 846 1652 403
434	1199 1742 1886 1416
435	3412 869 3421 1685
436	3359 4237 3008 1104
437	4025 3481 1710 857
438	1274 2041 2322 40
439	2469 4114 2695 445
440	1900 3188 1807 1089
441	3087 2908 963 2737
442	607 3092 3167 3141
443	792 2216 3206 285
444	599 3205 4429 2231
445	1634 30 3191 2358
446	2329 1175 3092 517
447	233 1951 2433 1273
448	2940 3464 1973 1147
449	570 3343 1298 291
450	1603 1668 4311 438
451	4131 2492 1004 2819
452	1417 2946 1783 3085
453	2067 3366 3454 1903
454	738 1044 2662 520
455	4488 4063 2725 1105
456	3545 331 1551 4384
457	2040 62 2152 1157
458	1041 1637 1414 15
459	296 1680 2506 2877
460	332 3889 2451 1221
461	451 3954 36 689
462	1029 2679 4309 1059
463	1533 2220 2337 1221
464	4164 4431 1626 4285
465	290 260 475 824
466	240 2202 2976 1575
467	1484 736 2110 4020
468	641 485 4469 4117
469	3183 1505 2494 3812
470	21 559 1977 1646
471	161 1516 3212 4447
472	2057 3993 3785 4000
473	1720 193 281 4205
474	2775 1913 4375 1301
475	724 4042 913 4475
476	4325 965 5 4400
477	1222 3245 2127 388
478	3297 2187 3316 268
479	921 1107 1233 980
480	1280 128 2810 4088
481	1273 2519 3786 437
482	2937 2582 3787 2394
483	2711 1490 59 2670
484	4424 2247 575 3182
485	3498 2388 839 1085
486	1959 3400 783 1543
487	1329 698 2949 3183
488	3774 2918 2235 3506
489	645 1445 4316 695
490	3099 1539 3282 3405
491	1709 4434 3153 3331
492	151 3258 754 2753
493	2224 2034 2406 288
494	1925 2636 1044 3795
495	3276 3533 3011 1068
496	1807 4034 1023 2580
497	4499 952 1248 1770
498	3760 1483 1848 2616
499	3274 2783 3035 3927
500	978 414 4135 2397
501	2831 1264 4400 153
502	24 2434 2443 3309
503	2384 139 1075 2749
504	1020 134 3111 1213
505	1438 821 3218 3670
506	4497 4183 602 2726
507	2055 2961 123 4187
508	3952 3503 1274 4055
509	3791 4175 1999 4316
510	3621 393 3765 4499
511	2055 2572 1913 87
512	4325 1800 2582 3578
513	3990 2234 3860 2488
514	84 3771 4433 76
515	3408 493 607 443
516	488 2232 890 3114
517	574 101 1465 1482
518	1547 3363 1561 2262
519	474 909 993 1302
520	3911 3254 691 53
521	1355 3683 4320 1284
522	1030 4381 4323 1181
523	1093 1974 1223 3063
524	1396 2677 4048 2542
525	2494 2775 503 4164
526	1052 4098 786 1747
527	2303 1751 2768 2284
528	1593 608 3029 636
529	2653 2945 3790 741
530	4283 1384 1099 1309
531	3286 4162 3370 2706
532	1378 897 97 3150
533	1684 2180 791 811
534	2570 3637 482 1305
535	3326 2472 1925 2354
536	1281 2399 3537 596
537	1945 2872 827 3327
538	1843 473 874 3854
539	1164 4449 310 161
540	2263 3954 91 3699
541	4459 2343 893 3582
542	4 646 1777 3852
543	4291 2469 1855 3742
544	2786 3158 2656 2118
545	2249 748 3190 1741
546	2552 333 2409 1764
547	3817 4454 2713 3012
548	2712 1584 1963 4134
549	1312 3310 3331 511
550	4319 3991 4435 420
551	2199 4168 580 1511
552	3739 3255 3333 4174
553	1828 3954 3450 3360
554	1792 4173 1165 4266
555	2226 3 1279 393
556	1656 3292 2188 670
557	3798 1570 2057 3309
558	2667 3276 3216 121
559	1786 1533 391 2190
560	2863 788 655 3392
561	3480 2205 3636 2965
562	351 3835 3285 3139
563	4067 224 3712 3558
564	4212 3586 2195 1990
565	2049 2164 2073 4071
566	3805 3102 4290 787
567	4462 3318 2959 1358
568	2344 2745 3347 3647
569	4096 2093 1148 482
570	2705 1764 2254 2282
571	2088 1530 4268 1544
572	830 3637 2767 1307
573	2673 4233 1453 611
574	1053 1798 961 1539
575	3935 3334 1143 3442
576	2559 3708 3894 652
577	2713 205 1196 2985
578	1470 1065 1494 341
579	4303 4221 651 660
580	2909 1586 2190 1035
581	797 2753 1016 2705
582	3549 2375 943 1024
583	4294 3456 1278 456
584	407 1832 3023 2279
585	2348 545 4017 4224
586	4262 1909 4139 626
587	2268 1966 1990 1551
588	2157 3260 393 2325
589	979 4220 3395 3461
590	3033 3944 3949 1575
591	4281 1638 1662 1961
592	2496 365 818 1365
593	3318 2028 616 2419
594	1729 2035 3745 1077
595	1165 412 3161 1601
596	4413 1552 2337 2207
597	3773 8 3765 3592
598	4434 2859 3828 3553
599	4013 1183 1515 1467
600	1425 1444 1690 2255
601	3841 3284 1784 63
602	499 3597 674 2536
603	1475 4170 4188 2408
604	710 3206 388 597
605	659 3185 1460 830
606	993 1335 4019 1106
607	402 3003 2146 3046
608	2930 3431 3976 4337
609	1134 27 3637 1511
610	1791 1603 1421 1559
611	1959 1429 491 2096
612	3809 1758 951 1416
613	2128 2500 3253 729
614	4176 3276 3552 4101
615	522 1150 2586 2403
616	2628 4027 3402 3305
617	4274 4244 4438 1563
618	4443 1208 3110 1535
619	3720 2443 214 1700
620	3968 2388 3076 1067
621	2136 2325 2523 1614
622	129 4084 860 2983
623	1174 1825 930 1145
624	113 2420 3670 3415
625	2568 1937 2934 3336
626	3109 3095 1433 3845
627	4080 3649 3399 889
628	3681 1928 3330 2525
629	2700 2277 4084 922
630	1427 3683 4151 308
631	4394 663 3645 2507
632	3160 2720 404 2470
633	4186 192 2981 141
634	1866 4206 1761 3831
635	541 1161 3737 3260
636	3155 2783 2149 3289
637	1878 4283 2411 2681
638	2858 17 1081 3199
639	3664 1503 91 4291
640	1782 2921 3731 1303
641	3303 3807 4182 129
642	494 2567 4198 2800
643	2555 1890 1671 1972
644	1758 5 439 4447
645	1383 4334 1010 1392
646	1001 1264 2483 1474
647	1566 2416 3506 248
648	4383 3155 2715 3981
649	3994 229 3308 1459
650	667 3957 799 2342
651	3872 3039 4072 1950
652	4199 2274 2169 2594
653	80 2676 3196 3040
654	3351 524 412 1203
655	2638 736 3194 1171
656	3278 3969 4422 2011
657	4149 64 4244 1233
658	2811 1178 744 1181
659	3215 734 3765 4427
660	2186 3547 2713 2875
661	2625 3197 3520 12
662	2221 730 232 3429
663	1670 1342 1194 1447
664	2304 1389 1346 3268
665	141 402 2706 4441
666	378 166 167 1341
667	3518 3018 4135 1065
668	1314 2102 1179 1376
669	478 4247 95 1142
670	1202 2026 3025 2327
671	1206 3440 645 1307
672	788 3526 4462 4423
673	1005 3694 1988 3684
674	792 698 2438 3348
675	991 4483 1077 2399
676	925 1750 2991 2135
677	4059 1147 3068 2165
678	1897 3364 3545 521
679	1984 4100 2121 1532
680	3626 3448 138 3595
681	379 4461 3483 3910
682	3297 1449 1119 1736
683	2263 1275 1027 3870
684	1210 1950 1455 3509
685	2285 2644 1006 2300
686	2711 2579 1484 3341
687	83 2792 1183 4372
688	1205 601 4178 1496
689	2952 51 1228 4413
690	3487 138 4343 1102
691	4333 3727 837 4185
692	3772 1586 3576 1159
693	242 550 4414 1733
694	2923 1677 1293 3237
695	2008 177 2882 409
696	2433 1006 3722 2315
697	4174 723 724 3360
698	4240 25 3893 962
699	2608 3865 3735 1753
700	3431 649 3370 886
701	2248 2821 2170 239
702	800 1596 2813 1633
703	1479 2396 1489 2131
704	1625 2987 778 3078
705	1972 790 1284 73
706	3828 2501 3692 1148
707	2255 3548 1623 2958
708	504 2080 3913 3091
709	1036 1830 4098 3700
710	1506 2194 2956 2943
711	1165 1618 4179 463
712	2986 2188 2111 756
713	2234 3073 2659 1842
714	3929 1527 1995 3012
715	3625 1978 2465 4008
716	4310 2515 393 1583
717	2340 1570 951 263
718	1047 694 1700 1016
719	614 2581 1928 3998
720	1457 122 2758 1353
721	2289 4429 2178 1493
722	3825 164 1495 4176
723	7 3342 1508 2612
724	3156 1201 2898 3512
725	1602 2558 1536 2892
726	2512 4365 1133 755
727	2130 2888 2376 1186
728	3154 496 1412 1731
729	4165 3084 2677 4483
730	993 1952 122 2579
731	3441 1829 2098 1242
732	2055 2302 2206 650
733	568 668 746 3060
734	3851 1165 4314 656
735	854 1313 902 728
736	2169 82 421 418
737	1337 3033 1944 4257
738	384 1882 769 3078
739	1869 271 2826 4224
740	4415 3884 2310 2293
741	3024 2164 2239 4337
742	4445 3103 2677 1528
743	1779 346 164 3925
744	1469 3358 1662 3665
745	4252 4262 1945 2626
746	3100 1721 1699 1837
747	2845 1670 2769 1905
748	2961 2787 448 1522
749	908 3160 3519 3118
750	1220 2579 3756 3129
751	2979 747 3846 1230
752	3650 191 531 1971
753	3351 3520 4070 910
754	3751 2418 1389 280
755	4074 2838 64 2656
756	139 4173 2368 3072
757	2562 3281 4164 4247
758	3545 1440 2456 4478
759	1267 3855 372 4258
760	800 3304 2798 361
761	2360 3421 1663 98
762	3217 2874 2047 1332
763	1022 1427 4074 2450
764	1740 1974 3089 2565
765	1868 1757 3459 1776
766	1680 2505 1633 1098
767	70 1388 1833 3002
768	1704 3764 3590 1137
769	2585 597 3565 3281
770	3082 2794 570 3709
771	2349 582 385 2272
772	4009 4495 2912 355
773	3019 708 3178 3629
774	3511 1816 3237 3920
775	3731 11 879 3496
776	4162 4271 2736 4376
777	3468 177 944 96
778	1985 2888 675 1013
779	1412 4463 1400 3611
780	3483 3933 2419 2733
781	4172 4369 4265 3394
782	2320 1857 3751 1123
783	524 1887 816 4197
784	160 1966 237 1410
785	3656 319 1144 2943
786	634 175 3469 1372
787	590 2408 264 2279
788	300 49 1214 3744
789	743 3002 4163 521
790	3856 2990 697 139
791	4112 2000 4173 3307
792	2639 4027 1095 4036
793	322 3070 312 2211
794	4233 3118 1195 2378
795	689 2462 1379 811
796	1745 3750 2670 3863
797	1575 2254 1551 3652
798	2444 2370 3442 3587
799	2694 4461 2484 3311
800	1621 1803 275 3727
801	2508 4274 548 286
802	2086 1371 3414 75
803	2654 4036 3761 1199
804	1273 330 4405 289
805	1752 1193 1727 1351
806	2880 2573 1061 2380
807	2612 1581 1021 1465
808	439 222 4025 2564
809	2214 811 1834 561
810	3104 360 3366 2747
811	1372 1946 2473 2698
812	2755 616 3763 588
813	4293 2297 2386 1472
814	370 698 2010 1754
815	2149 3435 4255 4493
816	3821 1238 4321 1165
817	7 3889 2481 3224
818	3484 1466 3761 2254
819	781 1573 1414 2467
820	2206 2275 2535 3464
821	2979 1622 2560 1921
822	1766 690 3855 1470
823	1270 3186 268 2231
824	573 2063 3178 4342
825	1886 2155 1366 1062
826	1311 2050 758 4163
827	3060 2408 3675 1293
828	1245 3030 4175 2875
829	570 1914 947 3064
830	332 1635 3304 4446
831	69 1908 384 1486
832	1623 1426 3582 1755
833	3157 2869 4176 25
834	1808 4075 368 1937
835	1139 1714 4253 3140
836	530 1256 4272 1648
837	1410 3899 1019 812
838	268 3800 2056 1659
839	658 1261 845 2620
840	792 2291 2065 394
841	4440 3820 2022 2075
842	2044 913 3783 2576
843	839 1780 2418 3634
844	432 1192 359 1078
845	305 101 2527 964
846	417 1353 3756 2553
847	2200 3189 3630 2079
848	3258 2935 442 251
849	83 760 2164 2218
850	1202 4335 995 1568
851	2449 1752 2611 3347
852	1626 4468 1273 1046
853	127 1651 1276 3940
854	2816 1974 3717 101
855	3404 662 3345 1745
856	4408 2381 2610 1983
857	2756 142 866 2717
858	3920 4181 2493 3303
859	2143 3908 26 170
860	1233 296 3639 1972
861	3834 3014 3270 932
862	4005 1458 1272 4029
863	970 1846 428 2457
864	2063 3119 1295 1591
865	1688 3384 3608 832
866	2070 1547 3011 1106
867	1578 2778 142 102
868	3545 1414 776 102
869	3991 4405 3855 3090
870	658 4245 1199 3365
871	3323 4392 871 3132
872	205 4267 2300 2281
873	1318 2182 1559 1723
874	1139 319 2666 2571
875	4158 2525 581 4060
876	2191 147 1343 769
877	3243 3417 787 4347
878	4240 596 205 3027
879	3883 855 1451 3478
880	4381 889 189 4273
881	4449 1440 4084 4394
882	3968 3402 3660 3236
883	1513 4227 1664 1944
884	1307 1055 2746 3077
885	1452 1929 3781 4006
886	182 3187 749 1652
887	2174 1982 1239 3485
888	3964 1042 1731 2929
889	1680 1706 1166 2989
890	2186 246 3537 640
891	566 2735 3692 620
892	2205 450 4428 3031
893	3737 649 2123 799
894	1378 4130 60 1940
895	3664 3211 971 1959
896	2040 4320 353 1942
897	862 1888 1998 1177
898	65 1917 778 1505
899	3446 4365 2215 2559
900	2788 520 301 3855
901	2156 1550 549 1168
902	221 3162 1608 1742
903	560 116 1520 825
904	659 2624 2852 3341
905	4328 1980 3482 1386
906	1064 4472 1458 1798
907	980 175 1521 384
908	2954 1817 2053 4242
909	800 2453 4185 3512
910	1460 1262 1769 4153
911	3311 1067 3717 3980
912	2211 926 2617 3563
913	3653 3557 3408 2633
914	4302 4383 2230 418
915	29 557 3604 3071
916	249 3352 1096 2805
917	1026 4001 4265 1160
918	3103 2442 3436 3855
919	3586 3337 2784 3913
920	2167 1763 615 2331
921	3182 1290 2035 196
922	4211 750 1381 3758
923	1407 2929 1869 1568
924	514 3558 1895 2956
925	3102 4271 2899 1814
926	4134 3459 332 1464
927	1454 2420 2111 3372
928	2438 726 4378 4107
929	2591 3725 3347 2890
930	125 79 4207 895
931	2642 2737 4303 2059
932	771 4357 2939 2487
933	3988 1285 2624 2705
934	783 702 1764 3129
935	31 801 3647 2304
936	2609 4174 2759 853
937	3719 82 220 2680
938	45 3345 2466 1663
939	823 554 2886 3150
940	607 2595 4084 1577
941	2534 1162 3503 235
942	602 3007 1082 3128
943	1343 429 4136 1833
944	2785 3946 4192 1357
945	3426 1322 4261 2391
946	2840 109 2146 342
947	2286 3000 3972 201
948	3807 2583 2046 4500
949	814 2659 1008 324
950	2602 3139 2574 1226
951	1147 3651 3957 520
952	2311 1297 1213 1378
953	1730 228 1054 271
954	1627 3437 2813 2230
955	884 1741 405 1078
956	3469 2502 3263 3762
957	3868 857 453 236
958	4191 198 1073 3023
959	2964 2347 3827 3160
960	1112 1335 2991 347
961	460 1259 4082 1139
962	1585 1860 2775 2848
963	3601 325 107 1548
964	2372 1921 2409 2940
965	2094 3242 710 2624
966	1175 3210 1997 1064
967	4084 2518 592 3854
968	1395 2679 3122 3890
969	3697 915 2558 2390
970	451 1642 820 3006
971	2251 1092 901 3602
972	3341 1170 775 3948
973	1538 1925 3468 1047
974	1057 126 3096 1944
975	770 1088 2388 4122
976	2980 2614 1927 913
977	4230 1880 3423 2084
978	1443 4089 1283 3515
979	1511 3917 3809 2415
980	3343 3832 3800 1498
981	835 3254 787 2206
982	2401 2506 3141 2671
983	1438 2647 2390 795
984	3490 1980 11 3003
985	3294 165 3264 4390
986	2368 1162 2169 4259
987	2050 1032 4077 2732
988	2595 2093 4474 505
989	2550 73 1688 1649
990	1000 1624 3815 4023
991	544 1913 3428 4442
992	1172 3045 1336 4388
993	2828 1543 393 2121
994	3664 637 118 905
995	3989 1677 2683 3902
996	3896 1200 4388 170
997	2676 1371 1034 704
998	2596 242 2544 168
999	929 1643 1200 580
1000	2572 2613 1053 4215
Students	1000
1	3615 777 1145 4048
2	4407 2392 3207 3124
3	2482 4472 3370 2101
4	1551 3447 3736 2700
5	3761 1373 1036 3632
6	2067 3700 279 1622
7	3407 124 2995 2219
8	732 301 2796 3425
9	3519 2388 147 1223
10	3235 3453 3911 2063
11	2110 1271 850 2355
12	1881 2327 3105 1802
13	530 3779 70 2834
14	1970 3174 2085 2557
15	4008 4365 2736 4140
16	4347 2909 4027 1651
17	2652 2425 2506 3129
18	1399 1615 2025 4408
19	1484 4305 1347 939
20	1604 656 3481 4498
21	3660 1739 518 1646
22	1132 277 1201 3142
23	3398 2821 2621 1601
24	3018 322 4289 1619
25	1372 2556 978 1660
26	1472 971 3857 962
27	4350 1724 2603 289
28	3048 1624 1807 2831
29	2762 756 1498 2100
30	4118 907 3263 1821
31	3049 2562 2940 2380
32	1901 12 1886 803
33	2205 231 3798 3084
34	3676 947 4039 953
35	264 3818 1247 1534
36	2767 2091 2302 288
37	1164 1403 2541 1720
38	1433 3273 2514 4301
39	2469 1468 1721 2198
40	1898 1007 2432 4280
41	3719 3149 2351 1004
42	1964 2843 1693 1940
43	4399 4265 2498 2865
44	2414 2225 3578 3250
45	4488 3103 4282 1709
46	3762 642 3573 694
47	1376 4324 2857 612
48	2843 2282 3967 1220
49	109 424 3203 2336
50	726 355 3608 1768
51	2386 2137 2542 2006
52	2541 4190 2572 1073
53	2559 1755 2635 1791
54	3446 704 4331 3860
55	2508 1810 2536 4122
56	4233 1308 27 3116
57	2249 718 730 581
58	355 1343 3173 840
59	419 1436 4322 533
60	4082 2130 4055 36
61	907 1422 1197 1970
62	457 796 737 2675
63	3841 130 1208 757
64	1274 3034 2903 2021
65	1450 65 606 2124
66	3438 2077 325 1462
67	2893 3886 1496 3280
68	1770 1706 1966 929
69	602 1866 3628 4438
70	616 2239 2215 3500
71	460 38 2841 2875
72	976 1037 3854 4038
73	4193 3162 1890 4322
74	3311 1725 1751 1992
75	814 1744 305 1600
76	3225 3931 2311 3506
77	682 151 1757 4396
78	1804 3036 1470 83
79	2821 4003 3721 2940
80	2063 604 3012 811
81	557 1360 2966 4118
82	2243 825 3606 1557
83	238 4389 614 1218
84	3993 548 4387 4074
85	2914 4081 2172 3533
86	1916 2682 4425 154
87	1675 4268 43 2011
88	3930 479 3241 2765
89	3627 4105 2092 3443
90	2977 3988 3986 4087
91	2981 1915 1367 2424
92	1745 1216 1085 1954
93	3147 1221 3539 3410
94	3815 3329 1043 2959
95	3381 3555 3042 713
96	1917 3039 1687 1354
97	106 97 3798 153
98	2898 2102 2412 1413
99	358 3000 1206 2374
100	2425 237 505 3571
101	3001 2739 3389 3507
102	1524 574 788 1979
103	2878 3154 913 4420
104	2633 1140 3774 2055
105	3392 1890 2743 2069
106	3754 2075 675 192
107	793 1008 3725 2568
108	2088 3647 3918 3641
109	2340 649 1675 3914
110	2097 4465 1596 54
111	1165 275 4408 3085
112	2394 3409 4365 4366
113	2213 4300 3600 383
114	1152 3588 3798 3857
115	4058 1586 373 4497
116	3430 1651 1896 1016
117	640 3746 3636 4417
118	200 443 3265 3123
119	928 240 3370 3111
120	3618 3058 2146 1720
121	3056 3033 4087 3277
122	1503 4284 3090 854
123	3309 1032 561 4319
124	2775 561 4457 894
125	2306 4054 1549 2010
126	3799 2193 4254 2273
127	644 2604 1171 4170
128	3390 3928 53 977
129	4084 847 3426 3524
130	3830 3564 3326 962
131	885 2914 893 1465
132	11 4165 3924 1895
133	1426 2111 3393 4031
134	1749 2042 3224 3733
135	754 891 1806 3562
136	2469 2302 538 885
137	2135 2685 152 1078
138	326 4167 3820 1847
139	2564 3248 1571 3120
140	2364 1188 4429 3487
141	3048 3692 4446 2405
142	1595 628 806 303
143	1277 1228 1091 3860
144	3833 3040 1323 307
145	2047 2918 1657 1775
146	3281 4458 4280 1875
147	4001 1401 791 3524
148	2251 2656 102 261
149	407 4082 442 1525
150	2962 2639 4182 1161
151	1337 2239 1750 858
152	2634 3296 4006 659
153	3125 309 1971 704
154	1075 1677 4284 59
155	39 2841 2093 40
156	4161 2381 3131 590
157	3569 724 4469 3816
158	3952 2364 105 3210
159	2623 779 2641 637
160	4322 3279 1378 3203
161	2861 3712 1382 2787
162	2242 1058 2222 2557
163	662 196 954 2772
164	853 2561 2149 3117
165	3052 1531 117 2903
166	181 3430 574 1809
167	138 2879 3535 4305
168	2229 2261 4202 1290
169	4274 3056 3924 2608
170	1287 1756 511 2208
171	3851 1163 1564 3991
172	122 3263 1715 826
173	1179 4105 4121 148
174	1202 2978 1403 2653
175	2990 1674 696 3157
176	2338 97 1707 1316
177	2087 2363 3984 2213
178	3522 2333 1336 814
179	4124 2001 3031 4100
180	895 3032 1133 1434
181	907 2112 2245 1792
182	3559 1034 4445 1041
183	1975 1043 2532 16
184	3008 1985 2043 2627
185	4016 42 278 1660
186	3156 1066 4167 4459
187	2974 3389 2274 1900
188	1893 3880 360 3378
189	3887 3070 3661 3462
190	3727 1311 2215 2792
191	3202 1723 33 488
192	3895 1740 1947 1632
193	3916 4230 3447 547
194	2398 2320 2800 3078
195	988 3359 2341 910
196	120 392 3742 1615
197	1997 1288 78 290
198	3686 1209 3664 3545
199	4003 1643 2284 3401
200	1315 4308 381 4372
201	3519 4400 3524 3780
202	1817 4229 2178 4062
203	872 1089 1412 2477
204	3921 222 1356 3018
205	611 2719 2851 2388
206	2386 247 4352 711
207	3393 3728 4275 1663
208	3810 4292 4369 287
209	4038 515 3013 2324
210	213 1444 3228 612
211	1145 285 732 1446
212	4362 1704 2171 4091
213	3841 469 2852 3945
214	2336 2192 2273 4312
215	4313 1925 1768 290
216	2658 3723 2308 2952
217	1365 1956 845 3195
218	1749 699 2985 3123
219	754 913 2230 118
220	1685 2851 4310 767
221	11 2217 3821 2670
222	2085 4117 3080 3963
223	916 1700 1473 4366
224	3083 3839 1489 2502
225	629 2994 1450 2935
226	1090 1941 3231 835
227	3344 4021 2560 2262
228	3584 3472 3644 1040
229	3607 3787 968 4360
230	3840 1664 3460 2251
231	2653 756 1778 1670
232	1412 110 1577 3025
233	2853 32 1697 1324
234	2804 1264 2918 4492
235	957 413 3837 2927
236	2053 2670 2474 2173
237	2954 1134 1568 1323
238	2457 3726 4407 4247
239	2882 4217 291 733
240	422 769 808 3151
241	1967 3390 2958 3578
242	774 4425 3611 1281
243	2386 3915 2790 3300
244	3056 2967 2555 2234
245	378 2487 4299 3415
246	3085 340 2653 1423
247	2286 39 3434 559
248	2146 3592 1149 3101
249	3426 869 1030 4285
250	865 3660 3205 4279
251	452 984 1112 3366
252	3269 807 2702 3220
253	3090 2398 2576 2431
254	2176 3004 2989 1700
255	3820 388 4341 2283
256	2871 684 1169 4442
257	3675 1352 1193 325
258	3603 1070 2673 673
259	1942 3424 3228 1610
260	1646 1679 3239 3503
261	3052 951 624 2622
262	1641 2187 4243 4399
263	3957 2742 3322 1992
264	1577 14 1374 294
265	228 3182 2121 3528
266	3120 4323 1089 3495
267	971 3930 3750 4029
268	3055 3628 1532 4361
269	2068 2879 4056 2555
270	4390 1786 1661 3324
271	469 3458 1123 2974
272	1585 2949 1751 3239
273	3086 2078 421 1318
274	95 1417 3668 2128
275	1499 3245 2871 4181
276	2740 884 3363 1334
277	3361 3340 681 2602
278	2502 2260 3428 2247
279	1001 3064 3251 142
280	3141 3049 2783 697
281	277 334 39 2594
282	3972 2259 92 2822
283	1272 3154 2424 4041
284	3349 874 2889 3170
285	3369 3099 1319 4275
286	786 2214 601 29
287	3188 1025 1600 1881
288	2709 3855 3171 1991
289	1231 1547 1787 94
290	4170 809 854 3987
291	2426 3571 2891 1402
292	3791 2853 942 4087
293	4024 1367 3352 3686
294	1468 2669 685 1639
295	2560 218 3137 1566
296	1200 3933 1018 3883
297	2773 2136 2234 4500
298	2567 4039 3383 2998
299	1511 1480 3579 79
300	2661 3422 916 1629
301	2763 57 772 3855
302	1774 2768 1111 3309
303	3492 893 4395 5
304	902 919 730 2802
305	1459 4385 4223 4027
306	1488 3952 2690 768
307	1671 2965 3737 154
308	487 4168 2487 3841
309	3010 3688 2473 3143
310	2137 2674 3867 3590
311	3939 4342 4018 64
312	2365 3316 878 2033
313	523 3776 751 245
314	3450 2923 3788 1838
315	4255 1089 2348 2027
316	3054 1177 4431 1032
317	2396 3698 2535 2532
318	298 2412 1526 2039
319	1218 1545 1617 2700
320	3468 2795 1271 2613
321	173 2355 1971 897
322	2422 98 2147 3241
323	78 2870 3361 4014
324	1045 3680 769 3363
325	1445 3424 3758 2530
326	532 3391 4424 1313
327	3078 3035 3183 2181
328	2950 3745 4495 2679
329	495 872 4065 3443
330	342 4107 1912 1373
331	3111 4093 1594 243
332	255 3077 4008 2518
333	3500 483 2183 929
334	4271 1377 3246 1393
335	1311 4235 3803 727
336	1623 4325 664 3020
337	1202 3469 1232 3093
338	1644 2351 2153 1138
339	2830 4235 1078 3598
340	1134 2578 3215 3703
341	3623 809 2364 2675
342	2349 142 4249 1709
343	155 1017 3938 4319
344	3547 3270 632 3088
345	497 1141 2549 582
346	1546 1591 2892 2615
347	3981 718 576 1463
348	1888 1736 3180 4226
349	224 3607 2624 3599
350	2639 3064 4399 2737
351	3722 2998 1939 1387
352	3200 2920 3210 4285
353	3729 1946 2924 1846
354	2608 1651 3478 3019
355	772 2539 4018 420
356	1090 2921 1910 165
357	4456 2070 4269 828
358	2912 3149 2972 2808
359	2416 3988 2481 2231
360	3676 107 1758 2981
361	1207 2558 1409 2478
362	1178 778 1451 2447
363	3629 2739 2824 1829
364	2202 1271 4078 1599
365	825 86 2184 65
366	3570 3620 3604 2018
367	2606 4446 1083 1595
368	4261 4429 3024 3690
369	488 3189 1075 2581
370	4110 796 3518 2341
371	332 3338 3970 2237
372	808 303 3379 1781
373	2251 4084 602 756
374	3947 939 329 986
375	3178 2948 3139 2381
376	1836 345 2045 2969
377	525 3147 435 4322
378	4096 32 3658 2773
379	2367 2134 3009 690
380	2350 4351 3686 615
381	2413 2739 209 3239
382	339 463 875 2400
383	4310 915 229 34
384	2411 1818 2643 1457
385	2440 702 170 3732
386	1132 2766 3339 1414
387	2412 743 2947 878
388	3639 3358 3823 2172
389	878 1475 2913 3088
390	463 668 1893 1425
391	2601 1978 3727 3637
392	195 551 3411 4105
393	2934 906 2573 2306
394	745 2158 542 2040
395	4418 2457 1028 428
396	1388 1318 4382 2939
397	247 941 2993 3816
398	1945 1432 1322 1635
399	2675 2148 3328 714
400	2663 943 3406 3758
401	234 3539 3972 1102
402	290 3202 3541 219
403	3786 2044 572 1521
404	2877 2059 3859 550
405	3460 1732 3863 4195
406	490 3963 656 248
407	2499 45 1257 2974
408	375 7 2802 4339
409	1327 422 391 2112
410	1565 2451 4207 2399
411	902 1216 609 78
412	496 4104 4377 2742
413	15 1605 4192 2976
414	2991 142 3843 3397
415	4183 2432 2892 4252
416	804 4496 742 393
417	1214 2345 4200 1133
418	2476 3274 3079 4173
419	754 2539 1562 772
420	2406 2378 2236 2787
421	1832 941 641 737
422	2835 2999 1591 1691
423	2985 305 2066 1403
424	2404 1999 1649 725
425	3962 3372 1998 1403
426	1537 1379 2946 1955
427	897 2022 2229 1610
428	91 3501 1543 162
429	545 697 460 1113
430	637 3602 1798 2819
431	1805 3294 3796 3886
432	1193 744 739 3902
433	2279 1756 4481 746
434	3914 1371 211 4322
435	1525 633 3814 4336
436	1022 2920 3674 1185
437	1432 4101 1191 166
438	675 594 393 1948
439	3882 4116 1177 2800
440	575 866 491 4351
441	3379 3233 1552 3976
442	4302 3580 3254 274
443	3872 1006 758 3411
444	2711 2623 1815 1890
445	1268 1851 2742 2139
446	3255 1123 2806 154
447	3975 1332 3211 616
448	4177 2891 1825 4310
449	4376 4426 413 4311
450	2849 3916 3581 3658
451	3722 568 1116 810
452	383 4198 834 374
453	2325 1547 62 843
454	4270 4434 3837 1153
455	2758 1672 3297 356
456	2926 1674 3728 2392
457	459 3622 394 3547
458	2408 4496 973 511
459	258 1361 2236 3895
460	3529 1980 1730 376
461	1794 120 3686 928
462	4203 1853 167 2065
463	1688 4152 3159 1469
464	3636 4063 90 1488
465	1110 674 1269 1239
466	2850 1303 3919 4063
467	10 2780 483 4107
468	585 1025 2415 3833
469	3846 512 386 293
470	1806 4420 1760 2976
471	3090 4263 4433 154
472	2345 514 2994 2288
473	2594 1759 2306 150
474	3683 618 3054 3667
475	143 2008 1268 1735
476	4488 3690 3577 3665
477	2624 2839 185 3373
478	1733 1433 3909 1536
479	4222 2451 1692 885
480	3649 924 214 2645
481	4487 4268 3310 3197
482	3751 3469 872 3381
483	2851 4373 119 2500
484	1361 3030 3869 1538
485	1370 3809 981 72
486	2356 631 3174 1850
487	1047 1163 1634 873
488	2800 1929 2160 549
489	492 55 893 4170
490	230 869 952 3976
491	83 889 55 1721
492	2568 3304 183 3357
493	2481 2124 3537 2570
494	2016 3784 963 3910
495	3988 1704 3199 3735
496	289 408 537 2948
497	4275 3815 237 1452
498	2705 74 3957 2607
499	2881 728 5 3292
500	4406 2302 4249 3735
501	2208 3137 2576 2771
502	3474 930 1502 2819
503	398 3137 3859 1608
504	1699 1460 2956 2180
505	101 823 4092 999
506	1547 3107 3642 3402
507	548 3878 1534 3742
508	1667 767 1318 2192
509	1269 2491 1241 1135
510	792 3515 1955 52
511	1002 999 2833 4457
512	542 583 1746 3255
513	491 796 3758 1838
514	869 2825 3140 710
515	420 1727 107 2110
516	3327 658 1675 3833
517	2125 513 1665 1139
518	409 1680 3932 2014
519	1555 1575 3472 1830
520	367 823 727 737
521	1664 2122 1306 2313
522	1279 3247 4256 278
523	1986 3331 3659 1895
524	3117 3492 2728 2256
525	4154 97 906 3134
526	2153 954 3636 3635
527	1482 4473 3571 3320
528	1850 4137 3185 1988
529	1019 3712 2285 2349
530	2215 3412 3537 4076
531	2096 4114 4214 2828
532	1715 2036 3432 931
533	3489 3829 3484 4326
534	947 1091 3410 4255
535	727 758 2855 2458
536	2153 1709 3803 5
537	2392 3717 3663 3976
538	3583 1017 1853 1558
539	2019 2746 3798 2718
540	1820 3573 1290 3319
541	4269 3615 3293 2648
542	2445 311 1922 4055
543	4075 2393 2888 1317
544	4277 1493 296 1620
545	2348 863 1756 3355
546	4463 71 2748 1073
547	600 964 2402 2613
548	849 1516 1186 961
549	3037 1038 110 2264
550	872 190 1243 1273
551	3706 1738 1655 3559
552	2664 705 2 798
553	263 665 4395 3574
554	1130 2336 1809 202
555	2755 2057 4253 4047
556	1513 1108 2295 2554
557	2226 3479 458 2291
558	4456 1570 1467 701
559	2851 3068 676 1308
560	40 1179 2790 2930
561	1746 78 944 139
562	2779 803 752 568
563	1298 4116 592 2018
564	2457 1328 962 3271
565	2953 3694 3161 1062
566	421 3837 563 283
567	851 3150 3181 3614
568	3345 755 2391 3455
569	535 3354 1066 3723
570	316 3832 3178 1233
571	2049 915 2000 4149
572	1661 853 2823 1705
573	2238 2149 3855 1749
574	1834 4475 2448 1026
575	1585 132 1998 3261
576	502 3785 4048 4179
577	3082 3201 3892 1260
578	3565 2249 659 585
579	1303 385 3150 972
580	3271 2448 1476 2479
581	1687 4305 124 3201
582	2363 2557 1355 2779
583	2851 3740 1797 813
584	3284 859 574 392
585	1239 1136 566 546
586	2387 105 2098 3489
587	902 35 3583 417
588	1339 429 3479 1263
589	1831 6 576 1089
590	3994 3592 3285 4066
591	2430 891 2525 3337
592	1416 1223 2716 3574
593	967 1811 2253 2143
594	1949 1348 783 3312
595	1692 3654 3349 1493
596	3311 922 2072 3881
597	2206 916 1912 2118
598	1074 4210 3221 206
599	3670 1569 3388 268
600	3100 2346 324 2922
601	1501 3348 4246 33
602	54 1552 3469 3749
603	856 121 4427 1872
604	4498 995 610 2818
605	2929 2313 1368 2693
606	3251 485 1387 2402
607	2887 628 26 3281
608	254 1702 1379 2407
609	4148 3154 74 1841
610	12 4406 622 4242
611	3680 3253 1974 3102
612	894 2138 2489 3394
613	1014 1998 1804 1757
614	570 4158 2293 3554
615	1305 1763 4141 3913
616	214 3492 2616 618
617	3441 3483 2869 3368
618	2770 2226 1580 744
619	2501 1966 3639 2202
620	2075 1812 1292 2841
621	1690 2058 2669 586
622	3467 1496 3322 1036
623	3324 2406 2313 4184
624	151 92 2007 1139
625	3423 977 4244 697
626	3081 3729 1880 4080
627	1587 2975 2704 3377
628	1441 1335 414 1035
629	1956 252 1603 762
630	2413 1049 2115 2201
631	3326 300 276 972
632	943 2435 1345 1704
633	2793 2938 3438 1603
634	940 3330 2003 1652
635	197 1795 1793 2614
636	541 842 1418 146
637	2631 244 4425 2588
638	2460 1544 2482 1356
639	3799 1492 1879 2893
640	4271 114 1185 395
641	670 603 955 2535
642	3548 2201 3283 4245
643	3572 1294 3908 1405
644	4244 1578 3871 4434
645	1654 2460 754 1696
646	4436 3679 3122 2449
647	4014 503 1501 930
648	4169 1931 3883 3109
649	2738 638 3981 907
650	2050 2354 1231 169
651	1113 3538 32 2345
652	2486 4273 903 4466
653	2368 300 2020 4090
654	2540 550 2867 4242
655	2005 2418 1163 3061
656	2293 1652 4491 3074
657	2993 127 797 4462
658	1804 2985 1026 3504
659	3982 4195 562 2358
660	3864 1345 4251 1981
661	3061 1961 98 3381
662	590 2979 2234 4185
663	3116 3656 584 147
664	4147 1724 3256 2137
665	1873 1799 956 3937
666	417 1343 3426 693
667	393 729 303 3800
668	1817 1180 2023 1168
669	1488 3626 1841 3460
670	4166 2980 3502 784
671	1344 1158 2938 312
672	3026 2688 1475 4089
673	1 4233 3974 1307
674	1312 356 3837 221
675	1831 3144 798 690
676	1643 1251 4453 99
677	3147 1755 2239 3361
678	4412 3619 2589 1165
679	3239 750 2556 3585
680	3421 1053 947 274
681	1296 811 2275 1333
682	2069 2787 2307 3149
683	2451 32 2216 814
684	2599 2306 4370 2577
685	4043 1752 1964 567
686	729 519 1969 132
687	2124 4434 1826 35
688	638 2372 284 3731
689	709 3144 2649 180
690	290 3150 4176 239
691	2409 3665 3073 464
692	351 2894 3159 3134
693	4202 2727 4051 1495
694	1624 2750 1882 426
695	3852 1346 1040 2665
696	4377 2273 3825 3615
697	3820 1246 966 344
698	1244 2140 154 2426
699	2882 887 1022 4042
700	3001 3467 940 1442
701	171 1132 963 937
702	1461 871 3576 4470
703	2886 645 3938 303
704	526 701 398 4157
705	4062 2188 2408 152
706	2529 845 51 3386
707	2006 1058 1464 802
708	4454 4317 2731 3381
709	3771 2002 3793 171
710	2854 1358 4352 2322
711	924 571 700 3749
712	1917 2106 4195 1908
713	809 991 3948 568
714	3021 3958 938 2446
715	3009 3289 230 4464
716	2881 4086 2340 2013
717	3838 4057 3347 3030
718	1472 3677 140 3111
719	2844 3926 2636 2918
720	1298 3841 2495 2506
721	2087 3000 4354 68
722	2334 2768 4462 99
723	768 2234 1090 457
724	3505 1111 232 3721
725	3710 1420 364 1146
726	2981 3251 2374 4182
727	1187 1234 320 3743
728	4261 2016 1484 2738
729	648 1005 3437 2329
730	2070 3165 82 4354
731	3047 3179 2831 1032
732	3491 4349 3625 2749
733	1709 4193 3621 143
734	2402 65 3901 3723
735	966 322 425 3074
736	388 3557 1445 3132
737	2171 3838 1823 2981
738	2085 1915 1971 686
739	3174 3675 3156 3515
740	1662 2128 2071 901
741	2367 3641 2673 3512
742	106 1669 4186 601
743	1516 1071 4003 2831
744	863 1714 2534 3826
745	4324 1708 3476 2673
746	3033 3446 2334 336
747	893 2475 3660 2424
748	3809 3484 1756 2653
749	2144 1246 2973 1435
750	2713 322 1559 1678
751	665 3099 464 2658
752	789 2783 2923 3976
753	956 1029 731 3707
754	3933 2912 894 2700
755	1646 2020 122 3720
756	3335 1326 3782 1420
757	1392 367 4138 2787
758	2148 3022 4242 2844
759	945 3610 2000 330
760	3471 2777 538 2451
761	145 479 2591 1485
762	1519 763 284 64
763	1045 2219 878 2935
764	2491 3675 683 4228
765	4315 3256 84 86
766	2590 4190 3937 21
767	2127 1172 3708 2162
768	918 1805 653 2049
769	4373 544 532 15
770	2607 1593 1122 4443
771	1769 1281 3503 1421
772	4448 242 2411 2554
773	168 2199 3310 129
774	3070 2241 4184 886
775	297 3166 2159 670
776	2794 4403 91 1508
777	73 3800 68 4242
778	2241 3995 3485 4256
779	2144 1348 4082 4488
780	956 1583 4057 4060
781	4453 3005 1062 1069
782	978 3793 2272 3571
783	254 3159 2669 2731
784	3601 3575 4270 46
785	3785 3687 3321 432
786	1862 1698 3563 1600
787	3654 3172 785 3651
788	2839 82 1046 1500
789	365 2112 3124 3677
790	716 4275 3441 3074
791	2949 2455 4006 2500
792	2804 284 2865 3180
793	692 8 3360 3380
794	2260 2705 1218 1873
795	3636 1096 3034 3772
796	3087 3515 63 2523
797	3217 559 3508 553
798	2744 1177 2119 646
799	1742 1562 3309 328
800	3687 2152 812 587
801	2768 2924 1543 1677
802	539 1209 2714 2988
803	2408 3077 3472 2820
804	772 3943 960 1145
805	2627 3057 2266 4015
806	2291 1689 4458 405
807	3212 4341 942 2423
808	2159 3609 3419 3740
809	3796 681 617 1292
810	2368 3529 2866 4436
811	70 1517 522 3006
812	2564 1193 1382 1117
813	685 4435 4198 2436
814	4453 4487 4400 4407
815	2773 1072 3052 3529
816	3781 3759 2835 1581
817	10 1322 2839 3222
818	2255 2299 2849 2441
819	3248 634 1756 1549
820	4081 2155 3885 3463
821	4375 1688 1180 265
822	3952 2907 1045 3948
823	2846 201 1572 4344
824	3753 1187 4119 2978
825	2099 2142 1839 2950
826	1589 195 2926 465
827	3510 3636 1343 3821
828	2822 2673 771 919
829	1481 2389 3395 4493
830	3785 2766 1055 833
831	3842 3002 1422 2944
832	4111 3979 3158 1713
833	337 1621 2013 476
834	3721 4411 3843 1308
835	1721 2445 1315 2611
836	4444 3753 1908 4033
837	3245 214 183 301
838	3032 3070 3848 2368
839	1695 4420 2656 2960
840	2893 3198 4198 1253
841	2077 2099 157 652
842	1806 3165 1138 1049
843	4075 3717 2408 2276
844	2126 1366 4276 2171
845	3014 827 1286 3656
846	1061 372 3338 1320
847	3205 4337 2809 255
848	2511 2061 2722 2557
849	4365 934 3624 1593
850	2180 2963 1616 589
851	1062 3414 2727 11
852	3268 1568 4493 1185
853	1636 1377 3221 4089
854	2384 1017 3957 1596
855	2942 6 3687 4357
856	3592 4071 3433 2165
857	2927 3899 1736 391
858	10 2895 1241 1035
859	3613 2170 1978 2997
860	2280 204 2565 484
861	2847 2351 43 2416
862	1910 3030 3727 1902
863	448 2418 2359 2388
864	31 2860 3587 2817
865	3772 64 703 406
866	3970 2676 3197 3183
867	3676 711 25 2682
868	711 1448 3626 1770
869	3400 52 238 1651
870	2354 3900 622 2609
871	1501 2333 92 2750
872	4500 2979 2442 2862
873	3662 3912 2809 4356
874	4186 1732 1856 4345
875	983 68 1020 2934
876	459 915 1889 2173
877	2696 2419 2507 2851
878	3043 503 1961 2102
879	1187 745 4486 3307
880	3181 1902 3043 2691
881	206 449 4097 4486
882	2718 528 2422 3773
883	3735 4350 2857 816
884	3827 3104 3091 1054
885	2647 2978 176 3658
886	2875 1418 3109 2843
887	522 2511 56 3330
888	3950 2973 4123 3464
889	2318 2539 3827 3547
890	808 1930 1989 923
891	979 1300 1192 3251
892	160 3431 2162 211
893	47 636 3000 1778
894	1672 4388 702 2404
895	391 2411 2010 2930
896	286 3071 2353 358
897	2803 2236 933 1330
898	3653 1330 1754 2326
899	3413 3912 1290 804
900	4329 76 3866 4241
901	675 104 2096 1145
902	2191 4172 2175 3227
903	2031 1877 1977 1254
904	1631 2222 2697 4111
905	797 2846 2242 3029
906	4467 3787 3166 3295
907	1869 2343 3947 4341
908	788 1924 3178 817
909	3401 4167 1763 533
910	1533 1540 2325 2848
911	2831 151 1427 175
912	1975 1420 3118 3091
913	4343 3476 4212 2162
914	4045 2935 3721 727
915	3236 3872 3726 2820
916	2486 3328 4141 4114
917	1530 73 3434 2850
918	1201 2157 1166 2846
919	3184 2612 44 2243
920	1391 4398 892 3147
921	1826 1322 4411 3300
922	627 414 3688 3264
923	2058 1161 1771 1957
924	1856 4456 2940 1657
925	3643 780 2516 2373
926	2056 3118 2328 2760
927	4149 3528 4292 626
928	1795 3112 270 3499
929	3526 441 27 1374
930	1770 561 3491 529
931	2565 1564 3946 2016
932	642 2968 469 308
933	4185 3818 364 1679
934	4431 866 3241 3726
935	2660 3985 4432 3817
936	1658 3171 1246 911
937	2549 2262 2623 786
938	2003 626 3013 1728
939	3386 2732 2038 2480
940	3820 4269 1618 2682
941	538 508 2140 2002
942	2139 259 1870 1592
943	59 4235 3235 2828
944	943 1481 3183 1889
945	1369 2577 3906 85
946	503 1248 562 1833
947	1196 2269 3286 4346
948	2352 3095 3538 1704
949	350 1793 2805 797
950	4131 28 4227 3242
951	3665 4220 4137 151
952	492 3836 3032 173
953	2740 1777 2759 2964
954	2556 3457 2759 3620
955	2039 3191 2490 3302
956	1032 1682 2140 83
957	3349 1937 3996 3226
958	561 1876 3438 902
959	1168 1025 1601 3706
960	2634 3720 3918 2754
961	3234 3568 1277 3818
962	2529 3436 2583 3296
963	2091 3924 2428 3020
964	3661 3760 1067 2947
965	404 3823 1041 346
966	1494 469 89 1157
967	68 3490 2920 1555
968	1756 1062 314 3179
969	638 4425 3568 4112
970	129 804 4341 476
971	3095 2110 3854 1341
972	2823 131 2896 3874
973	1083 125 854 1729
974	2017 1575 3126 2948
975	3926 3268 2716 607
976	3082 195 587 3388
977	3980 3034 1560 3320
978	2684 167 3296 3255
979	1734 958 3319 1074
980	3487 2071 2825 2595
981	1950 2581 970 3280
982	2004 3090 32 3281
983	4167 3532 2391 1080
984	4419 2772 3626 830
985	3416 469 4072 2675
986	2196 3688 3221 3626
987	185 2394 1063 2677
988	1705 3322 575 2598
989	1361 138 3958 479
990	1774 4210 2057 1413
991	3196 4130 271 3467
992	1615 2383 3844 1623
993	1240 2355 3387 1485
994	1423 1417 2108 1989
995	4105 2757 3223 3571
996	1644 3403 1283 4388
997	4499 1194 1976 4334
998	2907 4488 228 3757
999	3565 3893 4203 749
1000	1978 1137 4270 3482
Students	1000
1	3958 4198 3933 2305
2	2448 637 1548 340
3	2565 2433 3590 2273
4	453 1021 552 840
5	3097 2823 426 124
6	4001 4250 4451 3073
7	2715 301 2287 1785
8	4192 3766 90 4387
9	3018 823 2793 1082
10	3862 213 4179 1695
11	853 3232 2029 3049
12	3174 3900 2266 477
13	4345 2332 3972 2477
14	1900 1805 265 149
15	3974 2767 2848 994
16	2937 3008 503 937
17	251 2059 4042 2721
18	3765 1145 1674 3345
19	856 3968 1718 1408
20	2627 3504 2998 3248
21	3474 164 647 4495
22	2526 3602 2652 1878
23	2533 4011 2702 1215
24	3854 2162 2402 1172
25	3068 640 185 3637
26	3967 1148 1031 3008
27	1084 1328 1070 3013
28	1857 135 383 298
29	442 2084 323 373
30	1262 4046 1999 760
31	3608 4253 2778 2036
32	2529 952 1372 3937
33	908 4345 3573 3078
34	3892 3920 943 4124
35	2414 217 2337 1804
36	1972 572 3439 3419
37	42 1699 1252 412
38	1783 3354 3111 488
39	52 696 733 3348
40	1362 1722 1842 3455
41	818 1775 3290 260
42	3253 808 3966 2507
43	1933 3730 2153 4030
44	550 372 3932 1870
45	4079 2639 1487 1096
46	3024 759 3730 3807
47	2952 429 1441 2604
48	433 1302 1228 1632
49	1542 1006 2416 935
50	3123 3105 216 2977
51	88 61 2286 3781
52	262 3873 3092 3720
53	1672 2234 1815 1728
54	3675 3476 4229 4478
55	1148 4386 3811 3193
56	4191 3709 3548 2512
57	2847 3841 2938 4154
58	3170 1253 1361 708
59	895 2570 2330 2273
60	2955 3149 1444 1983
61	420 1916 2441 2374
62	3953 4188 1218 3573
63	444 602 2171 196
64	1248 1925 1759 146
65	2841 3436 3530 2971
66	1775 1674 1157 1552
67	2956 1289 3600 1138
68	449 3676 3476 2780
69	1690 1615 191 3386
70	2394 1301 3316 2881
71	738 516 4481 4268
72	492 3008 3089 2617
73	3543 3027 3482 1329
74	1318 4007 4270 2575
75	1529 3588 3968 3461
76	299 4450 3424 791
77	3269 2892 1968 4222
78	3432 1213 3839 155
79	3347 3578 2111 2400
80	4306 4280 577 4472
81	4436 4021 1505 4393
82	2850 1980 4143 2574
83	3907 4276 3905 2323
84	3268 2308 3903 3231
85	147 549 2724 3848
86	1985 354 2659 1944
87	1252 395 1447 1802
88	2110 3848 1110 4315
89	4277 1702 672 2570
90	1423 1172 2152 4305
91	1850 4371 3456 4092
92	2262 209 2147 1119
93	3653 988 2188 440
94	1339 3242 2967 2291
95	4037 3188 2567 1665
96	2 2701 4178 2303
97	4393 4296 3748 964
98	2318 1928 2803 1690
99	2332 4291 1429 3222
100	481 3716 96 2571
101	224 2047 4099 1658
102	3536 2305 3217 1504
103	743 2287 3741 3056
104	3227 643 1107 2312
105	2219 1143 1150 2027
106	1926 3656 721 3739
107	1833 726 3521 798
108	1528 3434 92 4385
109	535 4077 212 2734
110	1550 2726 4475 4296
111	2423 3933 2497 679
112	3247 1803 1529 2991
113	4339 3739 3294 2149
114	3025 1272 2180 2945
115	950 2925 1143 1584
116	736 4155 1927 3152
117	1253 502 4299 2123
118	2490 49 3938 3996
119	112 3124 20 3776
120	3131 468 3819 2500
121	2763 4382 2577 4430
122	3712 3037 2422 2898
123	3054 3167 4191 827
124	2454 3957 3493 3155
125	1156 4117 3423 2966
126	3066 2804 3871 131
127	2488 1762 2113 2889
128	2552 3514 1773 1129
129	2201 3183 2242 401
130	2730 36 2019 3876
131	3757 2646 4022 3559
132	2551 2004 2786 795
133	1874 3375 4208 2625
134	592 3406 2204 2080
135	2463 2346 986 1765
136	3107 1645 2754 4099
137	1586 2189 1880 3929
138	951 2049 1527 2644
139	443 537 3865 2151
140	1375 1310 3516 1813
141	4496 3906 880 4021
142	1262 3063 3054 3094
143	954 1968 3116 4130
144	233 4232 1069 4257
145	4080 360 316 60
146	1258 2564 3679 4238
147	1593 2482 1939 4370
148	4432 4200 4068 1529
149	4303 25 2317 1552
150	946 2955 4401 3396
151	84 2355 1931 2587
152	4457 467 3333 930
153	3834 671 128 59
154	71 1187 2868 2962
155	2178 1249 1515 1691
156	4024 2727 3565 2373
157	3863 4472 3349 2306
158	3770 4433 1194 3638
159	4073 2213 1058 3398
160	4238 2107 47 3197
161	1240 60 2551 2380
162	4287 189 172 2353
163	3848 3821 675 1603
164	2602 2302 290 3451
165	1743 3649 1578 3859
166	4212 2482 1610 2446
167	3048 1111 407 3887
168	3142 3543 2666 1806
169	3923 499 4024 1332
170	3854 4448 1176 4376
171	1188 3651 16 178
172	3583 4267 2708 392
173	4104 2576 3455 2871
174	2480 1704 239 313
175	547 3677 1316 1226
176	3108 947 4393 2009
177	2233 2922 1104 683
178	1259 34 3323 1581
179	3775 3847 3558 630
180	3372 3682 1336 2223
181	2900 4354 3862 754
182	1414 3064 428 3092
183	1444 3833 1523 3341
184	3551 762 1946 2553
185	2476 4261 1536 2951
186	1158 3686 2067 1483
187	1792 3526 1594 3634
188	358 65 2730 34
189	3950 2847 4463 4156
190	663 4163 2545 329
191	3065 831 210 3703
192	553 1750 4061 4075
193	3143 4351 3190 3638
194	2910 932 61 4418
195	3448 3593 733 3147
196	618 835 1814 2175
197	3639 4356 1056 2
198	3887 1768 910 1694
199	730 4343 1865 3236
200	1893 2393 1969 4159
201	1878 2438 1643 1651
202	2761 99 3636 111
203	2459 2700 4404 3474
204	79 1710 2815 3236
205	1972 4038 686 1861
206	731 3365 636 3255
207	975 3839 3227 610
208	1661 4360 3104 3804
209	3951 3556 1643 1163
210	3428 1972 4328 3221
211	3828 3618 42 1347
212	3902 316 1056 1554
213	260 296 3277 3364
214	2335 482 2641 2856
215	4213 3526 1540 2662
216	2215 803 4287 540
217	2958 1008 3207 2663
218	1833 4338 1683 4106
219	2191 792 233 2742
220	4321 242 4344 16
221	3672 4416 4010 2946
222	2106 521 4080 3830
223	4069 3577 3887 3182
224	225 1249 1139 1966
225	3534 215 603 3450
226	2240 3177 2119 3556
227	461 816 548 212
228	201 3307 1725 1381
229	3899 2688 720 3151
230	3526 2368 2928 312
231	1152 1913 3846 4343
232	2048 799 4475 3435
233	2796 671 971 807
234	3037 1743 564 3246
235	3536 1581 327 2962
236	2054 1279 3326 396
237	2698 3762 4051 248
238	230 3514 4500 405
239	2005 785 4218 1994
240	3202 3927 2923 4152
241	285 1263 1824 123
242	4421 2794 1145 3668
243	2805 4347 3165 430
244	2274 800 564 1940
245	2049 2491 3118 2415
246	607 442 617 3927
247	988 2398 2572 85
248	1669 1597 28 928
249	2657 4201 1686 3203
250	3240 4202 2664 2771
251	3221 2494 3837 1122
252	2823 2768 1952 4454
253	3680 2009 1434 2233
254	187 2541 204 16
255	1344 342 370 2474
256	2291 2967 2072 2350
257	2856 1808 1115 1512
258	4223 222 618 2083
259	673 3188 4428 442
260	3647 1417 2757 398
261	2218 1802 3840 251
262	3039 3275 1040 326
263	1196 568 1912 2349
264	1001 2420 3887 2593
265	3545 2424 858 3616
266	370 4136 3502 47
267	1916 3228 3404 1280
268	3540 861 3270 501
269	1197 3501 1701 861
270	4459 879 3939 2068
271	722 2162 846 3041
272	642 1170 1887 2659
273	1525 3170 3897 57
274	1237 57 2666 1830
275	3809 2316 382 4104
276	2226 1839 1418 3036
277	200 680 3606 737
278	168 3322 4082 149
279	1268 3170 1515 451
280	2126 213 582 260
281	2890 1822 1120 2920
282	3379 1609 1451 2852
283	1613 1993 854 295
284	1410 1413 2492 382
285	359 4373 1335 3590
286	1802 1779 2276 1157
287	3136 2219 858 1365
288	181 2839 1320 119
289	3695 548 1390 337
290	4179 3765 2371 2288
291	1585 1512 594 2490
292	2531 3375 3213 2618
293	3479 3090 3828 488
294	2411 380 2375 934
295	4311 2693 653 3389
296	3931 1991 2506 1918
297	1349 3756 232 3685
298	2845 1063 4088 3786
299	4141 1874 1528 1680
300	3485 1109 1920 3901
301	2528 3561 1920 3490
302	2247 975 1614 10
303	2362 3698 2813 1759
304	3571 4191 54 4168
305	3014 3303 1924 719
306	4293 2478 1427 1160
307	321 2292 2791 1801
308	1059 2651 1094 1877
309	1752 1473 1081 4343
310	2570 3661 3117 616
311	1782 2585 3520 2790
312	2374 2306 3810 3726
313	1743 2819 2704 1397
314	1189 177 4175 804
315	1803 331 733 3587
316	1331 1216 4500 373
317	1151 1436 2919 4495
318	1231 2832 3312 1053
319	2001 2266 1919 1185
320	3790 2886 214 2225
321	3615 2382 377 3142
322	3889 2420 434 2071
323	3237 2465 128 2914
324	4275 1418 2170 2129
325	1581 2943 691 1674
326	1279 3497 1518 3157
327	4339 3083 3146 4487
328	879 2340 2928 3663
329	111 4316 1046 3796
330	3525 2353 1753 881
331	628 2313 2819 1410
332	836 4455 4000 2802
333	1224 4061 77 2775
334	3346 1609 2445 3602
335	4137 3972 4418 3396
336	1836 4184 204 898
337	488 1847 2733 1513
338	1000 1948 1307 792
339	525 804 3075 49
340	2717 3993 2694 2015
341	3670 2609 4456 2320
342	2058 2671 364 2805
343	1820 1679 2449 2718
344	3851 3127 3722 2800
345	394 2365 3138 1841
346	626 3326 368 2297
347	4267 3001 880 517
348	3625 4006 3313 2180
349	3882 1576 2953 727
350	2218 4350 1187 2179
351	3638 3771 1943 2693
352	3059 1230 3162 817
353	1478 2051 2270 2742
354	2166 1232 1813 4087
355	1042 2863 3931 3063
356	236 2322 180 1861
357	3765 3018 3985 1645
358	3014 3868 3717 970
359	848 3703 401 448
360	2324 4398 4252 3190
361	3243 4119 2232 302
362	2525 1397 4425 542
363	3494 3175 2579 3109
364	3116 628 2385 3914
365	1114 1703 4074 4102
366	2009 902 814 3956
367	1565 1174 1006 321
368	1117 1455 4047 4088
369	897 1916 1870 3887
370	343 4045 236 185
371	2140 899 964 2365
372	3860 2668 2145 167
373	3678 3227 2168 722
374	3149 2757 2727 1727
375	558 2539 1826 3823
376	1225 45 179 2389
377	447 1127 2075 4474
378	1236 4294 4159 4360
379	2847 3206 3104 693
380	4192 2914 769 2376
381	3096 1383 3216 2250
382	4047 2555 3838 2321
383	1716 3519 4098 3971
384	3555 113 348 380
385	3778 2356 1457 1937
386	3438 2693 1162 2382
387	1108 4428 1174 2467
388	1277 3924 4473 222
389	943 2501 4266 645
390	799 189 3081 3948
391	954 1457 1319 4243
392	2768 1720 2781 2605
393	1995 303 2657 3516
394	2096 1159 2236 3404
395	3385 2680 4241 3697
396	3500 1666 1303 1583
397	3659 34 1307 3489
398	3571 805 3765 1069
399	3795 3374 928 1424
400	10 4434 3921 3631
401	1737 1814 53 217
402	963 54 4395 3760
403	3248 4411 1684 2644
404	2450 4047 2407 4346
405	2085 629 1131 2458
406	2207 2032 4072 3557
407	3387 576 4292 2061
408	4472 554 4101 2964
409	1255 2033 584 4419
410	2240 3154 980 23
411	77 1130 3076 194
412	2376 3892 1413 995
413	875 430 4456 4107
414	1120 3751 2970 3720
415	2199 2057 1278 2811
416	3545 409 4441 4380
417	3969 1924 3472 2407
418	3824 1258 3991 537
419	4071 1551 3752 1233
420	1350 3130 2662 245
421	1026 3874 3046 3720
422	4204 2118 1288 1407
423	3155 2951 4143 4407
424	2806 1998 1723 1907
425	4282 1899 4075 4098
426	1697 4197 4220 1673
427	2808 4414 4325 1265
428	2894 436 3541 441
429	774 1716 2111 3478
430	1524 1608 210 3962
431	3939 2787 1489 3001
432	3100 1694 1497 4223
433	1873 806 1624 3205
434	4227 1979 1922 3043
435	4119 4230 910 1049
436	1822 3080 671 2508
437	3612 544 2694 684
438	528 2328 3935 3283
439	1241 3784 1054 1640
440	2453 3296 2165 708
441	1751 2533 4091 3100
442	2108 1326 2270 952
443	15 700 2281 1971
444	541 2225 4200 1672
445	4176 2534 337 2311
446	538 847 1753 4214
447	2678 458 1564 3612
448	2576 643 1793 1900
449	2290 973 953 2598
450	4212 360 364 2810
451	2418 559 4233 2430
452	4069 3938 3946 720
453	3756 683 2246 608
454	2765 2292 3782 3039
455	3656 3261 3910 3422
456	4208 3576 2901 3621
457	514 4095 578 2451
458	2077 2676 3021 1764
459	4452 589 4393 1967
460	514 1147 2148 2038
461	3661 787 2220 2024
462	4095 964 2133 3822
463	3400 4037 904 148
464	2541 1464 3984 2998
465	3376 379 4002 3267
466	312 1060 4110 3805
467	42 3562 1222 1904
468	1266 1313 2568 3194
469	1223 398 1086 3692
470	3910 3719 3725 2842
471	3927 2512 1845 3916
472	2992 1573 2510 1151
473	2279 370 2842 1621
474	2638 597 1176 1598
475	1068 1853 1968 229
476	3649 4050 3196 2786
477	4152 3521 2899 735
478	3677 3868 2033 1873
479	3198 1590 4167 1763
480	1056 503 2642 3785
481	3094 2577 3592 115
482	838 2426 1607 772
483	320 2979 1319 984
484	4294 2949 3809 842
485	2525 1299 2646 4130
486	1563 2347 2485 3060
487	2696 698 4409 2114
488	498 3468 2947 3944
489	1421 3002 4050 2111
490	353 4383 2592 1944
491	4022 308 497 4409
492	2464 366 3634 489
493	4133 1931 3717 3889
494	2327 1900 290 1140
495	195 2927 1249 2647
496	135 3647 2330 3169
497	4340 1012 639 2420
498	3783 2791 1118 3705
499	1152 3698 1552 2584
500	104 1407 366 4163
501	451 4076 4377 1303
502	4237 3529 2923 2261
503	1451 2224 1870 782
504	956 364 3941 1315
505	1913 3840 1851 3169
506	4033 2135 259 1828
507	2320 1803 1607 821
508	840 2867 1785 2097
509	483 1497 506 2
510	1266 2971 529 4145
511	3582 2380 2391 4039
512	4325 4358 1320 2278
513	3178 433 587 3112
514	2863 3393 509 450
515	1959 2308 2792 4065
516	1204 1883 2730 350
517	4214 3188 2341 3080
518	2804 2929 3490 2845
519	1878 2573 3128 2039
520	3530 873 3013 1883
521	3883 1420 2123 3132
522	3086 245 900 1470
523	1067 3836 4137 2041
524	3314 4034 1680 611
525	3444 3740 4486 531
526	1155 2832 915 1354
527	4288 1200 2415 1363
528	2411 3331 3423 671
529	719 3436 1969 3177
530	3669 3430 3165 1425
531	2757 780 146 403
532	1769 1647 677 1540
533	3229 690 1426 3256
534	1555 4354 4288 4299
535	1845 2268 2764 4056
536	332 1840 1130 3352
537	296 1563 1353 1892
538	4483 1003 3194 2574
539	862 803 1839 1141
540	1008 1061 4366 1389
541	3204 2608 1301 4376
542	4465 3461 3038 993
543	768 4079 80 3991
544	4243 2274 3951 2665
545	2609 2625 4097 1185
546	453 723 3524 4469
547	4353 3273 1471 1981
548	2379 2098 2381 4165
549	4013 3173 4193 614
550	893 2710 771 2073
551	1499 3961 3210 3377
552	2569 688 470 3896
553	1759 1104 1627 4484
554	3360 3840 4128 733
555	802 3859 210 3545
556	3676 3981 333 66
557	617 4481 1168 3994
558	985 1083 3920 1490
559	3420 3305 563 2130
560	2199 3313 3799 2300
561	1653 905 2365 1938
562	3540 2521 741 1316
563	668 563 2010 4008
564	4381 3963 2659 3453
565	713 1842 836 1101
566	3648 4075 1059 1089
567	1500 1641 2044 2876
568	306 4381 3322 1187
569	3959 4244 4260 3301
570	4237 3177 1974 1469
571	2621 3416 2934 1509
572	879 4413 3565 2110
573	3034 4309 161 1653
574	3945 2307 2641 1040
575	4128 28 1071 2334
576	1258 527 2158 913
577	2055 1392 2695 3757
578	355 1418 4476 3191
579	3687 601 662 2064
580	876 3601 1831 33
581	753 3203 784 3145
582	15 1906 3885 3364
583	2373 2472 2909 2822
584	4364 3526 3110 1533
585	1213 4028 42 1938
586	2862 918 383 1393
587	2445 255 3967 3729
588	785 3943 1218 2998
589	3272 3363 1112 4299
590	1771 898 3601 3800
591	929 4165 73 1141
592	712 4104 3844 3354
593	4292 2958 1090 377
594	3089 1905 1306 36
595	2028 1687 3866 4268
596	328 3946 3218 3176
597	2115 2391 2408 2085
598	3121 3870 161 1273
599	489 254 560 2087
600	3838 1587 3536 3155
601	1156 943 1112 4154
602	686 2058 115 1989
603	1684 1774 3236 3069
604	2592 3117 3427 1014
605	201 1127 4145 1553
606	963 659 2900 204
607	1302 3923 3153 338
608	3991 2622 763 1811
609	107 1391 322 1977
610	2976 3038 3262 1856
611	1643 2782 3616 4067
612	1806 4067 2751 3663
613	3234 2614 4370 230
614	212 1293 2674 3421
615	3165 4011 3036 469
616	1233 233 2855 3076
617	44 152 1957 3961
618	2457 2415 890 2026
619	1038 1355 964 3917
620	1578 575 4232 2179
621	2456 1800 2828 3334
622	2595 3458 2841 2406
623	4087 3943 3000 844
624	2623 2955 3992 1273
625	129 687 748 3335
626	2208 238 2993 192
627	137 1435 1603 3664
628	2842 3358 2215 1767
629	528 4221 90 46
630	3973 2738 404 3150
631	4397 199 952 2136
632	3743 3801 1769 645
633	4189 838 32 3846
634	1442 4494 4358 93
635	131 3851 2124 1171
636	4274 2294 2129 3799
637	1775 3931 3953 2106
638	2444 2861 567 4344
639	523 1582 1011 2223
640	1812 3806 492 1111
641	4116 2964 1238 2602
642	1962 1713 2053 2722
643	2722 1836 2977 2549
644	3917 2351 1115 372
645	549 3902 335 2962
646	1462 1217 3967 2170
647	2212 1545 920 2209
648	2135 2400 3453 2181
649	3013 188 4015 2603
650	1770 2967 204 2761
651	2777 2712 4015 837
652	4267 470 3754 1644
653	1466 178 3442 3746
654	1242 1399 311 1437
655	3421 305 3028 3325
656	2143 1864 936 282
657	3827 4002 1243 3209
658	566 1005 4313 1480
659	3282 1503 2235 681
660	576 153 3164 3709
661	1757 4003 2937 305
662	3180 1007 2187 3811
663	3649 2510 1598 1456
664	271 1119 1198 4241
665	1734 2990 2676 2304
666	1410 2788 2870 2365
667	859 3222 2962 1268
668	4119 3012 1680 2748
669	991 691 3875 1047
670	2555 1966 4284 2396
671	948 1711 2689 4044
672	417 3585 3177 3669
673	514 3405 3975 3393
674	1775 162 1500 707
675	2578 1579 1738 2768
676	3665 2010 1403 3722
677	4420 479 4140 1359
678	3256 616 786 2903
679	3860 3372 2355 4119
680	750 881 3185 517
681	1170 864 2374 2889
682	3259 2425 3908 920
683	4343 1868 2146 2515
684	2422 1172 2847 3336
685	4183 3621 1648 2332
686	2782 324 175 1672
687	1547 3185 1920 3707
688	599 2098 1825 2529
689	1044 2395 2726 347
690	1687 2537 358 824
691	565 268 4347 1198
692	2188 992 438 3553
693	3643 3461 2059 4051
694	3768 3853 3705 3782
695	2341 3937 4072 3363
696	679 2906 4383 3356
697	1174 2110 2688 2377
698	371 721 1951 3652
699	412 2832 2552 3307
700	4467 1295 4119 3874
701	1581 2751 2247 2706
702	287 1256 3787 2517
703	3481 1168 1035 586
704	3408 239 3460 1084
705	1644 2723 4294 3
706	3771 2208 1436 1528
707	3344 887 2692 572
708	3798 1311 3808 1661
709	1518 449 1280 2758
710	4177 535 47 3417
711	2285 2881 2057 3851
712	2061 809 69 3407
713	686 4190 155 2710
714	2798 376 2317 162
715	3726 4112 4047 3662
716	2547 3693 458 2745
717	3397 757 660 1426
718	1146 4321 3792 680
719	1495 56 3474 1534
720	1512 3205 2469 3724
721	4267 2208 4052 932
722	3529 1526 1501 1519
723	4231 3047 1056 2880
724	4410 2255 2473 4057
725	2396 1639 574 1740
726	896 2315 1647 2664
727	2062 2705 2595 443
728	816 815 475 2384
729	3423 3325 2154 3221
730	2562 3560 4233 708
731	4309 2762 3085 4113
732	2381 647 3227 53
733	1600 1088 3402 2398
734	3530 4254 2110 724
735	3609 4228 3658 1249
736	2870 3337 2998 3341
737	2590 407 2631 1870
738	1278 2791 1577 3843
739	1959 3961 2390 2788
740	3933 1252 433 1667
741	296 865 4238 2701
742	1478 3137 765 651
743	1323 2324 114 3023
744	3924 2609 1560 1970
745	2178 725 1396 4215
746	2752 4150 2684 1621
747	2057 1257 527 1569
748	1160 2529 1122 2547
749	635 981 2169 2295
750	1203 1476 1419 1963
751	4036 2190 2975 3163
752	1176 2029 1544 2286
753	634 897 1232 1377
754	2561 1042 2604 4371
755	1996 868 956 2064
756	636 2560 968 2826
757	3421 668 3064 2475
758	3931 3811 903 3775
759	3728 4279 487 3944
760	2695 3800 1910 2830
761	257 942 1054 2696
762	2747 3582 388 1333
763	1874 1491 1599 4288
764	2727 2058 3222 2673
765	4256 3584 2622 2311
766	1653 240 2785 3534
767	2222 1351 4382 947
768	1449 1256 2160 2951
769	1004 1196 2559 3107
770	1677 486 2229 3892
771	997 3596 3088 2615
772	131 77 3000 3884
773	1316 2498 1432 831
774	4159 1722 3754 4335
775	2801 574 444 610
776	1157 1018 2756 260
777	2536 2342 507 2698
778	2557 845 2898 4046
779	933 4394 3465 2993
780	2369 2673 2169 3748
781	3491 4224 289 3025
782	342 3392 4417 1589
783	513 925 3647 1658
784	1734 731 1292 3978
785	3265 1798 3886 4216
786	2343 544 1717 3338
787	3875 3234 4079 657
788	2991 1779 3091 1452
789	642 2528 526 409
790	27 4153 1764 788
791	407 136 4123 1167
792	577 1131 122 3455
793	3141 2215 215 4255
794	3801 1582 1326 2012
795	4061 1669 1929 1595
796	4249 3030 1469 1266
797	1733 284 2596 403
798	1082 3768 1549 1109
799	2946 1947 4197 492
800	2932 690 736 2090
801	3433 2841 235 2889
802	3475 1021 489 134
803	1498 445 2202 12
804	2479 1287 3050 1263
805	3577 2105 676 3278
806	1048 2242 3333 1123
807	3859 3400 240 4334
808	3106 2094 599 1907
809	1256 2994 3220 2491
810	2797 1335 1192 3945
811	4247 167 3764 4052
812	3949 633 3423 1321
813	452 2216 2519 915
814	1544 3704 948 1844
815	1667 432 1608 1677
816	1759 1297 3727 4049
817	3592 1893 2195 2492
818	4101 3903 783 3669
819	3511 3388 342 4020
820	1416 51 680 1159
821	839 1317 326 4124
822	3202 62 627 373
823	1647 524 3384 2853
824	3044 1912 2239 420
825	55 1611 4266 1333
826	2787 1394 2902 1557
827	281 2373 4160 2352
828	3650 1081 2677 4158
829	4029 670 2869 1785
830	2377 4181 545 3388
831	471 4141 710 4485
832	2823 3175 3140 3740
833	147 1871 853 3350
834	389 2785 4447 2393
835	288 4282 4264 4090
836	3165 3664 4144 2208
837	1842 2690 627 2552
838	875 4320 1529 4237
839	3287 2223 1934 1558
840	1734 4240 3579 1258
841	2262 2475 2547 1355
842	283 3290 1343 221
843	2013 1532 1304 1613
844	1425 1447 3405 2350
845	3227 2255 1189 3863
846	3967 4091 1687 2363
847	3468 982 2322 3864
848	332 61 2335 875
849	184 2077 1357 150
850	1809 412 1842 4045
851	2502 2079 4003 862
852	3744 1299 2450 2939
853	2968 2512 2153 3028
854	4420 1688 4199 4339
855	3806 4232 1609 580
856	1080 2596 288 918
857	2327 73 2086 2238
858	4034 4402 116 1251
859	737 381 3081 1322
860	4168 1773 1607 2600
861	273 3420 2794 3119
862	4310 626 25 4239
863	376 536 106 1209
864	1421 4093 1109 2831
865	2970 3861 3601 2968
866	3417 353 2391 495
867	819 3773 1373 4004
868	3060 277 72 3710
869	1969 1274 2743 2432
870	353 257 4277 4107
871	3343 2390 2638 2170
872	2691 1712 937 1518
873	2239 3196 4228 1868
874	1128 3690 4377 3318
875	3701 4027 3397 183
876	1144 4200 40 3667
877	3575 1467 3417 1264
878	2519 4296 15 275
879	2438 206 1054 2741
880	1115 214 782 601
881	574 3918 2037 924
882	4263 4301 3232 1222
883	3229 4329 2614 1629
884	3775 3247 3189 3193
885	4493 1742 969 1246
886	2664 118 3197 773
887	879 4353 553 648
888	3648 3998 3400 824
889	1455 1790 1265 1044
890	712 4060 1320 482
891	2244 433 138 2103
892	1658 4218 1771 2417
893	1060 2177 4492 4001
894	3446 1070 3554 4088
895	2961 1986 2092 1021
896	3400 700 1408 4381
897	2106 2194 112 3459
898	4424 1494 4011 410
899	1486 3737 3147 2840
900	2290 5 2551 492
901	235 3656 730 2360
902	1757 1058 4129 11
903	2589 1931 1609 479
904	2397 1639 3870 1390
905	1458 2438 2686 321
906	2332 2342 271 3856
907	4056 536 738 798
908	1859 1038 356 998
909	2136 1576 2559 2393
910	939 1140 4231 3842
911	1985 3366 3819 2593
912	2936 1825 110 3778
913	593 1931 3324 1734
914	3164 4259 292 3670
915	1686 2695 473 397
916	3358 931 2469 2875
917	3213 4046 3466 2008
918	18 2398 54 181
919	4326 3050 3334 3973
920	1269 1313 2512 2830
921	2441 1958 4049 2477
922	1414 2906 1917 1388
923	3563 2996 1887 1520
924	2163 97 2640 1643
925	4279 313 2295 360
926	2717 3316 714 1068
927	572 2853 2857 2738
928	3884 133 4037 1138
929	3968 1828 4415 3165
930	2715 3690 598 1891
931	1962 3912 3678 2010
932	4321 4051 1432 3147
933	3168 3183 1502 4327
934	3499 3939 3451 217
935	2217 1835 3193 107
936	1119 538 1230 4214
937	1108 2629 1981 2602
938	353 893 155 4276
939	2935 554 1856 3418
940	3303 3181 3189 2596
941	1252 1171 3667 2801
942	2374 1037 2250 1102
943	726 2120 3339 1867
944	3864 852 3948 1008
945	4192 2836 1177 4069
946	4190 2942 4069 211
947	2807 1039 3579 4260
948	2970 3722 845 3130
949	3591 2644 4016 1040
950	1242 3546 621 4127
951	4401 3824 3890 3976
952	1599 1135 2568 3086
953	3115 1547 1300 1811
954	2736 2577 3067 4498
955	2725 1034 447 1015
956	3501 4177 341 4164
957	1438 3197 3710 340
958	2004 3018 3803 156
959	1931 279 2518 531
960	1531 426 2926 716
961	1502 2565 1892 3948
962	114 2154 1752 3116
963	522 224 2484 3638
964	2033 453 1398 2281
965	2373 14 1130 1767
966	4208 348 1628 4124
967	3375 2805 1782 2871
968	2548 1328 731 111
969	619 3600 763 4090
970	4188 1848 1020 979
971	2628 4454 72 315
972	1269 3946 4386 2390
973	2304 1466 3936 201
974	4457 1011 2806 507
975	3320 2783 4496 57
976	786 1664 1208 81
977	2775 4330 388 2885
978	4081 2495 1516 664
979	4291 2292 83 4221
980	1288 2835 556 932
981	582 2700 1127 2456
982	4353 3569 1370 878
983	3479 3776 3431 2474
984	2010 2463 727 343
985	466 4070 2444 755
986	2347 2824 3389 4370
987	3363 3771 3453 35
988	3834 3826 1867 1859
989	1992 1458 862 4199
990	2212 1698 3544 4315
991	2464 4448 3583 4314
992	2603 3031 147 3241
993	3024 311 1730 77
994	542 2339 83 831
995	376 4049 2962 3955
996	4299 3607 173 151
997	3362 2384 1294 4445
998	2308 1979 271 2400
999	4496 2032 2768 2184
1000	4378 3348 2649 2122
