Students	1000
1	3689 3568 2616 3457
2	1434 1825 4 717
3	2028 2399 3693 3036
4	3861 4207 4077 3113
5	2999 1977 3669 2411
6	2826 1095 3890 950
7	197 4465 840 2500
8	3730 60 2020 4202
9	2323 3670 3696 2758
10	1821 1077 55 1699
11	3656 3076 1196 2532
12	4111 2122 2079 1234
13	2677 2494 4416 3924
14	1535 1690 505 4266
15	1434 1660 661 3256
16	2339 1843 1250 2454
17	1444 3445 698 2535
18	3705 84 3929 2996
19	1834 4071 4265 3735
20	2637 2319 4147 2427
21	1199 1486 3837 1175
22	1162 3295 2404 3937
23	1579 690 2910 3324
24	2955 2728 2811 4089
25	2228 3972 677 505
26	3573 390 1545 4375
27	1881 4056 3533 3664
28	3049 672 4429 547
29	1956 4222 742 1685
30	703 1063 4038 4361
31	708 3929 4418 556
32	1648 679 3459 4013
33	3154 3932 693 2180
34	2582 1275 2151 942
35	4151 753 2013 1113
36	1120 284 2826 3423
37	2363 3227 2511 633
38	69 3148 3420 2467
39	1945 3152 4256 3700
40	3219 2693 929 3421
41	3162 4287 2479 651
42	948 1449 2339 2435
43	1779 2204 3995 785
44	3093 2703 1879 1474
45	975 3604 4117 4418
46	810 3131 1018 1991
47	2192 3854 2272 2974
48	3372 1637 3969 4054
49	4277 3054 1385 1744
50	1079 3514 2876 300
51	958 3964 1293 2610
52	3777 201 3522 3923
53	672 3583 1062 1718
54	3215 1326 3585 3654
55	1998 3122 607 3441
56	3810 287 2887 3674
57	2426 446 1363 2299
58	3689 932 93 1785
59	2972 1951 4082 1000
60	3209 2877 3474 846
61	1184 54 2464 1297
62	2009 724 3674 492
63	833 4287 1424 1949
64	4007 3811 1843 3998
65	220 3106 4228 307
66	3652 3753 3596 2812
67	4259 2721 1593 777
68	1098 3835 3497 1807
69	1183 3320 1562 3798
70	922 2318 102 3082
71	2490 3124 3114 4365
72	3404 947 2640 1847
73	3438 2693 2456 3179
74	1343 1853 1539 877
75	3229 1900 3385 2538
76	2825 1682 3291 334
77	3221 337 369 4290
78	3361 2067 3095 2422
79	1390 1838 1719 4382
80	2771 3636 780 1763
81	3463 3086 268 381
82	209 2935 1710 718
83	2606 543 1483 200
84	3245 1599 1258 1478
85	1234 3674 742 799
86	3952 742 3879 3211
87	1522 3595 4325 2617
88	2504 3348 502 2827
89	1927 3920 2240 1677
90	1836 3531 2179 1519
91	540 3145 4093 1976
92	31 1733 1894 2214
93	2383 3962 103 2092
94	1185 1904 954 3778
95	2786 3344 2682 775
96	89 3848 1595 2448
97	3310 1246 3200 3759
98	742 3275 1769 3880
99	4231 4084 3678 536
100	2826 3163 565 3433
101	4475 3559 3074 950
102	1926 277 4311 1412
103	1966 4176 3782 117
104	2489 2174 690 1369
105	244 3034 4163 4481
106	3666 1678 3083 2817
107	825 713 3120 2595
108	4428 688 1902 1760
109	3214 3206 1765 684
110	2036 3244 1841 2843
111	1604 2975 2677 1985
112	1712 1050 324 3125
113	3268 3275 2540 3971
114	3586 2164 1350 538
115	322 3885 3230 3184
116	1794 1686 2074 3976
117	27 2401 3477 2651
118	3858 2231 2678 1624
119	2014 1619 3245 3633
120	1294 1004 992 1218
121	298 2451 3884 3859
122	727 3120 1833 741
123	4259 3132 3360 1357
124	1579 3297 194 3262
125	3731 2260 54 2010
126	806 4235 2234 1159
127	1188 954 3696 615
128	1463 1425 957 1264
129	1042 94 3426 2375
130	803 700 553 188
131	1405 1262 3847 1072
132	3473 2175 593 544
133	1264 4100 2652 2969
134	3323 4220 1675 138
135	346 2330 3038 2478
136	3721 3826 1562 3837
137	2123 2208 2630 1064
138	1750 1140 2575 2311
139	1727 3628 3568 4011
140	4101 3068 3731 1169
141	3263 1504 162 1787
142	450 4165 3085 1120
143	3880 910 3766 1019
144	1103 1551 2292 4287
145	1163 791 47 2872
146	2689 4339 3617 1081
147	2869 307 3830 1076
148	1202 1466 1475 2667
149	214 4113 1038 2757
150	3248 4483 567 4010
151	2433 31 4024 1335
152	1362 3177 1337 2771
153	3562 4207 3690 3853
154	1379 1441 208 417
155	3903 1944 2861 822
156	375 1069 1508 2858
157	2426 899 3294 1940
158	1342 1584 1039 198
159	4382 3852 3986 943
160	4322 1864 3914 4239
161	1740 3671 4195 3241
162	407 2180 3674 3854
163	1098 1021 1145 2564
164	4113 834 2123 3542
165	4098 163 2896 3896
166	1321 2818 464 1088
167	955 4043 1706 200
168	3160 906 81 1639
169	1082 4077 1024 2643
170	1863 4241 1687 3755
171	3952 280 1852 1924
172	3385 3340 626 3027
173	4209 13 2318 1653
174	749 2552 3272 4284
175	2241 3268 3190 1280
176	2859 3226 4308 3086
177	334 4437 2936 1104
178	1749 1367 118 3780
179	1744 2571 4115 4056
180	1028 1725 1636 2246
181	984 4073 3513 3172
182	3537 2639 1724 3174
183	2350 1204 3943 2460
184	4085 3065 1552 1738
185	712 2168 507 1784
186	4380 991 3466 394
187	4359 364 401 1801
188	1673 1447 494 4212
189	2701 3666 1027 3057
190	2433 3012 2958 1663
191	1955 3854 2728 3459
192	4241 130 81 3141
193	958 989 2918 1014
194	514 4117 3597 2145
195	2116 3172 2731 2023
196	1984 2614 2564 60
197	3067 728 39 761
198	2859 670 2482 309
199	487 4403 304 1589
200	4441 2422 4299 4285
201	3106 2165 1789 2461
202	1478 3717 1547 3466
203	4384 1648 994 3385
204	1433 3645 4150 2429
205	4432 1701 3041 33
206	378 3792 855 1108
207	712 860 3380 3455
208	2158 2028 4326 3116
209	4203 3857 3790 170
210	1019 3880 1641 755
211	1695 1090 4102 4296
212	4383 1488 298 2430
213	1079 2656 3442 858
214	4007 247 2803 1679
215	962 3246 40 469
216	3298 2599 2577 276
217	3230 1829 3785 220
218	2151 3484 2674 3479
219	2141 622 4249 2795
220	2217 4179 3718 948
221	1343 3886 1821 4146
222	4146 4224 1028 3602
223	4247 1067 3391 419
224	1947 1780 3097 4291
225	2988 2750 4260 2254
226	3233 613 1907 2056
227	276 1278 1513 4115
228	763 3954 585 4042
229	816 2241 2091 4412
230	4373 3260 958 1152
231	1521 1339 3680 340
232	2043 2838 1892 1978
233	176 2862 2288 1620
234	4033 1993 633 2759
235	2297 263 1047 2181
236	773 3201 2973 2676
237	3376 3929 3320 4202
238	2347 1394 3183 2185
239	3330 4387 2131 1947
240	2216 3733 3018 4316
241	1937 1737 268 893
242	2533 3688 47 1395
243	1734 627 3126 289
244	1197 970 2158 2035
245	2300 1555 2963 3006
246	3065 3212 4330 2431
247	609 705 2756 4371
248	62 1890 4168 3531
249	3599 3900 2209 1505
250	2717 3796 3192 1514
251	2408 2601 1782 1210
252	507 817 550 3686
253	202 3131 249 3430
254	3747 4019 633 924
255	871 88 382 3456
256	83 3420 3514 1137
257	1879 1549 2287 251
258	4091 4421 2710 2890
259	915 1353 3290 491
260	2821 1707 3005 1324
261	2559 2819 1978 843
262	2064 1905 936 345
263	2537 819 3153 4359
264	549 3030 3044 1196
265	783 3628 3942 1909
266	2202 638 1660 3025
267	2866 2411 3744 3167
268	4072 1256 1262 1352
269	557 3652 1474 3788
270	2993 2440 1891 3508
271	4160 142 1748 204
272	2045 4390 1664 2541
273	3471 1007 4251 738
274	2378 3730 2157 435
275	3154 2999 4486 3175
276	979 28 3255 3059
277	4030 4485 451 1871
278	4019 253 4088 3751
279	1288 3272 76 51
280	3929 2192 2788 1209
281	1322 517 4347 581
282	3965 1925 66 1958
283	4481 39 122 4183
284	2571 168 1554 3621
285	716 2916 4033 399
286	1464 2750 3885 2973
287	224 1704 1687 416
288	4472 156 2688 837
289	2953 4078 3104 3852
290	2299 406 1515 332
291	4411 70 4394 3115
292	1499 598 185 3207
293	1598 2949 182 2522
294	2160 3714 3665 1074
295	1430 4057 3655 1594
296	2419 4238 2344 1771
297	1943 2695 3371 3133
298	1657 3316 474 808
299	2683 1835 3635 1592
300	1904 42 3073 3405
301	3583 2624 2286 4103
302	2249 3540 2295 4045
303	4313 211 180 3549
304	2223 2276 46 2645
305	2518 1047 1478 142
306	953 3029 643 34
307	4044 3284 2083 2573
308	2589 1117 2365 1253
309	2246 4383 4157 3591
310	2836 1854 4015 3458
311	4170 484 2664 1603
312	2706 4344 2998 3160
313	1935 2935 2782 320
314	3919 1439 2913 461
315	853 3733 3782 3408
316	723 4251 375 3598
317	2916 908 2680 2141
318	1751 772 3022 1610
319	1509 3603 2008 2179
320	2889 2049 1672 1333
321	3819 328 2494 3293
322	2015 2490 1131 4032
323	696 3459 830 1091
324	365 2674 4414 1038
325	839 1694 383 720
326	4182 3034 4489 3559
327	3525 3714 1371 2363
328	251 2018 3671 965
329	1716 4271 1536 439
330	4335 737 1939 886
331	2274 2938 1727 2930
332	1018 3226 1241 2720
333	167 3599 3648 963
334	410 2782 3278 817
335	1961 2680 167 3006
336	1659 847 3333 56
337	2588 2887 1187 4343
338	4243 4148 3422 350
339	2809 4017 3061 4407
340	4497 3238 3392 3706
341	2032 2113 848 3024
342	2909 2718 3588 2945
343	1617 2926 3510 3650
344	4222 2734 1843 2951
345	2523 1740 1261 4353
346	1997 3431 2318 2947
347	3211 1744 1299 3968
348	1833 2246 3135 4189
349	4451 625 3626 2662
350	1058 1398 798 2290
351	2746 1071 904 3994
352	2317 1065 3603 4435
353	2391 296 4061 3520
354	112 2609 555 1180
355	4271 614 1917 2995
356	985 1258 2806 1791
357	2803 1898 598 3335
358	2214 2411 4242 134
359	2597 2601 1880 680
360	546 2699 89 2046
361	2719 1244 3877 4145
362	704 615 4333 2347
363	614 3484 1126 2204
364	3098 864 2270 4205
365	2144 2035 1200 526
366	3895 2691 4183 1981
367	350 1336 376 4128
368	3356 2695 1976 2855
369	2502 913 259 2706
370	2575 2634 41 3625
371	1677 2400 948 1233
372	1556 400 4255 1418
373	3103 2672 951 3571
374	2826 2718 2216 2254
375	3193 2436 568 1180
376	1593 1742 252 4450
377	4237 3547 1329 894
378	282 472 3722 2688
379	947 595 1384 3661
380	1592 449 3818 3277
381	4098 3143 874 2725
382	2592 349 3867 1139
383	4286 1195 2936 802
384	3222 1031 2593 1891
385	401 3183 1371 3525
386	943 666 1860 1086
387	3724 396 3428 2697
388	4188 1903 186 639
389	4146 1882 2324 728
390	4163 2035 2633 1824
391	2381 883 2295 3087
392	2477 3829 3234 373
393	2140 2883 2456 1071
394	2529 3618 1733 2666
395	3143 4309 2679 3816
396	1531 3856 1724 861
397	3989 300 1969 3114
398	4017 4175 2704 3904
399	2320 4371 44 1826
400	2181 3495 1098 4355
401	4406 1568 1355 2055
402	3393 3483 76 257
403	1223 3 2796 1070
404	4262 2563 3783 381
405	3311 2386 2692 1006
406	2131 853 1632 4163
407	3184 4307 1393 370
408	1489 700 918 3398
409	2309 204 2475 571
410	286 2066 2811 2383
411	678 3478 1552 3826
412	3777 2725 165 130
413	781 3294 2138 2668
414	4086 2210 2684 2532
415	3334 1071 4303 2565
416	812 2588 4122 1972
417	2416 2599 591 2668
418	4106 2982 3590 3257
419	1244 633 1229 3694
420	2330 2842 3481 3035
421	3674 656 1675 3544
422	1529 2700 640 1924
423	2092 1281 402 3479
424	3652 1636 708 967
425	4257 4041 3097 1360
426	3635 1823 4406 1788
427	2780 1013 610 879
428	675 1896 118 365
429	4326 3870 2014 540
430	744 482 1774 4239
431	314 3584 3618 197
432	4125 3965 384 678
433	3791 1555 4056 1495
434	1017 1583 4012 4379
435	3879 3464 2324 2225
436	4020 2598 4101 3155
437	2166 3120 1237 3302
438	2594 2698 3781 254
439	2112 991 790 2415
440	2899 1344 1698 492
441	3067 997 2268 2254
442	4216 1601 1409 239
443	2755 1956 1774 2177
444	3516 4461 564 3977
445	1581 3875 1980 4240
446	3563 881 885 674
447	1957 2004 1985 97
448	4305 1641 427 2046
449	1352 767 2629 2511
450	1209 2754 3151 1473
451	2637 2325 423 2936
452	3058 2446 1613 1793
453	1356 3115 3026 4043
454	2166 4253 2899 2576
455	4438 778 3804 2932
456	1381 2976 3467 94
457	1454 3862 3027 4316
458	3675 4166 707 1699
459	1441 2673 666 4038
460	3622 2428 809 2147
461	451 4035 62 443
462	3970 2655 2960 1511
463	2404 2083 2896 852
464	576 3814 971 3835
465	2005 2043 510 3248
466	411 2672 1143 3942
467	3954 2696 2553 4123
468	1414 1738 4025 3950
469	4353 3977 2330 963
470	474 862 4214 1998
471	1251 4300 3446 856
472	2894 1764 2496 960
473	452 1852 1000 3884
474	2737 1800 869 3045
475	286 3669 108 3626
476	2056 21 3937 2094
477	2760 2846 4452 3423
478	601 534 4187 1675
479	1603 1208 2882 2890
480	2197 1317 4394 1660
481	4494 226 3278 4138
482	4139 1001 3696 1371
483	2841 1347 1990 1655
484	3580 2173 3890 3661
485	1843 2747 1154 428
486	53 4050 2096 847
487	1137 318 3062 2534
488	2939 1288 3212 2838
489	231 1978 13 222
490	396 3398 4459 1512
491	53 1039 2254 2803
492	4463 2097 3384 1468
493	843 1102 2151 1108
494	3276 1980 4347 3686
495	4295 1494 4167 245
496	1077 197 3339 800
497	771 368 2564 972
498	448 3793 3458 785
499	145 3089 2453 135
500	2967 3530 1449 1698
501	743 2004 4436 348
502	1284 435 3474 4329
503	1641 1111 1576 1407
504	2398 3860 3158 641
505	2032 4035 1827 4297
506	3242 4180 4462 3253
507	648 1531 1843 4112
508	3526 3695 2135 4371
509	2270 3037 738 1264
510	2101 559 271 630
511	2118 1516 1457 440
512	4022 1414 2446 2113
513	1005 34 2353 992
514	1323 523 3020 2018
515	2943 2655 2924 2694
516	929 524 1890 1902
517	4482 331 3874 3172
518	3556 4406 3858 1809
519	3433 1012 3330 710
520	4338 2046 1783 187
521	2228 3718 1508 3676
522	4403 1538 3350 1537
523	2071 2742 3082 3376
524	3057 3203 1554 2497
525	1682 599 3770 2301
526	697 4443 2937 755
527	1848 2655 1351 499
528	3098 4169 704 2593
529	1200 4233 1411 4098
530	4178 741 3032 1221
531	3557 3712 1582 1906
532	4412 3290 238 4138
533	3410 1893 3385 3003
534	3059 3945 493 3225
535	3107 3571 2062 1288
536	2947 2796 1362 3562
537	1017 1362 1909 557
538	4116 3000 1766 1054
539	2001 1438 1644 1431
540	2704 3156 327 2401
541	3270 3847 795 1203
542	1050 3026 1678 3695
543	757 3077 2374 80
544	1124 1356 1936 1538
545	1449 969 3834 3196
546	3997 4352 451 4489
547	194 2984 878 3331
548	2227 493 3362 2873
549	2330 147 686 848
550	695 2051 2139 116
551	608 341 2002 4051
552	584 3214 43 103
553	3232 2808 2290 1416
554	4425 3825 1826 2865
555	3492 2995 3803 3478
556	1792 3154 3544 4392
557	3862 475 3501 2591
558	2989 2182 1532 311
559	3595 1828 3141 2237
560	2295 3136 3904 3356
561	2809 919 3727 3653
562	2089 22 1416 2111
563	715 2516 222 681
564	952 56 3618 388
565	4151 3183 1504 2984
566	2119 812 3975 4284
567	3272 294 4095 44
568	3461 3448 4009 3515
569	2279 3395 1551 3283
570	499 1716 2561 3959
571	1308 470 1686 1562
572	4282 2910 1390 552
573	4145 1953 1988 1899
574	288 2131 3197 668
575	205 4064 2640 1805
576	3917 3145 2038 3481
577	800 1737 2505 3388
578	2471 705 3740 2449
579	524 553 3303 1612
580	3453 3523 3108 3101
581	3674 1674 3408 2456
582	907 81 4119 2080
583	4004 1856 2349 2145
584	448 2699 277 104
585	1199 74 2600 3645
586	81 3670 973 2446
587	871 4295 3651 3179
588	2356 1919 2980 876
589	3009 806 3158 1185
590	394 3441 2129 127
591	2752 396 1643 1908
592	2782 4311 3294 2430
593	2534 2981 315 1087
594	377 3802 3032 3941
595	2083 1542 4027 638
596	2031 4039 3067 1028
597	495 968 3265 2191
598	3338 1797 3292 4306
599	1072 2071 3810 1384
600	1505 864 2611 1640
601	3361 151 4340 2473
602	3556 2436 3217 3873
603	2346 1094 2796 2498
604	1633 254 3801 2044
605	2016 1007 2738 3560
606	275 651 2255 566
607	3088 1372 745 98
608	2655 816 634 2973
609	4462 4169 2095 1040
610	3392 1938 4447 4228
611	4057 269 587 2677
612	4204 3458 3378 2361
613	4041 293 1325 3251
614	317 1912 1087 2755
615	1032 2387 160 899
616	733 1300 4073 343
617	4268 4148 3785 867
618	3146 3613 915 1663
619	3838 3628 584 2224
620	2498 483 3787 2313
621	1996 4498 3427 4248
622	3903 4020 3811 1230
623	3236 1070 4019 2614
624	395 1664 2633 3934
625	2750 3954 2242 1106
626	4210 3865 4056 1406
627	577 3115 1656 2712
628	1096 3578 3204 1674
629	3723 95 1924 3193
630	3407 1459 2375 4365
631	274 2069 3436 1501
632	3558 1212 2685 1497
633	2500 3300 3794 838
634	1237 4367 2585 3679
635	1226 2866 98 570
636	573 1721 4024 4032
637	762 3342 2659 768
638	353 3899 1311 4201
639	1994 327 1305 3765
640	195 1388 1208 4116
641	282 429 1920 4297
642	4015 2496 2841 901
643	4130 933 2200 2588
644	4468 2997 2758 3255
645	3219 1493 1823 72
646	999 733 2334 3507
647	3693 1739 1884 1875
648	1035 1167 1223 3184
649	2775 665 3939 1706
650	2817 272 3203 1414
651	2612 2173 424 1864
652	1796 3796 70 3791
653	958 4489 4008 4239
654	1527 3733 634 2989
655	680 4089 1121 2442
656	1953 1376 3478 2846
657	1282 1555 481 4496
658	993 2559 3817 979
659	2081 1557 921 1924
660	3864 4094 1682 560
661	1881 2369 2160 2055
662	1098 3606 4100 391
663	3990 3535 2429 4402
664	3776 2234 3640 4148
665	2137 1871 1492 2127
666	50 2277 4387 3308
667	3404 3136 1149 1278
668	2634 3543 3407 1682
669	1029 1676 2698 2313
670	14 177 1243 3760
671	983 1883 1698 1755
672	4263 820 1738 1656
673	2568 715 1522 294
674	2463 4372 1281 1864
675	4305 435 828 3658
676	1384 3143 3064 1793
677	4268 3573 3535 2168
678	3242 460 1546 2600
679	2590 3401 2271 4109
680	510 4250 3604 3781
681	4269 2475 2541 3242
682	2975 799 4205 1687
683	3017 1502 3498 2182
684	2921 1230 1013 2698
685	810 2451 3756 4233
686	58 356 2020 2681
687	3951 3424 3639 789
688	4031 2296 3072 2576
689	3923 2889 2054 954
690	2135 2256 2681 2498
691	1964 1882 1922 2710
692	2587 4040 575 2614
693	3800 2759 2216 3668
694	3036 1749 3684 749
695	194 2500 2114 1239
696	3258 704 1172 3234
697	3433 3457 2725 3955
698	3820 2940 1608 3827
699	202 2250 3582 3120
700	1819 3597 1567 1248
701	3751 2315 777 1515
702	166 4227 3739 386
703	1104 3331 1209 994
704	1721 461 1581 3062
705	1602 2461 810 1995
706	3495 2055 2114 2914
707	3887 965 4020 2776
708	4009 1664 2729 466
709	3541 2844 974 1531
710	2320 687 1692 3768
711	1945 1748 2508 1450
712	3643 1755 2576 3156
713	1029 837 600 1834
714	955 3330 1993 1143
715	2999 4285 280 3920
716	3905 1030 1766 2799
717	2258 497 822 1754
718	3834 1585 3649 4078
719	2663 984 1740 192
720	3219 3386 1237 1046
721	950 2647 3168 2412
722	3812 3801 4446 3240
723	2094 2505 1690 2747
724	4318 2358 4273 1034
725	2107 3594 3040 1078
726	2457 56 70 3314
727	1235 1981 1328 3635
728	2314 4372 3151 2553
729	788 3413 3129 4133
730	1458 1094 1385 2507
731	3818 4254 4244 3917
732	3879 4358 3283 1649
733	163 3352 934 557
734	4399 1684 193 3749
735	3914 3496 1169 1212
736	331 1003 3869 1106
737	3159 45 201 511
738	1773 3484 1060 3826
739	1436 712 2825 2242
740	3084 538 3697 3326
741	3194 3333 2684 1716
742	3250 4143 3914 2298
743	616 740 1367 2376
744	3509 4094 2869 3277
745	580 2129 791 3949
746	2312 4444 3243 1187
747	639 1493 3028 1310
748	3904 1769 3835 314
749	318 1880 1790 4099
750	2512 985 3346 3524
751	2193 2815 1202 3653
752	1893 2183 2763 3771
753	2138 1815 2859 4372
754	1737 466 728 1997
755	856 441 3328 3785
756	679 1427 3871 3872
757	3740 1775 3927 4311
758	2979 2802 2822 4051
759	2356 3685 1062 510
760	1727 3425 513 2137
761	3355 3563 2327 2492
762	4226 394 399 1410
763	1345 4095 3842 2642
764	568 2358 2887 3051
765	2317 4376 4462 3308
766	2246 1531 1086 132
767	1491 3446 595 1268
768	3021 938 4397 439
769	518 3485 762 2937
770	1125 1504 3106 3431
771	2788 3570 3435 2587
772	3800 4411 310 2065
773	1204 3987 4371 1679
774	4066 1640 921 2604
775	108 1131 4340 332
776	1041 3342 2472 2137
777	2205 1547 3098 992
778	4082 2107 3114 1053
779	2171 102 929 1901
780	4467 4298 3974 1499
781	1333 2699 3821 3169
782	3822 3446 3475 3006
783	196 1806 1066 2972
784	475 2246 1797 933
785	4275 3874 3134 1225
786	1422 3406 357 3159
787	1165 1011 2650 4471
788	620 1023 2058 2107
789	1970 2970 2657 1705
790	1865 3826 3017 1095
791	3208 4211 94 414
792	4022 437 1152 2334
793	2554 3903 4075 2718
794	2003 2861 765 2460
795	3286 1827 2575 1252
796	2418 134 153 1945
797	1597 2672 1051 3657
798	1957 3054 2384 1502
799	2448 2692 831 982
800	153 4007 3014 3670
801	482 3148 4347 2672
802	2313 3815 2397 3696
803	2067 1837 322 4407
804	62 1050 4202 2594
805	3885 3873 2549 2095
806	1578 2029 1876 4307
807	3596 1167 1279 2554
808	1797 3184 4028 2331
809	466 1811 454 2634
810	551 3136 1149 1878
811	2997 1294 735 1387
812	1796 1204 1075 4220
813	3985 1600 3795 4295
814	3345 1134 4328 744
815	3625 890 2765 3071
816	3205 2613 2237 2963
817	3682 2000 106 1589
818	1443 4107 265 2790
819	482 543 1824 2181
820	194 1266 2010 723
821	2410 4323 139 2235
822	291 2980 2628 3323
823	2365 255 4138 1850
824	1229 4323 808 3382
825	2589 3301 2894 673
826	548 2839 3422 2526
827	2072 3312 286 2009
828	3997 183 2688 4219
829	3738 2923 427 836
830	256 3289 1429 95
831	3953 4391 1189 2960
832	2283 4155 1515 1944
833	4392 1950 241 3755
834	4297 4428 2624 301
835	3201 3922 3382 1187
836	2757 291 1689 2118
837	2404 2887 3680 2695
838	1641 3655 3290 1814
839	1432 1792 2544 397
840	3722 3877 3724 1634
841	2215 366 1382 2638
842	2520 3641 3658 1782
843	201 1162 4408 3433
844	1520 2256 3060 2037
845	2811 482 2946 1068
846	3767 3446 2014 4257
847	740 249 1275 1323
848	1401 749 2121 4115
849	4225 2275 2139 3128
850	3710 4343 1376 1703
851	3331 577 509 3844
852	1813 1075 777 291
853	4033 4155 547 1342
854	106 87 3423 2941
855	839 2811 3481 4108
856	3151 1790 3457 487
857	1466 204 2219 4227
858	270 3448 1527 1999
859	2571 2924 1090 315
860	3181 3413 1326 2243
861	837 4417 996 1250
862	1612 4480 3824 3988
863	4239 2550 3590 926
864	933 1986 1529 1520
865	2642 2561 1297 186
866	1000 119 1415 214
867	938 3547 2075 3634
868	518 1001 1155 2218
869	3296 2450 1813 4089
870	2420 1805 409 1895
871	1669 2853 3135 2664
872	2917 694 2676 1581
873	3111 3585 3137 3187
874	2571 988 3613 4445
875	569 412 258 3508
876	1951 1366 2268 1773
877	723 695 2509 4167
878	2656 3962 4355 2950
879	629 2516 3248 2883
880	1728 7 520 47
881	2829 1883 2991 3388
882	1228 1128 1997 544
883	2314 4066 499 773
884	2021 1124 680 1046
885	2689 2665 2464 761
886	607 2391 352 2052
887	1099 1876 122 86
888	2627 794 1207 1407
889	3502 2339 1034 3586
890	1990 1535 841 4367
891	3111 2252 26 37
892	2414 3100 4012 1445
893	1871 1747 3480 2309
894	1502 3532 3327 680
895	1627 729 3702 4045
896	1354 3210 2412 849
897	695 3607 3582 260
898	578 2378 1731 3276
899	2364 2948 1565 1000
900	1489 3023 3951 3925
901	479 1717 1226 594
902	155 667 3108 760
903	2070 3797 836 1433
904	3901 385 328 2544
905	138 474 842 3217
906	3332 1246 1038 685
907	1598 568 3583 4209
908	4357 2037 351 603
909	3518 3749 3856 2684
910	2717 1399 1771 3687
911	722 4480 154 10
912	463 3572 4421 898
913	1998 3317 4445 1617
914	1866 3167 209 3867
915	4126 2583 1364 1993
916	1756 2290 2695 2461
917	3619 2637 3524 1351
918	4296 509 1936 3244
919	1584 3151 3418 624
920	3800 1989 3684 3522
921	349 416 3014 120
922	3709 4130 4120 2299
923	3491 1804 1190 1835
924	978 1338 2198 1887
925	211 3513 2062 3247
926	1180 3961 2244 1672
927	2534 3744 87 2757
928	1288 3603 3637 3654
929	98 372 14 1391
930	4178 4365 747 1773
931	3412 81 361 3413
932	3094 1132 2278 2800
933	1271 2777 3066 66
934	3928 2779 2278 1641
935	2628 4380 858 887
936	2882 1622 1335 3307
937	4116 3875 1136 237
938	742 4141 897 4037
939	4017 170 2813 3590
940	725 2318 1659 3623
941	897 3014 4140 1957
942	4065 2561 1172 3373
943	3803 2284 4427 904
944	2758 3922 4129 3868
945	4329 1580 2962 602
946	2621 2315 758 1709
947	1572 4018 586 68
948	3115 4110 4346 2831
949	2470 1142 548 420
950	149 2887 1160 161
951	218 1746 3217 329
952	881 1682 4422 2417
953	1503 333 3167 3688
954	1873 4395 10 4217
955	3998 1708 4378 488
956	755 2994 233 2345
957	4142 1530 2523 2460
958	4438 851 314 1541
959	2493 370 3332 2098
960	1241 958 2682 505
961	2000 3504 3002 942
962	2712 1864 1251 2517
963	1387 2825 3955 3205
964	2297 1491 4083 2015
965	2902 2355 989 3225
966	927 2981 3721 866
967	78 867 2476 1140
968	2516 2461 4459 651
969	2723 1666 4306 1166
970	3318 1511 1988 833
971	1801 4486 148 1491
972	2025 2256 2136 934
973	1479 2423 931 2895
974	988 2798 1352 2029
975	3532 1135 98 23
976	1411 3777 2648 1794
977	2525 2889 3312 3991
978	4382 3522 3946 675
979	4082 1787 2705 4428
980	1625 3235 2099 3346
981	2313 3737 3187 2555
982	883 2753 365 4084
983	2429 883 1506 1906
984	1916 3787 1256 460
985	1823 1377 1474 2971
986	1636 2581 1434 2377
987	4423 2417 729 229
988	2997 659 4252 4389
989	4373 3027 4386 3827
990	875 1803 1605 20
991	3168 45 199 1036
992	1242 2534 1927 4399
993	1665 3715 4087 2553
994	615 735 530 3922
995	2972 2682 2468 3739
996	1373 2100 3944 2926
997	537 1519 3802 982
998	2712 375 3538 938
999	417 237 3671 67
1000	4179 3287 458 2426
Students	1000
1	510 1240 310 2589
2	1617 3680 2954 4037
3	3356 4480 1214 3389
4	607 1606 346 555
5	2498 2727 392 3019
6	431 2877 1410 2799
7	4363 392 60 3445
8	1554 327 800 344
9	3018 1849 2943 3490
10	640 4257 117 978
11	1703 3218 2461 2173
12	987 2108 1848 123
13	2132 544 2403 3874
14	3403 2452 3656 623
15	3477 4057 3451 1847
16	1521 1326 1231 1214
17	1833 3933 348 2111
18	3116 3319 1574 1992
19	1336 3667 1026 1432
20	3877 3508 187 644
21	610 1936 2317 4457
22	3307 2761 1216 2555
23	796 4069 1330 3477
24	2459 4129 119 2594
25	1549 1503 1278 2449
26	104 3512 2381 13
27	1625 1918 3904 1100
28	1624 527 2741 2388
29	2975 3016 1258 4365
30	434 1973 266 1906
31	3650 3740 861 1894
32	1135 1095 3939 127
33	275 63 793 3063
34	3746 4327 715 458
35	1904 3315 2429 2704
36	3892 1529 4221 3208
37	1649 1893 964 1723
38	3186 1773 1493 2986
39	3711 2063 3454 1369
40	1175 2546 1255 592
41	3187 2482 425 4130
42	252 2363 2365 2268
43	2381 1440 90 2116
44	4251 600 3099 794
45	280 1296 3954 3272
46	1090 2013 4421 1946
47	863 978 487 3953
48	3320 1259 2889 1731
49	990 1916 159 3133
50	4245 3436 707 1614
51	4283 710 1473 3001
52	1413 2521 831 137
53	3653 1360 140 1717
54	4259 3824 1836 409
55	447 3366 3286 362
56	1957 4482 3010 925
57	1082 2029 486 3926
58	674 3758 1895 2513
59	2509 3837 594 3703
60	874 3885 4123 1475
61	2903 2842 639 3572
62	3088 935 2569 128
63	4120 4034 1623 2923
64	3680 713 2886 3463
65	1135 3762 3285 920
66	1579 947 3046 593
67	13 2399 2366 316
68	3701 103 983 2456
69	3287 506 4028 1757
70	3391 1938 3884 3433
71	1086 2935 1461 1341
72	2620 2999 552 1159
73	1862 1402 268 3659
74	3934 1123 2142 780
75	1191 4272 2945 3697
76	2721 2560 2822 3268
77	2259 436 796 3200
78	4266 265 1215 3704
79	2445 2375 223 1020
80	303 3 2650 67
81	2723 3697 756 508
82	3835 1824 1416 3629
83	10 1172 3222 674
84	1864 650 1833 3493
85	1105 519 255 1185
86	1918 2123 1508 4135
87	3915 3953 807 2208
88	289 1586 2173 532
89	799 1273 2020 3226
90	1773 2515 1964 3072
91	1124 61 3685 1183
92	2399 1471 3427 1934
93	2886 3858 1127 2712
94	3693 2125 1918 4027
95	662 2993 3620 3203
96	2325 1158 888 3852
97	4108 4099 3449 3667
98	1240 4412 837 2325
99	4248 3663 932 2604
100	3329 898 948 1658
101	3432 4350 2601 597
102	577 3380 3609 4363
103	2516 708 1369 2874
104	2784 1048 2166 2770
105	3099 2750 3788 2353
106	2938 1904 1859 694
107	3512 838 1554 4028
108	178 806 2931 11
109	150 696 4070 584
110	3908 3294 4405 3420
111	2290 351 1361 243
112	3620 4140 3484 3073
113	1580 4219 1702 3178
114	1303 3784 1932 3052
115	4067 575 1665 724
116	2437 2684 2658 1857
117	2878 581 324 2202
118	51 1317 4049 2660
119	2980 3104 1067 2386
120	612 1024 4337 2030
121	1323 529 1903 3488
122	3641 1081 53 211
123	4185 3839 1805 1533
124	4401 2390 246 4284
125	4062 3776 1439 3129
126	783 3902 1810 2660
127	2575 1452 185 2398
128	2615 4423 322 2430
129	1103 2890 2111 4284
130	2083 707 4330 3465
131	3601 1034 990 3962
132	1665 1802 3032 30
133	470 2418 3110 2302
134	2644 1912 2201 318
135	1744 3794 1976 1668
136	3104 2626 1633 1463
137	3422 4164 3580 2310
138	4138 1190 3208 530
139	4349 1823 3637 1209
140	1516 3607 1995 1884
141	1230 712 4186 4037
142	1504 3739 4042 3098
143	636 2538 1604 2227
144	731 700 1726 1701
145	4160 2364 2449 2260
146	2582 2739 2185 1650
147	1841 566 1127 888
148	2473 488 2974 305
149	1914 2308 1648 2894
150	1582 376 2131 4053
151	554 438 4230 2899
152	3663 3208 1897 1414
153	3410 1969 161 1867
154	3933 4382 2255 2608
155	4449 1109 2255 3681
156	3735 1449 2421 511
157	3430 3595 1290 1047
158	3190 4193 3772 889
159	3743 2909 3129 1525
160	1945 3706 4030 2498
161	3742 4273 3713 1617
162	766 3946 3324 1893
163	2814 4197 2315 2688
164	1771 3035 4453 1791
165	1479 4183 1338 1907
166	2933 1665 3897 2804
167	54 1086 1051 1002
168	138 1252 754 2231
169	2652 2542 4466 840
170	2612 3100 3359 2284
171	3668 239 1062 1215
172	3318 2190 431 2283
173	2804 790 775 242
174	4125 2314 2054 363
175	1219 1867 607 3379
176	4483 1178 1274 2641
177	3942 2216 792 427
178	1703 1748 17 3577
179	4387 1184 4318 1749
180	3022 3519 3350 4481
181	3010 2825 3111 2555
182	3663 1597 483 4162
183	3501 3687 1905 3274
184	2836 2390 613 3709
185	780 911 3778 927
186	1794 1983 1497 2238
187	545 1269 2461 4374
188	4484 679 4251 1206
189	181 4371 4345 3461
190	2622 4003 3562 1513
191	2463 1290 694 853
192	2635 428 2521 669
193	192 2470 1265 2768
194	4335 1387 3876 199
195	1707 3863 43 3377
196	1457 1669 1436 2796
197	1560 362 3384 1316
198	2304 606 2844 4423
199	3601 3722 2780 624
200	3140 4044 3801 1160
201	1236 4311 3951 1857
202	3717 400 170 2572
203	3720 4185 4299 2291
204	2439 1264 1218 4276
205	3029 4172 1150 1349
206	1509 2322 3957 2104
207	4104 327 2938 2797
208	3193 50 800 1464
209	1111 827 321 804
210	2870 3524 877 2017
211	750 2127 1790 134
212	1924 1841 1467 2739
213	2152 1383 4137 4043
214	1758 619 3094 260
215	1974 2962 2594 2952
216	1764 3686 2317 600
217	4440 582 2644 2028
218	1939 3106 740 1518
219	3305 2440 1924 576
220	4042 3843 691 4202
221	2022 3974 3173 3523
222	241 1935 877 917
223	3274 217 1007 2283
224	2515 3248 1676 507
225	1990 1056 1801 2983
226	2800 1952 2005 1320
227	1510 31 1126 1308
228	1860 4139 3415 4183
229	3664 183 1613 2689
230	4217 3052 1801 1526
231	2739 1352 2721 3642
232	2136 3739 216 3572
233	2075 4192 4176 268
234	169 522 1886 1771
235	1874 2121 373 1840
236	81 31 1591 2749
237	2744 302 748 2363
238	1637 4170 1554 2109
239	3011 1236 3022 161
240	719 788 3446 760
241	4389 2987 4374 359
242	2043 449 529 1823
243	299 4015 1884 499
244	2386 1141 1813 2283
245	1838 628 3145 2669
246	2718 3440 420 180
247	2735 3517 3150 3682
248	393 4084 1114 2082
249	4014 4386 4012 3222
250	728 4146 189 4444
251	1587 1735 680 853
252	1688 1959 1560 3720
253	6 2861 196 935
254	1741 2204 53 2705
255	784 771 3532 2747
256	3495 79 951 3666
257	873 724 2328 1546
258	212 3738 2396 4186
259	2187 3258 286 2837
260	2527 2763 2236 3510
261	2419 1150 108 1834
262	809 685 3844 3341
263	849 3900 4261 914
264	3512 207 1319 1667
265	3351 4463 1369 2364
266	3121 2079 842 4156
267	1436 127 816 3315
268	1370 200 2751 2544
269	2799 2089 4091 1532
270	3311 4383 641 3710
271	644 1508 1599 2627
272	2545 1374 4030 1281
273	1360 4483 993 1290
274	10 590 3754 1659
275	3052 656 2191 3823
276	3561 3744 2893 2310
277	3911 3363 497 2085
278	1858 2932 1582 4459
279	3989 15 730 2905
280	3561 462 2086 592
281	1075 3670 3951 1638
282	3749 1187 2486 3234
283	109 1018 2246 765
284	2668 3811 739 4008
285	1862 837 1648 4342
286	3427 153 1771 4348
287	4000 2760 2023 1095
288	2150 2102 3079 1029
289	2106 550 1784 4168
290	743 2034 1101 3855
291	4267 4422 968 790
292	987 1754 4360 3895
293	3962 3806 4125 4097
294	3970 3070 4064 622
295	2665 2335 3562 440
296	2579 3964 504 1660
297	356 2728 2302 1212
298	1238 2879 1168 46
299	4489 671 4119 607
300	1439 509 1562 598
301	1383 2176 738 2743
302	233 3625 3706 1924
303	1520 1910 4178 211
304	1856 2318 3250 2081
305	802 2370 1873 4418
306	1969 4212 2553 3141
307	1505 2814 1497 998
308	124 3129 2426 3148
309	2380 314 1455 3179
310	540 355 3570 1979
311	1709 295 244 650
312	2576 2105 3995 2657
313	1966 1484 3796 376
314	2893 2516 4424 964
315	3271 3677 3077 3260
316	4268 3466 3879 1479
317	2320 2825 2525 2219
318	792 3766 3754 1818
319	2156 1483 981 485
320	2793 2285 1272 4356
321	3810 3757 3986 2879
322	3762 1837 4245 660
323	1670 2988 291 3847
324	1330 2735 67 661
325	762 4004 547 4254
326	4425 667 3779 1789
327	2607 1432 1522 2752
328	1162 3693 950 1422
329	819 2181 239 1545
330	780 3441 1491 1940
331	210 3875 3190 2940
332	3000 234 261 4087
333	349 1206 4235 4408
334	3081 1209 1637 1592
335	294 3838 1485 4187
336	1613 1173 3887 655
337	3012 733 318 2577
338	3606 2797 3849 1976
339	459 3472 2743 2219
340	4351 946 2552 1896
341	3256 2899 1135 1963
342	1245 4377 951 1603
343	466 4137 3810 1925
344	1797 2720 4485 2032
345	1636 356 4106 1899
346	2932 640 2140 2716
347	3487 2386 19 3060
348	4397 1790 2100 2856
349	2940 2127 3038 1265
350	1595 1190 1478 3233
351	2536 2495 599 1777
352	3556 1394 2427 1415
353	3290 985 2586 915
354	3414 3367 1726 344
355	1538 3773 1003 2940
356	289 3759 160 3972
357	450 3166 1333 2400
358	2808 4352 2228 1563
359	103 3042 2220 3304
360	2672 1253 2820 4124
361	4237 3870 395 4149
362	2678 1515 138 4158
363	2706 4281 1801 1259
364	2425 2709 2654 3564
365	2548 84 1070 1859
366	3089 3114 1421 4017
367	1591 1576 3924 4470
368	638 550 2505 2084
369	1634 2955 1193 1005
370	4171 558 3192 1604
371	852 1599 2473 3374
372	700 1528 1536 1570
373	3876 3989 957 964
374	2656 3082 65 824
375	1756 26 212 1103
376	208 1951 787 2337
377	3459 3550 3113 1418
378	3099 2800 827 2212
379	1013 2870 2260 2554
380	1162 962 4198 2808
381	442 4193 2566 1790
382	2939 242 2369 1996
383	810 377 4224 1418
384	468 2515 830 1131
385	3363 3051 2026 1614
386	1701 1084 3921 702
387	3558 215 934 637
388	315 2822 664 2975
389	650 556 1478 1843
390	244 3928 1779 3612
391	1423 2852 2377 3862
392	2686 1701 3963 375
393	3699 3466 383 3759
394	2110 89 340 986
395	3339 1116 4044 2119
396	2828 839 1324 101
397	150 1245 3128 3234
398	3127 3003 4351 2612
399	3831 1564 4020 3516
400	2186 2635 3658 1170
401	3489 3982 1376 1737
402	1559 4456 3461 4336
403	1582 3415 2791 1937
404	3886 1912 3467 2234
405	3730 1679 2599 2616
406	3734 3495 1733 3896
407	1327 2420 3844 2316
408	4498 4393 3922 3703
409	3073 2833 4176 2789
410	1164 2991 1930 4459
411	1274 2673 2786 687
412	1448 3494 1345 2094
413	2031 885 2611 109
414	4352 433 4010 3936
415	858 2495 3305 2839
416	531 1062 1354 2221
417	686 1720 2486 1801
418	3554 702 1887 725
419	1797 2632 449 38
420	155 1378 1533 1943
421	4303 3538 4457 2488
422	2424 3140 4134 2690
423	3503 655 3305 1396
424	2026 3304 620 4362
425	1217 1528 2171 450
426	1583 1913 1934 311
427	4054 3787 3079 134
428	3118 834 929 3477
429	919 1140 370 3772
430	3737 2224 1033 1059
431	1163 1884 702 28
432	3702 2591 581 3402
433	588 1715 1488 885
434	711 2068 2501 1337
435	1157 811 3855 4457
436	4348 965 1153 1793
437	548 1950 2646 3295
438	3591 1961 3981 10
439	3514 3671 3846 1641
440	614 3400 2911 3697
441	2245 737 2899 2014
442	3470 3854 3386 3191
443	1420 3832 4354 2495
444	2239 3791 3203 230
445	3242 748 4428 2861
446	978 3841 448 3097
447	3269 2846 841 3302
448	1798 2166 2336 1084
449	2468 2841 3183 2917
450	205 4066 735 24
451	3496 900 2664 3432
452	3355 2853 2412 3498
453	1849 2688 3236 1185
454	698 2024 2778 273
455	1617 357 3972 1835
456	1053 1625 4494 555
457	265 1537 2019 1508
458	4010 2067 1266 1208
459	2990 1121 4090 667
460	1142 427 1578 2332
461	3896 3640 2694 2897
462	2890 549 4323 2773
463	3420 3654 3725 524
464	2130 3944 1987 4032
465	1641 977 3052 566
466	3326 659 1077 426
467	1345 611 3444 4378
468	1822 2881 1921 2849
469	3927 1067 1473 4090
470	311 1637 1290 1045
471	1507 2179 514 3470
472	2161 3932 2531 4469
473	1358 1769 3058 3728
474	279 2663 4487 1014
475	2087 1835 3786 477
476	1916 1075 1494 1701
477	2248 2583 1242 1573
478	4314 4364 134 1811
479	3442 1863 1987 467
480	4349 4429 2704 3379
481	3246 3615 1239 322
482	2363 985 2530 41
483	1192 3081 1845 220
484	672 1044 3323 3797
485	358 2976 4368 1087
486	2781 2422 3725 2491
487	4035 3888 1640 3157
488	3684 2112 4038 52
489	306 16 3888 4279
490	1194 400 3367 896
491	798 818 888 2721
492	127 3731 4021 3823
493	2295 3917 3612 4237
494	765 1248 1054 4250
495	335 1959 3988 4205
496	1922 4455 1707 4196
497	2369 3302 4190 893
498	3593 1319 4342 2603
499	3545 2690 3774 3106
500	4064 3503 1111 1322
501	1668 2120 2089 3384
502	2082 2740 3218 2909
503	1866 327 4070 1258
504	85 3621 2064 2266
505	1049 3234 2393 1662
506	256 1789 2463 4142
507	3265 3890 1945 3578
508	116 3216 3334 2080
509	1596 2200 2719 252
510	1615 347 1943 479
511	2339 832 4496 2421
512	2220 4007 3768 1219
513	250 929 1107 2469
514	249 1964 525 3512
515	1285 1181 3114 2628
516	3753 3061 1166 3568
517	2336 2474 937 994
518	4064 241 1384 3563
519	612 1703 323 2014
520	1189 2210 3263 3458
521	1963 3357 484 354
522	3082 4308 2156 2783
523	1099 1783 883 641
524	4422 1462 3310 2693
525	3826 966 902 3479
526	3910 3359 3964 1878
527	1128 1363 1495 851
528	2715 2662 4344 702
529	3624 3158 18 3617
530	616 2777 2506 3396
531	1640 2413 1062 1667
532	572 1258 1913 1103
533	2904 1355 3456 1532
534	828 42 1991 1147
535	592 501 587 1296
536	4449 3677 2582 2537
537	258 33 232 1517
538	2055 3729 3858 2961
539	422 3699 3412 75
540	4326 927 3746 1300
541	954 3119 4092 3896
542	3307 2025 4315 103
543	3636 146 625 1846
544	4310 1164 828 2902
545	2681 2960 1980 3801
546	3251 4314 4389 289
547	4289 3733 4095 3869
548	44 102 3613 308
549	1721 630 3162 2646
550	227 1534 1262 3875
551	2216 2508 1715 2485
552	4334 3256 4080 3755
553	1999 1978 1135 3827
554	1613 2586 2842 1928
555	528 4 3050 2402
556	3028 3629 1218 1149
557	1554 2444 3603 1329
558	1636 3741 601 3981
559	1999 3325 2735 566
560	3297 4109 430 3674
561	4151 1793 3401 2521
562	325 1104 3356 938
563	3090 1973 563 2236
564	118 3914 770 3880
565	1316 1038 2898 1557
566	2489 4308 1802 3695
567	3489 470 2348 1971
568	2850 113 2369 3131
569	1758 2461 3001 927
570	4154 1752 204 2163
571	675 2528 3278 2909
572	3939 2313 43 924
573	1729 3247 4052 4317
574	2086 4303 816 1037
575	3128 3067 1570 291
576	2428 1271 2181 1708
577	2516 1390 3992 4085
578	92 3043 3186 1740
579	2429 574 1398 349
580	2527 4308 2666 1474
581	2383 2144 2815 1243
582	471 1706 650 3624
583	3148 2870 1162 2784
584	3174 3990 1182 2988
585	3889 914 961 2511
586	1565 2152 2440 4116
587	3499 510 318 2184
588	110 4233 1883 1690
589	2171 621 2904 3099
590	1025 2273 2962 1147
591	901 149 579 1861
592	626 4044 2562 2379
593	1850 1187 2341 1000
594	987 3920 898 2292
595	3201 4337 960 3214
596	2773 2285 1026 1960
597	3403 3414 2983 4230
598	3532 2504 953 1213
599	422 835 739 2343
600	4429 2450 1562 622
601	4423 3159 4109 2529
602	3881 3098 4159 79
603	1552 3155 3035 4270
604	773 2073 968 1468
605	3836 2331 2638 2221
606	3431 964 2783 311
607	3489 678 3850 3245
608	1809 2009 2259 227
609	2772 1362 1611 3491
610	2841 559 1521 2080
611	3408 1793 2002 235
612	3737 4465 1796 3811
613	1387 1919 2613 3021
614	4036 4209 2271 139
615	410 3664 3561 3836
616	2068 1265 184 593
617	1093 274 1261 2517
618	1566 1747 3412 682
619	969 2322 4465 2454
620	516 4474 2944 4433
621	256 2334 1540 280
622	3456 2562 2633 4058
623	3299 435 3667 226
624	2344 1629 545 3061
625	4043 2508 2869 2641
626	1229 4096 2492 2781
627	4389 2705 1257 3307
628	3416 2432 4061 2607
629	2741 159 423 3146
630	3473 3494 999 411
631	2592 3483 137 1723
632	2892 2919 2292 1141
633	4486 2568 4345 49
634	921 2687 151 4008
635	1256 3831 3967 2171
636	3583 206 4342 4233
637	2462 413 3625 2280
638	2119 3363 3463 2466
639	2043 1839 698 1720
640	2128 3068 4278 3186
641	769 1930 4030 2165
642	934 2873 1673 2697
643	172 187 3155 540
644	1778 2711 2579 4179
645	3763 1516 609 2331
646	3716 3248 920 3217
647	3964 4028 3244 4359
648	694 4243 4267 4227
649	813 2694 2908 826
650	2113 1644 309 1843
651	3205 1405 3503 41
652	4291 4451 184 4443
653	2044 443 2676 1623
654	3613 3642 2433 318
655	939 539 2800 1214
656	3289 636 2035 3761
657	1742 61 4437 1798
658	3547 2959 1999 1313
659	3947 1457 3164 1103
660	4252 3868 437 2862
661	3755 2331 1959 2304
662	3888 2751 2382 3378
663	3293 1043 2304 3753
664	2521 4167 4321 4201
665	1312 2880 762 373
666	834 1818 3013 541
667	4434 1225 539 26
668	81 2715 1697 4132
669	2829 780 3417 3716
670	3746 640 653 3375
671	1027 135 2456 3330
672	1017 2355 2367 1275
673	2898 3514 1556 4314
674	683 2301 3743 478
675	3676 1209 3755 198
676	3835 1735 342 1383
677	1271 3104 1581 3715
678	2873 2484 1600 944
679	2004 4318 4375 440
680	2067 3604 813 92
681	2767 2788 4236 2875
682	84 4344 2409 2523
683	551 2622 74 3715
684	1191 3868 1170 2563
685	4188 3777 3302 1214
686	2003 681 3048 1279
687	116 1017 330 2015
688	2516 1156 1176 652
689	2409 2246 2305 1171
690	4326 1991 2417 2213
691	4310 1112 4493 3652
692	328 260 1530 373
693	480 2824 4256 2185
694	2930 1053 78 406
695	1685 2336 4276 2484
696	3691 1957 688 26
697	3161 1994 2572 629
698	574 4373 4128 2393
699	942 2382 791 1732
700	950 4306 920 516
701	3464 3919 2438 4375
702	1235 915 1343 1077
703	4356 3834 2959 361
704	2083 1195 4219 4479
705	3387 1856 4001 4278
706	1798 668 1288 3142
707	3650 3431 2251 4144
708	2696 984 2302 2498
709	663 3417 1424 3484
710	954 2241 1667 2031
711	2721 59 834 3111
712	2554 3747 2050 4266
713	448 3602 3432 4128
714	1261 1785 2361 2185
715	690 188 336 2268
716	1202 2736 2894 4029
717	4094 1123 555 3971
718	3681 3180 3373 433
719	586 3552 38 2310
720	299 1241 3363 4227
721	3006 3435 2387 1854
722	3535 2524 3551 819
723	1278 1548 3543 1050
724	2635 3681 4224 328
725	1825 787 3828 3345
726	689 1734 3327 4053
727	3828 753 4452 1889
728	3873 347 2881 1452
729	968 2036 1264 1001
730	4021 3070 730 3109
731	675 1723 2242 2856
732	2593 3893 3506 1962
733	1472 3020 310 857
734	497 3854 2102 889
735	2840 4432 861 417
736	533 4225 3406 3565
737	4466 2574 4112 899
738	1011 3965 4066 1365
739	1485 3522 389 2761
740	1861 705 2200 2453
741	1205 3041 2802 1508
742	199 4469 1633 4063
743	2897 1113 1931 4388
744	992 192 1532 393
745	1568 927 3159 1336
746	3043 3321 2153 2913
747	3121 2858 86 2053
748	2074 915 341 858
749	1530 1448 3641 718
750	2181 4180 3435 572
751	3574 91 1483 2701
752	1897 1275 811 1865
753	2784 1880 1073 4337
754	2499 1517 3466 990
755	3604 512 981 2193
756	4077 1830 766 2854
757	760 2231 3911 2485
758	1662 809 2331 2579
759	1586 4490 1258 224
760	3024 1306 3396 3532
761	2472 3854 1122 1396
762	2919 3241 2994 2003
763	1257 693 648 970
764	3303 2134 4317 753
765	1685 2797 3353 3246
766	2585 2480 799 1699
767	3142 1877 1207 4117
768	1640 1617 2611 4130
769	2082 3769 4163 4034
770	3784 1673 2111 1898
771	2527 3279 103 1062
772	3936 4469 2593 2179
773	187 733 2755 2198
774	1110 1487 1184 4010
775	3058 3703 562 1185
776	2284 3579 1202 948
777	2958 1787 1228 2934
778	3533 1098 2947 3883
779	2199 1005 3233 1734
780	116 2995 2015 1683
781	3057 1581 3040 4314
782	1965 1195 534 4059
783	371 799 2927 481
784	3709 733 3524 1239
785	2475 3676 4441 1916
786	556 3656 1999 3276
787	1237 1841 3367 2923
788	2936 3156 440 1023
789	754 2859 3326 328
790	2394 3715 3801 3602
791	3228 3687 644 3946
792	1242 4270 1900 2436
793	240 554 1524 2981
794	3418 3014 3236 198
795	1515 2300 4255 1478
796	2977 3937 4092 3865
797	864 1594 198 2413
798	4469 1127 3664 830
799	2772 3464 3691 1799
800	2314 610 4428 1910
801	3119 260 2648 3190
802	3056 691 3452 1895
803	2182 3946 1187 4278
804	1139 3324 1538 671
805	3004 590 3936 2818
806	3991 3976 1223 1828
807	3792 3988 2849 3958
808	3398 817 2951 2532
809	4332 102 1860 1127
810	3716 2292 1606 3401
811	4408 3336 1025 2008
812	2011 2244 483 4497
813	2929 2214 1965 1715
814	3257 1302 2303 2527
815	1886 1638 4395 1719
816	2623 4123 471 2783
817	1878 2229 3857 1683
818	2350 400 2918 2835
819	4272 2654 2374 311
820	3528 223 3606 471
821	1079 927 2261 2993
822	426 2959 638 1888
823	3879 384 3574 1462
824	793 3783 1244 660
825	25 1885 1344 3430
826	4263 376 1943 4040
827	3026 2781 1160 2601
828	3173 3015 2221 194
829	4326 3815 1477 2762
830	2736 4458 4172 3571
831	3753 1423 2594 2113
832	2082 1538 1796 135
833	624 287 4232 2315
834	721 1319 907 4342
835	1002 3559 1357 749
836	473 3951 3480 817
837	673 378 1521 4312
838	2831 2603 3221 3846
839	1834 1132 3394 4135
840	3138 1420 4408 4498
841	3878 1422 445 799
842	1933 2519 1172 4399
843	4488 1613 2929 2529
844	4262 3387 4039 3641
845	815 360 3277 1432
846	1157 4262 3985 1998
847	4076 4443 2777 4358
848	3144 1396 2713 2652
849	3211 1428 4193 2698
850	2049 2046 1797 2204
851	3623 529 1846 3340
852	2617 2375 2777 2110
853	1062 4275 3749 2121
854	4281 1093 4391 2622
855	3843 3812 3850 573
856	1863 4130 2422 51
857	1209 1086 386 1300
858	2062 3363 2408 1003
859	1398 335 2607 2172
860	1136 2680 765 2357
861	2839 838 105 2973
862	27 2600 716 1556
863	1434 1765 1262 2907
864	1002 2590 698 2229
865	3049 1606 2829 2695
866	2520 2763 1826 2918
867	2648 2219 4492 210
868	3124 3274 4326 2541
869	938 2847 3285 795
870	3593 2412 2215 3855
871	473 638 4074 4045
872	4448 1142 1440 2962
873	1426 2202 400 2940
874	1625 1252 2570 940
875	1069 56 1860 260
876	273 3615 2062 878
877	3020 3473 1274 1214
878	626 654 2581 3010
879	3978 4235 2825 1670
880	3829 2635 3290 2265
881	4445 575 2484 792
882	1889 2592 1524 2888
883	2363 1787 1951 2733
884	1085 434 2223 3777
885	3162 2376 41 870
886	4298 3587 24 951
887	1448 995 3376 1316
888	3649 1442 1428 2968
889	385 2467 3980 1675
890	1203 3835 3986 755
891	2829 4197 3329 177
892	3767 2348 4002 159
893	1408 1525 3182 2468
894	3426 3357 1334 1555
895	2515 700 13 888
896	1003 4445 921 1604
897	1093 2065 2640 1623
898	2059 3106 305 191
899	2138 4346 218 4098
900	1351 1521 3996 3235
901	4068 4489 21 1927
902	1863 3116 3173 2411
903	2410 940 2576 4096
904	3151 1184 3366 2877
905	4257 2988 3493 2950
906	683 4375 1902 4368
907	3051 400 1484 2821
908	3271 3624 4099 4473
909	2522 3438 412 3881
910	2933 4262 2367 599
911	2991 2617 2858 2052
912	4186 2453 590 1450
913	2802 1113 3591 904
914	3326 3476 3883 3981
915	325 2109 3504 1141
916	3679 1373 564 4018
917	275 1102 1496 294
918	4141 3049 1421 1226
919	1589 219 4007 1794
920	4038 1072 138 800
921	3169 3489 4341 2039
922	4461 2620 2524 2637
923	1559 3691 180 18
924	2216 1847 1488 2804
925	514 2453 1170 4416
926	4421 3313 2529 3973
927	3918 3119 2715 465
928	86 1086 3823 3908
929	708 87 4164 79
930	1145 1650 2369 3368
931	1227 2360 847 4062
932	3013 1885 2978 3618
933	1417 841 1998 2849
934	3668 2574 1316 1403
935	298 148 2906 1908
936	3109 656 62 506
937	4465 3142 736 1498
938	777 4294 1679 3543
939	156 1760 4322 557
940	3161 3777 2729 856
941	1464 1347 3345 3470
942	1299 3249 570 276
943	1941 202 209 1439
944	3333 2871 3765 2658
945	1086 3327 561 4090
946	2030 1160 3504 408
947	684 2546 3346 2281
948	4396 1516 3790 1736
949	3499 2596 1947 1447
950	597 1737 1204 624
951	56 2611 2431 4022
952	1325 2747 2033 407
953	4096 2522 2115 2754
954	673 3723 607 504
955	2272 369 3667 3356
956	767 2857 1738 194
957	1797 2290 3202 618
958	3096 2627 4212 2341
959	3015 3045 2816 1618
960	2483 2159 1385 1746
961	1811 3912 4333 2274
962	70 1059 4007 3734
963	4290 2506 1522 3408
964	3007 3930 2543 241
965	3878 1692 404 2471
966	4240 1771 3359 1024
967	834 1188 2803 1945
968	4371 954 3303 1665
969	4126 2185 2164 3311
970	1572 3574 375 304
971	250 2393 2747 3247
972	2894 4160 1342 1008
973	3828 2335 690 975
974	1579 3477 2350 2331
975	3219 3444 1067 2912
976	1648 2489 315 4010
977	1426 3055 2968 4388
978	4076 473 2553 802
979	1732 4310 301 1350
980	1318 749 893 4243
981	3868 1687 941 3516
982	4251 2069 246 3095
983	427 410 569 461
984	1848 4359 3877 3927
985	4376 2379 2981 4089
986	1490 4228 1918 2663
987	4240 1467 2412 2387
988	3326 958 4458 1503
989	929 3530 1384 3689
990	990 2073 1363 4450
991	2189 2382 4376 576
992	250 3555 2812 620
993	343 3617 2617 1253
994	2852 4285 375 3265
995	758 4234 1127 4028
996	385 445 3347 1796
997	3474 302 651 2688
998	1426 2765 2402 716
999	3951 133 2497 1715
1000	1594 300 3036 2181
Students	1000
1	3852 3223 3168 3126
2	1088 3098 496 2776
3	93 2729 22 465
4	4317 2657 1141 843
5	4001 296 2697 3755
6	3157 1553 3272 2289
7	2000 2369 613 2491
8	180 1431 3942 2664
9	1829 1667 1343 1152
10	2500 3264 518 1045
11	263 202 563 4336
12	2389 1799 2007 3020
13	70 4178 658 1729
14	1228 2604 225 3907
15	2703 844 2943 419
16	1558 766 2574 3723
17	1612 1233 2058 444
18	1114 4317 3309 1937
19	479 2510 3421 2836
20	3647 572 3379 1831
21	3864 3724 1718 2706
22	4299 1215 2566 1736
23	3941 133 1814 2170
24	982 3765 1861 2085
25	449 3055 2073 1118
26	3921 2352 704 1595
27	1017 3701 1493 3004
28	1553 3170 468 4464
29	3164 1387 727 1919
30	399 1944 1761 1731
31	154 1710 3005 2302
32	4380 3848 3429 2953
33	3800 1314 4148 3636
34	3742 911 3358 2004
35	1438 3283 3865 474
36	3380 2729 1504 1216
37	3522 1339 2212 2542
38	1355 556 349 142
39	1685 1120 4134 1051
40	4271 1248 824 2536
41	132 4116 2736 1691
42	2473 1515 2548 129
43	878 61 481 1036
44	4209 1419 95 4469
45	188 574 1291 1373
46	1435 1737 2868 1024
47	974 698 2096 2097
48	1927 4442 1519 2805
49	2536 2142 1199 4008
50	181 1878 4283 619
51	2721 4050 3906 1925
52	3833 515 2452 1548
53	4478 925 1747 69
54	1952 621 3708 4454
55	2760 997 2205 2682
56	1581 2692 1414 4260
57	1904 4329 4286 1814
58	1790 4053 2960 342
59	3391 1232 3907 2588
60	1324 3224 3715 3713
61	826 3716 1480 3659
62	601 2366 1134 3688
63	3536 181 4281 843
64	1413 1960 4062 1465
65	424 3327 1631 1218
66	3116 3256 319 982
67	3529 3900 3619 2178
68	1002 1153 40 3278
69	2832 1605 4108 1755
70	1040 3732 2519 3506
71	3635 3957 3982 1569
72	441 1391 1583 1637
73	3474 3017 1267 3497
74	123 4445 2467 3291
75	4335 45 4033 567
76	4115 1463 2929 2175
77	921 954 669 489
78	1066 34 1082 3788
79	1026 2433 555 4467
80	467 3659 678 4308
81	1051 1661 906 2269
82	2655 2074 1961 2026
83	583 1128 2372 4141
84	1695 1942 3004 1280
85	1513 700 776 1070
86	2468 1561 1853 126
87	3092 4431 607 630
88	523 3891 1017 2361
89	66 2762 1113 3837
90	2084 939 689 79
91	2055 659 2983 3958
92	2036 1761 2148 3586
93	1776 3393 3726 173
94	1683 4046 2099 2353
95	887 2116 3406 809
96	1146 557 4148 2136
97	2809 2570 4447 2094
98	1432 426 2822 475
99	3725 3264 3630 476
100	2396 603 913 2066
101	1681 4128 904 64
102	1165 4072 2025 851
103	2731 1212 2445 4136
104	4425 4241 4469 695
105	4429 1223 762 431
106	4487 770 4194 3722
107	3161 2720 3940 133
108	3026 418 1079 124
109	315 3105 3803 4500
110	3062 1393 3864 3767
111	2638 1582 3028 3555
112	388 3531 3572 3961
113	2795 2097 4338 3478
114	3550 88 2501 4149
115	1351 2023 2028 207
116	3530 3086 963 4093
117	1339 3074 4113 2688
118	2676 4174 3233 3947
119	2001 728 3798 994
120	412 2587 1406 3377
121	4428 673 152 3668
122	1243 841 975 147
123	753 2564 2743 1025
124	360 605 4165 4121
125	4257 378 2996 2055
126	1913 4066 3330 1418
127	4399 3937 136 2504
128	388 1791 3061 3401
129	451 3200 770 1636
130	3063 3525 2479 2835
131	2106 2650 3581 3642
132	3016 1498 2696 1460
133	3936 2777 3278 717
134	2759 3649 4065 539
135	1795 3775 1160 4465
136	86 726 1593 2535
137	1803 1663 1133 487
138	356 2952 3835 1000
139	304 2570 4470 3808
140	980 904 608 1541
141	740 4407 3906 2158
142	4047 904 2088 4304
143	1698 1595 3357 2064
144	1607 1074 1186 1844
145	2952 2411 668 1243
146	4297 3746 3045 503
147	1178 3348 257 2874
148	3172 3218 4172 2478
149	3595 2705 2402 2002
150	226 1771 1424 1190
151	1703 1854 706 3606
152	1851 1043 2999 2276
153	882 859 2893 4173
154	630 4239 111 3595
155	1036 2253 4178 1541
156	2114 700 2214 2035
157	2153 1921 1849 768
158	3464 3169 442 1613
159	551 4078 68 3357
160	4091 1518 3428 420
161	1303 863 1092 4295
162	3706 3943 2233 1812
163	2797 2032 1726 4108
164	1963 970 876 2989
165	3111 1665 2831 2937
166	4190 724 2340 3582
167	1885 680 4103 2003
168	23 3710 2941 1788
169	130 2263 4097 1312
170	577 842 4128 2713
171	3444 132 3678 3963
172	147 2138 2576 1147
173	2409 4257 610 73
174	2796 940 1873 2326
175	3971 887 4469 486
176	1056 581 720 4380
177	973 3842 911 3737
178	3380 3251 4237 2698
179	63 644 2538 2069
180	1372 3317 3402 3263
181	3577 2610 3263 3254
182	2272 4066 88 1131
183	114 2020 1063 953
184	4092 260 4372 4262
185	3402 1447 1428 2441
186	780 8 548 2680
187	3207 1724 1125 2193
188	3234 3278 2202 603
189	3475 404 1047 1057
190	10 415 4304 3137
191	1038 372 33 3576
192	2035 2737 2955 2933
193	220 1534 2500 1386
194	4200 3725 4302 1324
195	1348 1248 3083 3128
196	693 2975 1106 3910
197	1673 3808 1725 2850
198	3533 374 2107 4351
199	463 3445 1833 1493
200	793 4051 65 707
201	4017 2870 3097 4287
202	2110 2878 1823 4141
203	150 440 3537 3664
204	2660 723 4240 2528
205	4228 481 3626 3141
206	400 1364 1578 3625
207	3147 787 4058 3114
208	13 3253 1237 875
209	1728 2659 3313 4465
210	110 450 1729 1162
211	3830 3233 169 44
212	4442 246 3383 2910
213	1595 127 3165 4234
214	1531 2001 544 339
215	620 3687 3309 3051
216	2802 862 2919 4392
217	1467 2325 2971 2615
218	560 1913 3266 949
219	3842 106 4442 677
220	3808 2366 2308 295
221	3942 3833 3086 439
222	2706 2699 4063 57
223	386 2968 2846 2912
224	2686 98 3247 1838
225	2874 1724 2069 773
226	516 4273 519 1700
227	4147 1650 1235 1833
228	4399 580 1069 2772
229	1097 3448 1179 2595
230	1495 3971 2423 3386
231	2824 136 1272 3220
232	4055 4108 897 909
233	1237 2005 826 1705
234	1205 1939 2255 684
235	4312 2612 3144 3088
236	4269 763 968 1998
237	2397 4260 2217 1642
238	4352 182 1886 2809
239	38 1635 501 197
240	1842 2467 2242 1672
241	620 1406 1570 2478
242	4310 2664 2133 3771
243	1184 171 3678 1763
244	3270 4263 972 820
245	1169 1202 1360 4007
246	3639 2490 2437 3218
247	3429 951 3756 3164
248	3694 3180 3082 2863
249	2269 4199 1227 2465
250	1792 1813 554 1296
251	2400 1184 2624 107
252	64 1630 1310 1042
253	1114 864 4280 1536
254	3320 3248 1286 921
255	3201 322 1356 2821
256	2372 4443 1179 942
257	2029 61 3647 1030
258	2020 2695 3877 2511
259	4474 2673 2314 473
260	3480 1726 3020 3099
261	3329 1532 766 4247
262	1084 1087 1867 4353
263	1592 2303 532 635
264	4142 2918 1365 2188
265	3533 1609 34 649
266	4447 4224 3267 375
267	716 1778 4055 4240
268	1999 3972 1173 1872
269	1216 1028 2035 3127
270	1137 3460 3596 4261
271	544 429 2526 2604
272	2902 269 1959 560
273	4405 2849 720 4206
274	1582 3150 2917 3936
275	3232 1448 2460 3222
276	1585 1481 1045 3413
277	3548 3084 25 243
278	1420 4376 1626 3590
279	87 2741 1227 2135
280	1293 1200 749 88
281	2733 294 3530 4221
282	1516 4110 905 1041
283	245 605 2448 1837
284	3640 3824 978 1813
285	2411 2013 3905 408
286	2497 2582 3352 1337
287	678 402 1083 3794
288	51 760 296 3036
289	3559 2496 4497 2271
290	1240 3757 1415 2149
291	4013 2538 2640 252
292	1811 682 2678 3978
293	799 1915 3053 2650
294	4379 3947 926 121
295	2741 681 2557 180
296	2836 3658 1287 2097
297	636 3242 3675 2326
298	3022 705 2096 964
299	2558 3276 1425 3783
300	4416 3631 1702 1045
301	3101 682 2761 2744
302	2501 1283 1017 3710
303	1162 532 2356 3156
304	2813 1329 4219 1354
305	3203 1672 3787 2778
306	4071 2048 3791 2672
307	1992 2692 921 2286
308	3722 1813 886 1209
309	2225 4034 4404 45
310	3146 1378 1573 2267
311	3997 2025 1697 1211
312	2701 3522 3638 775
313	2026 4058 3985 2899
314	2256 1706 4400 506
315	4161 77 2109 2796
316	2345 243 3962 195
317	1621 4355 4335 1879
318	2025 2463 3343 1552
319	1123 4388 2359 2686
320	3071 639 4192 477
321	2962 500 4441 3477
322	2129 338 1612 1901
323	2873 3455 2365 649
324	5 3498 617 4129
325	2441 3064 244 747
326	289 880 4387 3841
327	2105 1897 1764 615
328	1627 3087 2255 19
329	4282 4289 1540 3891
330	985 1576 2267 2990
331	961 863 2150 3866
332	1390 1041 3733 3564
333	3096 2279 2750 3074
334	1715 2204 2351 1313
335	1509 3369 2843 948
336	1222 2390 2857 3971
337	1019 3186 2921 2360
338	2228 338 100 3684
339	917 3872 617 510
340	2389 1434 1580 4401
341	4453 4026 447 3773
342	2310 3052 2240 2134
343	4430 3513 435 3876
344	1862 307 2190 5
345	581 364 1609 1626
346	4289 1456 604 2592
347	2863 3579 365 1809
348	1930 682 2686 968
349	426 1231 2186 3365
350	1600 4347 435 1526
351	1964 2879 470 3540
352	1443 218 911 1763
353	2378 3274 1493 4325
354	3332 3382 775 1030
355	3102 3327 1110 1253
356	1181 3958 152 1489
357	1207 3259 1319 2403
358	1828 4277 1229 3527
359	2395 2169 2184 3851
360	2980 3509 1031 1252
361	2226 3164 1905 278
362	3023 3213 2482 363
363	4490 4411 2509 451
364	1365 3975 1657 213
365	1395 3742 3665 2451
366	1840 197 594 1229
367	3330 136 4116 3181
368	3568 4227 2098 4012
369	1257 1530 2039 1973
370	2083 2790 3213 3939
371	402 1001 396 471
372	2433 3727 1400 1938
373	3260 949 4448 2379
374	1385 1735 2470 3226
375	1542 1858 144 4172
376	3330 2237 3461 811
377	3604 216 468 4474
378	2404 116 2454 3363
379	2020 55 1172 1433
380	346 380 4234 2188
381	2908 947 1958 1202
382	91 3343 2288 515
383	2269 3595 3796 1422
384	602 1144 1333 4115
385	602 2446 1006 2516
386	3951 4350 3434 855
387	3199 954 2607 3587
388	3228 34 738 1787
389	79 1299 675 733
390	2373 4041 3012 2127
391	3218 1512 4100 3272
392	2604 2220 938 3082
393	2258 11 166 4026
394	2222 123 3510 2441
395	2167 116 1798 3144
396	1121 2630 3475 4088
397	2349 2562 1624 1295
398	3498 115 2918 2205
399	519 4002 3715 4488
400	4349 1096 949 1335
401	1232 2874 3465 1827
402	4004 2922 2416 2248
403	1307 339 1036 3095
404	4102 4239 2701 1599
405	3463 312 192 1729
406	4092 2507 2386 2302
407	891 363 2099 2035
408	1034 2961 2010 254
409	2096 949 824 282
410	675 805 3649 618
411	764 127 330 778
412	2517 982 1246 3761
413	1069 480 2671 1474
414	1310 158 435 1147
415	1762 576 2449 2240
416	174 20 1064 2051
417	1101 4280 2311 102
418	310 676 2228 4322
419	1635 1233 1343 3935
420	73 1336 352 123
421	2090 1706 767 2438
422	3931 2038 1268 3609
423	87 4439 4191 3569
424	4213 3461 746 3365
425	4217 1906 1482 2107
426	3832 1394 1580 2110
427	2990 697 2480 1018
428	540 4085 1687 676
429	4492 1001 837 3937
430	1629 2636 1566 1643
431	632 1308 1238 2264
432	1884 1688 87 4137
433	190 3625 3571 651
434	3963 3947 3299 3342
435	3967 1097 889 484
436	4315 2635 807 2575
437	2689 2448 2089 1935
438	3169 3638 1278 1431
439	3453 2679 1791 614
440	2041 54 293 2502
441	3366 432 3770 488
442	221 2450 3544 2470
443	4209 788 3622 1840
444	3602 4485 1304 2523
445	850 4180 2508 3842
446	1771 4057 4175 4498
447	4336 1891 4419 2083
448	4239 364 828 465
449	2028 3373 3356 817
450	724 3217 2798 2092
451	366 2363 694 4176
452	943 571 2390 3048
453	337 1921 3247 2622
454	408 1556 1393 3535
455	1442 2669 171 62
456	2795 3378 1566 103
457	3510 1064 2916 2758
458	4035 2156 4268 2357
459	3443 1102 1316 447
460	3873 3746 2681 1432
461	4046 2299 247 2449
462	264 2724 3240 4189
463	1405 1774 2975 2994
464	4084 582 4255 1532
465	2823 124 1917 2015
466	3805 3728 3152 3953
467	2711 639 519 247
468	2427 1147 4408 4044
469	3884 3211 1320 3679
470	4129 4044 4495 3062
471	133 12 2568 3610
472	825 2465 2051 409
473	3047 2275 2373 457
474	474 2742 537 4428
475	4464 4114 4451 2327
476	3760 2697 2324 819
477	3138 1973 3458 3373
478	961 4313 2463 674
479	3571 3339 4210 2538
480	104 2055 4358 709
481	4240 1364 848 2900
482	4260 3209 3677 3611
483	3848 1049 4072 106
484	134 3489 55 1137
485	3996 2017 107 130
486	1371 1252 2535 2138
487	662 2821 4430 3034
488	3876 1964 241 21
489	3626 2539 2574 1305
490	205 28 1393 2356
491	16 1709 3014 4431
492	3007 1808 2125 2857
493	2946 2371 2671 974
494	287 1574 4496 3305
495	3267 3203 4054 1579
496	2712 3700 2149 3625
497	283 2854 1393 2661
498	3514 2237 2349 1386
499	2876 4186 2843 326
500	1491 3034 1941 250
501	832 3689 1973 1047
502	4035 1738 3332 609
503	2288 3327 2272 3594
504	3031 1976 1199 2094
505	2111 3028 4313 3808
506	446 1093 3461 2472
507	2155 4462 1987 1986
508	420 2686 3951 1577
509	2790 1566 2452 1365
510	2603 159 2300 4387
511	4250 2650 984 3527
512	58 4294 2784 165
513	1314 3132 3895 931
514	2007 2218 3181 691
515	52 2203 1561 1268
516	775 341 1246 72
517	1338 894 819 3870
518	1816 2610 4487 3904
519	2082 126 3674 3556
520	2285 1524 736 149
521	1650 2429 4248 4490
522	1180 2573 3401 1536
523	1721 30 2365 922
524	1225 1701 859 4079
525	3349 4013 1440 4048
526	701 572 3128 3347
527	3856 1181 2079 1166
528	1655 4256 308 598
529	697 1144 3859 3334
530	2472 4498 2244 2106
531	1824 3017 4274 4323
532	527 2029 4492 2583
533	4172 1899 3187 1353
534	1758 1286 4427 523
535	236 3545 2384 1843
536	4239 3148 2223 3515
537	1386 1887 528 1742
538	4491 1581 2477 1630
539	931 2675 1302 4434
540	3039 2734 940 3391
541	1145 2146 508 2677
542	2421 3746 4126 534
543	3372 192 3197 629
544	2146 4050 4028 828
545	1059 4002 2644 1150
546	836 1594 1799 3089
547	4484 1649 1561 1282
548	2593 332 3952 2219
549	3748 1487 975 3141
550	1432 3890 1076 3647
551	2008 1627 4066 2313
552	1422 619 3026 895
553	781 2076 4053 805
554	1525 3252 3261 3671
555	2102 413 2383 659
556	978 4048 2781 1928
557	2152 4106 3044 436
558	4394 4244 566 1145
559	1538 3280 1772 1476
560	182 3714 3008 2778
561	1185 4367 1283 1606
562	734 1050 3060 3307
563	1456 2177 3858 831
564	287 3294 3176 3153
565	4411 2493 3791 4466
566	3746 3258 645 3875
567	2776 3753 3659 1161
568	234 3782 63 1552
569	572 1393 1349 1871
570	1075 2412 2958 2060
571	1988 2284 16 985
572	2876 4291 3557 96
573	537 4088 2868 4058
574	2910 2589 4205 2273
575	2671 4170 1745 414
576	432 3517 3692 4383
577	2034 3949 4421 792
578	2171 923 83 2086
579	696 326 3925 2171
580	3181 3071 3141 1705
581	4234 2467 425 968
582	1368 3084 555 4088
583	1234 4380 4367 2440
584	1022 1523 990 1128
585	347 4275 4073 2814
586	795 2375 1353 2947
587	757 1248 951 2987
588	647 616 3744 4013
589	3510 3318 263 953
590	1407 711 4260 3582
591	3417 2766 1612 631
592	3217 1238 1148 4224
593	376 2148 2886 2705
594	286 2390 1778 1497
595	2729 3174 3418 1261
596	21 3875 3034 1374
597	2439 3961 2446 144
598	2788 2681 474 1432
599	199 1905 1773 3214
600	1768 2365 509 2582
601	1752 3642 644 3045
602	35 3364 888 3124
603	3081 1212 1930 3977
604	1253 1429 3963 2850
605	3316 654 1140 474
606	1094 3026 1521 1105
607	3127 4332 1601 4264
608	4265 4069 946 2779
609	1564 3799 2376 3412
610	3255 982 1043 1561
611	2303 489 104 2690
612	3762 1528 2150 1997
613	3448 3444 3425 2421
614	995 869 992 1934
615	4056 659 577 2339
616	2920 4178 2802 2255
617	3818 469 3496 3986
618	305 1056 3360 1547
619	2353 169 4453 2193
620	311 4268 2941 1306
621	4345 2308 3819 4297
622	1693 640 3076 169
623	1855 1795 2976 1484
624	98 1146 1646 300
625	1920 1064 3781 3345
626	1814 1438 3530 1074
627	171 187 3190 1170
628	3240 153 2922 3536
629	4050 3835 2284 1354
630	1783 993 3411 235
631	3811 522 960 1354
632	4327 1027 90 4059
633	3915 1980 2957 1681
634	2355 4250 3247 2971
635	2038 1477 3675 3600
636	1819 1793 1107 3705
637	1862 1199 442 436
638	3301 1670 170 2447
639	3986 4172 3958 1208
640	3541 206 925 315
641	3755 1432 2620 2714
642	2910 2192 3530 4071
643	2499 1915 284 154
644	1454 2983 1576 1980
645	4201 1172 769 2948
646	3679 3559 1663 954
647	3788 1161 4073 2017
648	3318 140 1818 3295
649	4328 2961 3257 3020
650	4393 4166 158 227
651	2136 3753 924 2830
652	3008 2418 800 3714
653	2370 2428 2008 3375
654	390 4201 1183 3128
655	486 3123 1281 4444
656	1849 2363 2823 755
657	7 2851 3112 2552
658	1470 3479 1488 401
659	3397 3266 1971 87
660	985 4297 2403 4387
661	950 3892 2049 1108
662	1502 4498 2356 676
663	4439 2900 652 447
664	2895 3995 1963 3089
665	1965 4213 1151 2592
666	1420 3363 3404 2609
667	279 895 3848 1228
668	2820 2554 3116 2193
669	96 374 1536 829
670	3920 1859 2742 2717
671	1776 3631 1867 1246
672	1474 516 3614 4210
673	509 1487 1866 2379
674	2806 3069 135 1434
675	74 2605 2028 1267
676	4036 482 1668 34
677	1477 3750 1437 3705
678	39 3557 940 2560
679	4280 4205 1254 408
680	3051 2542 1469 462
681	1682 611 1681 1171
682	3688 785 1704 2394
683	2952 1229 684 3546
684	2508 485 1369 3661
685	4099 1926 1345 631
686	1583 4016 2444 1962
687	4233 1804 4124 308
688	1942 1375 1301 2302
689	881 602 4198 3494
690	1135 2123 1755 390
691	123 3037 1752 3346
692	92 2218 4133 210
693	1277 1853 739 1284
694	1855 313 4002 580
695	2957 308 123 703
696	2221 2543 305 513
697	3741 1806 3546 2813
698	2290 432 1504 988
699	1832 2783 3153 2241
700	2863 2365 2686 398
701	3504 1326 972 2239
702	172 3113 3720 2403
703	2817 4303 2879 1177
704	2361 3620 1741 1689
705	2042 2563 1071 4393
706	4228 3179 2071 1298
707	2926 3985 3918 1447
708	4215 2791 216 2615
709	3949 4325 1229 4379
710	717 311 3183 884
711	930 939 3177 1705
712	4350 4040 4152 242
713	1381 39 3618 4087
714	3370 3155 3432 186
715	762 1179 480 3413
716	2570 2342 1215 2663
717	1363 1150 4203 875
718	1570 1615 3810 3543
719	321 3896 4422 3588
720	60 4179 3389 1693
721	3856 1972 1168 1808
722	688 256 3256 4074
723	185 2904 3363 1409
724	1955 1524 2759 1901
725	1619 1093 2245 962
726	3156 4329 4224 3780
727	292 4197 3125 4004
728	88 447 707 481
729	2030 2088 2561 2430
730	462 4077 2366 3576
731	3343 3162 41 4358
732	2180 4310 1973 2539
733	143 2905 233 1782
734	2373 4085 870 1151
735	4244 1135 2187 4430
736	3842 1133 1169 52
737	4396 2424 1075 1875
738	341 1590 1072 4227
739	79 2613 1193 158
740	3390 1345 3941 1329
741	1493 4299 912 519
742	1642 3266 3131 353
743	2201 3040 701 3685
744	3111 2267 120 969
745	128 3833 2591 1126
746	1945 136 2140 1046
747	1655 740 1629 3753
748	216 4275 806 1909
749	1829 3253 4454 4111
750	3628 1387 2205 183
751	2294 162 3051 336
752	3370 2242 473 4299
753	334 2885 1607 927
754	3769 3992 130 2689
755	3050 1754 2114 3198
756	3794 2968 801 3049
757	4024 2340 1991 2745
758	2891 1159 3972 1695
759	947 1899 33 2229
760	2070 3437 56 1032
761	584 1954 1854 1909
762	1137 3259 4365 3937
763	2098 462 4353 3963
764	3896 862 1482 1045
765	166 364 1366 3931
766	3702 1013 2125 1835
767	2015 1133 764 390
768	2673 3108 782 3762
769	1958 3202 2744 3406
770	4452 4327 3278 3274
771	1201 4379 3891 2736
772	3920 206 3890 4014
773	209 527 1854 3366
774	3295 3317 1792 1773
775	1637 2920 626 4039
776	3658 2790 1374 1405
777	2852 2247 3429 3192
778	1501 655 2881 304
779	2867 4309 1156 970
780	490 2431 2407 1837
781	1012 1390 1110 2864
782	1278 34 1422 714
783	4033 2776 4493 3975
784	781 2448 2911 1191
785	4314 1732 4197 410
786	1047 3128 2116 2254
787	1336 3657 1430 1921
788	4421 3406 2051 2010
789	1518 4377 579 1089
790	1479 1091 2660 4410
791	3012 2329 3982 1588
792	307 4152 2436 2671
793	4137 2069 2962 3923
794	2484 1736 1830 1313
795	4037 721 1460 2434
796	1793 3831 2461 3134
797	3330 4066 2631 4346
798	3965 4177 982 1140
799	3434 1564 1005 2227
800	485 499 3881 514
801	4473 3098 2606 3355
802	1781 323 128 1565
803	4114 2710 989 4218
804	1386 1012 320 2816
805	3432 4023 1672 1175
806	2978 2759 4334 1902
807	3879 1425 3335 2199
808	2010 4057 3548 320
809	3719 907 4414 4060
810	4479 662 3355 3255
811	793 1742 937 1873
812	4229 272 3469 1715
813	3792 1930 2963 2010
814	2050 3026 1011 3068
815	1266 1023 3467 3129
816	217 3054 1917 212
817	1916 74 3351 2270
818	2982 1097 949 641
819	2327 571 4001 3900
820	1005 3249 457 1488
821	4122 249 3922 2135
822	3544 2544 556 4252
823	1681 693 1513 1943
824	1765 3091 3511 3448
825	3915 3072 944 1681
826	1408 3013 928 194
827	266 292 1902 3470
828	4076 2322 287 3390
829	2517 4181 3139 700
830	1860 350 1393 2639
831	3661 4158 2369 3722
832	557 4107 2571 1320
833	60 1588 1998 1711
834	223 373 2249 2869
835	2813 1771 1045 170
836	3859 1434 594 768
837	1746 161 3367 1552
838	575 248 4473 2031
839	1180 4045 2931 1167
840	646 356 1808 565
841	3148 3515 1916 205
842	1438 4083 797 2232
843	3507 563 3336 3007
844	321 2532 3519 3715
845	930 2650 1727 2604
846	1753 551 3170 2853
847	4090 2505 3079 3945
848	2873 1143 3461 3059
849	4391 3352 2862 3803
850	596 4421 4247 664
851	4485 46 2915 3401
852	3835 413 517 3614
853	1868 464 894 3031
854	1174 4020 1175 2369
855	1770 1687 2205 3143
856	2501 2568 1917 3038
857	3659 1775 2521 3254
858	3813 4299 4060 903
859	2078 44 1029 1420
860	3138 1685 359 1343
861	747 2897 2991 3511
862	743 748 2149 2870
863	2732 2312 1517 3598
864	73 2535 2653 4085
865	3732 123 2702 1407
866	114 4088 1348 2182
867	4484 3673 837 2012
868	1664 2624 3568 2366
869	3506 3382 1965 1772
870	4322 2745 369 3062
871	3920 3609 885 344
872	770 2766 2237 4154
873	2328 3547 4039 1628
874	3819 3270 3370 3192
875	2773 4165 2350 1482
876	2982 166 2053 3493
877	4083 2444 3676 3704
878	3734 1970 1633 1932
879	4481 2341 1457 429
880	4492 78 3649 364
881	2137 3580 2536 3911
882	2732 3160 1905 647
883	968 3427 4299 2459
884	1590 2277 1671 523
885	4309 2194 3961 2766
886	2191 2556 168 3811
887	3230 2201 2824 2347
888	2433 664 1656 2314
889	635 872 3713 1908
890	3370 3955 3251 3674
891	3963 1568 1644 1111
892	3827 3966 2491 1047
893	1192 1616 3419 1963
894	895 3488 3778 4414
895	69 4296 1454 2848
896	396 1142 3514 2181
897	2404 2835 2586 1149
898	4498 2844 4104 3305
899	1513 168 3506 2854
900	150 3173 1985 4153
901	2348 3894 2661 4118
902	568 1475 1512 583
903	3623 3494 1667 1856
904	3580 1609 1728 2842
905	2232 2962 3757 2188
906	214 4458 1056 2789
907	63 3510 1747 1301
908	3511 303 922 3270
909	4321 2025 2786 4205
910	2148 2768 2068 3499
911	2315 1874 893 3267
912	1120 3453 121 2763
913	4218 2558 2840 437
914	1326 874 4480 3008
915	1148 2052 465 3711
916	3101 1634 686 929
917	3543 3482 4331 3994
918	4415 1178 1211 3601
919	160 1024 960 355
920	2104 3180 984 2930
921	2653 638 3484 426
922	780 4452 536 3726
923	629 3376 639 1677
924	2213 1868 3297 1657
925	1697 1661 2430 1742
926	788 1041 1931 1976
927	2503 2449 2668 2060
928	3826 2496 521 2033
929	3416 3739 248 1746
930	2393 743 3053 419
931	2009 361 692 1815
932	2950 2064 2864 3287
933	3208 4374 2957 4198
934	45 1880 4114 2452
935	3472 326 3894 3383
936	2528 902 3871 200
937	2636 3903 1560 3927
938	2627 3718 4044 1452
939	1074 335 1706 1684
940	3060 2203 2229 2405
941	2639 127 3378 165
942	1223 1012 1960 2663
943	4380 370 3482 1157
944	3881 47 3440 4485
945	1377 3567 536 990
946	4167 4067 589 339
947	2622 464 1546 3217
948	2622 2140 3054 2709
949	223 3943 3586 1364
950	1431 2854 401 4323
951	2330 4046 4166 3435
952	3945 4091 3802 2396
953	81 4133 3882 3941
954	542 1823 1356 4344
955	4015 1606 2641 2885
956	348 4195 3088 1508
957	2790 479 3942 4359
958	2846 1181 3275 4459
959	783 890 3274 3249
960	1372 326 904 191
961	2041 937 4151 3439
962	1553 4059 1487 166
963	1813 4405 4181 1356
964	4249 1620 2888 1631
965	3335 2677 1803 1783
966	3132 4068 2501 1367
967	3825 2683 469 4487
968	2592 3316 3349 2198
969	1129 398 1087 898
970	2743 3407 123 2966
971	1241 3357 3460 3401
972	400 206 1714 1478
973	4478 3209 2255 131
974	3025 298 2003 4018
975	890 223 2268 3136
976	4235 2779 3481 922
977	1050 3078 2325 2270
978	168 2645 4293 1976
979	3733 3608 4137 1297
980	3586 3276 2875 1478
981	2574 968 328 1348
982	1852 4448 2140 2189
983	2689 2458 3103 2650
984	44 1997 4046 2661
985	862 4405 1177 3760
986	3219 2113 3445 2956
987	1806 4226 2150 2464
988	3039 2812 3758 2192
989	2201 1342 4428 4479
990	1218 2939 883 3047
991	95 2717 3653 2682
992	1015 478 3656 908
993	3010 1817 1270 3225
994	2739 1693 2337 3226
995	1519 4212 1040 108
996	3550 1462 4301 821
997	307 1530 4239 2628
998	1118 1270 502 1453
999	1229 299 1218 3941
1000	3536 4121 1826 3280
