Course	Room	Teacher	Time	Students
011834	BYC127	0470839	1	0033322 3404196 3414238 3421700 3429832 3431155 3431158 3431449 3437589 3439511 3450490 3453218 3454476 3456016 3459980 3460371 3480401 3482018 3483327 3486740 3524066 3530220 3551641 3559591 3560649 3576463 3576535 3576586 3668917 
001249	PK336	0031388	1	0310347 3322886 3339315 3359596 3413283 3415849 3422289 3424520 3425356 3430944 3431535 3434428 3434468 3435161 3438472 3439820 
011208	DAL6	3577231	1	
002562	PK25	1168490	1	3431740 3433849 3433961 3439917 3441838 3460586 3461962 3462298 3463011 3471190 3476418 3479838 3479945 3480867 3481391 3482194 3483278 3485028 3485931 3486382 3486501 3486838 3508682 3518231 3540124 3540190 3540705 3552259 3559815 3570123 3574967 3575309 3576231 
003406	TAYF	1167851	1	3441900 3461498 3476864 3480734 3510665 3558800 3559537 3559657 3560487 3575969 3577806 3578707 
006024	DAL300	3470402	1	1057610 3375323 3439475 3443421 3451557 3459032 3459613 3460235 3462565 3466014 3474620 3475950 3478356 3480217 3480732 3481894 3482264 3482288 3483560 3485290 3486569 3503587 3505157 3516634 3538400 3538688 3555932 3557478 3558739 3559534 3575898 3576555 3578804 3578910 3579181 3579723 3579949 3580251 3581135 3581192 3581455 3581996 
008770	PK338	0428728	1	1086489 3196460 3337463 3438471 3439387 3441004 3448314 3455625 3458136 3458957 3460338 3460737 3462416 3464638 3465050 3466962 3469615 3476899 3478964 3479054 3479085 3479350 3479718 3479885 3480069 3480810 3481557 3481967 3483546 3484243 3485228 3485537 3486311 3486389 3486777 3487640 3524963 3537536 3558838 3559645 3559804 3560308 3574866 3575971 3579414 3580248 3581149 3581952 3581962 3668835 3668874 
014124	PK127	3555100	1	3576357 
002368	PK100	0697660	1	1088365 3416286 3433962 3460359 3463524 3468281 3468749 3476908 3477580 3479534 3480166 3483925 3484750 3484763 3486141 3486182 3486844 3487093 3487623 3505185 3510971 3512896 3546417 3560193 3568636 3576352 3576429 3576494 3576528 3576558 3576763 3576792 3577741 3580584 3580796 
002470	PK336	0697660	2	1088365 3420940 3424594 3433539 3438084 3482445 
011313	CARP21	3647219	1	3415870 3418441 3420037 3421753 3425401 3429566 3429834 3436227 3444811 3454497 3459584 3461556 3463851 3464848 3467040 3481221 3486623 3487040 3540662 3561704 3576011 3578036 3580139 3581469 
014228	PK274	3648007	1	3581247 3669016 
001165	DAL25	3646621	1	1160238 3405451 3416232 3451331 3454182 3455058 3483557 3561098 3574563 
001176	PK126	0031388	2	1160238 3374194 3455419 3468504 3484898 3485361 3557478 
012293	TH121	3098022	1	3487090 3581981 
006026	PK243	3470402	2	3196460 3217247 3432357 3435070 3435384 3436227 3454476 3475941 3479350 3480868 3481532 3483306 3483996 3485774 3520100 3525604 3530220 3538928 3560858 3560860 3561772 3574137 3574873 3575908 3576334 3576358 3576368 3576435 3668854 3668870 3668874 3668938 3668941 
014206	BYC106	1079401	1	3420884 3430131 3432238 3441894 3442335 3446645 3453467 3454494 
003278	DAL212E	1061861	1	3198263 3437252 
011844	PK10	0031471	1	3213028 3418907 3426213 3457917 3487310 
007888	TH251	0470839	2	3452445 3480401 3576463 
007040	TH111	0162976	1	3219927 3432243 3433945 3440024 3463708 3471745 3481607 3483085 3576335 3576515 3581995 
013146	DAL10	3332662	1	3430706 3432798 3435722 3437089 3460134 
001157	PK230	0697660	3	3226303 3486838 3578963 3692917 
002397	TH224	0493725	1	3433829 3464398 3465588 3469119 3475298 3478050 3479355 3482445 3485054 3485816 3487276 3576336 3650956 
004010	PK180	3442425	1	3226303 3374194 3412549 3426858 3432357 3440687 3456660 3457777 3460718 3465591 3473086 3480728 3480868 3481102 3485812 3503865 3506324 3531305 3559872 3561402 3575769 3575908 3576126 3577167 3577590 3578963 
014384	RCSEM	0492451	1	3416424 3576631 
004888	EHIII	0031473	1	3417166 3426666 3433251 3439701 3440508 
011187	PK227	3194193	1	3227297 3431750 3435397 3437591 3464263 3475445 
014207	SW8	3554810	1	3458441 
013193	DAL212A	0898918	1	3250131 3375544 3414273 3419470 3431294 3433760 3434130 3436119 3438374 3455631 3456228 3463675 
013627	DAL2	3459335	1	3432223 3453445 3458972 3459505 3462514 3463071 3487041 
013921	RCCON	3483424	1	3405604 3426735 3452561 
001843	PK229	0056992	1	3250227 3378849 3416536 3417172 3425095 3431672 3435384 3437574 3448679 3451663 3458451 3460488 3474463 3476797 3478691 3487261 3582040 3692269 
003472	CARP15	0058557	1	3429732 3452988 
013167	EHLEC	0058557	2	3250227 3429732 3438471 3470797 3480999 3483546 3485628 3487316 3518231 3544945 3576230 3579116 3581920 
002163	PK337	1037239	1	3459522 3462270 3463745 3464027 
002182	TAYC	0428815	1	3250683 3430152 3435039 3439328 
011827	TAYC	1037239	2	3250683 3430152 3453352 3459522 3462270 3463675 3463745 
014116	ROSTUD	3555417	1	3254734 3436206 3468504 3476082 
001837	PK20	3452118	1	3264539 3430196 3430401 3441310 3451168 3457873 3459523 3460569 3461063 3462817 3463589 3463776 3470393 3470846 3474140 3475198 3479311 3479976 3480571 3480999 3481203 3481532 3481805 3481813 3481943 3482101 3483511 3485170 3485912 3486379 3486782 3487087 3503382 3514964 3521265 3529298 3538202 3543742 3544945 3549272 3559149 3559870 3560167 3560199 3560373 3561074 3569865 3574137 3574543 3574558 3574639 3575483 3575916 3575928 3576260 3576411 3578747 3578861 3579143 3580269 3580714 3580912 3581038 3581077 3581081 3581085 3581171 3581207 3581220 3581232 3581375 3581456 3581605 3581967 3581999 3650578 3650596 3668933 
002153	PK278	0168378	1	3429532 3433686 3451724 3457231 3457988 3459972 3461197 3465036 3467093 3468070 3469520 3471447 3471450 3475573 3475933 3477425 3480714 3481690 3481702 3482144 3483298 3483587 3483638 3483929 3485548 3485550 3486852 3487055 3487266 3513947 3514095 3521461 3546891 3556594 3556970 3557244 3559302 3559857 3559963 3576013 3577187 
006847	PK243	3427120	1	3417108 3420437 3421500 3427674 3428608 3437534 3438232 3446832 3455915 3456677 3456722 3458295 3462297 3462639 3462647 3463526 3480375 3481419 3482739 3483467 
002464	TAYG	0910179	1	3322585 3381050 3405427 3405619 3415407 3416374 3420837 3421770 3431226 3432796 3438020 3438100 3438102 3439280 3456290 3456820 3458452 3463729 3463879 3481520 3481798 
012832	TAYSEM	3689002	1	3415769 3487035 3576390 
010935	CARP13	0031756	1	3431445 3451496 3458176 3462240 3486250 3580159 3668765 3668895 
013649	BYC239	0676083	1	
008470	TH223	0695890	1	3449400 
014213	PK259	3646854	1	3331179 3433788 3455981 3467452 3475941 3483003 3576037 
014218	TH121	0031471	2	3331179 3439387 
001840	PK241	0168763	1	3331180 3418120 3432384 3437146 3439670 3455291 3457039 3462292 3462293 3485169 3487316 3576504 3580261 
003432	TAYE	3688153	1	3406406 3434539 3438465 3486050 3487621 3502893 3580389 
003004	PK126	3473854	1	3404279 3411158 3413774 3431629 3459897 3464100 3480836 3482263 3487429 3576329 3576490 3577485 3581918 3581980 3668875 3668968 
003453	TH102	3688153	2	3337463 3432238 3451663 3455719 3456820 3483155 3487040 
001242	PK127	0910179	2	3339315 3463776 3469119 3485054 
001247	SW7	1165566	1	
007377	GOB	0031522	1	3425347 3443731 3454210 3485549 3556617 3576332 3576448 3576457 3576513 3576627 3578443 3581228 3581250 3581786 3581830 
007403	DAL119	0031611	1	3435070 3435313 3437240 3447681 3457459 3463602 3464379 3474216 3474395 3576386 3576394 3576433 3576439 3576491 3576517 
008429	TAYD	3405054	1	3377851 3429524 3431260 3431303 3431448 3435628 3436588 3438652 3439588 3455341 3455808 3459111 3459647 3461517 3462414 3462458 3465245 3480423 3503630 
014135	PK349	0493855	1	3339814 3340287 3366307 3369702 3375629 3420940 3425114 3429706 3431828 3436514 3438119 3441016 3442991 3456053 3459508 3459823 3465244 3467384 3475327 3478309 3484816 3487505 3576417 
012303	DAL315	0576472	1	3416598 3438550 3442641 3447478 3462872 3483567 3540428 3579592 
014212	EHLEC	0402773	1	3340003 3375120 3418606 3430953 3432027 3432782 3435734 3435771 3437978 3439636 3446353 3452874 3453352 3462606 3464306 3472140 3482198 3483155 3484272 3549052 
006509	CARP25	3554648	1	3340324 3413356 3430697 3431060 3438287 3439409 3445738 3454115 3462990 3483084 3486133 3520100 3576306 3576362 3576387 3576485 3576527 3650636 3668812 
013147	PK274	3332662	2	3359026 3418499 3430298 3456066 3474598 3487034 
014230	CARP17	0031478	1	3425364 3457692 3576396 3576548 
004017	PEMSTD	0031578	1	3416891 3426556 3438068 3442237 3442432 3448687 3461937 3462290 3480939 3576576 3578075 3580095 
005247	EHI	0029475	1	3425219 3426658 3429810 3439564 3559218 3576344 
014134	TH251	3461286	1	3455719 3463939 3486609 3579099 
003520	PK264	3393009	1	3374040 3422414 3457932 
004276	PK20	1165566	2	3374040 3426735 3454059 3456089 3461882 3461937 3463022 3466011 3467040 3474140 3477014 3477576 3481798 3483950 3485537 3485756 3486858 3505185 3533264 3557244 3559218 3559970 3568636 3574483 3574967 3575769 3576013 3576126 3576455 3576629 3579028 3579181 3580389 3581903 3581995 3668826 3668924 3668963 3668989 3669039 3692917 
001474	CARP15	3098022	2	3425095 3429532 3432398 3436216 
005846	PK328	3647094	1	3423839 3539996 3547282 
013171	GOAUD	3092941	1	3374470 3434210 3438999 3443092 3444537 3451551 3457808 3458121 3460073 
013636	DAL1	0605187	1	3374479 3428820 3431651 3437341 3463143 3463919 3481562 3486787 3561280 
001770	PK230	3474420	1	3426718 3439402 3463327 3576499 
003441	TAYB	0897706	1	3374569 3411059 3418264 3427633 3438033 3465442 3478102 3484990 3487732 3576230 3578488 3668851 
001896	DAL212E	0168763	2	3375120 
006851	TH104	3646602	1	3436216 3481202 3579291 
011865	GOCOM	3092832	1	3435692 3463022 
001899	PK259	3459335	2	3375389 3378849 3419470 3430383 3433760 3434130 3435248 3436119 3436930 
006031	TH110	0213446	1	3375389 3423723 3429602 3438254 3445081 3445343 3452529 3456653 3458087 3460867 3463439 3463587 3464327 3464850 3465103 3465332 3467781 3477824 3480668 3480710 3483651 3485288 3485727 3486617 3558543 3560770 3564528 3576212 3576248 3576420 3576466 3576524 3576879 3577022 3577109 3578811 3578921 
003454	EHII	0024092	1	3375410 3414205 3439147 3443522 3447306 3457393 3464666 3474789 3476860 3477004 3479804 3481354 3484202 3484845 3485642 3486083 
003460	PK100	3393009	2	3375410 3425401 3426213 3426244 3430131 3431651 3437589 3439147 3440454 3442991 3455519 3457231 3457692 3462019 3467427 3481894 3483042 3483278 3484746 3484887 3519499 3524963 3533093 3544254 3551641 3560687 3577054 3578177 3580340 
005157	DAL212A	3555100	2	3375544 3416374 3447306 3458121 3468281 3561001 3576303 3576324 3576626 3579687 
001897	PK328	1165566	3	3375629 3429602 
013635	TH102	3555097	1	3375685 3464272 3467671 3481643 3485327 3519078 3576545 3581031 
014100	TAYF	0431946	2	3375685 3404279 3431078 3431158 3435627 3435931 3437574 3438206 3456016 3459508 3463199 3464263 3477580 3481202 3482018 3484243 3484845 3559872 3576212 3576392 3576471 3580217 3581249 3668987 
006555	GOCOM	3554648	2	3429810 3430697 3431060 3443731 3476899 3580341 
006588	PK328	0777265	2	3437329 3438287 3439818 
014383	PK264	0824088	2	3377851 3457459 3462262 3484314 
011209	PK337	3577231	2	3423676 3436260 
014133	DAL119	3195964	2	3379786 3434079 3455297 3462116 3465327 3478691 3479355 3481562 3483085 3487261 3565637 
001749	TH111	3460008	2	3381050 3416891 3436683 3482101 3576474 3580251 3580269 3668873 
001152	PK20	0031471	3	3396377 3422964 3426666 3438100 3440454 3450490 3451331 3462019 3462237 3462565 3466011 3470393 3471190 3475745 3478747 3480375 3480836 3480868 3481518 3482019 3483036 3483511 3484361 3484746 3503587 3503630 3505157 3510665 3512896 3521272 3537536 3538400 3540124 3558528 3558800 3559225 3559476 3559591 3559645 3559843 3559857 3559963 3560858 3561001 3561402 3561660 3574483 3574639 3574866 3575735 3576011 3576231 3576329 3576349 3576352 3576440 3576457 3576480 3576492 3576495 3576507 3576625 3577187 3578842 3579116 3579143 3579291 3580259 3580326 3580584 3580586 3580991 3581220 3581227 3581952 3581996 3650596 3668751 3668812 3668867 3668892 3668915 3668937 3668995 
011962	PK229	0492451	2	3396377 3422289 3438342 3440023 3441310 3455908 3456313 3460820 3462849 3486311 3519078 3542887 3559534 3559900 3576323 3576333 3576438 3576533 3577682 
012350	TAYE	3194197	2	3430401 3431445 3431740 3462554 3462936 
012763	PK180	0207327	2	3404179 3405422 3425437 3425755 3430978 3432344 3433849 3437778 3438254 3439670 3455148 3460359 3469615 3485416 3513947 3581375 3581952 
012735	CARP13	1168592	2	3404196 3418117 3426719 3429733 3430706 3439475 
007926	PK10	0468281	2	3421700 3426169 3432782 3439158 
006043	DAL300	0409737	2	3404534 3418106 3418908 3420437 3421753 3426649 3429199 3431629 3432301 3433829 3433961 3437141 3437365 3437379 3437511 3440175 3441306 3451553 3454226 3455341 3458250 3459897 3460399 3460488 3460701 3460867 3462228 3462639 3463593 3479718 3479961 3482019 3483638 3484990 3486250 3486998 
006060	TH102	0409737	3	3404534 3412644 3418908 3439437 3460399 
007878	PK349	0031386	2	3404693 3434468 3524066 3574542 3574639 3577146 3581081 3668752 3668917 
001168	TAYB	3646621	2	3405451 3439437 3446832 3461498 3462417 3475198 3576367 3576496 3669050 
011190	GOCOM	3577231	3	3405451 3435248 3436930 3439820 3580261 
001852	ROSTUD	0409956	2	3405604 3464279 
003465	GOAUD	0599596	2	3406406 3420884 3421604 3435628 3438465 3439564 3458853 3483925 
001892	RCSEM	0123161	2	3411059 3421044 3439820 3458451 
011308	PK227	0180723	2	3411158 3423839 3458441 3459823 3462955 3463939 3475745 3481944 3561318 3568950 3580383 
002386	TH110	0910179	3	3412549 3416891 3433539 3433961 3437962 3439280 3440409 3452529 3456660 3458049 3460235 3464398 3483560 3485800 3485931 3486141 3486182 3576370 3576390 3576792 3576879 3577485 3580389 
014141	BYC239	0853792	2	3412725 3446353 
004275	PK278	3646542	2	3412825 3441226 3460718 3462414 3463560 3476930 3480067 3480791 3481354 3483003 3483241 3484202 3484334 3544262 3555254 3558963 3576365 3576555 3578781 3578963 3581127 3581846 3581962 
007051	TAYG	0031336	2	3413283 3430953 3436588 3453467 3460073 3462458 3462872 3480734 3482264 3483385 3576577 3577167 
011237	SW7	3198619	2	3485305 
014442	TAYD	3647209	2	3415849 3425356 3435722 3437962 3458339 3462647 3478747 3486379 3486596 3546891 3578747 
003491	BYC127	0897706	2	3413356 3418441 3422414 3429832 3431155 3446645 3450546 3455808 3462293 3470393 3519726 3521272 3524341 3539996 3549052 3559612 3574047 3574475 3578910 3580397 3581851 
001768	DAL1	3474420	2	3433275 3434210 3439206 3444491 3447322 3474789 3576389 
010977	PEMSTD	0695890	2	3413771 3416424 3418145 3418907 3424363 3431260 3438441 3483560 
005727	SW8	3648007	2	3486740 
014205	EHI	0254474	2	3413774 3420837 3450069 3457184 3464027 3479945 3531305 3581220 
003446	TAYD	0254474	3	3413923 3420037 3438113 3438443 3475327 3547282 3568636 3580340 
013614	CARP21	0375562	2	3413923 3459613 3462720 3471745 3475950 3478964 3480571 3481221 3486569 3487429 3576356 3576574 3650636 
011304	TAYSEM	3092941	2	3413980 3427633 3462237 3576753 
001763	EHII	0029059	2	3414205 3416598 3418264 3431257 3439636 3475327 3481102 3483036 3540714 3576310 
001771	DAL2	1165592	2	3426718 3432384 3438999 3458049 3459584 3465591 3540428 3561511 3578488 
002713	PK337	0468281	3	3414238 3422146 
002175	DAL6	0168378	2	3414273 
011317	CARP13	3194197	3	3415407 3424594 3433945 3453218 3455291 3463587 3668924 
013168	EHIII	0031359	2	3426858 3435183 3435397 3460586 
014136	PK25	3461286	2	3415766 3424318 3435734 3436206 3439511 3452988 3456653 3457873 3458957 3463143 3463919 3471450 3475445 3478309 3479054 3482288 3482989 3556169 3556617 3559462 3560193 3560649 3570123 3575898 3576260 3579099 3581967 3669015 
002395	GOB	1051497	2	3415769 3431226 3439280 3454497 3462882 3463525 3463729 3464398 3479085 3487035 3576325 3576364 3576390 3576429 3576558 
003006	CARP25	0492580	2	3432798 3453262 3458452 3576248 3576350 3576432 3580798 3581980 3668806 3668893 
003029	DAL25	3473854	2	3433945 3438102 3439701 3481031 3482263 3485727 
009231	TAYF	0697660	6	3415870 3429834 3433539 3436683 3438084 3458339 3458988 3462882 3463729 3480166 3576500 3669051 
004306	PK230	3092832	2	3416232 3438033 
011829	DAL10	3689002	2	3459523 3459972 3460235 
012294	PK227	3098022	3	3416232 3417172 3455419 3481031 3574967 3576555 
005263	BYC106	0493855	2	3420380 3429524 3430196 3432759 3435692 3441016 3447681 3457935 
004281	EHLEC	3092832	3	3416598 3451557 3451724 3456089 3459523 3466014 3468070 3469520 3482144 3576013 
004356	PK241	0847593	2	3433501 3451331 3464666 3475298 3476860 3482588 3485028 3486632 3561704 
007380	TH110	0987494	2	3416640 3420434 3421500 3425347 3437146 3441894 3455981 3460569 3462516 3463602 3464379 3464985 3465245 3467384 3479311 3479976 3480264 3480939 3484324 3484619 3485549 3485636 3486133 3486321 3487243 3503587 3547282 3549272 3561074 3574563 3576037 3577187 3581250 3668950 
007396	TH224	0851717	2	3420025 3432077 3433788 3437240 3449400 3454210 3455093 3459032 
011064	TH223	3195964	3	3416640 3576391 
004036	DAL315	3460456	2	3448687 3461517 3462290 3462990 3468749 3477004 3484816 3552259 3576307 
010966	TH223	0775640	2	3416896 3576521 3576570 
002161	PK338	1083806	2	3417108 3435771 3436311 3438113 3438232 3440419 3443421 3451168 3453445 3455631 3455915 3456722 3458972 3461826 3462817 3462896 3464327 3466364 3474620 3477824 3480375 3480668 3480732 3481203 3481805 3481943 3485169 3485288 3485290 3485912 3486782 3487087 3505157 3582040 
004874	RCCON	3647219	2	3417166 3431750 3433251 3435380 3440508 3462298 3463587 3480382 3484272 3576569 
005162	CARP17	0031582	2	3432595 3441838 3442188 
012437	TH104	0825571	2	3417819 3426638 3430786 3434539 3437756 3438443 3439283 3446670 3454115 3459111 
008469	TAYF	3420576	3	3418106 3439588 3455908 3465245 3466962 3467199 3474463 3480067 3480423 3481557 3481967 3486311 3486475 3486858 3576627 
014215	PK259	3646854	3	3418117 3421700 3435039 3456677 3483467 
007404	SW7	0168763	3	3418120 
003275	EHII	0695890	3	3418145 3430706 3438020 3442641 3457935 3462872 3476930 3483925 3486777 3576438 
005215	GOAUD	3555097	3	3457932 3478102 3486740 3559302 3581995 
007016	PEMSTD	0316015	3	3443453 3524066 3544262 3576515 3581249 
013781	PK25	3557107	3	3418499 3425219 3426735 3431939 3432622 3438441 3438472 3438473 3438652 3454494 3455341 3457777 3459522 3463022 3464100 3483155 3483950 3484752 3484887 3485305 3533093 3551641 3561704 3578707 
012292	TH110	3098022	6	3418606 3446353 3456089 3462417 3463524 3463560 3466011 3468504 3485361 3560167 3576425 3580991 3581220 3581903 3669050 
003270	PK20	0695890	6	3418908 3433788 3438441 3440175 3443092 3444537 3447478 3453262 3455908 3456290 3460820 3461962 3480264 3480423 3481102 3481557 3484324 3486777 3576230 3577590 3580407 3581249 
005741	PK274	3392421	3	3432595 3452874 3479382 3484314 
002420	TH110	0695890	7	3420380 3433962 3456820 3482445 3486141 
014122	TAYB	3555100	3	3420380 3421153 3438342 3452561 3464848 3481944 
005120	DAL10	3400071	3	3420434 3561318 
001871	ROSTUD	3422398	3	3420437 3436311 3464193 
001750	TH104	0416447	3	3420837 3443207 3451664 3455151 3458934 3459972 3462240 3549052 3557478 3575969 3668772 
014214	CARP21	3646854	6	3420940 3426717 3435366 3438020 3444811 3458049 3476930 3481875 3576343 3576426 
003017	BYC127	0492580	3	3421044 3429834 3437341 3438102 3458176 3479718 3484216 3485054 3485416 3576444 3579949 
012352	PK10	0129398	3	3421753 3480734 
012353	CARP17	0683480	3	3576579 3578910 
004372	TH121	0138190	3	3433501 3576359 3576500 
006019	CARP25	0856198	3	3422289 3453262 3514835 3576260 3576552 3580248 
006539	EHI	0777265	3	3422414 3439917 3454115 3530220 
011063	PK278	3195964	6	3422964 3424520 3425679 3432027 3438342 3452988 3463143 3464193 3464855 3465327 3467199 3478951 3479945 3480067 3481607 3487090 3559872 3576465 3576575 
004304	PK336	1165566	6	3423723 3435692 3438100 
010841	PK336	1084458	3	3423839 3429832 3448679 3559815 3560687 
011987	PK349	1084458	6	3423839 3436710 3479382 3480937 3551641 3580340 
013164	DAL25	3470325	3	3432759 3437534 3455631 3458037 
003421	BYC106	0024092	3	3424363 3426858 3440419 3579687 3581080 
007041	PK229	0162976	3	3424520 3431448 3432243 3434124 3436588 3438033 3462297 3469560 3479350 3482194 3484334 3576536 3576556 3578747 3580256 
001443	DAL1	0853792	3	3425095 3455625 3462955 3463524 3540662 3581903 
002992	DAL300	3332662	3	3425347 3437591 3450068 3457979 3458136 3462290 3463071 3476085 3476864 3477425 3477824 3481607 3482989 3486187 3487623 3508682 3558739 3574542 3574543 3574873 3575898 3576126 3576299 3576496 3577146 3577741 3579028 3580159 3580217 3581098 3581127 3581149 3581247 3581830 3581846 3581913 3668863 3668950 
010860	DAL212E	3461209	3	3425364 
004012	PK100	3646540	3	3425437 3435380 3438294 3458441 3462293 3462647 3465244 3481520 3483042 3484272 3486501 3486623 3514095 3579579 3580912 3581077 3650277 
006035	PK180	3646603	3	3439670 3441306 3448314 3457988 3459897 3460359 3461936 3463439 3465103 3480710 3481643 3483651 3483929 3487429 3560770 3561280 3576424 
006045	TH251	0431634	3	3441226 3455148 
004394	EHIII	0989327	3	3450069 3462262 3464279 3465181 3480150 3482588 
007365	PK278	0031522	3	3425679 3425755 3444536 3457184 3459584 3464855 3479054 3481102 3481391 3481894 3483306 3483567 3483640 3485628 3519078 3521461 3524341 3538202 3556169 3558838 3559537 3559657 3560487 3575309 3575971 3577109 3577682 3578177 3578488 3578804 3578861 3579099 3580798 3581031 3581609 3581827 3581851 3581870 3581907 3581918 3581920 3689348 3690482 3692269 
012819	PK25	3195964	7	3425679 3430298 3430953 3438342 3484334 
007106	PK127	3447549	3	3426213 3430298 3458533 
006504	PK243	0031399	3	3426244 3457808 3458641 3459980 3461517 3472549 3478951 3483003 3483084 3485228 3506324 3533264 3542887 3576360 3576382 3576629 3578781 3581201 3581375 3581469 3650636 
005300	DAL2	3555101	3	3426556 3437011 3437365 3440023 3442237 3459647 3462115 3462554 3576351 
006518	DAL300	0777265	6	3426556 3435771 3435931 3437329 3437591 3445738 3450546 3457692 3462116 3462990 3476899 3480728 3481943 3482198 3486844 3576323 3577109 3581192 3581455 
004015	PK241	0031578	3	3426649 3438999 3441838 3444537 3458121 3465332 3480714 3485170 3485549 3485642 3485803 3576037 3650956 
008784	PK126	0031572	3	3426654 3438550 3462956 3478419 3486609 3543742 3577054 
008821	BYC127	0031572	6	3426654 3430196 3433251 3435161 3437341 3444536 3452529 3455291 3455297 3462956 3483567 3576553 
011830	DAL6	3689002	3	3428608 
004051	TH224	3646540	6	3428820 3448687 3453467 3460399 3576415 
014209	DAL212A	3555100	6	3428844 3435183 3441016 3448679 
002564	DAL315	0564741	3	3429199 3454059 3485727 3581171 
010842	DAL119	0564741	6	3429199 3432301 3456313 3486187 
012336	RCSEM	3393847	3	3436260 3452445 3457195 
004832	TH111	0053518	3	3429733 3468749 3474409 3481221 
007397	TAYG	3474098	3	3430131 3432027 3434539 3437146 3437240 3442335 3446670 3459032 3459111 3463589 3484243 
002875	TAYSEM	0031582	3	3436206 3438287 3480791 3576509 
006054	DAL212A	0207327	3	3430152 3441004 3460488 3460701 3461826 3462228 3484990 3576374 
013639	CARP21	1168489	3	3430196 3440958 3447478 3455297 3467983 3470797 3476797 3525604 3559534 3576336 3576581 
007017	GOB	0031568	3	3430401 3433788 3456645 3459613 3463708 3464638 3487321 
008764	PK338	0428728	3	3430697 3436158 3457459 3458451 3467781 3483954 3485774 3486050 3487243 3502893 3540705 3555254 3556970 3559149 3560167 3561229 3570123 3576479 3576753 3580397 3580407 3581135 3581980 3581999 
005227	BYC239	3647209	3	3437295 
004806	TH224	0032827	3	3430978 3434468 3436683 3458988 3478713 3479961 3558963 3576465 
006862	TAYC	3647020	3	3432259 3432344 3439147 3462896 3463011 3486250 
009321	TAYD	0138190	6	3431060 3431651 3439480 3439818 
012354	TAYE	0031756	3	3431080 3432357 3438206 3668849 
014140	SW8	0031336	3	3431155 3487055 
003522	CARP15	3554810	3	3431257 3454210 3460586 
012822	PK100	3646854	7	3431260 3438441 3458957 3462414 
014226	DAL119	0899465	3	3431294 3441310 3462514 3480571 3510878 3516634 3540190 3581455 
001562	PK349	0705542	3	3431445 3437141 3438068 3438374 3440175 3451496 3460737 3479712 3483557 3581786 
004066	RCCON	1167978	3	3431672 3432447 3434428 3442432 
014441	PK264	3688149	3	3431740 3431750 3436514 3438119 3464263 3485053 
002396	TAYG	0320399	4	3438084 3463525 3475298 3487035 3487276 
008447	PK20	0132890	4	3432238 3435628 3439564 3464306 3482101 3485550 3558543 3561772 3577167 3579414 3668921 
002569	PK241	1168490	4	3432301 3435931 3456313 3484894 3559624 
011831	DAL315	3689002	6	3432384 
005730	BYC106	3556752	4	
007910	PEMSTD	0431946	4	3432782 
012227	PK25	3447549	6	3432798 3463353 3463708 3469560 3483954 3483996 3485803 3525604 3559624 3560860 3574542 3577795 3581596 3690482 
004377	TAYE	0847593	4	3574546 3668875 
001857	EHLEC	0123161	4	3433686 3435771 3456228 3471447 3481690 3576319 
009225	PK180	1061058	4	3433962 3474374 3577000 
004872	TAYB	0989327	6	3436227 3480382 3481562 3576569 
013163	TAYG	3470325	6	3578963 3668835 
009304	PK243	0493855	4	3441016 3447322 3456053 3458957 3463939 3559218 
013615	PK336	3473854	4	3462720 3486787 
007923	DAL212A	0031386	4	3437574 3439158 3480401 
014137	TAYF	3461286	4	3437756 3465050 3478309 3486782 3560193 3576364 
004023	CARP21	0854975	4	3439206 3460134 3485290 3576305 3576312 3576569 
005725	PK243	3392421	6	3438102 3464327 3474140 3474789 3476418 3478713 3482264 3482288 3483638 3484361 3485054 3544262 3576260 3580159 3668927 
001552	TAYE	0129398	6	3438206 3479712 3483557 
012355	TAYB	3578080	4	3463729 
002166	PK349	0428815	4	3438232 3463675 3463745 3464027 3481419 
002669	EHI	0897706	4	3486571 
013645	TH110	0493725	4	3478050 3479804 3483385 3575916 3576334 3577806 3581962 
011203	PK229	0129398	7	3438443 3438465 
013185	CARP13	3420576	6	3438652 3439588 3462115 
013172	DAL300	1165592	4	3439328 3440508 3462849 3463199 3464666 3467427 3468281 3478964 3480069 3483996 3484619 3487087 3577022 3580341 3581596 
004802	PK25	0031473	4	3439387 3465036 3483546 3518231 3559970 3668956 
009286	CARP21	0138190	7	3439409 3480935 
014310	PK259	0910179	6	3439475 
009213	null	0138190	0	
011050	TAYD	0897399	4	3439912 3568950 3574475 
014203	CARP13	3555417	4	3460757 3576313 
002362	PK20	1165566	7	3440958 3442432 3458049 3465588 3469119 3476908 3485504 3537536 3546417 3576248 3668885 3668989 
009270	PK100	3554810	6	3440958 3441894 3454059 3473086 3483036 3484894 3559645 3574866 3575928 3576332 3576436 3576540 3576579 3581080 3581827 
006860	PK241	3461209	6	3441226 3441310 3458087 3465332 3467040 3481202 3483929 3487732 3576212 3580955 
004362	PK338	0989327	7	3441306 3445680 3465181 3470846 3486050 3559624 3576498 
011305	GOB	0029059	4	3441894 3466364 3484202 3511123 
013059	PK180	3470325	7	3442188 3455148 3458533 3461020 
007007	PK278	0804281	4	3461197 3480728 3531305 3564528 3574137 3575928 3576303 3576342 3576405 3576411 3576763 3668963 
007032	TH224	0031573	4	3492392 3561084 3580139 
007081	DAL2	0316015	6	3443453 3456645 3576475 3576485 
013839	null	3447549	0	
006034	PK338	0213446	4	3445343 3464850 3475933 3478506 3480668 3482198 3486379 3576350 3576432 
013213	BYC127	3648217	4	3445680 3457873 3463353 3484324 3486083 
011207	DAL25	0031478	4	3445738 3462116 3462990 
001163	GOB	0031568	6	3480935 3482422 3484216 3484763 3486141 3576552 
013999	DAL2	3452735	4	3448687 3451663 3462416 
006532	PEMSTD	0031399	6	3446832 3559843 3576330 
001757	DAL119	3460008	4	3447681 3450546 3479885 3480939 3485812 
007882	PK126	0470839	4	3480166 3481202 3525384 
008774	PK100	0576472	4	3451168 3462936 3475941 3519499 3556594 3560649 
013840	null	3447549	0	
011206	null	0129398	0	
011319	EHII	0827051	4	3461063 3487041 3576401 
001170	PK229	3556528	4	3454182 3480382 3484898 3485504 3485537 3524963 3576435 3669011 
011309	TH111	0180723	4	3461556 3575908 
004738	CARP25	3647094	4	3461020 3481075 3483965 3576504 3576572 
014127	PK278	3555417	5	3484898 
013195	TH104	0020093	4	3472140 3576417 3576546 3580955 3668910 
007087	PK20	0031573	5	3456066 
012765	PK229	3555097	6	3457039 3461556 3479838 3483278 3487505 3576408 3576488 3580389 
001751	RCCON	0254474	6	3457184 3668848 
013210	EHII	0031582	6	3458037 3460757 3463439 3480791 
013616	TH102	0375562	6	3458250 3463593 
001199	PK278	3447549	7	3458441 3474395 3475198 3475745 3476085 3478747 3481562 3482422 3483557 3484216 3487321 
014128	PK126	3555417	6	3458533 3533264 
002660	TH104	0031572	7	3458704 
006562	PK227	0031573	6	3458744 
004016	TH104	3442425	6	3459111 3474598 3476908 3485756 3546891 3668929 
014114	PK338	0827051	6	3460718 3469520 3474463 3481643 3481862 3482591 3485327 3485504 3486475 3505185 3538202 3574558 3576347 3576356 3576370 3576444 3576545 3668998 
009296	TAYF	3554810	7	3461063 3463708 3484361 3580586 
013783	BYC127	3555100	7	3461975 3480791 3529298 
009240	null	0138190	0	
002401	TH111	0492580	6	3463879 3486182 3487093 3576409 
005214	null	3447549	0	
013206	EHI	3426520	6	3465588 3668768 
004360	null	0989327	0	
014211	EHLEC	0402773	6	3470846 3474374 3486501 3486838 3540662 3559462 3559476 3580139 3581247 
011065	null	3195964	0	
013222	null	3470325	0	
012099	DAL25	0020093	6	3485028 3561511 
006523	DAL300	0031573	7	3480810 3481875 3486787 3561516 3576352 3576359 3576576 3581907 3668820 3668860 
007037	PK241	0031399	7	3576342 
005723	PK180	3648007	6	3481690 3485628 3503630 3520100 3521461 3555932 3560858 3577682 3578177 3581098 3581870 3581996 
012821	null	3646854	0	
001182	BYC106	0493725	6	
003407	CARP25	3478658	6	3487429 3581232 3668950 3669047 
013197	PK243	0020093	7	3524963 3544254 3561229 3576448 3576626 3577741 3580796 
010949	GOAUD	0897399	6	3539996 
001429	DAL300	0020093	5	3559872 
004810	EHLEC	0697660	7	3668862 
011198	PK349	0254474	7	3576320 
014456	DAL1	3691385	6	
013196	null	0020093	0	
