Students	1500
1	13 8 17 15
2	14 8 17 20
3	2 10 19 1
4	9 10 16 1
5	3 10 12 15
6	8 14 6 18
7	19 15 10 16
8	3 17 7 20
9	5 4 3 8
10	9 4 15 8
11	15 19 8 18
12	6 9 11 3
13	4 12 11 20
14	15 11 2 13
15	16 7 19 3
16	5 3 20 8
17	6 17 1 5
18	16 2 18 12
19	3 20 12 9
20	2 17 13 3
21	9 19 8 17
22	7 16 15 8
23	19 5 4 11
24	15 3 1 10
25	18 20 9 8
26	1 10 9 12
27	14 20 16 8
28	5 18 9 6
29	2 10 18 13
30	13 19 6 8
31	10 14 20 19
32	2 9 8 20
33	20 14 17 9
34	13 8 4 9
35	17 11 19 12
36	11 17 2 5
37	12 15 11 8
38	19 2 16 8
39	10 13 2 14
40	20 4 1 19
41	16 17 13 7
42	5 8 11 19
43	17 9 18 1
44	19 10 13 3
45	7 11 10 5
46	13 12 7 2
47	13 9 17 19
48	14 12 1 9
49	4 18 3 9
50	7 1 16 6
51	2 1 5 13
52	3 5 7 17
53	7 12 3 6
54	3 16 8 2
55	15 19 20 4
56	15 17 2 6
57	11 5 19 20
58	15 11 4 16
59	8 1 5 6
60	12 3 7 11
61	8 16 18 14
62	4 6 20 2
63	6 19 7 3
64	9 19 5 2
65	5 8 1 13
66	11 18 10 20
67	20 15 8 9
68	18 10 1 15
69	15 17 4 19
70	13 17 3 14
71	16 18 12 1
72	16 15 18 3
73	14 17 9 18
74	14 20 19 15
75	8 11 3 15
76	5 2 18 3
77	13 4 20 11
78	1 10 7 6
79	18 1 3 4
80	7 12 19 11
81	19 3 2 20
82	6 18 10 17
83	2 18 6 13
84	10 20 14 4
85	17 2 11 5
86	18 7 15 6
87	2 7 5 8
88	14 9 20 4
89	9 1 13 10
90	3 10 4 11
91	8 16 3 13
92	16 14 13 9
93	7 6 10 3
94	6 10 19 5
95	11 4 18 17
96	7 19 11 1
97	13 6 5 20
98	2 7 14 15
99	4 5 3 7
100	19 13 2 5
101	10 6 16 12
102	11 8 4 2
103	5 7 12 6
104	11 2 13 12
105	11 13 18 16
106	1 6 20 8
107	10 13 14 12
108	13 2 16 20
109	12 13 15 5
110	13 16 8 19
111	19 13 17 18
112	13 16 11 9
113	6 1 15 13
114	2 6 18 14
115	6 5 2 7
116	8 18 7 16
117	4 13 14 8
118	1 7 5 20
119	5 4 1 7
120	12 11 3 2
121	4 20 6 5
122	13 11 7 10
123	18 11 1 8
124	13 11 6 3
125	18 8 5 9
126	3 8 19 1
127	2 9 18 5
128	17 3 6 2
129	2 1 3 8
130	16 19 13 2
131	1 12 11 18
132	6 9 11 10
133	2 13 20 11
134	19 11 7 16
135	7 9 14 6
136	13 6 8 19
137	13 4 18 1
138	19 4 14 2
139	10 7 20 16
140	16 1 14 9
141	2 1 12 17
142	10 15 2 12
143	5 10 15 7
144	18 12 15 2
145	9 6 15 4
146	17 19 2 8
147	19 12 10 4
148	20 3 12 15
149	14 13 6 15
150	14 5 7 17
151	10 4 16 5
152	1 8 20 6
153	4 2 19 8
154	15 4 10 8
155	10 5 3 6
156	20 16 7 8
157	14 12 8 15
158	18 3 12 2
159	7 10 8 18
160	18 1 19 15
161	5 14 16 20
162	17 7 1 9
163	16 18 13 19
164	1 2 8 3
165	9 15 2 1
166	9 8 1 6
167	18 19 14 8
168	6 8 2 4
169	1 3 5 13
170	4 6 12 14
171	14 20 15 11
172	17 16 1 2
173	5 15 13 19
174	5 3 2 9
175	1 12 19 8
176	1 3 10 11
177	15 2 12 18
178	16 17 12 15
179	2 14 6 19
180	4 14 5 13
181	12 1 3 16
182	1 6 2 13
183	2 6 7 8
184	7 19 14 9
185	6 4 17 14
186	2 17 5 19
187	10 4 19 2
188	19 11 2 15
189	8 5 16 20
190	19 12 16 4
191	9 13 12 8
192	4 19 6 8
193	18 16 14 7
194	17 16 10 11
195	1 7 9 4
196	18 12 2 19
197	3 4 17 5
198	6 17 8 20
199	5 17 8 14
200	6 4 19 18
201	12 6 10 9
202	12 11 17 1
203	17 20 11 19
204	1 19 15 12
205	2 9 19 17
206	12 5 1 8
207	8 9 5 13
208	9 4 2 17
209	5 13 18 17
210	1 9 8 16
211	6 2 3 5
212	3 18 6 19
213	9 11 7 20
214	13 19 5 17
215	14 20 3 4
216	11 17 9 7
217	4 16 15 11
218	16 8 12 19
219	2 4 5 17
220	5 14 18 6
221	9 6 5 11
222	11 7 3 15
223	12 19 9 10
224	18 17 19 6
225	2 18 16 17
226	8 7 2 3
227	2 3 17 4
228	16 20 19 14
229	4 12 9 6
230	17 8 6 5
231	19 8 1 14
232	2 5 16 3
233	2 19 17 11
234	3 10 11 7
235	13 6 2 16
236	8 2 9 15
237	4 18 9 15
238	11 18 8 9
239	14 12 9 7
240	14 12 10 16
241	4 12 8 3
242	5 9 11 18
243	13 17 14 10
244	5 8 14 19
245	19 20 4 12
246	9 17 3 7
247	18 9 4 17
248	7 2 3 19
249	16 20 3 5
250	11 3 8 5
251	12 8 18 13
252	11 12 7 20
253	4 3 10 1
254	19 11 4 1
255	17 8 12 2
256	4 11 15 1
257	20 17 10 15
258	10 9 6 2
259	7 14 2 1
260	12 18 6 9
261	1 18 16 7
262	2 17 6 3
263	10 15 16 3
264	16 17 5 6
265	7 19 15 6
266	1 2 16 4
267	7 17 20 16
268	2 17 19 16
269	3 9 16 17
270	19 17 11 6
271	10 12 3 17
272	17 4 12 20
273	18 10 14 5
274	1 8 2 17
275	9 12 19 15
276	17 13 10 8
277	20 18 1 8
278	16 11 13 18
279	17 8 5 3
280	9 10 11 4
281	2 16 19 9
282	11 5 4 13
283	18 2 12 8
284	2 3 19 9
285	11 4 6 10
286	12 3 8 15
287	9 13 20 15
288	18 6 20 5
289	2 6 9 3
290	5 15 9 3
291	13 6 17 20
292	12 7 15 14
293	20 2 3 8
294	13 14 10 1
295	15 19 1 6
296	19 14 18 9
297	18 16 15 5
298	9 18 2 4
299	2 14 5 17
300	10 2 8 15
301	8 10 15 17
302	6 3 8 5
303	1 10 4 7
304	16 10 12 9
305	3 19 4 13
306	12 18 3 8
307	3 15 20 17
308	15 17 12 4
309	9 18 16 13
310	7 20 17 5
311	20 16 2 18
312	2 20 15 19
313	15 3 10 9
314	8 3 19 1
315	7 19 4 14
316	12 2 5 10
317	15 19 4 16
318	1 4 17 20
319	16 13 18 2
320	18 6 4 2
321	19 2 5 1
322	2 3 1 8
323	1 7 16 15
324	5 14 12 4
325	3 5 7 2
326	8 15 1 4
327	4 1 7 5
328	19 5 3 18
329	4 17 18 1
330	14 9 11 15
331	15 2 8 17
332	20 8 3 7
333	12 18 6 19
334	17 8 4 11
335	6 3 12 11
336	17 6 16 5
337	7 6 11 15
338	15 10 12 8
339	10 7 4 14
340	4 3 9 12
341	20 17 7 5
342	6 7 20 8
343	1 4 2 12
344	2 10 8 3
345	11 16 2 4
346	17 11 13 7
347	19 8 7 6
348	9 4 13 20
349	3 12 17 6
350	4 19 7 6
351	8 20 6 9
352	9 13 15 19
353	10 8 20 16
354	20 12 5 18
355	18 13 5 2
356	3 11 15 12
357	12 7 14 6
358	11 20 10 3
359	16 8 17 7
360	9 7 10 1
361	4 15 3 10
362	14 10 3 15
363	8 15 10 1
364	7 16 14 6
365	7 6 11 19
366	6 5 17 12
367	11 17 14 6
368	16 5 12 18
369	18 20 15 1
370	9 4 20 3
371	19 7 5 3
372	7 18 9 10
373	5 12 7 20
374	17 19 3 10
375	16 13 8 17
376	19 13 10 18
377	19 5 9 14
378	18 1 7 9
379	3 2 12 6
380	14 2 20 5
381	6 9 10 11
382	14 6 12 11
383	14 20 16 9
384	10 14 13 16
385	2 18 1 19
386	19 14 18 4
387	4 14 8 18
388	12 3 18 13
389	18 15 1 17
390	13 4 17 10
391	7 1 6 11
392	13 5 10 20
393	3 16 2 11
394	5 7 16 13
395	6 8 10 3
396	19 11 16 12
397	13 2 10 15
398	1 8 17 20
399	14 5 13 19
400	12 4 6 3
401	18 1 11 13
402	5 2 18 1
403	19 16 17 9
404	18 4 1 9
405	4 19 17 18
406	13 18 19 1
407	16 20 9 10
408	12 4 18 10
409	9 4 13 19
410	9 7 15 12
411	10 8 11 13
412	8 14 20 6
413	7 18 8 17
414	19 6 20 4
415	9 3 20 8
416	11 12 6 8
417	9 8 2 5
418	18 2 13 4
419	9 10 5 3
420	18 19 4 13
421	10 6 20 9
422	19 8 18 1
423	15 8 2 4
424	7 11 6 5
425	13 9 12 19
426	8 9 6 18
427	9 11 14 15
428	4 15 6 5
429	10 8 16 6
430	2 11 7 13
431	5 14 6 11
432	9 18 2 8
433	5 20 17 1
434	15 20 9 4
435	20 2 16 12
436	17 5 6 7
437	6 17 20 4
438	7 3 10 9
439	16 11 6 10
440	3 20 16 19
441	8 3 2 13
442	4 6 12 19
443	6 18 7 19
444	13 15 17 4
445	5 3 2 12
446	11 8 20 3
447	3 12 1 10
448	5 17 2 4
449	20 2 19 18
450	2 16 20 15
451	1 17 5 8
452	11 2 19 20
453	19 3 20 12
454	19 2 6 4
455	16 11 6 10
456	1 18 16 5
457	3 17 18 12
458	18 2 10 15
459	10 12 3 8
460	4 7 17 14
461	1 3 6 16
462	10 5 2 16
463	11 16 9 14
464	12 14 9 4
465	8 10 18 4
466	12 4 1 13
467	10 2 18 3
468	8 19 4 15
469	9 11 17 1
470	11 17 2 14
471	8 7 2 1
472	3 14 2 18
473	5 8 2 16
474	11 5 8 1
475	20 10 15 18
476	14 7 16 12
477	17 3 20 19
478	3 10 8 16
479	5 11 13 17
480	2 19 10 11
481	18 19 17 1
482	2 9 17 7
483	6 9 1 18
484	2 7 15 11
485	14 20 16 6
486	18 1 9 7
487	6 11 12 14
488	15 3 18 11
489	11 14 18 1
490	16 15 6 1
491	10 20 18 8
492	11 13 7 9
493	11 8 12 19
494	15 11 19 4
495	7 1 16 4
496	13 2 7 5
497	3 6 9 18
498	19 18 20 3
499	16 5 13 9
500	14 5 3 4
501	10 8 7 6
502	8 16 14 7
503	17 5 10 16
504	14 10 5 8
505	4 3 20 14
506	17 6 15 14
507	5 12 14 6
508	2 1 8 13
509	7 9 16 5
510	8 7 16 6
511	11 3 7 18
512	4 17 6 15
513	16 10 3 1
514	14 20 2 10
515	11 4 6 13
516	2 19 20 11
517	13 11 6 19
518	17 3 6 2
519	6 1 17 15
520	11 9 8 7
521	17 7 6 19
522	5 6 10 1
523	4 16 17 11
524	14 9 4 12
525	1 13 18 14
526	8 17 3 20
527	18 17 2 13
528	20 1 9 12
529	20 6 15 11
530	5 8 20 19
531	12 1 3 14
532	4 13 9 11
533	5 4 6 12
534	13 20 10 4
535	8 2 18 11
536	2 13 4 16
537	12 5 10 20
538	16 10 18 11
539	1 10 2 7
540	7 15 17 6
541	7 6 14 19
542	16 19 4 8
543	6 9 19 4
544	18 1 12 10
545	12 7 14 3
546	2 8 10 6
547	9 1 15 14
548	18 11 19 17
549	6 14 13 9
550	13 14 18 6
551	14 7 10 3
552	7 2 15 12
553	8 11 9 16
554	6 4 5 13
555	2 9 12 17
556	14 8 9 12
557	3 17 8 1
558	15 14 18 12
559	4 5 19 3
560	6 9 13 10
561	9 12 2 19
562	20 3 17 5
563	13 1 10 18
564	17 9 3 2
565	16 3 5 15
566	8 6 19 4
567	7 14 6 1
568	9 4 18 3
569	2 9 17 7
570	20 15 8 13
571	10 8 12 17
572	13 17 14 10
573	9 11 10 8
574	16 9 1 4
575	13 1 15 7
576	11 3 5 2
577	13 12 8 7
578	17 8 2 6
579	14 12 15 8
580	10 9 18 2
581	10 12 16 4
582	19 1 6 15
583	14 9 8 7
584	18 12 19 15
585	3 2 4 8
586	16 4 5 13
587	17 13 15 20
588	4 12 10 14
589	11 6 15 12
590	14 2 17 10
591	17 4 5 20
592	6 10 19 11
593	6 14 10 7
594	5 11 4 17
595	6 8 5 19
596	15 20 5 13
597	10 8 1 9
598	16 4 2 8
599	10 5 8 12
600	6 9 3 5
601	6 4 9 7
602	1 9 20 2
603	17 5 20 18
604	13 6 15 11
605	10 20 3 12
606	1 3 5 19
607	2 3 13 6
608	5 20 7 8
609	1 6 11 12
610	7 1 15 6
611	19 11 8 14
612	6 18 1 9
613	12 13 10 15
614	18 8 16 14
615	4 20 6 1
616	15 18 9 4
617	5 4 11 6
618	16 6 4 12
619	11 17 10 3
620	13 1 7 3
621	12 11 7 1
622	2 16 1 12
623	3 2 13 17
624	20 2 3 6
625	19 12 9 20
626	16 8 2 14
627	1 2 12 5
628	2 12 17 19
629	7 9 12 3
630	20 2 19 5
631	9 17 1 11
632	19 10 20 13
633	1 20 18 9
634	2 11 20 7
635	4 11 16 1
636	7 19 17 18
637	6 3 13 10
638	20 9 17 1
639	1 18 14 11
640	7 17 2 3
641	8 3 15 17
642	17 7 18 4
643	11 3 5 15
644	11 6 4 14
645	6 12 4 9
646	6 10 20 8
647	17 16 19 13
648	5 17 20 3
649	19 3 9 12
650	20 2 12 13
651	10 16 15 13
652	20 3 10 4
653	13 15 8 17
654	13 14 12 3
655	11 8 20 6
656	5 16 18 1
657	13 11 7 3
658	1 19 7 9
659	2 13 11 16
660	17 3 7 16
661	12 1 6 5
662	20 1 3 7
663	14 11 9 2
664	17 20 11 9
665	18 20 15 9
666	3 1 7 8
667	9 4 12 5
668	14 12 3 17
669	8 9 1 12
670	19 20 11 4
671	3 8 11 4
672	12 15 7 10
673	15 12 20 1
674	2 3 17 13
675	11 17 15 7
676	14 6 5 19
677	17 16 5 12
678	1 20 5 12
679	1 2 13 12
680	14 3 20 15
681	8 20 3 11
682	15 13 9 5
683	14 2 3 6
684	4 11 16 13
685	9 14 3 13
686	9 15 4 2
687	14 5 3 20
688	19 1 2 16
689	2 11 16 18
690	1 3 5 11
691	19 15 1 16
692	5 15 7 11
693	10 14 2 7
694	19 13 18 5
695	18 6 5 3
696	13 15 20 7
697	15 9 14 12
698	9 14 6 16
699	14 3 10 4
700	5 8 14 9
701	7 11 18 12
702	1 8 15 7
703	12 15 8 18
704	9 5 1 3
705	18 16 4 20
706	18 15 8 13
707	10 4 8 6
708	6 17 20 5
709	17 15 20 14
710	17 9 16 10
711	14 18 15 1
712	9 3 20 2
713	13 16 9 20
714	13 18 19 7
715	19 11 1 5
716	1 20 15 9
717	15 14 17 6
718	11 3 2 5
719	11 3 20 7
720	6 17 10 4
721	7 1 15 17
722	19 2 9 5
723	16 13 10 12
724	16 7 11 15
725	11 14 3 16
726	3 5 10 6
727	13 20 12 5
728	20 15 13 14
729	20 12 1 9
730	16 19 13 17
731	8 5 10 4
732	15 18 9 5
733	14 2 20 16
734	5 19 15 1
735	20 1 8 13
736	11 8 10 4
737	20 4 3 14
738	12 6 3 18
739	7 5 20 2
740	5 10 11 3
741	7 14 3 13
742	17 20 11 19
743	10 18 16 9
744	13 15 9 11
745	6 5 15 1
746	11 3 15 8
747	5 9 10 16
748	14 16 2 18
749	5 20 12 18
750	9 15 11 14
751	5 9 20 11
752	13 9 5 3
753	7 3 18 9
754	7 20 5 18
755	1 7 9 8
756	1 9 13 7
757	20 8 15 7
758	5 11 13 16
759	6 16 14 18
760	11 12 7 13
761	1 4 8 13
762	16 9 20 7
763	11 5 10 7
764	3 8 5 14
765	3 12 2 11
766	9 2 7 3
767	12 19 5 20
768	11 14 15 2
769	14 6 12 1
770	8 7 11 16
771	4 7 15 2
772	14 19 9 20
773	2 11 5 18
774	13 4 6 8
775	17 14 11 16
776	10 2 13 7
777	18 2 15 19
778	6 2 18 7
779	20 19 4 5
780	15 10 13 5
781	19 11 10 12
782	3 12 8 14
783	9 11 18 2
784	17 1 3 14
785	4 3 12 14
786	1 8 17 12
787	4 9 18 3
788	19 10 18 4
789	1 15 2 3
790	13 5 20 9
791	2 13 17 19
792	19 1 5 10
793	17 6 4 10
794	7 16 1 17
795	17 8 20 19
796	8 12 11 10
797	15 2 9 19
798	20 14 13 1
799	6 16 11 19
800	17 19 11 15
801	4 8 11 7
802	17 3 19 6
803	5 19 12 8
804	6 19 4 5
805	20 14 10 11
806	7 5 20 12
807	1 6 13 5
808	19 16 17 18
809	2 14 8 6
810	20 7 18 16
811	3 9 2 16
812	16 15 4 13
813	11 15 8 6
814	20 7 2 13
815	12 5 16 15
816	6 8 13 18
817	4 18 16 14
818	17 19 13 1
819	3 7 15 1
820	11 9 10 7
821	6 2 4 13
822	19 18 15 4
823	3 1 12 16
824	6 14 16 1
825	9 10 4 6
826	11 3 20 2
827	14 9 15 1
828	10 14 8 17
829	10 16 18 8
830	13 17 2 14
831	12 3 19 10
832	19 5 11 17
833	8 17 3 6
834	20 18 4 3
835	10 3 18 5
836	13 19 10 8
837	1 20 14 10
838	3 4 6 14
839	12 19 4 20
840	14 4 2 5
841	1 12 16 10
842	11 17 5 20
843	11 1 12 4
844	9 11 20 12
845	10 7 17 9
846	2 19 6 7
847	9 13 10 2
848	17 8 10 5
849	12 13 6 4
850	4 16 14 19
851	16 11 18 13
852	8 12 11 6
853	6 14 2 13
854	7 4 8 11
855	17 1 15 18
856	6 18 2 7
857	16 7 19 3
858	12 2 16 6
859	18 7 17 14
860	12 10 4 14
861	18 8 3 19
862	16 1 14 7
863	7 2 1 13
864	14 5 8 10
865	5 9 14 20
866	11 19 3 2
867	15 4 8 18
868	10 4 19 1
869	17 4 13 1
870	11 3 6 17
871	12 17 20 18
872	9 7 12 4
873	4 15 11 5
874	20 19 7 1
875	4 20 16 3
876	5 6 13 11
877	15 13 6 7
878	3 16 6 2
879	1 20 5 14
880	10 2 14 15
881	3 2 20 11
882	2 6 18 19
883	3 14 4 5
884	10 6 16 8
885	18 15 4 10
886	17 1 8 11
887	10 20 6 4
888	11 8 2 14
889	7 5 10 4
890	5 8 9 10
891	9 12 19 6
892	10 20 17 14
893	6 20 1 7
894	13 6 2 15
895	12 2 19 7
896	3 15 13 2
897	16 8 11 5
898	9 1 2 14
899	5 11 20 3
900	10 9 13 11
901	11 5 1 3
902	7 5 13 17
903	14 13 10 12
904	2 10 3 18
905	6 15 5 18
906	2 17 3 10
907	3 4 18 11
908	1 19 5 8
909	2 9 13 6
910	2 11 1 12
911	15 11 2 17
912	11 8 4 16
913	11 9 6 3
914	19 7 17 6
915	14 13 12 19
916	15 3 9 1
917	6 8 16 4
918	7 14 9 11
919	13 16 14 1
920	1 5 18 16
921	9 3 5 11
922	3 6 20 5
923	6 8 18 4
924	14 13 19 16
925	17 12 13 16
926	17 2 12 6
927	16 2 9 11
928	15 20 3 14
929	15 4 19 6
930	14 3 13 17
931	15 19 12 17
932	2 12 11 19
933	8 19 1 3
934	17 16 11 6
935	20 16 2 4
936	6 10 19 3
937	9 1 4 5
938	15 1 2 16
939	17 16 11 14
940	15 4 14 19
941	5 8 2 17
942	7 4 10 18
943	19 1 11 20
944	12 17 5 6
945	7 19 4 15
946	2 11 6 10
947	14 12 4 11
948	6 17 19 9
949	13 15 4 11
950	4 9 14 19
951	11 17 4 16
952	15 11 3 7
953	9 10 5 11
954	20 13 2 12
955	2 5 14 18
956	5 20 10 18
957	18 17 3 12
958	20 15 2 8
959	2 11 10 16
960	9 11 8 13
961	10 9 18 12
962	17 12 11 8
963	9 14 12 13
964	19 20 12 10
965	19 14 8 18
966	17 19 4 1
967	1 19 13 6
968	7 10 17 6
969	4 5 6 19
970	17 6 18 16
971	5 1 17 9
972	16 1 9 8
973	5 7 15 2
974	8 17 15 5
975	1 16 11 4
976	2 4 10 9
977	14 17 1 15
978	14 9 16 3
979	16 4 15 12
980	9 4 5 18
981	18 15 19 4
982	14 18 8 1
983	14 1 11 15
984	7 18 20 1
985	9 6 10 15
986	9 8 14 11
987	6 8 4 7
988	5 7 20 11
989	11 3 13 1
990	16 1 8 2
991	6 5 4 8
992	3 6 9 12
993	6 17 10 3
994	19 16 2 15
995	2 4 14 9
996	4 20 1 7
997	6 5 9 12
998	6 14 1 18
999	15 1 16 11
1000	11 8 9 18
1001	7 15 3 12
1002	15 13 6 16
1003	9 12 5 10
1004	15 5 17 16
1005	19 12 8 11
1006	5 7 17 14
1007	2 17 12 1
1008	12 9 6 16
1009	5 10 20 17
1010	13 5 9 10
1011	16 8 14 15
1012	18 11 10 16
1013	3 15 12 19
1014	20 11 18 13
1015	7 18 14 2
1016	12 6 3 8
1017	14 2 8 15
1018	19 1 7 20
1019	1 12 9 6
1020	2 9 10 6
1021	14 7 5 13
1022	4 10 18 5
1023	12 10 15 4
1024	6 14 17 7
1025	13 6 3 12
1026	8 14 6 2
1027	14 5 15 16
1028	18 3 10 4
1029	15 8 2 7
1030	3 8 17 18
1031	9 8 5 6
1032	4 11 19 7
1033	16 4 19 13
1034	19 16 1 4
1035	2 15 4 6
1036	4 13 15 19
1037	5 18 12 7
1038	11 20 18 14
1039	17 15 20 2
1040	5 11 1 20
1041	8 4 6 7
1042	4 3 17 9
1043	5 4 17 3
1044	2 12 3 15
1045	14 6 8 18
1046	5 12 2 8
1047	11 15 7 14
1048	17 13 14 7
1049	5 10 14 13
1050	18 14 16 9
1051	4 14 12 6
1052	14 10 5 19
1053	1 8 5 4
1054	4 20 9 14
1055	11 14 19 10
1056	19 5 8 2
1057	3 12 10 14
1058	20 1 8 15
1059	2 18 11 5
1060	4 11 12 19
1061	12 9 11 15
1062	18 8 4 3
1063	11 13 5 12
1064	11 13 7 2
1065	15 17 19 8
1066	10 18 4 13
1067	6 1 15 7
1068	14 16 3 12
1069	9 18 3 11
1070	16 4 14 9
1071	4 1 6 13
1072	12 2 4 14
1073	9 20 6 4
1074	6 14 10 11
1075	14 17 1 5
1076	8 17 6 18
1077	13 15 16 19
1078	4 20 19 17
1079	20 18 13 1
1080	2 13 3 10
1081	3 1 18 13
1082	10 6 5 2
1083	4 15 14 7
1084	17 13 10 3
1085	1 8 5 11
1086	20 19 4 12
1087	12 15 20 19
1088	6 3 14 8
1089	10 8 20 5
1090	4 11 3 6
1091	12 19 16 10
1092	4 6 18 9
1093	11 2 12 9
1094	19 17 6 13
1095	10 20 2 12
1096	12 5 18 13
1097	16 4 7 6
1098	9 19 1 6
1099	14 20 5 9
1100	5 8 11 14
1101	12 11 14 16
1102	7 2 18 1
1103	17 16 1 10
1104	10 20 9 12
1105	19 7 5 17
1106	13 9 7 14
1107	13 2 3 1
1108	5 12 20 8
1109	1 20 19 14
1110	3 18 4 10
1111	16 3 20 13
1112	19 15 9 3
1113	10 16 6 12
1114	7 1 19 8
1115	15 14 20 10
1116	11 10 16 8
1117	6 5 12 19
1118	18 16 8 19
1119	5 4 18 2
1120	9 15 8 7
1121	8 7 16 10
1122	3 16 20 14
1123	5 17 3 7
1124	6 17 11 16
1125	17 7 1 8
1126	19 5 9 8
1127	8 18 15 2
1128	19 8 15 6
1129	11 5 12 8
1130	10 2 16 3
1131	5 10 14 1
1132	15 5 8 1
1133	16 14 11 6
1134	9 8 4 16
1135	18 14 2 10
1136	8 1 14 2
1137	15 12 7 6
1138	6 15 7 13
1139	12 3 19 9
1140	2 3 20 14
1141	18 16 6 11
1142	17 13 2 10
1143	15 7 16 9
1144	2 4 17 8
1145	8 17 19 18
1146	10 2 12 13
1147	4 8 14 18
1148	3 4 8 20
1149	12 17 16 20
1150	1 20 18 13
1151	8 12 16 7
1152	16 11 20 19
1153	16 3 13 17
1154	1 4 8 15
1155	17 11 14 19
1156	9 3 11 15
1157	6 19 7 2
1158	10 9 20 11
1159	18 3 14 20
1160	18 10 11 16
1161	14 18 15 5
1162	3 10 14 7
1163	13 18 5 15
1164	8 13 2 1
1165	11 2 9 13
1166	1 6 11 4
1167	19 15 8 16
1168	9 7 20 16
1169	10 7 19 20
1170	1 13 12 19
1171	19 3 12 17
1172	16 7 4 14
1173	16 19 15 7
1174	6 7 20 8
1175	11 4 3 14
1176	20 2 15 19
1177	1 3 10 5
1178	7 12 17 1
1179	3 13 4 7
1180	7 13 20 17
1181	3 2 17 18
1182	2 17 16 9
1183	7 8 18 17
1184	15 1 17 9
1185	1 13 15 6
1186	6 3 9 18
1187	8 19 7 18
1188	6 17 2 15
1189	3 11 20 14
1190	17 10 5 6
1191	20 14 9 16
1192	5 15 20 3
1193	6 10 19 9
1194	8 18 15 7
1195	8 7 18 17
1196	15 20 19 2
1197	4 18 14 17
1198	10 1 20 8
1199	6 17 12 4
1200	19 1 14 3
1201	9 1 13 10
1202	19 8 20 13
1203	8 15 16 2
1204	14 11 6 18
1205	14 15 1 10
1206	10 18 9 11
1207	16 7 13 18
1208	9 14 11 5
1209	16 19 12 13
1210	7 20 8 1
1211	7 5 4 16
1212	6 13 10 15
1213	10 6 13 11
1214	17 12 19 18
1215	10 6 14 2
1216	10 7 17 13
1217	2 14 16 10
1218	17 2 3 13
1219	18 7 10 13
1220	16 12 19 7
1221	9 14 13 11
1222	20 18 13 5
1223	5 4 6 15
1224	6 11 3 2
1225	5 13 15 12
1226	14 5 11 15
1227	4 12 1 19
1228	4 17 8 12
1229	10 18 17 13
1230	17 4 19 20
1231	18 20 11 15
1232	16 3 14 10
1233	20 16 10 12
1234	20 16 9 7
1235	20 12 9 1
1236	13 3 14 5
1237	7 15 11 4
1238	11 7 6 20
1239	4 17 10 1
1240	17 14 18 12
1241	7 4 16 9
1242	1 7 16 10
1243	19 18 16 8
1244	4 1 12 5
1245	11 12 1 2
1246	7 8 10 9
1247	8 19 4 7
1248	2 18 12 16
1249	16 1 2 7
1250	14 11 19 15
1251	2 4 19 18
1252	4 6 17 18
1253	20 10 8 3
1254	4 14 5 20
1255	15 1 18 13
1256	16 1 4 3
1257	9 8 17 7
1258	1 2 4 13
1259	20 15 1 6
1260	8 9 2 3
1261	9 13 19 3
1262	19 11 3 7
1263	5 10 14 11
1264	5 15 11 8
1265	12 13 15 3
1266	3 5 17 16
1267	6 16 17 5
1268	9 8 15 5
1269	6 20 12 5
1270	1 4 11 6
1271	4 20 10 12
1272	10 20 8 2
1273	20 19 15 8
1274	12 10 15 3
1275	13 16 5 3
1276	1 11 9 18
1277	6 7 2 8
1278	17 11 10 15
1279	2 13 9 6
1280	20 6 13 18
1281	1 13 19 3
1282	13 7 9 2
1283	14 2 20 15
1284	14 18 19 12
1285	18 19 6 11
1286	14 8 19 9
1287	20 1 15 8
1288	16 5 11 20
1289	18 3 12 10
1290	7 18 5 6
1291	18 4 2 16
1292	10 20 5 11
1293	20 3 11 14
1294	13 19 12 17
1295	4 10 8 20
1296	12 4 7 13
1297	20 11 14 7
1298	5 2 13 12
1299	5 19 2 13
1300	5 14 3 11
1301	19 3 13 15
1302	2 10 14 3
1303	7 12 2 3
1304	10 12 18 19
1305	5 2 12 16
1306	15 11 19 3
1307	12 11 5 8
1308	8 14 18 19
1309	7 15 5 18
1310	13 10 15 19
1311	18 19 16 12
1312	2 13 8 20
1313	13 1 18 16
1314	7 8 13 5
1315	13 8 7 20
1316	3 15 18 8
1317	18 12 15 7
1318	9 2 1 10
1319	9 14 3 8
1320	19 4 1 15
1321	11 17 2 9
1322	4 9 7 10
1323	14 11 4 6
1324	19 18 5 10
1325	13 14 8 20
1326	12 3 9 1
1327	17 3 14 1
1328	11 16 1 13
1329	7 6 14 2
1330	1 14 19 2
1331	9 15 14 3
1332	9 10 2 5
1333	1 20 14 18
1334	4 20 1 8
1335	17 6 14 20
1336	4 19 10 1
1337	13 10 8 5
1338	3 19 6 1
1339	9 19 8 14
1340	7 4 15 2
1341	3 6 11 15
1342	4 9 17 14
1343	14 16 19 15
1344	6 17 11 20
1345	1 15 5 9
1346	6 17 1 11
1347	19 8 20 18
1348	17 14 6 9
1349	10 18 7 6
1350	4 3 20 13
1351	9 20 15 1
1352	17 15 9 19
1353	20 5 1 10
1354	15 10 14 4
1355	19 13 14 16
1356	5 1 7 13
1357	7 16 4 20
1358	17 1 9 14
1359	3 19 17 2
1360	8 7 10 1
1361	16 7 2 3
1362	6 7 17 15
1363	17 7 15 4
1364	15 8 9 4
1365	18 20 17 1
1366	19 7 3 17
1367	12 1 10 9
1368	3 14 12 7
1369	3 8 6 1
1370	20 14 18 2
1371	16 10 5 18
1372	20 2 13 12
1373	11 5 7 17
1374	16 14 18 9
1375	20 4 8 18
1376	9 18 2 19
1377	11 5 2 13
1378	6 13 10 16
1379	11 16 13 15
1380	14 2 7 1
1381	10 18 1 5
1382	12 19 5 15
1383	5 10 2 13
1384	16 6 9 10
1385	5 16 20 14
1386	7 6 19 8
1387	19 16 17 10
1388	2 20 14 18
1389	18 12 3 1
1390	3 13 20 15
1391	10 4 7 19
1392	10 13 17 5
1393	3 8 10 13
1394	12 8 15 2
1395	18 11 3 17
1396	3 16 10 6
1397	3 17 11 1
1398	17 19 1 12
1399	16 20 10 4
1400	1 15 5 13
1401	9 13 7 4
1402	6 18 8 4
1403	5 9 1 18
1404	2 18 8 6
1405	15 4 19 13
1406	18 6 3 13
1407	12 5 11 1
1408	1 16 13 8
1409	14 5 8 7
1410	8 15 5 7
1411	10 13 12 9
1412	17 10 19 4
1413	19 10 3 14
1414	1 6 3 18
1415	1 9 15 12
1416	19 7 2 16
1417	8 18 6 3
1418	4 14 5 8
1419	18 5 1 17
1420	13 17 9 18
1421	11 7 2 8
1422	13 11 18 6
1423	1 7 3 16
1424	3 17 15 8
1425	1 5 2 14
1426	5 6 9 17
1427	19 11 20 5
1428	12 19 5 10
1429	2 18 19 6
1430	1 9 16 14
1431	4 5 7 18
1432	7 20 1 19
1433	13 18 19 11
1434	9 13 3 5
1435	2 14 15 13
1436	19 14 10 9
1437	20 3 12 4
1438	18 3 15 11
1439	20 11 7 5
1440	19 5 16 14
1441	10 15 11 2
1442	3 17 19 16
1443	16 20 6 13
1444	3 4 9 18
1445	18 4 9 3
1446	5 8 16 4
1447	13 3 10 5
1448	15 11 17 14
1449	1 15 12 14
1450	2 7 20 16
1451	18 16 7 14
1452	7 18 3 19
1453	3 13 17 15
1454	10 14 17 2
1455	4 6 8 10
1456	13 16 11 2
1457	16 2 13 12
1458	19 7 4 11
1459	7 5 17 20
1460	13 11 7 20
1461	15 19 7 11
1462	14 19 1 3
1463	10 4 13 6
1464	12 9 7 6
1465	12 15 17 11
1466	12 15 5 18
1467	14 8 16 9
1468	18 2 19 11
1469	11 4 6 20
1470	15 8 10 19
1471	1 6 2 11
1472	8 20 14 13
1473	6 9 14 20
1474	15 13 16 19
1475	12 7 1 16
1476	10 15 3 6
1477	6 17 8 18
1478	1 17 13 15
1479	9 19 17 3
1480	11 18 3 1
1481	19 17 18 9
1482	3 8 11 17
1483	3 5 17 12
1484	8 7 1 10
1485	12 8 4 2
1486	12 2 4 1
1487	10 8 4 6
1488	17 20 11 2
1489	18 14 1 17
1490	4 6 19 15
1491	7 13 11 9
1492	14 13 3 5
1493	5 7 3 8
1494	5 17 11 14
1495	9 13 7 11
1496	19 10 8 18
1497	4 10 15 19
1498	16 9 4 5
1499	3 13 16 17
1500	14 16 7 1
Students	1500
1	17 1 13 15
2	6 18 20 19
3	19 4 9 17
4	7 9 4 10
5	4 15 9 18
6	11 19 14 8
7	16 2 12 8
8	20 10 1 9
9	9 20 16 18
10	9 16 8 12
11	8 18 20 7
12	13 18 10 7
13	1 3 20 18
14	9 18 5 16
15	15 5 18 2
16	9 3 19 6
17	14 2 8 5
18	8 5 15 16
19	7 1 19 6
20	5 3 20 9
21	19 13 10 2
22	11 17 5 3
23	11 1 7 8
24	5 16 9 10
25	20 8 19 12
26	15 17 19 18
27	2 9 18 5
28	15 18 14 4
29	4 6 17 15
30	7 10 3 19
31	7 5 12 14
32	4 2 16 3
33	9 6 20 16
34	13 20 18 6
35	9 12 7 17
36	11 3 20 8
37	15 6 3 11
38	18 19 9 4
39	11 12 20 16
40	3 12 15 9
41	16 1 15 17
42	17 3 18 20
43	16 18 13 2
44	4 19 7 5
45	7 20 5 9
46	5 17 13 12
47	7 3 12 20
48	18 5 2 1
49	2 16 1 3
50	15 17 5 12
51	13 9 3 19
52	3 4 16 5
53	18 8 9 17
54	3 5 11 16
55	17 11 3 4
56	10 8 20 16
57	19 8 3 11
58	3 17 4 8
59	19 6 9 16
60	3 5 1 4
61	14 1 12 5
62	2 6 10 19
63	1 8 18 6
64	1 10 11 3
65	19 18 16 13
66	9 2 10 8
67	19 1 17 2
68	4 20 1 12
69	14 7 1 8
70	9 20 11 12
71	16 11 19 14
72	20 7 8 19
73	1 2 6 9
74	14 8 12 16
75	4 8 20 9
76	11 19 2 14
77	1 3 8 15
78	18 5 12 14
79	18 17 10 5
80	2 9 7 15
81	3 5 12 15
82	1 16 5 17
83	4 7 10 2
84	10 5 9 12
85	3 20 1 12
86	1 6 15 5
87	16 1 15 4
88	6 14 7 20
89	2 4 15 6
90	9 10 6 2
91	20 8 3 6
92	15 7 5 10
93	15 3 17 6
94	7 9 15 6
95	20 11 2 16
96	15 7 5 11
97	8 16 3 20
98	4 3 17 2
99	3 11 6 9
100	17 19 10 9
101	1 15 20 10
102	13 14 17 7
103	13 16 12 17
104	13 10 20 14
105	7 10 3 14
106	1 20 3 4
107	12 8 9 15
108	16 12 14 13
109	15 2 5 20
110	13 19 16 20
111	18 14 16 15
112	19 16 2 12
113	12 18 7 5
114	20 2 9 17
115	7 12 5 15
116	6 14 5 13
117	15 8 14 13
118	1 12 9 13
119	14 9 5 6
120	16 3 12 18
121	8 16 9 7
122	8 16 11 17
123	12 3 19 15
124	9 15 19 16
125	7 15 9 6
126	9 7 14 16
127	20 7 9 17
128	10 3 16 5
129	6 16 12 8
130	11 20 13 4
131	3 4 16 18
132	13 3 8 20
133	19 3 12 20
134	4 10 11 13
135	13 3 2 14
136	7 2 8 4
137	6 7 15 10
138	5 13 18 11
139	19 8 4 5
140	8 17 20 5
141	16 19 2 17
142	9 20 8 15
143	2 9 12 1
144	8 12 15 5
145	18 3 19 7
146	13 5 14 3
147	13 14 9 1
148	7 16 13 11
149	3 15 9 14
150	7 8 12 10
151	17 19 1 13
152	11 3 5 7
153	5 13 15 19
154	11 12 20 17
155	5 8 7 18
156	17 5 11 12
157	19 5 2 16
158	8 13 12 19
159	6 9 20 8
160	19 7 1 11
161	14 6 7 11
162	6 16 11 7
163	7 18 4 9
164	1 8 2 6
165	20 13 14 16
166	10 16 13 3
167	11 7 4 13
168	13 2 11 16
169	2 5 8 13
170	2 1 18 8
171	8 20 7 19
172	17 12 6 9
173	11 13 10 5
174	3 16 2 1
175	16 14 18 7
176	1 5 12 8
177	5 17 2 4
178	14 16 1 17
179	13 12 14 7
180	18 6 3 20
181	10 12 20 3
182	5 15 17 13
183	12 16 15 18
184	20 14 15 11
185	2 19 8 1
186	6 1 20 9
187	12 10 6 4
188	10 8 14 13
189	17 12 8 1
190	17 11 12 5
191	11 14 8 19
192	20 18 13 1
193	9 17 5 3
194	6 20 18 19
195	17 15 13 9
196	20 13 17 6
197	8 17 4 14
198	11 7 10 20
199	4 11 10 15
200	15 19 17 10
201	6 5 11 1
202	15 9 13 18
203	12 18 17 14
204	17 12 18 2
205	20 6 17 1
206	16 2 1 7
207	5 15 13 19
208	14 20 3 2
209	11 3 20 4
210	2 20 17 4
211	7 16 17 4
212	8 5 1 14
213	13 17 9 14
214	5 17 3 13
215	18 9 4 1
216	12 3 18 6
217	19 1 5 20
218	10 2 12 4
219	17 16 7 19
220	6 1 8 2
221	2 5 14 8
222	16 1 6 13
223	18 15 4 12
224	4 20 8 11
225	11 5 13 9
226	13 9 1 5
227	16 3 13 9
228	12 1 14 2
229	3 9 17 7
230	8 13 15 5
231	8 1 6 14
232	18 11 3 14
233	20 6 17 16
234	6 9 19 4
235	3 14 20 18
236	1 18 11 9
237	10 20 3 19
238	19 18 12 17
239	10 20 9 2
240	20 16 11 1
241	10 7 13 6
242	17 8 1 18
243	9 17 5 3
244	12 7 4 16
245	15 3 1 6
246	10 11 16 3
247	15 2 19 14
248	7 3 15 6
249	1 2 9 11
250	6 11 16 13
251	16 11 12 4
252	5 11 9 7
253	16 2 19 18
254	9 20 2 12
255	2 17 16 15
256	16 3 2 10
257	7 14 13 17
258	6 20 19 5
259	15 9 12 17
260	17 6 8 19
261	18 7 1 3
262	14 7 19 5
263	13 19 4 7
264	20 4 17 2
265	9 20 13 2
266	11 13 5 15
267	17 6 11 15
268	12 10 14 20
269	6 20 7 19
270	18 1 16 5
271	9 2 11 7
272	1 9 19 4
273	10 9 1 19
274	14 15 1 4
275	16 8 14 15
276	7 16 19 3
277	18 4 19 3
278	1 13 4 6
279	15 6 17 20
280	4 19 6 16
281	17 12 3 16
282	18 19 12 14
283	18 16 1 5
284	13 19 14 10
285	1 17 12 5
286	17 16 19 9
287	3 18 7 14
288	19 17 1 14
289	13 16 1 4
290	19 15 9 20
291	18 1 15 11
292	7 5 10 20
293	8 19 7 20
294	13 8 4 7
295	5 19 6 14
296	9 20 1 16
297	17 6 10 14
298	1 19 11 20
299	4 15 19 5
300	16 4 18 3
301	16 19 14 6
302	1 13 18 2
303	17 5 3 2
304	4 1 16 11
305	11 20 4 19
306	20 18 13 10
307	4 11 20 15
308	10 13 8 5
309	6 7 18 14
310	8 1 10 4
311	14 17 1 5
312	6 2 13 1
313	10 18 8 20
314	14 3 17 13
315	16 7 6 9
316	2 17 6 18
317	13 19 3 9
318	8 18 1 10
319	4 16 9 18
320	15 7 4 20
321	7 9 1 10
322	20 1 17 5
323	10 5 18 14
324	18 15 7 1
325	2 3 16 12
326	8 11 19 13
327	20 8 12 14
328	7 5 10 14
329	4 8 10 12
330	17 15 12 20
331	19 10 20 3
332	14 18 8 2
333	13 16 15 10
334	4 6 10 7
335	11 13 9 6
336	17 11 14 10
337	4 8 6 19
338	18 7 13 5
339	17 19 7 13
340	8 1 9 18
341	2 6 7 10
342	6 11 1 9
343	19 18 20 16
344	6 14 18 2
345	3 18 20 15
346	4 3 8 1
347	4 10 5 3
348	3 20 2 7
349	7 1 13 6
350	8 10 20 4
351	14 16 9 12
352	9 5 8 17
353	2 9 10 13
354	8 12 5 7
355	19 8 12 3
356	2 11 18 17
357	16 12 19 14
358	7 11 17 12
359	20 13 10 14
360	2 5 17 1
361	11 16 3 10
362	12 4 3 19
363	19 1 13 8
364	13 19 3 15
365	19 16 4 12
366	2 17 18 8
367	17 14 11 1
368	16 18 15 17
369	11 18 19 3
370	9 1 2 20
371	15 6 8 7
372	17 3 9 4
373	16 18 15 3
374	17 5 14 3
375	5 9 18 15
376	6 2 1 18
377	17 2 6 14
378	4 8 7 20
379	6 4 18 13
380	15 19 5 11
381	11 19 9 18
382	12 15 6 3
383	5 7 10 19
384	4 1 8 17
385	12 6 8 11
386	19 10 13 6
387	17 14 7 6
388	3 16 2 13
389	20 9 3 4
390	2 13 3 17
391	11 5 3 14
392	17 3 8 11
393	4 13 17 9
394	2 6 7 4
395	3 9 8 4
396	3 10 20 9
397	5 19 11 4
398	6 17 2 8
399	17 10 14 13
400	7 15 4 2
401	1 7 11 5
402	12 1 15 20
403	18 3 7 9
404	13 6 14 2
405	14 19 11 20
406	15 5 1 6
407	1 3 14 5
408	1 10 11 13
409	14 18 20 13
410	12 11 10 5
411	7 9 11 17
412	18 8 6 13
413	4 19 20 2
414	15 20 5 14
415	18 4 3 9
416	6 18 3 13
417	4 5 10 14
418	16 12 9 2
419	1 12 3 13
420	17 10 2 15
421	20 3 16 9
422	5 16 14 17
423	4 3 12 13
424	7 11 15 10
425	8 7 17 18
426	11 16 17 4
427	16 13 14 5
428	15 8 9 1
429	9 18 13 17
430	20 6 7 9
431	16 13 2 7
432	5 16 1 3
433	13 4 9 18
434	19 10 5 9
435	1 9 4 14
436	1 18 2 16
437	20 1 16 12
438	6 17 9 16
439	14 9 7 17
440	17 12 1 5
441	16 13 3 9
442	19 8 3 6
443	7 14 16 13
444	20 15 2 16
445	13 6 11 18
446	11 9 6 18
447	5 3 1 10
448	11 4 7 1
449	18 16 3 1
450	4 8 5 12
451	1 9 6 4
452	8 11 5 4
453	11 14 8 2
454	5 11 2 7
455	7 1 13 20
456	15 17 16 19
457	1 9 8 19
458	17 4 20 10
459	6 11 12 20
460	20 5 17 19
461	19 20 9 4
462	5 7 17 14
463	10 17 2 14
464	20 2 8 5
465	15 11 19 2
466	17 4 13 19
467	11 14 10 17
468	4 13 6 2
469	7 4 5 14
470	18 3 2 8
471	17 12 13 1
472	13 5 9 6
473	2 5 9 14
474	4 10 9 11
475	11 9 6 13
476	18 7 4 11
477	18 16 8 17
478	3 2 13 10
479	9 18 8 2
480	8 5 3 16
481	11 3 7 20
482	19 14 12 3
483	11 8 6 5
484	2 14 6 7
485	11 8 12 4
486	6 10 17 18
487	18 20 3 2
488	4 15 11 5
489	17 13 19 4
490	9 16 13 19
491	20 6 14 7
492	15 9 14 10
493	5 17 1 9
494	7 2 17 1
495	8 19 13 11
496	12 2 20 5
497	8 7 11 6
498	10 5 20 6
499	9 16 10 18
500	17 10 18 4
501	11 1 14 18
502	7 4 5 8
503	1 11 19 10
504	2 8 14 11
505	16 10 12 8
506	20 4 16 13
507	3 12 13 20
508	10 6 5 19
509	7 5 12 17
510	10 19 2 6
511	6 19 8 16
512	5 13 19 4
513	6 15 20 9
514	20 4 12 11
515	17 5 4 1
516	7 13 4 5
517	14 1 7 18
518	5 3 14 9
519	15 2 8 18
520	15 4 19 18
521	20 15 9 6
522	7 19 3 9
523	5 9 20 15
524	11 18 5 17
525	15 4 9 13
526	11 13 7 8
527	7 8 4 15
528	7 4 16 6
529	5 14 11 19
530	11 19 13 5
531	8 16 4 3
532	10 20 15 4
533	10 7 12 6
534	16 14 10 18
535	3 15 10 18
536	11 4 7 15
537	12 2 15 19
538	13 6 5 15
539	3 17 4 12
540	15 14 3 2
541	8 12 6 14
542	8 7 10 17
543	3 18 8 15
544	7 2 11 13
545	20 6 2 13
546	19 20 10 3
547	8 2 5 12
548	2 11 12 20
549	7 3 10 18
550	13 18 20 5
551	15 16 6 11
552	1 10 4 11
553	10 14 7 18
554	12 10 11 2
555	18 6 15 20
556	20 9 17 4
557	12 9 2 7
558	7 4 20 2
559	18 4 5 7
560	19 3 2 7
561	8 3 9 5
562	20 7 11 16
563	10 14 4 9
564	19 8 16 9
565	18 12 4 19
566	14 11 3 6
567	19 14 1 5
568	6 20 5 19
569	9 16 13 6
570	8 16 5 15
571	14 10 1 20
572	1 14 12 15
573	5 8 15 13
574	9 17 13 10
575	8 9 15 7
576	8 3 16 11
577	13 11 10 15
578	20 4 2 17
579	6 11 3 5
580	7 16 1 12
581	5 11 10 12
582	16 2 9 7
583	11 7 14 1
584	11 20 16 4
585	8 10 20 16
586	17 4 18 11
587	17 19 3 1
588	10 9 8 20
589	18 14 15 19
590	14 15 19 2
591	16 19 20 17
592	13 14 3 17
593	1 12 5 6
594	6 1 18 11
595	5 18 20 19
596	2 8 7 11
597	4 8 11 12
598	20 9 17 15
599	4 10 15 3
600	12 3 11 18
601	4 3 13 2
602	10 6 3 18
603	13 7 15 18
604	16 12 4 1
605	13 10 3 11
606	19 10 18 16
607	10 19 7 4
608	3 11 4 1
609	4 11 18 5
610	4 12 11 20
611	14 2 20 10
612	6 1 8 4
613	18 9 17 3
614	8 13 10 6
615	6 14 10 12
616	17 11 12 7
617	18 20 15 19
618	16 2 6 13
619	4 19 6 10
620	5 1 17 4
621	1 9 17 6
622	11 6 8 13
623	7 6 3 2
624	11 8 14 15
625	13 1 12 2
626	3 14 20 9
627	3 12 2 13
628	14 18 15 6
629	8 18 20 1
630	12 15 3 6
631	14 5 19 15
632	17 5 1 3
633	4 15 19 7
634	10 12 18 7
635	16 5 4 10
636	5 16 12 20
637	4 6 10 7
638	6 20 18 9
639	7 13 4 6
640	9 20 16 4
641	14 2 19 10
642	7 20 8 12
643	5 20 14 8
644	18 9 20 6
645	2 17 1 4
646	4 19 1 10
647	14 1 2 6
648	19 6 16 20
649	10 1 17 14
650	2 5 20 3
651	5 6 13 10
652	6 7 4 20
653	15 17 11 13
654	19 5 8 1
655	19 9 1 14
656	8 9 15 6
657	3 12 16 5
658	19 16 14 3
659	17 2 5 7
660	4 19 2 8
661	5 9 16 20
662	6 11 20 2
663	15 14 17 10
664	7 14 6 15
665	15 10 17 9
666	5 10 15 16
667	18 4 20 9
668	10 9 1 4
669	4 19 20 8
670	13 11 9 15
671	19 1 16 3
672	11 3 14 4
673	12 10 2 1
674	6 7 8 13
675	4 15 20 13
676	17 7 18 11
677	8 15 4 12
678	1 18 19 8
679	1 16 9 14
680	17 4 3 8
681	10 3 15 1
682	9 7 3 11
683	10 17 20 19
684	17 6 5 14
685	15 17 19 8
686	12 8 14 4
687	11 2 8 3
688	4 15 20 1
689	16 18 3 9
690	10 14 11 20
691	7 13 2 19
692	9 7 2 12
693	13 19 12 20
694	8 14 17 18
695	7 17 15 18
696	10 8 7 19
697	13 19 14 3
698	7 13 15 1
699	18 5 16 2
700	17 13 9 16
701	6 5 10 12
702	2 18 14 15
703	20 16 10 3
704	13 4 9 8
705	6 7 17 11
706	6 12 8 20
707	13 14 20 3
708	2 20 4 9
709	20 1 9 16
710	11 20 8 4
711	7 10 17 6
712	16 8 12 9
713	1 7 6 15
714	1 6 8 11
715	13 9 15 8
716	5 14 1 16
717	18 9 12 8
718	17 9 10 14
719	8 10 14 4
720	7 17 9 5
721	2 19 11 5
722	14 5 2 11
723	18 11 4 8
724	14 8 15 17
725	3 18 2 12
726	1 18 5 9
727	8 16 6 15
728	5 18 2 20
729	9 6 19 10
730	9 15 10 17
731	13 5 18 7
732	3 15 20 17
733	11 1 18 7
734	6 18 7 9
735	2 9 14 6
736	1 5 17 3
737	15 2 14 12
738	6 16 7 10
739	8 5 13 10
740	14 1 2 3
741	11 8 20 15
742	8 6 13 11
743	4 3 12 17
744	10 14 1 15
745	19 16 7 18
746	10 1 15 11
747	9 19 2 16
748	9 16 10 13
749	15 6 1 16
750	5 17 7 19
751	8 5 10 16
752	14 2 16 17
753	20 8 10 9
754	14 11 9 10
755	11 12 19 13
756	10 7 3 13
757	6 12 10 14
758	19 15 8 12
759	2 20 15 19
760	11 12 19 5
761	11 18 9 12
762	3 14 1 20
763	2 11 20 9
764	12 6 17 7
765	18 17 3 5
766	7 20 17 3
767	12 10 11 20
768	12 16 10 13
769	13 6 17 14
770	5 14 9 6
771	13 16 2 11
772	12 1 8 13
773	5 12 8 3
774	13 1 20 4
775	9 5 11 20
776	5 7 20 13
777	3 16 18 20
778	13 19 17 14
779	7 10 15 18
780	2 1 16 5
781	17 8 10 18
782	3 6 15 17
783	7 9 1 15
784	10 3 17 14
785	12 9 3 19
786	17 5 7 6
787	7 18 12 9
788	20 6 10 5
789	2 20 14 18
790	16 19 20 14
791	3 8 7 2
792	11 7 4 17
793	13 4 6 14
794	13 8 14 15
795	1 14 9 20
796	16 7 12 10
797	4 7 2 13
798	13 7 5 10
799	8 14 9 7
800	17 19 13 8
801	8 16 14 15
802	12 13 15 20
803	12 9 16 3
804	18 2 15 13
805	2 6 8 7
806	2 11 8 3
807	12 18 8 20
808	2 5 20 4
809	10 3 17 7
810	11 3 20 6
811	12 20 8 17
812	7 12 8 17
813	20 6 2 9
814	18 10 17 8
815	3 5 2 4
816	17 14 1 12
817	11 6 20 4
818	1 11 18 17
819	10 12 18 7
820	7 2 5 14
821	10 4 15 13
822	5 10 19 6
823	17 19 16 5
824	20 8 9 18
825	7 17 1 20
826	4 15 1 2
827	19 4 12 2
828	16 14 9 5
829	5 10 15 1
830	6 3 16 11
831	19 8 7 18
832	11 7 9 14
833	10 7 1 6
834	10 9 3 4
835	12 20 13 9
836	10 2 20 16
837	15 7 3 11
838	2 4 7 20
839	12 16 1 15
840	5 15 20 7
841	19 16 3 1
842	14 4 18 12
843	18 7 9 10
844	19 18 17 9
845	12 10 3 2
846	4 17 3 1
847	10 5 11 2
848	11 6 12 19
849	19 18 17 5
850	11 12 15 14
851	17 13 14 20
852	16 9 17 10
853	7 12 19 9
854	17 16 3 9
855	4 15 16 9
856	12 10 19 5
857	20 10 6 1
858	18 7 2 6
859	19 7 18 5
860	15 11 17 12
861	17 6 10 11
862	11 4 3 8
863	16 17 18 10
864	14 15 20 9
865	13 3 11 8
866	4 16 8 6
867	6 20 17 16
868	8 13 20 3
869	7 14 20 2
870	12 1 10 7
871	3 18 13 15
872	12 10 18 14
873	18 14 9 6
874	6 9 17 15
875	13 9 3 5
876	3 16 7 15
877	17 7 5 1
878	19 5 1 3
879	16 19 1 17
880	18 5 10 17
881	19 11 4 15
882	12 20 18 4
883	16 7 17 13
884	8 17 5 7
885	3 11 19 1
886	16 14 15 3
887	8 15 17 10
888	19 7 1 16
889	6 10 14 20
890	3 9 8 16
891	9 18 2 14
892	1 13 2 20
893	8 6 16 14
894	3 11 4 14
895	6 16 14 15
896	7 4 12 2
897	9 4 16 8
898	11 9 20 8
899	10 14 3 12
900	12 2 11 17
901	17 16 18 7
902	4 5 17 8
903	9 11 6 4
904	18 15 20 1
905	12 11 8 10
906	16 3 9 10
907	4 12 20 3
908	3 7 16 2
909	1 4 18 15
910	1 12 16 5
911	16 19 11 9
912	15 16 13 3
913	7 2 17 5
914	2 16 3 9
915	8 3 16 17
916	19 10 8 4
917	3 10 16 11
918	2 3 15 11
919	12 8 10 9
920	1 15 17 6
921	2 18 19 17
922	3 12 18 19
923	7 3 6 1
924	16 3 2 5
925	12 11 19 7
926	19 20 3 5
927	1 8 7 5
928	19 14 16 5
929	12 14 9 10
930	8 4 17 15
931	5 11 7 16
932	11 13 1 17
933	8 14 7 12
934	9 19 13 10
935	9 16 13 12
936	2 15 16 13
937	17 16 7 9
938	5 6 15 10
939	11 6 4 14
940	19 6 9 8
941	3 5 10 2
942	9 16 12 4
943	15 8 3 13
944	11 4 15 16
945	2 19 11 13
946	4 19 12 3
947	9 5 4 20
948	1 15 11 14
949	9 12 6 17
950	18 3 19 6
951	5 19 12 8
952	2 16 11 4
953	4 18 14 2
954	20 3 15 7
955	19 13 9 8
956	7 13 20 2
957	2 12 13 7
958	10 13 11 4
959	13 14 20 18
960	1 11 15 9
961	9 5 16 17
962	17 2 19 18
963	18 1 5 8
964	1 18 10 20
965	11 7 20 15
966	18 10 3 1
967	16 2 3 19
968	11 6 15 14
969	19 8 17 10
970	20 9 19 14
971	9 7 13 15
972	8 10 19 5
973	1 11 13 14
974	19 6 4 14
975	20 7 19 1
976	6 1 15 19
977	16 4 13 6
978	1 6 15 17
979	17 1 12 16
980	14 8 19 7
981	7 18 1 13
982	7 11 14 9
983	10 13 6 15
984	4 10 5 8
985	7 10 20 16
986	20 6 13 7
987	20 15 11 4
988	2 8 19 13
989	19 1 3 16
990	1 20 4 16
991	16 5 18 4
992	11 8 15 18
993	19 15 17 8
994	19 11 1 2
995	13 19 15 10
996	8 2 9 18
997	20 15 12 9
998	7 1 10 14
999	8 19 16 13
1000	16 7 18 4
1001	2 7 11 15
1002	19 5 7 15
1003	11 2 4 16
1004	12 4 9 6
1005	9 20 11 4
1006	6 20 9 5
1007	6 5 9 14
1008	3 6 18 19
1009	7 14 18 15
1010	20 12 6 2
1011	3 8 19 17
1012	14 4 3 10
1013	3 4 8 2
1014	2 1 3 4
1015	17 13 11 3
1016	6 3 13 1
1017	15 10 9 17
1018	4 6 11 2
1019	14 6 19 12
1020	6 10 13 8
1021	11 14 1 10
1022	9 3 20 15
1023	4 6 20 10
1024	2 19 18 20
1025	15 18 12 6
1026	16 20 14 3
1027	16 18 15 11
1028	11 12 8 5
1029	17 15 12 2
1030	15 16 7 6
1031	2 15 17 10
1032	11 1 18 14
1033	14 5 8 9
1034	9 12 7 13
1035	7 16 2 15
1036	2 13 17 4
1037	17 15 8 1
1038	8 14 7 12
1039	18 10 8 16
1040	3 6 14 15
1041	7 14 18 10
1042	4 17 8 14
1043	18 7 19 6
1044	19 20 1 2
1045	2 16 11 18
1046	7 8 19 13
1047	13 20 10 1
1048	17 5 20 8
1049	16 12 5 15
1050	17 11 15 1
1051	14 11 2 13
1052	15 12 3 8
1053	13 14 11 18
1054	4 10 2 18
1055	19 5 18 15
1056	6 16 18 13
1057	1 10 12 13
1058	18 6 14 2
1059	2 17 16 11
1060	7 16 11 10
1061	11 14 13 4
1062	16 20 14 10
1063	8 6 13 5
1064	17 2 4 20
1065	5 13 20 19
1066	9 15 4 7
1067	11 12 7 19
1068	17 18 19 9
1069	18 6 14 5
1070	15 9 11 8
1071	17 16 11 7
1072	2 11 15 7
1073	18 16 20 14
1074	1 16 9 20
1075	10 14 20 17
1076	8 17 14 4
1077	19 10 6 16
1078	11 4 9 3
1079	13 2 7 16
1080	12 19 6 2
1081	4 17 10 9
1082	18 8 4 5
1083	12 7 17 1
1084	9 18 14 4
1085	11 14 18 15
1086	18 6 14 11
1087	4 13 9 17
1088	2 15 1 4
1089	8 13 10 2
1090	3 1 7 4
1091	1 13 8 10
1092	9 16 6 7
1093	12 15 10 2
1094	18 16 4 1
1095	11 19 13 20
1096	9 7 15 10
1097	12 2 11 10
1098	16 1 20 10
1099	20 15 4 10
1100	13 15 19 4
1101	16 1 14 10
1102	8 13 18 1
1103	13 4 9 16
1104	14 4 11 5
1105	19 13 6 14
1106	2 3 13 1
1107	12 7 15 11
1108	12 5 19 10
1109	9 16 15 1
1110	11 2 9 3
1111	8 11 1 15
1112	11 6 20 9
1113	10 5 11 3
1114	10 5 7 6
1115	18 3 8 5
1116	4 15 1 18
1117	6 8 2 18
1118	12 7 2 16
1119	7 4 8 14
1120	9 8 18 6
1121	12 18 1 17
1122	8 2 5 18
1123	3 5 6 8
1124	1 19 20 16
1125	5 18 15 10
1126	16 13 19 12
1127	4 2 20 12
1128	11 18 5 9
1129	2 20 11 1
1130	18 1 19 3
1131	10 7 8 5
1132	6 19 7 13
1133	14 17 10 3
1134	16 15 14 6
1135	9 2 13 18
1136	19 5 13 8
1137	2 10 8 13
1138	4 16 14 19
1139	18 12 20 11
1140	19 11 16 12
1141	10 1 6 20
1142	1 16 13 7
1143	20 11 18 1
1144	17 8 4 2
1145	20 8 3 11
1146	20 18 4 16
1147	16 1 11 17
1148	3 1 18 8
1149	8 4 1 17
1150	7 8 9 13
1151	5 11 4 6
1152	13 18 14 9
1153	16 8 1 7
1154	6 9 17 19
1155	11 2 9 10
1156	4 11 19 12
1157	15 3 8 17
1158	16 1 6 18
1159	12 7 17 18
1160	18 9 17 20
1161	19 17 11 15
1162	6 11 18 16
1163	8 12 13 15
1164	17 15 18 2
1165	8 3 16 19
1166	19 18 17 6
1167	13 1 2 15
1168	19 17 4 18
1169	13 3 18 1
1170	8 3 5 12
1171	7 18 19 4
1172	16 8 17 14
1173	4 20 9 18
1174	17 7 10 20
1175	4 1 16 8
1176	1 15 10 18
1177	2 12 20 13
1178	13 8 20 9
1179	20 9 4 11
1180	14 12 20 1
1181	12 3 19 20
1182	13 9 2 14
1183	5 1 9 12
1184	13 1 10 5
1185	14 8 1 6
1186	6 3 4 7
1187	7 2 10 13
1188	4 1 15 14
1189	8 13 15 14
1190	16 17 15 5
1191	20 9 2 10
1192	5 14 8 4
1193	4 10 15 17
1194	4 2 7 1
1195	11 18 1 16
1196	7 9 15 16
1197	11 18 3 2
1198	17 7 10 13
1199	11 6 13 12
1200	10 20 18 19
1201	16 18 4 12
1202	7 16 20 19
1203	19 14 12 9
1204	5 10 11 19
1205	10 3 2 5
1206	3 5 4 11
1207	8 18 6 7
1208	7 8 19 9
1209	14 7 11 13
1210	17 19 16 4
1211	4 11 20 6
1212	13 1 8 12
1213	6 10 19 13
1214	5 3 15 8
1215	1 11 8 3
1216	1 20 17 9
1217	5 11 1 6
1218	16 14 9 2
1219	5 4 20 9
1220	14 10 8 7
1221	1 19 3 11
1222	16 5 12 6
1223	9 5 7 10
1224	9 18 10 19
1225	6 8 2 7
1226	1 3 7 19
1227	20 14 12 18
1228	7 10 9 2
1229	4 8 6 18
1230	2 9 6 20
1231	8 19 13 17
1232	3 11 14 5
1233	8 17 2 18
1234	17 15 12 11
1235	19 16 11 18
1236	11 20 3 18
1237	3 2 20 5
1238	2 14 7 20
1239	11 19 2 4
1240	19 12 17 11
1241	6 20 18 5
1242	12 18 15 19
1243	10 12 15 18
1244	13 14 10 6
1245	20 17 8 18
1246	7 12 8 14
1247	2 3 15 9
1248	14 5 16 11
1249	20 8 17 19
1250	8 2 4 12
1251	9 8 1 14
1252	16 20 15 13
1253	13 17 6 15
1254	10 5 15 4
1255	8 14 7 5
1256	12 10 16 2
1257	1 5 10 6
1258	5 6 7 15
1259	15 17 7 16
1260	13 3 4 12
1261	6 2 15 12
1262	19 13 4 5
1263	6 3 2 12
1264	8 4 19 18
1265	8 5 16 20
1266	9 4 3 7
1267	17 12 9 20
1268	4 6 18 11
1269	10 9 20 1
1270	12 19 20 1
1271	11 13 5 14
1272	3 15 6 12
1273	1 7 16 9
1274	11 2 14 20
1275	8 5 7 4
1276	14 12 3 11
1277	12 4 17 18
1278	8 16 19 11
1279	15 4 6 7
1280	14 6 8 20
1281	9 18 16 15
1282	12 16 8 9
1283	16 11 7 9
1284	10 15 19 13
1285	16 1 17 15
1286	16 3 11 5
1287	2 18 5 3
1288	5 18 11 10
1289	19 9 13 18
1290	17 12 4 15
1291	15 18 5 9
1292	20 13 11 1
1293	10 20 4 19
1294	17 5 12 13
1295	11 2 8 19
1296	1 9 15 8
1297	5 3 12 4
1298	7 1 15 18
1299	19 5 15 16
1300	16 19 10 18
1301	6 1 7 17
1302	11 18 19 15
1303	5 1 13 11
1304	16 15 14 9
1305	16 19 20 8
1306	8 15 1 2
1307	4 8 19 16
1308	14 6 15 3
1309	7 3 4 9
1310	10 1 12 8
1311	8 10 3 6
1312	18 2 8 7
1313	3 19 4 5
1314	6 17 12 20
1315	8 18 19 7
1316	17 19 1 6
1317	15 20 19 4
1318	20 6 11 14
1319	7 3 5 16
1320	14 7 9 12
1321	20 10 6 19
1322	18 6 13 11
1323	16 2 13 1
1324	4 16 9 10
1325	6 11 1 10
1326	3 10 12 2
1327	4 16 11 8
1328	8 1 13 6
1329	8 10 6 15
1330	11 18 15 6
1331	16 20 2 6
1332	1 9 3 2
1333	14 6 4 16
1334	17 16 19 12
1335	1 9 17 20
1336	10 3 2 8
1337	14 1 6 4
1338	20 18 13 8
1339	10 17 14 16
1340	11 3 17 7
1341	4 9 13 6
1342	18 8 19 7
1343	7 3 16 11
1344	20 6 3 1
1345	12 8 3 5
1346	9 4 2 18
1347	7 16 4 3
1348	15 16 17 5
1349	3 20 15 13
1350	11 1 16 19
1351	5 8 19 4
1352	9 5 6 10
1353	18 4 1 16
1354	4 18 10 11
1355	2 1 8 4
1356	11 9 16 2
1357	5 14 18 7
1358	9 8 1 12
1359	14 7 6 4
1360	3 12 18 2
1361	14 16 18 11
1362	9 17 6 18
1363	3 19 6 8
1364	11 17 10 6
1365	7 19 16 18
1366	4 16 10 13
1367	15 8 3 20
1368	15 1 13 18
1369	11 6 4 8
1370	14 17 4 20
1371	5 12 13 7
1372	16 18 11 20
1373	4 17 1 5
1374	17 2 1 6
1375	2 14 13 17
1376	6 11 1 13
1377	18 2 17 14
1378	18 16 7 13
1379	2 19 18 12
1380	6 16 11 8
1381	14 3 13 20
1382	2 16 3 4
1383	18 6 5 4
1384	5 14 10 18
1385	20 7 9 14
1386	8 12 16 19
1387	16 2 6 18
1388	19 5 1 12
1389	2 4 13 9
1390	20 6 9 10
1391	15 20 17 11
1392	5 14 10 8
1393	16 10 15 20
1394	12 11 19 10
1395	7 12 1 18
1396	16 3 14 11
1397	1 19 7 15
1398	20 8 4 1
1399	20 1 17 5
1400	1 7 16 9
1401	14 18 13 19
1402	6 20 8 2
1403	14 19 4 15
1404	11 14 13 20
1405	13 9 17 4
1406	7 6 16 18
1407	15 7 18 6
1408	12 15 11 14
1409	18 4 14 11
1410	10 20 8 1
1411	10 14 19 3
1412	4 7 1 10
1413	1 20 12 8
1414	9 20 13 10
1415	9 14 19 1
1416	18 2 15 19
1417	4 12 5 13
1418	19 15 7 10
1419	17 4 19 3
1420	11 4 14 18
1421	17 1 9 19
1422	11 2 5 8
1423	13 10 16 8
1424	8 9 4 3
1425	6 20 11 15
1426	7 15 16 14
1427	15 19 4 5
1428	14 9 17 11
1429	3 9 5 11
1430	14 16 13 7
1431	1 10 16 18
1432	7 17 12 18
1433	5 6 3 8
1434	18 10 9 17
1435	4 8 17 12
1436	4 13 8 10
1437	12 8 7 15
1438	11 6 19 2
1439	6 15 18 19
1440	16 1 4 15
1441	12 5 13 20
1442	9 12 17 16
1443	5 18 2 19
1444	10 2 20 16
1445	7 16 10 13
1446	18 19 20 14
1447	20 9 17 10
1448	17 18 7 13
1449	1 17 10 19
1450	19 4 12 6
1451	13 12 3 19
1452	4 19 12 8
1453	17 4 15 10
1454	8 6 15 16
1455	1 15 5 8
1456	11 1 14 19
1457	8 6 7 5
1458	17 7 14 11
1459	10 1 20 6
1460	18 11 9 15
1461	20 11 13 6
1462	13 18 4 16
1463	15 20 18 1
1464	19 3 4 10
1465	20 10 4 11
1466	6 5 4 20
1467	5 14 16 13
1468	9 5 8 14
1469	19 15 20 5
1470	15 8 14 17
1471	2 3 10 20
1472	12 19 10 14
1473	8 1 6 17
1474	11 20 3 1
1475	6 13 19 9
1476	6 16 2 1
1477	9 15 4 20
1478	11 2 6 12
1479	14 8 9 17
1480	10 18 6 9
1481	5 9 7 12
1482	2 18 3 4
1483	8 14 18 1
1484	10 14 6 2
1485	9 4 13 17
1486	10 12 9 4
1487	16 17 3 9
1488	14 16 3 15
1489	10 11 16 9
1490	19 4 6 10
1491	6 17 14 16
1492	18 4 1 10
1493	18 19 11 4
1494	9 14 2 17
1495	19 5 12 1
1496	12 9 18 16
1497	13 19 17 15
1498	13 7 2 4
1499	17 12 5 1
1500	5 19 9 15
Students	1500
1	12 9 20 3
2	1 9 19 3
3	10 13 7 20
4	4 7 3 18
5	17 8 2 14
6	12 3 17 7
7	2 17 11 18
8	17 6 4 18
9	10 15 6 16
10	7 13 5 8
11	18 17 6 10
12	9 12 14 2
13	4 18 11 9
14	13 17 20 19
15	2 10 7 9
16	3 10 8 2
17	18 15 7 13
18	17 1 8 13
19	18 2 17 5
20	19 18 8 3
21	5 1 3 20
22	15 17 2 18
23	15 12 14 18
24	5 11 2 9
25	14 8 2 4
26	5 14 9 18
27	10 14 19 16
28	3 14 16 17
29	15 12 7 9
30	13 14 3 9
31	17 5 6 7
32	20 13 8 7
33	14 19 17 3
34	1 12 16 3
35	9 18 5 2
36	12 11 2 7
37	12 10 3 6
38	18 16 10 2
39	16 6 12 9
40	16 6 15 17
41	18 20 3 7
42	1 3 19 14
43	15 20 3 18
44	11 12 2 15
45	19 8 10 3
46	5 17 3 19
47	12 9 15 10
48	8 16 20 17
49	4 17 9 16
50	6 16 1 8
51	9 10 18 4
52	16 13 3 6
53	5 13 11 8
54	8 5 7 14
55	13 19 1 10
56	19 5 4 18
57	1 10 13 18
58	20 17 6 14
59	7 18 13 3
60	20 12 7 5
61	6 20 18 7
62	19 17 7 1
63	14 12 18 11
64	1 4 11 20
65	19 7 16 2
66	15 16 9 5
67	15 1 20 19
68	5 14 10 17
69	18 9 13 11
70	17 14 10 2
71	13 9 19 6
72	9 12 7 11
73	2 8 9 6
74	13 11 8 2
75	2 14 9 19
76	16 13 4 15
77	20 4 12 10
78	16 4 6 18
79	13 14 1 5
80	7 19 15 2
81	1 12 18 17
82	11 18 17 15
83	10 6 1 16
84	14 19 4 20
85	9 3 11 14
86	8 14 16 13
87	8 3 5 2
88	8 10 16 15
89	1 18 4 16
90	12 8 11 7
91	10 14 16 13
92	20 14 16 6
93	15 13 4 5
94	5 8 15 13
95	14 6 11 2
96	13 1 8 14
97	7 11 6 14
98	11 12 4 8
99	20 14 2 5
100	18 5 19 4
101	6 8 3 15
102	19 11 6 18
103	6 16 8 17
104	6 12 7 17
105	19 6 15 2
106	3 5 7 16
107	12 8 2 9
108	1 8 6 4
109	15 5 8 19
110	10 1 19 4
111	4 8 6 15
112	5 3 14 6
113	8 9 7 12
114	18 15 3 20
115	8 10 15 5
116	9 13 2 3
117	8 4 18 6
118	5 18 13 8
119	18 4 3 8
120	14 4 15 9
121	16 17 12 4
122	13 10 1 9
123	8 17 4 18
124	5 6 20 17
125	3 9 16 11
126	6 9 11 5
127	15 11 12 2
128	16 5 4 14
129	13 6 11 15
130	15 12 1 4
131	1 14 5 10
132	16 11 20 13
133	13 20 6 16
134	12 1 11 2
135	18 6 10 14
136	1 2 7 18
137	7 14 17 19
138	18 4 11 2
139	5 9 12 18
140	10 19 6 1
141	1 4 15 14
142	9 14 12 19
143	19 13 15 8
144	5 2 8 7
145	1 17 11 8
146	5 12 18 1
147	14 6 3 12
148	5 13 8 16
149	11 15 20 5
150	19 17 4 5
151	11 15 9 7
152	19 6 3 16
153	18 1 9 20
154	2 18 19 11
155	3 18 15 19
156	7 11 12 20
157	10 3 1 19
158	9 12 15 13
159	1 13 11 15
160	16 11 9 4
161	4 2 11 12
162	16 4 13 9
163	2 8 18 6
164	19 7 4 20
165	11 10 3 1
166	2 17 12 5
167	2 18 19 13
168	5 15 11 4
169	12 10 5 20
170	20 11 3 2
171	2 13 14 9
172	11 13 3 4
173	19 13 20 18
174	9 15 5 7
175	3 4 13 12
176	6 3 8 7
177	5 18 20 19
178	4 19 18 6
179	17 2 15 8
180	15 12 3 7
181	15 5 13 19
182	20 11 3 2
183	13 14 9 18
184	20 3 14 19
185	18 13 2 8
186	5 11 7 1
187	12 9 5 11
188	13 1 11 20
189	11 12 13 7
190	13 4 9 17
191	12 2 1 7
192	8 13 7 14
193	6 5 19 10
194	9 14 17 11
195	18 5 12 1
196	9 1 12 7
197	7 19 1 9
198	15 4 16 14
199	2 1 12 8
200	17 20 10 19
201	1 20 18 2
202	1 17 14 9
203	13 15 3 10
204	3 4 7 15
205	13 19 15 20
206	20 12 8 18
207	6 14 1 3
208	7 1 16 15
209	14 20 16 6
210	9 17 16 6
211	1 7 13 19
212	14 19 9 2
213	12 14 8 1
214	17 3 20 13
215	13 18 20 6
216	3 17 6 11
217	19 11 5 9
218	9 18 14 8
219	15 11 4 14
220	6 11 18 2
221	15 5 20 11
222	20 15 1 19
223	13 6 7 19
224	12 6 18 8
225	2 12 10 4
226	4 5 13 1
227	12 18 11 5
228	20 12 8 14
229	14 1 13 16
230	3 12 15 6
231	20 16 18 5
232	4 12 6 13
233	9 14 1 6
234	15 2 19 6
235	15 20 11 7
236	17 7 12 3
237	12 3 13 2
238	13 11 1 10
239	3 8 20 9
240	7 2 17 20
241	2 20 16 1
242	9 8 1 13
243	18 2 17 14
244	7 15 12 18
245	17 10 4 1
246	7 18 1 4
247	1 12 8 5
248	12 4 13 11
249	9 18 17 5
250	3 12 6 17
251	14 7 5 19
252	16 19 11 8
253	7 10 20 2
254	19 18 11 3
255	7 17 20 1
256	12 9 5 15
257	9 20 1 18
258	6 18 8 9
259	12 8 1 16
260	19 4 10 3
261	20 14 12 10
262	5 13 17 16
263	18 20 12 17
264	20 16 17 10
265	12 15 9 13
266	9 18 15 20
267	15 10 6 12
268	5 1 14 18
269	8 16 19 18
270	11 3 10 19
271	12 18 7 2
272	11 5 6 1
273	20 12 13 3
274	5 15 7 2
275	19 1 6 8
276	12 7 3 4
277	14 19 10 5
278	8 7 5 9
279	9 8 17 16
280	5 13 9 1
281	3 11 19 20
282	2 9 14 7
283	14 4 7 17
284	20 18 7 1
285	15 10 1 16
286	1 11 6 20
287	7 12 5 14
288	11 6 10 3
289	6 20 19 11
290	7 3 10 17
291	19 16 3 5
292	14 15 11 16
293	10 18 19 2
294	18 1 8 2
295	14 7 20 18
296	14 17 8 6
297	16 8 6 17
298	13 5 10 1
299	4 16 5 6
300	2 17 15 6
301	8 9 5 1
302	3 12 14 4
303	14 19 8 5
304	14 17 7 19
305	5 1 12 8
306	15 14 19 11
307	7 2 19 4
308	14 6 17 4
309	12 2 4 13
310	13 1 10 17
311	2 1 20 15
312	14 16 8 10
313	12 6 11 20
314	15 20 10 14
315	9 16 13 18
316	13 18 3 14
317	3 4 11 12
318	10 1 18 3
319	3 2 15 12
320	12 16 4 13
321	17 16 2 12
322	3 19 17 2
323	13 18 2 16
324	17 7 9 12
325	6 17 13 4
326	17 7 13 8
327	2 6 16 1
328	16 11 4 5
329	13 17 8 14
330	13 3 7 4
331	13 3 19 16
332	10 5 17 16
333	9 2 13 5
334	15 13 5 12
335	17 14 4 16
336	16 7 20 18
337	13 16 17 1
338	10 17 11 12
339	6 3 20 5
340	14 20 2 12
341	20 7 15 2
342	4 7 8 16
343	15 13 2 18
344	8 15 5 7
345	9 20 11 4
346	3 8 19 6
347	7 2 3 12
348	2 1 4 14
349	7 4 6 17
350	7 17 9 2
351	17 12 7 9
352	20 8 14 17
353	17 8 14 1
354	1 11 2 12
355	14 3 17 16
356	1 19 18 17
357	15 10 11 8
358	12 13 14 18
359	15 18 19 12
360	15 8 20 3
361	1 3 5 6
362	11 5 10 12
363	13 17 1 20
364	11 15 7 5
365	19 11 5 17
366	19 6 13 2
367	14 10 7 4
368	6 7 2 19
369	15 16 18 17
370	18 6 9 15
371	4 5 12 18
372	12 18 3 19
373	1 3 7 12
374	14 8 19 10
375	9 20 19 6
376	11 2 9 16
377	7 17 15 11
378	14 9 15 11
379	6 10 4 19
380	16 3 15 10
381	6 11 19 16
382	13 5 4 8
383	14 19 10 11
384	5 17 14 7
385	20 14 6 5
386	3 5 8 9
387	7 16 8 6
388	16 8 19 20
389	6 13 14 10
390	3 13 5 9
391	13 3 12 19
392	7 18 20 16
393	15 7 16 18
394	7 16 2 5
395	17 9 1 2
396	11 17 9 15
397	1 5 19 10
398	2 20 6 1
399	14 8 11 10
400	8 19 11 17
401	19 14 20 11
402	9 12 16 17
403	14 4 11 6
404	2 1 3 18
405	3 13 15 20
406	12 7 8 6
407	15 8 14 19
408	12 14 15 8
409	9 20 7 10
410	15 2 16 5
411	14 2 10 19
412	20 12 13 5
413	5 10 2 6
414	18 12 19 7
415	9 6 14 10
416	11 13 19 17
417	2 9 5 7
418	9 13 4 11
419	6 7 9 1
420	4 9 8 7
421	4 6 11 12
422	1 6 14 5
423	20 18 2 3
424	11 6 3 7
425	12 17 16 14
426	18 15 13 6
427	3 8 9 1
428	15 10 13 9
429	11 1 15 5
430	14 11 10 17
431	2 14 3 17
432	18 19 8 3
433	4 18 12 15
434	16 17 8 18
435	2 17 14 19
436	11 16 12 19
437	10 11 7 4
438	1 16 11 20
439	4 10 14 3
440	15 18 4 17
441	14 9 20 1
442	2 3 15 13
443	12 8 16 5
444	4 13 9 3
445	19 17 12 3
446	15 4 3 13
447	12 8 3 20
448	13 5 16 7
449	19 8 14 12
450	9 5 6 14
451	8 4 19 7
452	20 15 3 12
453	2 10 9 15
454	15 8 13 2
455	6 2 17 19
456	1 11 8 4
457	20 10 16 12
458	20 19 13 6
459	10 12 16 13
460	3 1 6 13
461	2 11 14 3
462	20 10 5 12
463	9 17 1 5
464	5 1 13 11
465	14 4 12 5
466	3 11 13 14
467	7 12 5 16
468	10 2 15 11
469	5 8 18 2
470	20 19 5 3
471	6 15 19 10
472	7 12 16 5
473	20 17 5 16
474	9 13 8 10
475	16 13 1 5
476	20 16 10 7
477	4 18 17 16
478	1 12 14 15
479	4 20 7 18
480	19 7 16 1
481	15 4 10 14
482	20 11 6 2
483	5 6 19 1
484	19 7 1 13
485	11 14 17 12
486	2 17 13 19
487	15 14 1 6
488	1 8 19 6
489	9 10 13 7
490	16 17 6 18
491	6 7 15 18
492	11 17 6 18
493	14 19 9 17
494	14 18 7 4
495	12 4 18 11
496	20 18 14 17
497	1 13 7 6
498	1 19 10 20
499	10 4 18 17
500	9 11 6 16
501	20 12 2 13
502	10 1 16 9
503	8 3 13 7
504	6 14 16 1
505	6 17 2 9
506	16 14 7 15
507	20 12 3 10
508	6 11 10 7
509	7 14 2 13
510	12 13 1 16
511	11 16 5 10
512	15 16 14 2
513	13 4 6 18
514	5 4 11 15
515	2 6 8 5
516	12 3 17 8
517	5 10 9 8
518	13 5 4 10
519	19 2 1 17
520	4 19 9 13
521	8 20 13 9
522	14 9 8 15
523	2 12 17 6
524	7 10 14 12
525	18 11 1 7
526	20 4 9 8
527	12 4 6 18
528	19 5 3 18
529	5 17 10 3
530	10 7 17 3
531	10 2 6 14
532	9 1 10 17
533	9 14 20 1
534	2 7 10 4
535	16 17 9 1
536	17 20 8 16
537	10 3 15 16
538	11 10 7 9
539	11 19 1 8
540	11 15 9 3
541	18 8 15 16
542	14 12 10 20
543	18 6 20 2
544	17 8 7 19
545	5 1 14 6
546	10 9 11 4
547	12 13 5 4
548	2 6 15 8
549	13 8 14 15
550	20 6 14 4
551	1 3 4 6
552	18 4 11 14
553	13 16 19 1
554	8 9 5 19
555	17 7 15 6
556	2 1 19 4
557	7 15 2 16
558	20 7 3 18
559	17 18 2 19
560	4 11 6 18
561	16 3 15 8
562	17 16 6 20
563	14 8 17 5
564	15 17 6 18
565	3 8 7 20
566	11 12 8 9
567	6 7 3 11
568	11 7 13 1
569	4 2 15 7
570	19 16 10 11
571	4 17 10 8
572	17 8 6 3
573	12 20 14 10
574	17 18 19 15
575	17 7 20 4
576	17 10 11 3
577	10 1 16 2
578	2 10 19 13
579	11 1 7 19
580	4 15 9 6
581	12 19 11 13
582	9 2 20 11
583	11 16 17 13
584	10 5 9 2
585	8 5 10 1
586	6 9 7 15
587	10 8 6 20
588	10 1 16 8
589	19 12 10 18
590	17 6 8 19
591	18 4 2 13
592	6 18 9 10
593	15 9 12 16
594	13 4 11 12
595	7 6 9 10
596	19 18 4 5
597	20 10 2 11
598	12 6 9 16
599	14 19 10 18
600	6 15 9 14
601	8 7 4 3
602	19 9 11 16
603	17 13 19 12
604	13 19 8 2
605	8 17 13 18
606	12 5 10 18
607	4 2 5 16
608	19 1 10 3
609	12 9 3 8
610	7 12 3 8
611	18 17 16 9
612	8 9 6 10
613	7 8 17 1
614	16 2 18 13
615	8 13 16 5
616	1 18 10 6
617	20 8 16 1
618	10 14 1 12
619	14 4 11 10
620	8 9 4 16
621	7 12 9 6
622	18 12 17 19
623	18 2 10 13
624	4 19 1 13
625	9 4 19 12
626	18 5 19 3
627	20 15 11 10
628	16 7 11 8
629	20 17 4 5
630	5 12 13 4
631	5 10 8 7
632	1 18 7 14
633	7 5 10 20
634	6 12 4 2
635	18 2 3 10
636	15 13 16 5
637	4 17 13 10
638	12 15 17 16
639	14 1 8 18
640	18 3 9 20
641	7 5 3 14
642	18 7 14 12
643	7 2 15 16
644	10 13 3 2
645	19 8 14 1
646	10 4 9 11
647	7 20 17 13
648	3 19 11 6
649	13 20 17 8
650	3 19 7 17
651	19 13 20 2
652	2 18 20 5
653	15 13 18 5
654	9 2 8 19
655	15 12 2 17
656	5 4 3 16
657	12 15 2 9
658	19 8 9 17
659	10 20 18 4
660	4 14 12 11
661	19 18 4 13
662	3 13 8 5
663	5 13 14 3
664	10 14 6 12
665	16 18 10 8
666	9 10 3 15
667	20 18 3 8
668	12 14 13 8
669	17 3 12 19
670	11 5 14 6
671	15 19 1 3
672	9 4 1 13
673	13 5 20 17
674	12 7 1 16
675	6 12 18 3
676	9 15 3 20
677	2 1 20 6
678	12 8 13 6
679	2 8 17 10
680	10 15 8 17
681	16 5 1 13
682	20 9 5 15
683	13 8 7 14
684	7 10 2 19
685	18 6 12 9
686	8 3 10 16
687	17 18 6 20
688	17 4 13 6
689	12 18 10 5
690	7 8 17 13
691	10 7 18 12
692	7 9 5 12
693	1 12 20 4
694	8 2 5 6
695	7 9 19 15
696	3 5 14 16
697	20 16 2 12
698	2 13 4 6
699	9 14 13 4
700	16 6 20 19
701	5 8 12 7
702	9 18 19 8
703	12 9 13 6
704	12 18 16 4
705	15 7 17 10
706	17 16 12 6
707	5 15 3 2
708	1 13 11 16
709	2 7 14 18
710	5 20 7 16
711	20 6 10 14
712	4 12 8 13
713	17 18 7 12
714	19 20 16 5
715	8 14 20 13
716	20 16 2 3
717	15 19 18 14
718	15 1 18 11
719	19 20 6 2
720	16 18 4 7
721	13 5 11 12
722	1 8 15 17
723	4 11 14 9
724	6 11 18 4
725	4 5 19 12
726	12 9 1 13
727	13 3 2 6
728	9 14 16 12
729	12 7 1 13
730	4 15 14 8
731	9 1 3 17
732	2 20 7 10
733	16 11 19 1
734	11 18 13 19
735	4 17 2 5
736	6 7 11 3
737	3 14 19 4
738	5 4 16 18
739	11 20 15 14
740	3 12 11 6
741	12 8 5 16
742	8 15 19 17
743	16 10 2 14
744	16 2 9 15
745	12 20 5 11
746	10 13 6 3
747	5 2 11 8
748	7 5 3 11
749	14 5 19 18
750	6 15 20 5
751	1 4 12 19
752	2 1 15 12
753	10 18 19 3
754	18 19 10 15
755	1 19 11 3
756	11 4 1 9
757	7 8 15 5
758	16 19 20 14
759	20 18 6 3
760	18 5 20 11
761	18 4 9 11
762	3 20 13 8
763	8 14 5 19
764	5 6 1 11
765	6 2 18 16
766	8 18 20 19
767	5 14 8 2
768	5 3 2 4
769	14 20 9 8
770	7 12 4 9
771	9 18 13 12
772	6 19 15 11
773	20 8 1 6
774	3 9 8 13
775	1 12 3 11
776	16 17 19 15
777	19 16 18 17
778	19 3 6 20
779	15 18 16 20
780	2 6 10 16
781	1 16 17 10
782	10 19 13 12
783	18 9 7 10
784	7 18 15 5
785	20 3 6 7
786	13 12 19 4
787	19 8 16 15
788	19 18 17 12
789	20 14 19 17
790	17 2 15 14
791	19 1 11 18
792	7 3 1 10
793	6 13 18 5
794	16 13 14 5
795	11 14 17 9
796	1 14 5 4
797	1 18 17 11
798	13 19 1 2
799	9 12 13 8
800	8 14 3 17
801	11 17 20 3
802	16 10 18 7
803	13 3 5 6
804	5 8 19 17
805	1 19 6 11
806	14 17 10 8
807	3 14 19 6
808	12 9 3 8
809	15 16 19 8
810	17 8 19 6
811	14 20 15 11
812	2 18 1 14
813	14 18 15 7
814	9 6 2 16
815	20 6 4 13
816	17 1 11 6
817	17 16 1 18
818	20 16 12 4
819	20 6 18 4
820	17 10 4 9
821	2 15 19 20
822	17 13 2 8
823	20 5 8 1
824	3 17 4 10
825	4 10 16 20
826	15 17 4 19
827	19 12 16 15
828	3 17 16 15
829	11 8 13 5
830	10 3 8 6
831	2 20 11 19
832	14 13 2 20
833	11 17 6 1
834	17 1 20 10
835	10 6 17 14
836	18 4 2 14
837	2 14 9 7
838	10 14 1 19
839	17 4 1 18
840	2 6 17 11
841	19 16 9 7
842	17 7 20 15
843	7 14 5 17
844	2 7 6 5
845	13 3 7 16
846	15 5 13 18
847	10 7 3 16
848	4 1 16 20
849	11 13 4 17
850	1 7 12 18
851	7 6 10 18
852	11 7 17 20
853	6 4 12 9
854	1 6 20 10
855	2 13 5 9
856	8 17 7 3
857	19 4 12 3
858	18 10 11 3
859	15 13 1 12
860	16 12 4 6
861	7 18 3 12
862	17 3 5 4
863	6 3 9 14
864	9 8 11 7
865	4 7 5 15
866	2 10 8 4
867	16 18 15 1
868	9 7 5 16
869	16 5 1 12
870	15 4 8 10
871	13 4 20 2
872	6 20 5 11
873	13 7 9 5
874	5 18 15 16
875	3 8 19 17
876	2 5 11 8
877	2 11 16 10
878	7 19 10 8
879	17 7 10 4
880	10 12 15 9
881	19 4 13 9
882	17 7 15 4
883	4 5 19 8
884	4 18 8 20
885	8 17 1 13
886	11 5 7 10
887	11 6 2 8
888	20 15 19 3
889	9 11 18 17
890	16 10 15 18
891	15 7 12 6
892	16 9 19 12
893	10 9 2 14
894	9 4 12 19
895	12 5 3 19
896	10 15 19 7
897	14 4 8 20
898	17 18 16 15
899	16 8 17 3
900	20 19 7 18
901	17 19 16 20
902	14 18 16 15
903	5 10 16 18
904	10 20 17 2
905	12 1 10 19
906	6 3 5 9
907	5 12 14 19
908	4 2 8 1
909	10 9 20 3
910	9 3 19 5
911	20 4 7 13
912	17 5 14 7
913	11 7 12 18
914	14 7 16 13
915	10 20 12 9
916	5 6 11 8
917	12 2 6 16
918	12 14 1 9
919	16 6 2 3
920	19 7 12 4
921	1 11 8 17
922	4 5 8 3
923	2 5 20 9
924	9 7 16 14
925	10 3 16 20
926	3 11 18 4
927	11 4 14 17
928	11 15 8 2
929	11 19 2 12
930	5 20 18 3
931	15 20 16 6
932	2 9 5 16
933	16 4 2 11
934	11 6 12 1
935	16 18 2 5
936	15 7 14 3
937	20 5 13 3
938	6 7 19 17
939	12 7 6 4
940	1 18 14 6
941	17 19 9 4
942	2 16 15 20
943	13 10 12 5
944	5 20 7 6
945	11 15 9 12
946	18 16 1 11
947	8 5 3 7
948	2 20 13 14
949	13 17 8 9
950	4 19 3 8
951	2 9 11 20
952	3 2 17 9
953	11 9 6 15
954	2 18 14 19
955	4 7 3 10
956	2 12 11 18
957	12 20 16 17
958	12 1 11 19
959	12 9 7 4
960	20 9 12 11
961	10 18 15 5
962	13 16 7 14
963	20 14 15 9
964	8 12 13 2
965	19 17 4 3
966	6 17 18 12
967	12 20 15 3
968	20 6 17 3
969	1 14 12 11
970	5 12 4 17
971	17 8 3 14
972	18 10 1 12
973	13 16 3 12
974	8 11 6 3
975	1 20 4 2
976	7 19 4 15
977	15 17 10 5
978	12 4 17 3
979	17 12 11 15
980	19 16 3 20
981	19 12 11 15
982	15 1 18 11
983	10 12 5 13
984	19 4 18 16
985	6 17 1 13
986	15 2 8 20
987	17 8 6 5
988	3 4 12 17
989	6 2 8 17
990	4 18 1 12
991	9 8 13 11
992	9 14 17 11
993	8 11 1 7
994	15 8 9 17
995	9 19 20 2
996	13 18 11 7
997	3 20 17 14
998	4 6 10 18
999	6 19 11 10
1000	16 6 13 5
1001	10 16 8 2
1002	6 5 17 15
1003	7 13 4 5
1004	9 12 10 17
1005	16 2 11 6
1006	2 15 16 7
1007	19 5 7 9
1008	10 4 14 9
1009	17 4 11 12
1010	12 5 15 20
1011	20 1 3 8
1012	6 2 18 17
1013	9 15 18 16
1014	18 15 19 3
1015	13 15 11 17
1016	10 13 14 20
1017	13 19 12 15
1018	13 15 1 9
1019	9 20 17 6
1020	10 17 19 7
1021	3 15 10 17
1022	5 1 12 17
1023	2 7 14 10
1024	17 16 6 12
1025	4 7 18 8
1026	13 10 3 7
1027	2 11 17 8
1028	18 8 15 10
1029	8 3 15 14
1030	2 7 16 17
1031	20 10 3 15
1032	3 17 13 4
1033	4 17 5 10
1034	9 8 16 18
1035	16 10 8 15
1036	1 9 15 6
1037	20 2 11 12
1038	2 10 12 4
1039	19 15 16 18
1040	18 7 8 3
1041	16 14 6 19
1042	9 4 2 14
1043	1 17 5 7
1044	4 3 11 9
1045	18 1 4 10
1046	7 18 9 20
1047	19 1 16 20
1048	9 20 2 16
1049	6 18 10 11
1050	4 1 11 8
1051	7 4 13 5
1052	5 1 20 7
1053	10 9 7 1
1054	18 3 15 9
1055	5 15 11 13
1056	2 5 15 8
1057	2 1 7 20
1058	6 17 11 4
1059	13 14 18 9
1060	2 4 10 12
1061	11 19 13 6
1062	17 15 6 18
1063	3 4 6 9
1064	2 8 5 9
1065	12 9 2 17
1066	1 15 7 2
1067	3 19 10 20
1068	13 1 11 15
1069	1 9 20 6
1070	19 8 6 18
1071	7 10 11 9
1072	2 10 5 15
1073	17 7 8 1
1074	18 7 1 11
1075	14 7 8 12
1076	8 13 7 10
1077	2 16 5 10
1078	5 17 3 12
1079	4 18 13 12
1080	1 18 13 14
1081	10 20 3 6
1082	1 17 15 19
1083	13 18 11 3
1084	18 9 6 4
1085	18 11 1 12
1086	13 4 11 6
1087	12 16 14 6
1088	13 18 20 6
1089	14 4 15 6
1090	8 17 16 6
1091	13 15 4 10
1092	8 1 20 6
1093	17 9 14 1
1094	14 3 6 7
1095	10 15 13 4
1096	4 12 20 9
1097	14 18 2 8
1098	20 5 12 8
1099	3 18 17 11
1100	18 1 5 13
1101	6 20 13 5
1102	15 5 14 12
1103	7 8 20 15
1104	20 7 8 1
1105	7 5 3 17
1106	20 2 12 9
1107	2 3 18 17
1108	12 1 18 4
1109	9 10 14 4
1110	16 7 8 13
1111	1 3 12 20
1112	20 15 2 1
1113	17 13 6 2
1114	4 9 8 11
1115	2 17 4 8
1116	3 2 14 8
1117	12 1 6 3
1118	1 17 8 11
1119	20 6 15 16
1120	2 11 18 12
1121	1 13 9 5
1122	9 19 2 12
1123	10 2 1 14
1124	11 12 16 19
1125	12 19 17 6
1126	3 13 16 18
1127	3 10 17 14
1128	19 2 12 20
1129	2 19 8 3
1130	6 19 14 7
1131	20 16 15 13
1132	4 20 9 17
1133	8 16 13 11
1134	5 17 7 6
1135	10 8 13 12
1136	19 7 12 9
1137	15 7 16 20
1138	4 8 9 2
1139	4 19 18 15
1140	3 6 17 16
1141	19 1 16 6
1142	1 16 14 8
1143	19 1 8 18
1144	15 7 9 18
1145	2 13 11 7
1146	19 2 3 11
1147	11 4 18 9
1148	19 3 17 15
1149	18 11 10 12
1150	4 7 10 14
1151	2 18 8 11
1152	3 10 16 1
1153	7 10 2 14
1154	1 6 5 16
1155	8 14 12 3
1156	19 11 7 4
1157	2 4 12 8
1158	5 12 3 4
1159	7 3 13 5
1160	4 14 12 13
1161	12 16 17 7
1162	20 11 15 6
1163	7 8 11 18
1164	7 16 14 13
1165	20 1 4 10
1166	5 14 18 3
1167	5 12 2 11
1168	17 3 5 11
1169	6 10 3 1
1170	1 4 6 10
1171	2 12 17 4
1172	15 10 5 4
1173	11 9 17 18
1174	1 3 19 8
1175	5 12 4 2
1176	1 18 8 6
1177	15 11 7 20
1178	11 19 8 5
1179	3 11 4 13
1180	5 2 11 18
1181	9 8 4 1
1182	9 8 6 19
1183	9 13 3 12
1184	17 11 10 4
1185	12 7 2 10
1186	7 3 12 1
1187	1 2 9 3
1188	11 2 17 3
1189	15 12 3 17
1190	15 9 19 16
1191	6 7 14 13
1192	4 7 9 10
1193	11 13 8 4
1194	14 19 5 4
1195	19 2 6 5
1196	20 9 14 13
1197	19 12 11 7
1198	12 18 14 17
1199	12 1 20 16
1200	17 1 5 6
1201	9 15 6 4
1202	1 8 14 5
1203	4 15 19 16
1204	14 2 19 4
1205	18 12 1 15
1206	10 2 1 19
1207	1 3 18 16
1208	13 17 3 8
1209	6 17 7 18
1210	3 2 5 20
1211	7 11 13 2
1212	20 17 14 8
1213	3 18 12 5
1214	4 12 10 1
1215	18 15 19 7
1216	12 2 17 3
1217	4 12 2 3
1218	18 1 17 5
1219	9 15 12 5
1220	18 6 4 7
1221	18 15 8 1
1222	11 10 14 5
1223	19 10 15 11
1224	10 1 20 15
1225	7 12 16 18
1226	6 14 3 9
1227	12 4 10 2
1228	11 16 3 17
1229	2 5 17 19
1230	11 3 15 14
1231	17 2 11 13
1232	11 16 20 9
1233	17 10 8 2
1234	15 16 10 19
1235	9 13 20 18
1236	20 4 14 5
1237	13 2 16 20
1238	9 2 7 4
1239	9 6 18 13
1240	10 15 11 1
1241	11 12 3 5
1242	5 3 19 11
1243	1 12 10 2
1244	16 15 17 19
1245	7 6 12 17
1246	17 12 18 7
1247	15 2 16 13
1248	9 2 5 20
1249	2 10 16 7
1250	8 1 4 6
1251	11 14 8 2
1252	15 19 20 17
1253	18 16 20 7
1254	6 10 20 15
1255	18 12 2 13
1256	5 10 7 20
1257	9 8 5 14
1258	20 12 5 17
1259	20 10 15 4
1260	7 20 15 13
1261	19 9 6 8
1262	9 10 5 11
1263	4 16 18 9
1264	3 20 17 16
1265	10 14 16 17
1266	16 17 9 3
1267	1 4 6 18
1268	19 11 9 18
1269	3 1 13 6
1270	1 17 19 7
1271	12 14 10 6
1272	19 16 6 8
1273	17 6 14 15
1274	7 2 15 18
1275	14 13 5 16
1276	13 18 7 11
1277	8 17 10 18
1278	3 7 1 17
1279	12 5 2 8
1280	19 20 1 11
1281	14 7 2 19
1282	5 4 2 6
1283	7 4 1 5
1284	19 18 12 10
1285	16 4 14 13
1286	9 20 19 7
1287	7 15 3 4
1288	19 9 2 13
1289	4 11 20 15
1290	19 15 18 8
1291	16 7 10 3
1292	7 18 11 1
1293	16 14 5 15
1294	19 4 14 5
1295	3 16 14 5
1296	2 6 14 4
1297	15 16 13 3
1298	12 10 17 5
1299	14 7 10 6
1300	1 11 3 15
1301	20 11 9 4
1302	10 4 5 9
1303	3 18 15 11
1304	2 14 13 16
1305	8 6 5 12
1306	15 9 12 16
1307	11 17 10 14
1308	14 15 20 6
1309	17 13 5 2
1310	20 6 5 13
1311	15 10 8 6
1312	10 6 1 13
1313	17 4 2 12
1314	12 15 16 8
1315	9 17 10 1
1316	20 10 9 7
1317	1 5 9 18
1318	17 18 1 5
1319	7 16 2 13
1320	20 5 15 14
1321	10 12 13 1
1322	13 6 5 7
1323	9 18 6 10
1324	18 19 10 4
1325	12 7 5 17
1326	14 19 6 3
1327	3 13 9 1
1328	6 5 19 8
1329	18 1 8 9
1330	1 4 7 13
1331	12 4 1 15
1332	2 14 7 20
1333	7 18 14 20
1334	10 11 1 20
1335	1 4 2 9
1336	1 8 6 19
1337	11 18 10 13
1338	3 5 16 19
1339	14 8 19 13
1340	8 1 15 18
1341	12 16 9 5
1342	13 7 18 16
1343	20 5 4 8
1344	15 12 13 4
1345	14 19 15 8
1346	3 10 6 5
1347	1 10 12 14
1348	12 9 15 3
1349	1 4 20 7
1350	9 4 18 11
1351	14 13 17 10
1352	7 1 2 6
1353	8 5 1 4
1354	9 13 17 4
1355	19 6 16 3
1356	14 19 13 18
1357	20 17 12 6
1358	3 16 5 13
1359	5 4 10 18
1360	13 11 7 4
1361	1 2 20 18
1362	17 12 15 2
1363	8 13 2 11
1364	8 13 11 10
1365	12 2 19 14
1366	17 8 15 3
1367	20 12 8 9
1368	17 18 4 2
1369	19 8 12 13
1370	6 8 12 2
1371	18 17 16 12
1372	20 5 8 18
1373	17 5 18 6
1374	1 6 7 11
1375	8 12 9 11
1376	1 10 18 11
1377	5 16 18 2
1378	14 4 3 16
1379	12 11 15 3
1380	4 18 2 16
1381	9 2 14 5
1382	3 1 15 5
1383	5 8 4 19
1384	12 17 9 20
1385	7 2 8 15
1386	20 10 3 14
1387	19 11 12 9
1388	5 7 11 14
1389	15 16 1 9
1390	6 16 7 10
1391	12 3 13 20
1392	6 9 19 20
1393	1 8 5 16
1394	12 6 18 4
1395	4 1 14 13
1396	4 14 16 13
1397	2 7 9 15
1398	16 4 9 15
1399	8 15 11 10
1400	20 6 10 3
1401	16 2 18 15
1402	8 3 17 5
1403	2 9 15 5
1404	11 20 9 16
1405	19 5 3 8
1406	11 18 15 12
1407	17 1 20 2
1408	15 17 5 8
1409	7 4 6 19
1410	8 1 11 17
1411	15 20 12 19
1412	7 3 18 13
1413	12 4 19 18
1414	19 8 16 2
1415	5 14 2 15
1416	2 20 5 12
1417	5 10 13 14
1418	17 3 19 18
1419	2 14 6 11
1420	20 11 18 4
1421	4 19 18 10
1422	2 12 19 20
1423	10 14 1 3
1424	8 6 7 3
1425	1 5 3 10
1426	1 4 10 11
1427	18 17 15 2
1428	13 1 10 6
1429	11 5 20 13
1430	8 15 11 10
1431	1 2 20 5
1432	2 20 19 6
1433	5 7 3 15
1434	12 9 16 20
1435	14 18 15 9
1436	14 13 10 8
1437	13 12 20 15
1438	14 16 13 15
1439	11 14 17 15
1440	10 15 2 17
1441	17 12 5 18
1442	11 16 4 7
1443	2 17 15 14
1444	13 1 4 7
1445	15 13 9 17
1446	11 8 1 2
1447	14 9 2 7
1448	4 5 15 3
1449	1 4 8 18
1450	4 1 18 17
1451	5 9 16 13
1452	15 11 1 10
1453	14 16 6 7
1454	5 12 16 18
1455	15 12 2 9
1456	4 13 3 17
1457	11 5 17 3
1458	8 15 2 14
1459	15 7 12 18
1460	7 19 2 9
1461	1 3 8 15
1462	15 16 18 17
1463	16 4 15 6
1464	6 3 18 1
1465	5 1 13 15
1466	5 2 10 4
1467	12 13 18 15
1468	11 5 10 19
1469	16 1 14 11
1470	14 5 18 15
1471	13 2 18 3
1472	12 2 11 7
1473	8 6 3 14
1474	18 7 1 6
1475	6 1 16 15
1476	12 7 19 10
1477	7 18 5 17
1478	19 8 1 12
1479	8 19 9 20
1480	12 5 9 2
1481	8 4 13 10
1482	12 11 10 1
1483	18 6 1 19
1484	10 6 17 14
1485	11 16 20 4
1486	1 16 2 15
1487	3 18 8 4
1488	3 20 2 18
1489	17 3 8 2
1490	16 14 19 7
1491	11 14 18 4
1492	19 9 18 7
1493	6 11 20 8
1494	6 7 8 10
1495	19 20 14 8
1496	18 16 7 20
1497	16 1 4 13
1498	13 6 9 20
1499	20 9 14 12
1500	14 4 13 17
